# 20.0 20.0 0.0
0 0 20.0 0
1 0 20.0 0
2 0 20.0 0
3 0 20.0 0

0 1 20.0 0
1 1 20.0 0
2 1 20.0 0
3 1 20.0 0

0 2 20.0 0
1 2 20.0 0
2 2 20.0 0
3 2 20.0 0

0 3 20.0 0
1 3 20.0 0
2 3 20.0 0
3 3 20.0 0


# 20.0 20.0 0.0
0 0 20.0 0
1 0 20.0 0
2 0 20.0 0
3 0 20.0 0

0 1 20.0 0
1 1 20.0 0
2 1 20.0 0
3 1 20.0 0

0 2 20.0 0
1 2 20.0 0
2 2 20.0 0
3 2 20.0 0

0 3 20.0 0
1 3 20.0 0
2 3 20.0 0
3 3 20.0 0


# 20.0 20.0 0.0
0 0 20.0 0
1 0 20.0 0
2 0 20.0 0
3 0 20.0 0

0 1 20.0 0
1 1 20.0 0
2 1 20.0 0
3 1 20.0 0

0 2 20.0 0
1 2 20.0 0
2 2 20.0 0
3 2 20.0 0

0 3 20.0 0
1 3 20.0 0
2 3 20.0 0
3 3 20.0 0


# 20.0 20.0 0.0
0 0 20.0 0
1 0 20.0 0
2 0 20.0 0
3 0 20.0 0

0 1 20.0 0
1 1 20.0 0
2 1 20.0 0
3 1 20.0 0

0 2 20.0 0
1 2 20.0 0
2 2 20.0 0
3 2 20.0 0

0 3 20.0 0
1 3 20.0 0
2 3 20.0 0
3 3 20.0 0


# 20.0 20.0 0.0
0 0 20.0 0
1 0 20.0 0
2 0 20.0 0
3 0 20.0 0

0 1 20.0 0
1 1 20.0 0
2 1 20.0 0
3 1 20.0 0

0 2 20.0 0
1 2 20.0 0
2 2 20.0 0
3 2 20.0 0

0 3 20.0 0
1 3 20.0 0
2 3 20.0 0
3 3 20.0 0


# 20.0 20.0 0.0
0 0 20.0 0
1 0 20.0 0
2 0 20.0 0
3 0 20.0 0

0 1 20.0 0
1 1 20.0 0
2 1 20.0 0
3 1 20.0 0

0 2 20.0 0
1 2 20.0 0
2 2 20.0 0
3 2 20.0 0

0 3 20.0 0
1 3 20.0 0
2 3 20.0 0
3 3 20.0 0


# 20.0 20.0 0.0
0 0 20.0 0
1 0 20.0 0
2 0 20.0 0
3 0 20.0 0

0 1 20.0 0
1 1 20.0 0
2 1 20.0 0
3 1 20.0 0

0 2 20.0 0
1 2 20.0 0
2 2 20.0 0
3 2 20.0 0

0 3 20.0 0
1 3 20.0 0
2 3 20.0 0
3 3 20.0 0


# 20.0 20.0 0.0
0 0 20.0 0
1 0 20.0 0
2 0 20.0 0
3 0 20.0 0

0 1 20.0 0
1 1 20.0 0
2 1 20.0 0
3 1 20.0 0

0 2 20.0 0
1 2 20.0 0
2 2 20.0 0
3 2 20.0 0

0 3 20.0 0
1 3 20.0 0
2 3 20.0 0
3 3 20.0 0


# 20.0 20.0 0.0
0 0 20.0 0
1 0 20.0 0
2 0 20.0 0
3 0 20.0 0

0 1 20.0 0
1 1 20.0 0
2 1 20.0 0
3 1 20.0 0

0 2 20.0 0
1 2 20.0 0
2 2 20.0 0
3 2 20.0 0

0 3 20.0 0
1 3 20.0 0
2 3 20.0 0
3 3 20.0 0


# 20.0 20.0 0.0
0 0 20.0 0
1 0 20.0 0
2 0 20.0 0
3 0 20.0 0

0 1 20.0 0
1 1 20.0 0
2 1 20.0 0
3 1 20.0 0

0 2 20.0 0
1 2 20.0 0
2 2 20.0 0
3 2 20.0 0

0 3 20.0 0
1 3 20.0 0
2 3 20.0 0
3 3 20.0 0


# 20.0 20.0 0.0
0 0 20.0 0
1 0 20.0 0
2 0 20.0 0
3 0 20.0 0

0 1 20.0 0
1 1 20.0 0
2 1 20.0 0
3 1 20.0 0

0 2 20.0 0
1 2 20.0 0
2 2 20.0 0
3 2 20.0 0

0 3 20.0 0
1 3 20.0 0
2 3 20.0 0
3 3 20.0 0


# 20.0 20.0 0.0
0 0 20.0 0
1 0 20.0 0
2 0 20.0 0
3 0 20.0 0

0 1 20.0 0
1 1 20.0 0
2 1 20.0 0
3 1 20.0 0

0 2 20.0 0
1 2 20.0 0
2 2 20.0 0
3 2 20.0 0

0 3 20.0 0
1 3 20.0 0
2 3 20.0 0
3 3 20.0 0


# 20.0 20.0 0.0
0 0 20.0 0
1 0 20.0 0
2 0 20.0 0
3 0 20.0 0

0 1 20.0 0
1 1 20.0 0
2 1 20.0 0
3 1 20.0 0

0 2 20.0 0
1 2 20.0 0
2 2 20.0 0
3 2 20.0 0

0 3 20.0 0
1 3 20.0 0
2 3 20.0 0
3 3 20.0 0


# 20.0 20.0 0.0
0 0 20.0 0
1 0 20.0 0
2 0 20.0 0
3 0 20.0 0

0 1 20.0 0
1 1 20.0 0
2 1 20.0 0
3 1 20.0 0

0 2 20.0 0
1 2 20.0 0
2 2 20.0 0
3 2 20.0 0

0 3 20.0 0
1 3 20.0 0
2 3 20.0 0
3 3 20.0 0


# 20.0 20.0 0.0
0 0 20.0 0
1 0 20.0 0
2 0 20.0 0
3 0 20.0 0

0 1 20.0 0
1 1 20.0 0
2 1 20.0 0
3 1 20.0 0

0 2 20.0 0
1 2 20.0 0
2 2 20.0 0
3 2 20.0 0

0 3 20.0 0
1 3 20.0 0
2 3 20.0 0
3 3 20.0 0


# 20.0 20.0 0.0
0 0 20.0 0
1 0 20.0 0
2 0 20.0 0
3 0 20.0 0

0 1 20.0 0
1 1 20.0 0
2 1 20.0 0
3 1 20.0 0

0 2 20.0 0
1 2 20.0 0
2 2 20.0 0
3 2 20.0 0

0 3 20.0 0
1 3 20.0 0
2 3 20.0 0
3 3 20.0 0


# 20.0 20.0 0.0
0 0 20.0 0
1 0 20.0 0
2 0 20.0 0
3 0 20.0 0

0 1 20.0 0
1 1 20.0 0
2 1 20.0 0
3 1 20.0 0

0 2 20.0 0
1 2 20.0 0
2 2 20.0 0
3 2 20.0 0

0 3 20.0 0
1 3 20.0 0
2 3 20.0 0
3 3 20.0 0


# 20.0 20.0 0.0
0 0 20.0 0
1 0 20.0 0
2 0 20.0 0
3 0 20.0 0

0 1 20.0 0
1 1 20.0 0
2 1 20.0 0
3 1 20.0 0

0 2 20.0 0
1 2 20.0 0
2 2 20.0 0
3 2 20.0 0

0 3 20.0 0
1 3 20.0 0
2 3 20.0 0
3 3 20.0 0


# 20.0 20.0 0.0
0 0 20.0 0
1 0 20.0 0
2 0 20.0 0
3 0 20.0 0

0 1 20.0 0
1 1 20.0 0
2 1 20.0 0
3 1 20.0 0

0 2 20.0 0
1 2 20.0 0
2 2 20.0 0
3 2 20.0 0

0 3 20.0 0
1 3 20.0 0
2 3 20.0 0
3 3 20.0 0


# 20.0 20.0 0.0
0 0 20.0 0
1 0 20.0 0
2 0 20.0 0
3 0 20.0 0

0 1 20.0 0
1 1 20.0 0
2 1 20.0 0
3 1 20.0 0

0 2 20.0 0
1 2 20.0 0
2 2 20.0 0
3 2 20.0 0

0 3 20.0 0
1 3 20.0 0
2 3 20.0 0
3 3 20.0 0


# 20.0 20.0 0.0
0 0 20.0 0
1 0 20.0 0
2 0 20.0 0
3 0 20.0 0

0 1 20.0 0
1 1 20.0 0
2 1 20.0 0
3 1 20.0 0

0 2 20.0 0
1 2 20.0 0
2 2 20.0 0
3 2 20.0 0

0 3 20.0 0
1 3 20.0 0
2 3 20.0 0
3 3 20.0 0


# 20.0 20.0 0.0
0 0 20.0 0
1 0 20.0 0
2 0 20.0 0
3 0 20.0 0

0 1 20.0 0
1 1 20.0 0
2 1 20.0 0
3 1 20.0 0

0 2 20.0 0
1 2 20.0 0
2 2 20.0 0
3 2 20.0 0

0 3 20.0 0
1 3 20.0 0
2 3 20.0 0
3 3 20.0 0


# 20.0 20.0 0.0
0 0 20.0 0
1 0 20.0 0
2 0 20.0 0
3 0 20.0 0

0 1 20.0 0
1 1 20.0 0
2 1 20.0 0
3 1 20.0 0

0 2 20.0 0
1 2 20.0 0
2 2 20.0 0
3 2 20.0 0

0 3 20.0 0
1 3 20.0 0
2 3 20.0 0
3 3 20.0 0


# 20.0 20.0 0.0
0 0 20.0 0
1 0 20.0 0
2 0 20.0 0
3 0 20.0 0

0 1 20.0 0
1 1 20.0 0
2 1 20.0 0
3 1 20.0 0

0 2 20.0 0
1 2 20.0 0
2 2 20.0 0
3 2 20.0 0

0 3 20.0 0
1 3 20.0 0
2 3 20.0 0
3 3 20.0 0


# 20.0 20.0 0.0
0 0 20.0 0
1 0 20.0 0
2 0 20.0 0
3 0 20.0 0

0 1 20.0 0
1 1 20.0 0
2 1 20.0 0
3 1 20.0 0

0 2 20.0 0
1 2 20.0 0
2 2 20.0 0
3 2 20.0 0

0 3 20.0 0
1 3 20.0 0
2 3 20.0 0
3 3 20.0 0


# 20.0 20.0 0.0
0 0 20.0 0
1 0 20.0 0
2 0 20.0 0
3 0 20.0 0

0 1 20.0 0
1 1 20.0 0
2 1 20.0 0
3 1 20.0 0

0 2 20.0 0
1 2 20.0 0
2 2 20.0 0
3 2 20.0 0

0 3 20.0 0
1 3 20.0 0
2 3 20.0 0
3 3 20.0 0


# 20.0 20.0 0.0
0 0 20.0 0
1 0 20.0 0
2 0 20.0 0
3 0 20.0 0

0 1 20.0 0
1 1 20.0 0
2 1 20.0 0
3 1 20.0 0

0 2 20.0 0
1 2 20.0 0
2 2 20.0 0
3 2 20.0 0

0 3 20.0 0
1 3 20.0 0
2 3 20.0 0
3 3 20.0 0


# 20.0 20.0 0.0
0 0 20.0 0
1 0 20.0 0
2 0 20.0 0
3 0 20.0 0

0 1 20.0 0
1 1 20.0 0
2 1 20.0 0
3 1 20.0 0

0 2 20.0 0
1 2 20.0 0
2 2 20.0 0
3 2 20.0 0

0 3 20.0 0
1 3 20.0 0
2 3 20.0 0
3 3 20.0 0


# 20.0 20.0 0.0
0 0 20.0 0
1 0 20.0 0
2 0 20.0 0
3 0 20.0 0

0 1 20.0 0
1 1 20.0 0
2 1 20.0 0
3 1 20.0 0

0 2 20.0 0
1 2 20.0 0
2 2 20.0 0
3 2 20.0 0

0 3 20.0 0
1 3 20.0 0
2 3 20.0 0
3 3 20.0 0


# 20.0 20.0 0.0
0 0 20.0 0
1 0 20.0 0
2 0 20.0 0
3 0 20.0 0

0 1 20.0 0
1 1 20.0 0
2 1 20.0 0
3 1 20.0 0

0 2 20.0 0
1 2 20.0 0
2 2 20.0 0
3 2 20.0 0

0 3 20.0 0
1 3 20.0 0
2 3 20.0 0
3 3 20.0 0


# 20.0 20.0 0.0
0 0 20.0 0
1 0 20.0 0
2 0 20.0 0
3 0 20.0 0

0 1 20.0 0
1 1 20.0 0
2 1 20.0 0
3 1 20.0 0

0 2 20.0 0
1 2 20.0 0
2 2 20.0 0
3 2 20.0 0

0 3 20.0 0
1 3 20.0 0
2 3 20.0 0
3 3 20.0 0


# 20.0 20.0 0.0
0 0 20.0 0
1 0 20.0 0
2 0 20.0 0
3 0 20.0 0

0 1 20.0 0
1 1 20.0 0
2 1 20.0 0
3 1 20.0 0

0 2 20.0 0
1 2 20.0 0
2 2 20.0 0
3 2 20.0 0

0 3 20.0 0
1 3 20.0 0
2 3 20.0 0
3 3 20.0 0


# 20.0 20.0 0.0
0 0 20.0 0
1 0 20.0 0
2 0 20.0 0
3 0 20.0 0

0 1 20.0 0
1 1 20.0 0
2 1 20.0 0
3 1 20.0 0

0 2 20.0 0
1 2 20.0 0
2 2 20.0 0
3 2 20.0 0

0 3 20.0 0
1 3 20.0 0
2 3 20.0 0
3 3 20.0 0


# 20.0 20.0 0.0
0 0 20.0 0
1 0 20.0 0
2 0 20.0 0
3 0 20.0 0

0 1 20.0 0
1 1 20.0 0
2 1 20.0 0
3 1 20.0 0

0 2 20.0 0
1 2 20.0 0
2 2 20.0 0
3 2 20.0 0

0 3 20.0 0
1 3 20.0 0
2 3 20.0 0
3 3 20.0 0


# 20.0 20.0 0.0
0 0 20.0 0
1 0 20.0 0
2 0 20.0 0
3 0 20.0 0

0 1 20.0 0
1 1 20.0 0
2 1 20.0 0
3 1 20.0 0

0 2 20.0 0
1 2 20.0 0
2 2 20.0 0
3 2 20.0 0

0 3 20.0 0
1 3 20.0 0
2 3 20.0 0
3 3 20.0 0


# 20.0 20.0 0.0
0 0 20.0 0
1 0 20.0 0
2 0 20.0 0
3 0 20.0 0

0 1 20.0 0
1 1 20.0 0
2 1 20.0 0
3 1 20.0 0

0 2 20.0 0
1 2 20.0 0
2 2 20.0 0
3 2 20.0 0

0 3 20.0 0
1 3 20.0 0
2 3 20.0 0
3 3 20.0 0


# 20.0 20.0 0.0
0 0 20.0 0
1 0 20.0 0
2 0 20.0 0
3 0 20.0 0

0 1 20.0 0
1 1 20.0 0
2 1 20.0 0
3 1 20.0 0

0 2 20.0 0
1 2 20.0 0
2 2 20.0 0
3 2 20.0 0

0 3 20.0 0
1 3 20.0 0
2 3 20.0 0
3 3 20.0 0


# 20.0 20.0 0.0
0 0 20.0 0
1 0 20.0 0
2 0 20.0 0
3 0 20.0 0

0 1 20.0 0
1 1 20.0 0
2 1 20.0 0
3 1 20.0 0

0 2 20.0 0
1 2 20.0 0
2 2 20.0 0
3 2 20.0 0

0 3 20.0 0
1 3 20.0 0
2 3 20.0 0
3 3 20.0 0


# 20.0 20.0 0.0
0 0 20.0 0
1 0 20.0 0
2 0 20.0 0
3 0 20.0 0

0 1 20.0 0
1 1 20.0 0
2 1 20.0 0
3 1 20.0 0

0 2 20.0 0
1 2 20.0 0
2 2 20.0 0
3 2 20.0 0

0 3 20.0 0
1 3 20.0 0
2 3 20.0 0
3 3 20.0 0


# 20.0 20.0 0.0
0 0 20.0 0
1 0 20.0 0
2 0 20.0 0
3 0 20.0 0

0 1 20.0 0
1 1 20.0 0
2 1 20.0 0
3 1 20.0 0

0 2 20.0 0
1 2 20.0 0
2 2 20.0 0
3 2 20.0 0

0 3 20.0 0
1 3 20.0 0
2 3 20.0 0
3 3 20.0 0


# 20.0 20.0 0.0
0 0 20.0 0
1 0 20.0 0
2 0 20.0 0
3 0 20.0 0

0 1 20.0 0
1 1 20.0 0
2 1 20.0 0
3 1 20.0 0

0 2 20.0 0
1 2 20.0 0
2 2 20.0 0
3 2 20.0 0

0 3 20.0 0
1 3 20.0 0
2 3 20.0 0
3 3 20.0 0


# 20.0 20.0 0.0
0 0 20.0 0
1 0 20.0 0
2 0 20.0 0
3 0 20.0 0

0 1 20.0 0
1 1 20.0 0
2 1 20.0 0
3 1 20.0 0

0 2 20.0 0
1 2 20.0 0
2 2 20.0 0
3 2 20.0 0

0 3 20.0 0
1 3 20.0 0
2 3 20.0 0
3 3 20.0 0


# 20.0 20.0 0.0
0 0 20.0 0
1 0 20.0 0
2 0 20.0 0
3 0 20.0 0

0 1 20.0 0
1 1 20.0 0
2 1 20.0 0
3 1 20.0 0

0 2 20.0 0
1 2 20.0 0
2 2 20.0 0
3 2 20.0 0

0 3 20.0 0
1 3 20.0 0
2 3 20.0 0
3 3 20.0 0


# 20.0 20.0 0.0
0 0 20.0 0
1 0 20.0 0
2 0 20.0 0
3 0 20.0 0

0 1 20.0 0
1 1 20.0 0
2 1 20.0 0
3 1 20.0 0

0 2 20.0 0
1 2 20.0 0
2 2 20.0 0
3 2 20.0 0

0 3 20.0 0
1 3 20.0 0
2 3 20.0 0
3 3 20.0 0


# 20.0 20.0 0.0
0 0 20.0 0
1 0 20.0 0
2 0 20.0 0
3 0 20.0 0

0 1 20.0 0
1 1 20.0 0
2 1 20.0 0
3 1 20.0 0

0 2 20.0 0
1 2 20.0 0
2 2 20.0 0
3 2 20.0 0

0 3 20.0 0
1 3 20.0 0
2 3 20.0 0
3 3 20.0 0


# 20.0 20.0 0.0
0 0 20.0 0
1 0 20.0 0
2 0 20.0 0
3 0 20.0 0

0 1 20.0 0
1 1 20.0 0
2 1 20.0 0
3 1 20.0 0

0 2 20.0 0
1 2 20.0 0
2 2 20.0 0
3 2 20.0 0

0 3 20.0 0
1 3 20.0 0
2 3 20.0 0
3 3 20.0 0


# 20.0 20.0 0.0
0 0 20.0 0
1 0 20.0 0
2 0 20.0 0
3 0 20.0 0

0 1 20.0 0
1 1 20.0 0
2 1 20.0 0
3 1 20.0 0

0 2 20.0 0
1 2 20.0 0
2 2 20.0 0
3 2 20.0 0

0 3 20.0 0
1 3 20.0 0
2 3 20.0 0
3 3 20.0 0


# 20.0 20.0 0.0
0 0 20.0 0
1 0 20.0 0
2 0 20.0 0
3 0 20.0 0

0 1 20.0 0
1 1 20.0 0
2 1 20.0 0
3 1 20.0 0

0 2 20.0 0
1 2 20.0 0
2 2 20.0 0
3 2 20.0 0

0 3 20.0 0
1 3 20.0 0
2 3 20.0 0
3 3 20.0 0


# 20.0 20.0 0.0
0 0 20.0 0
1 0 20.0 0
2 0 20.0 0
3 0 20.0 0

0 1 20.0 0
1 1 20.0 0
2 1 20.0 0
3 1 20.0 0

0 2 20.0 0
1 2 20.0 0
2 2 20.0 0
3 2 20.0 0

0 3 20.0 0
1 3 20.0 0
2 3 20.0 0
3 3 20.0 0


# 20.0 20.0 0.0
0 0 20.0 0
1 0 20.0 0
2 0 20.0 0
3 0 20.0 0

0 1 20.0 0
1 1 20.0 0
2 1 20.0 0
3 1 20.0 0

0 2 20.0 0
1 2 20.0 0
2 2 20.0 0
3 2 20.0 0

0 3 20.0 0
1 3 20.0 0
2 3 20.0 0
3 3 20.0 0


# 20.0 20.0 0.0
0 0 20.0 0
1 0 20.0 0
2 0 20.0 0
3 0 20.0 0

0 1 20.0 0
1 1 20.0 0
2 1 20.0 0
3 1 20.0 0

0 2 20.0 0
1 2 20.0 0
2 2 20.0 0
3 2 20.0 0

0 3 20.0 0
1 3 20.0 0
2 3 20.0 0
3 3 20.0 0


# 20.0 20.0 0.0
0 0 20.0 0
1 0 20.0 0
2 0 20.0 0
3 0 20.0 0

0 1 20.0 0
1 1 20.0 0
2 1 20.0 0
3 1 20.0 0

0 2 20.0 0
1 2 20.0 0
2 2 20.0 0
3 2 20.0 0

0 3 20.0 0
1 3 20.0 0
2 3 20.0 0
3 3 20.0 0


# 20.0 20.0 0.0
0 0 20.0 0
1 0 20.0 0
2 0 20.0 0
3 0 20.0 0

0 1 20.0 0
1 1 20.0 0
2 1 20.0 0
3 1 20.0 0

0 2 20.0 0
1 2 20.0 0
2 2 20.0 0
3 2 20.0 0

0 3 20.0 0
1 3 20.0 0
2 3 20.0 0
3 3 20.0 0


# 20.0 20.0 0.0
0 0 20.0 0
1 0 20.0 0
2 0 20.0 0
3 0 20.0 0

0 1 20.0 0
1 1 20.0 0
2 1 20.0 0
3 1 20.0 0

0 2 20.0 0
1 2 20.0 0
2 2 20.0 0
3 2 20.0 0

0 3 20.0 0
1 3 20.0 0
2 3 20.0 0
3 3 20.0 0


# 20.0 20.0 0.0
0 0 20.0 0
1 0 20.0 0
2 0 20.0 0
3 0 20.0 0

0 1 20.0 0
1 1 20.0 0
2 1 20.0 0
3 1 20.0 0

0 2 20.0 0
1 2 20.0 0
2 2 20.0 0
3 2 20.0 0

0 3 20.0 0
1 3 20.0 0
2 3 20.0 0
3 3 20.0 0


# 20.0 20.0 0.0
0 0 20.0 0
1 0 20.0 0
2 0 20.0 0
3 0 20.0 0

0 1 20.0 0
1 1 20.0 0
2 1 20.0 0
3 1 20.0 0

0 2 20.0 0
1 2 20.0 0
2 2 20.0 0
3 2 20.0 0

0 3 20.0 0
1 3 20.0 0
2 3 20.0 0
3 3 20.0 0


# 20.0 20.0 0.0
0 0 20.0 0
1 0 20.0 0
2 0 20.0 0
3 0 20.0 0

0 1 20.0 0
1 1 20.0 0
2 1 20.0 0
3 1 20.0 0

0 2 20.0 0
1 2 20.0 0
2 2 20.0 0
3 2 20.0 0

0 3 20.0 0
1 3 20.0 0
2 3 20.0 0
3 3 20.0 0


# 20.119999999999997 20.0 0.0
0 0 20.0 0
1 0 20.0 0
2 0 20.0 0
3 0 20.0 0

0 1 20.0 0
1 1 20.0 0
2 1 20.0 0
3 1 20.0 0

0 2 20.0 0
1 2 20.0 0
2 2 20.0 0
3 2 20.0 0

0 3 20.0 0
1 3 20.0 0
2 3 20.0 0
3 3 20.0 0


# 20.239999999999995 20.0 0.0
0 0 20.00144 0
1 0 20.00073728 0
2 0 20.00072884736 0
3 0 20.00144874616832 0

0 1 20.00073728 0
1 1 20.00001769472 0
2 1 20.00000895850496 0
3 1 20.00073749245608 0

0 2 20.00072884736 0
1 2 20.00000895850496 0
2 2 20.000000215004118 0
3 2 20.000728852489523 0

0 3 20.00144874616832 0
1 3 20.00073749245608 0
2 3 20.000728852489523 0
3 3 20.00145749245975 0


# 20.359999999999992 20.0 0.0014574924597496874
0 0 20.064285854719998 1
1 0 20.062926703001597 1
2 0 20.06291084866298 1
3 0 20.06504037139969 1

0 1 20.0029267030016 0
1 1 20.000807301249598 0
2 1 20.000781998785197 0
3 1 20.002945132445017 0

0 2 20.00219084866298 0
1 2 20.000053358785195 0
2 2 20.000027721434513 0
3 2 20.002191404841035 0

0 3 20.004311731399692 0
1 3 20.002207645085015 0
2 3 20.002182554992714 0
3 3 20.004337510249204 0


# 20.47999999999999 20.0 0.06504037139968943
0 0 20.127081804822115 1
1 0 20.124733380932348 1
2 0 20.12471526203254 1
3 0 20.12855084276303 1

0 1 20.00652474093235 0
1 1 20.00235367254284 0
2 1 20.002304964304965 0
3 1 20.006578003425236 0

0 2 20.004389510992542 0
1 2 20.000158540164165 0
2 2 20.000108440377293 0
3 2 20.004391653286334 0

0 3 20.008555674942233 0
1 3 20.004405685232634 0
2 3 20.00435710731333 0
3 3 20.00860634500743 0


# 20.599999999999987 20.0 0.12855084276302975
0 0 20.189841957310897 1
1 0 20.186177509635826 1
2 0 20.18616162082762 1
3 0 20.191995887914594 1

0 1 20.011489723503345 0
1 1 20.004642265112082 0
2 1 20.004564209975232 0
3 1 20.01159314829549 0

0 2 20.007327598794173 0
1 2 20.00034873811048 0
2 2 20.000267175743407 0
3 2 20.007332803876864 0

0 3 20.014148470052636 0
1 3 20.00732689823858 0
2 3 20.007248513834043 0
3 3 20.01423149239969 0


# 20.719999999999985 20.0 0.19199588791459377
0 0 20.252579653645373 1
1 0 20.247278656706143 1
2 0 20.24726889780801 1
3 0 20.25539038050291 1

0 1 20.017781749326826 0
1 1 20.007659116636127 0
2 1 20.007546587958217 0
3 1 20.017949473335136 0

0 2 20.071007187134697 1
1 2 20.00136712321421 0
2 2 20.000536291654324 0
3 2 20.011017433202706 0

0 3 20.02177913415522 0
1 3 20.010983905767002 0
2 3 20.010853096530866 0
3 3 20.021181605030105 0


# 20.839999999999982 20.0 0.2553903805029094
0 0 20.315307510986536 1
1 0 20.308055779429655 1
2 0 20.308055517074763 1
3 0 20.318748386689723 1

0 1 20.026082601632186 0
1 1 20.011408104144405 0
2 1 20.011239744370727 0
3 1 20.025607662226218 0

0 2 20.13293563158306 1
1 2 20.003171868497713 0
2 2 20.00094593536614 0
3 2 20.01544752343966 0

0 3 20.031362119773835 0
1 3 20.015387226742416 0
2 3 20.015167443682234 0
3 3 20.029426446854483 0


# 20.95999999999998 20.0 0.31874838668972316
0 0 20.37804610116376 1
1 0 20.368527553362203 1
2 0 20.368539373570695 1
3 0 20.382083209198456 1

0 1 20.03629581040633 0
1 1 20.015891334865117 0
2 1 20.015632048313268 0
3 1 20.034530093784134 0

0 2 20.193242292640704 1
1 2 20.005725220285196 0
2 2 20.001524197297208 0
3 2 20.020624496310425 0

0 3 20.042816637694575 0
1 3 20.020545474839178 0
2 3 20.02018836447547 0
3 3 20.03893684909715 0


# 21.079999999999977 20.0 0.3820832091984556
0 0 20.44081432188709 1
1 0 20.428712336484864 1
2 0 20.428737851008684 1
3 0 20.445407429004824 1

0 1 20.048330761761978 0
1 1 20.021109355193737 0
2 1 20.020712527961635 0
3 1 20.044680763284525 0

0 2 20.252048587786696 1
1 2 20.00899314109291 0
2 2 20.002297258185028 0
3 2 20.086549245912188 1

0 3 20.05606636748908 0
1 3 20.026465539372623 0
2 3 20.02591284892736 0
3 3 20.050404667667728 0


# 21.079999999999977 20.0 0.445407429004824
0 0 20.503629523478114 1
1 0 20.488628139108666 1
2 0 20.48866783841922 1
3 0 20.508732944781094 1

0 1 20.062102319365476 0
1 1 20.02706133967478 0
2 1 20.02647081301424 0
3 1 20.056745207271064 0

0 2 20.309468489035023 1
1 2 20.01294498183566 0
2 2 20.00400952446842 0
3 2 20.150728090376763 1

0 3 20.071039186600366 0
1 3 20.033152750927332 0
2 3 20.03235531258917 0
3 3 20.063747100467282 0


# 21.079999999999977 20.0 0.5087329447810944
0 0 20.565067626134592 1
1 0 20.547555318916846 1
2 0 20.54761689812616 1
3 0 20.57063090403374 1

0 1 20.076793191410257 0
1 1 20.033727567032514 0
2 1 20.032905404352334 0
3 1 20.069893081350834 0

0 2 20.364880140813707 1
1 2 20.017552862506452 0
2 2 20.006619567331832 0
3 2 20.21256062757074 1

0 3 20.086218170583646 0
1 3 20.039873851536534 0
2 3 20.038799275692455 0
3 3 20.07742852368962 0


# 21.079999999999977 20.0 0.5706309040337416
0 0 20.625177373717673 1
1 0 20.605516257588853 1
2 0 20.605605619196563 1
3 0 20.631154175895094 1

0 1 20.092333298349793 0
1 1 20.04108833768852 0
2 1 20.040004424210235 0
3 1 20.08404220266621 0

0 2 20.41838842687681 1
1 2 20.022781967307345 0
2 2 20.010071583637274 0
3 2 20.272171588932686 1

0 3 20.161573463783593 1
1 3 20.0473570062534 0
2 3 20.045267991476337 0
3 3 20.0914103718017 0


# 21.079999999999977 20.0 0.6311541758950945
0 0 20.6840051829351 1
1 0 20.662532964447962 1
2 0 20.662654481964946 1
3 0 20.690352985778446 1

0 1 20.108657083189108 0
1 1 20.04912381474933 0
2 1 20.047754916844358 0
3 1 20.099115784052895 0

0 2 20.470812263119345 1
1 2 20.028616808889705 0
2 2 20.014313883296403 0
3 2 20.329678462667324 1

0 3 20.234934850319856 1
1 3 20.055553847798986 0
2 3 20.051782073069095 0
3 3 20.105657124845674 0


# 21.199999999999974 20.0 0.6903529857784463
0 0 20.74159527692108 1
1 0 20.718627062824773 1
2 0 20.718783813307788 1
3 0 20.74827507345875 1

0 1 20.12571186195264 0
1 1 20.057814399447498 0
2 1 20.056143015397083 0
3 1 20.115042079740952 0

0 2 20.52218931032228 1
1 2 20.035041659353382 0
2 2 20.01929855942402 0
3 2 20.385191940403423 1

0 3 20.306370113605798 1
1 3 20.06441891234377 0
2 3 20.058359721159555 0
3 3 20.120136088289986 0


# 21.319999999999972 20.0 0.7482750734587498
0 0 20.79942991404925 1
1 0 20.774557063707785 1
2 0 20.774742594979624 1
3 0 20.806414586910883 1

0 1 20.144185167236458 0
1 1 20.067158431142353 0
2 1 20.065163050641466 0
3 1 20.1324915473273 0

0 2 20.57328452257109 1
1 2 20.042049584810194 0
2 2 20.024981400135843 0
3 2 20.43954518733552 1

0 3 20.377393230734967 1
1 3 20.074646948465787 0
2 3 20.065745786113553 0
3 3 20.136274680792933 0


# 21.43999999999997 20.0 0.8064145869108827
0 0 20.857515343914805 1
1 0 20.8303386634725 1
2 0 20.830546401602778 1
3 0 20.86478011716925 1

0 1 20.164024889784066 0
1 1 20.077153740712017 0
2 1 20.07481730128801 0
3 1 20.15139661360907 0

0 2 20.624128185087056 1
1 2 20.04964212803211 0
2 2 20.031339297762553 0
3 2 20.4928324165734 1

0 3 20.44803237603114 1
1 3 20.086192820112345 0
2 3 20.073950144680797 0
3 3 20.154010183019437 0


# 21.559999999999967 20.0 0.86478011716925
0 0 20.91585715417295 1
1 0 20.88598712716451 1
2 0 20.886210467282922 1
3 0 20.92337931792186 1

0 1 20.1851815133728 0
1 1 20.08779789799613 0
2 1 20.085107002145996 0
3 1 20.171693780677185 0

0 2 20.67474907352263 1
1 2 20.057820254959292 0
2 2 20.038351529290264 0
3 2 20.54514212099316 1

0 3 20.51831451321764 1
1 3 20.09901374062192 0
2 3 20.082980744039382 0
3 3 20.173283290811128 0


# 21.679999999999964 20.0 0.9233793179218601
0 0 20.974460320309174 1
1 0 20.94151729205066 1
2 0 20.941749671002462 1
3 0 20.98221898389683 1

0 1 20.207607977313078 0
1 1 20.099088229209944 0
2 1 20.09603246456515 0
3 1 20.193323364722204 0

0 2 20.72517452538056 1
1 2 20.06658441901528 0
2 2 20.045999532867686 0
3 2 20.596557426172257 1

0 3 20.588265449933832 1
1 3 20.11306913087166 0
2 3 20.092843776244333 0
3 3 20.194037906770927 0


# 21.79999999999996 20.0 0.9822189838968285
0 0 21.033329252010407 1
1 0 20.996943571611205 1
2 0 20.997178525061237 1
3 0 21.041305123153943 1

0 1 20.23125954634514 0
1 1 20.111021834226307 0
2 1 20.10759318534855 0
3 1 20.216229252219968 0

0 2 20.775430508298108 1
1 2 20.07593461897771 0
2 2 20.054266703370953 0
3 2 20.647156420621364 1

0 3 20.657909889406252 1
1 3 20.128320486790592 0
2 3 20.103543838805262 0
3 3 20.21622094524029 0


# 21.91999999999996 20.0 1.0413051231539434
0 0 21.09246783635351 1
1 0 21.052279959951225 1
2 0 21.052511166230108 1
3 0 21.100643023741803 1

0 1 20.256093687545178 0
1 1 20.123595603605317 0
2 1 20.119787945156933 0
3 1 20.24035867230097 0

0 2 20.82554168530074 1
1 2 20.08587045101559 0
2 2 20.06313820547634 0
3 2 20.697012464831477 1

0 3 20.72727147945272 1
1 3 20.14473125557667 0
2 3 20.11508408245096 0
3 3 20.23978214977903 0


# 22.039999999999957 20.0 1.100643023741803
0 0 21.15187947801474 1
1 0 21.107540036607475 1
2 0 21.10776134931452 1
3 0 21.16023731514648 1

0 1 20.28206995387133 0
1 1 20.13680623527208 0
2 1 20.132614897337767 0
3 1 20.265661984192118 0

0 2 20.87553147713018 1
1 2 20.096391155448305 0
2 2 20.072600802814296 0
3 2 20.74619448054998 1

0 3 20.796372858984906 1
1 3 20.16226672000506 0
2 3 20.1274663470592 0
3 3 20.26467392231829 0


# 22.159999999999954 20.0 1.1602373151464818
0 0 21.211567136691958 1
1 0 21.1627369717253 1
2 0 21.162942442853822 1
3 0 21.22009202492576 1

0 1 20.309149873997864 0
1 1 20.15065025076113 0
2 1 20.14607164803301 0
3 1 20.292092478698155 0

0 2 20.925422121751886 1
1 2 20.107495658730777 0
2 2 20.082642701891686 0
3 2 20.79476722160178 1

0 3 20.865235702162533 1
1 3 20.18089389026028 0
2 3 20.140691286656356 0
3 3 20.29085116321393 0


# 22.27999999999995 20.0 1.2200920249257585
0 0 21.271533361919726 1
1 0 21.217883531579254 1
2 0 21.21806742670842 1
3 0 21.28021063089331 1

0 1 20.337296848103147 0
1 1 20.16512401096195 0
2 1 20.160155328346548 0
3 1 20.319606192762933 0

0 2 20.975234731146266 1
1 2 20.11918261112282 0
2 2 20.093253409573617 0
3 2 20.84279152748111 1

0 3 20.93388076034156 1
1 3 20.200581402766797 0
2 3 20.15475848432344 0
3 3 20.31827112147988 0


# 22.39999999999995 20.0 1.2802106308933112
0 0 21.331780325446804 1
1 0 21.27299208441033 1
2 0 21.273148891310466 1
3 0 21.34059610919003 1

0 1 20.366476049293475 0
1 1 20.180223731313855 0
2 1 20.174862659285445 0
3 1 20.34816173621837 0

0 2 21.024989345487217 1
1 2 20.131450420458624 0
2 2 20.104423603012666 0
3 2 20.890324560855436 1

0 3 21.00232790194831 1
1 3 20.221299425531356 0
2 3 20.169666557782143 0
3 3 20.346893254530258 0


# 22.519999999999946 20.0 1.340596109190031
0 0 21.392309851335163 1
1 0 21.328074606552608 1
2 0 21.328199038375764 1
3 0 21.40125097855432 1

0 1 20.396654330360782 0
1 1 20.19594549641068 0
2 1 20.190190010127953 0
3 1 20.37772012989165 0

0 2 21.074704984809966 1
1 2 20.144297282393786 0
2 2 20.11614501100197 0
3 2 20.937420030044596 1

0 3 21.070596150402267 1
1 3 20.24301956954598 0
2 3 20.185413256376233 0
3 3 20.376679096804217 0


# 22.639999999999944 20.0 1.4012509785543195
0 0 21.453123443930057 1
1 0 21.383142688821998 1
2 0 21.383229682894033 1
3 0 21.46217734107979 1

0 1 20.427800135587436 0
1 1 20.21228527398614 0
2 1 20.2061334508151 0
3 1 20.408244654299473 0

0 2 21.124399698268547 1
1 2 20.157721207472516 0
2 2 20.128410305810377 0
3 2 20.984128397465692 1

0 3 21.13870372020156 1
1 3 20.26571480583365 0
2 3 20.20199555010981 0
3 3 20.40759213669017 0


# 22.75999999999994 20.0 1.4621773410797907
0 0 21.514222313841486 1
1 0 21.438207543140134 1
2 0 21.438252256232904 1
3 0 21.523376919727305 1

0 1 20.459883417325916 0
1 1 20.22923892825985 0
2 1 20.222688798911204 0
3 1 20.439700708212147 0

0 2 21.17409061108127 1
1 2 20.171720045325657 0
2 2 20.141213004633226 0
3 2 21.030497074966558 1

0 3 21.20666805127728 1
1 3 20.28935938774919 0
2 3 20.219409711354068 0
3 3 20.43959770120517 0


# 22.87999999999994 20.0 1.5233769197273048
0 0 21.575607402068783 1
1 0 21.493280009366988 1
2 0 21.493277810207186 1
3 0 21.584851092838154 1

0 1 20.492875557095147 0
1 1 20.246802232631765 0
2 1 20.23985166163168 0
3 1 20.472055676420474 0

0 2 21.22379396926023 1
1 2 20.186291506281318 0
2 2 20.154547379861633 0
3 2 21.076570606907808 1

0 3 21.27450584171541 1
1 3 20.313928778175935 0
2 3 20.23765138978811 0
3 3 20.472662847922134 0


# 22.999999999999936 20.0 1.5848510928381536
0 0 21.63727940239185 1
1 0 21.548370562316343 1
2 0 21.54831702197992 1
3 0 21.646600925876783 1

0 1 20.526749290948555 0
1 1 20.264970881719574 0
2 1 20.257617473393136 0
3 1 20.505278806084945 0

0 2 21.273525182218645 1
1 2 20.201433180643523 0
2 2 20.168408377437064 0
3 2 21.12239084179501 1

0 3 21.34223307893839 1
1 3 20.339399581284987 0
2 3 20.25671568109674 0
3 3 20.506756263671637 0


# 23.119999999999933 20.0 1.6466009258767826
0 0 21.69923878214492 1
1 0 21.60348931892919 1
2 0 21.60338019967515 1
3 0 21.708627200614337 1

0 1 20.561478638881713 0
1 1 20.283740502739207 0
2 1 20.2759815293015 0
3 1 20.539341091089906 0

0 2 21.323298863347024 1
1 2 20.217142555870332 0
2 2 20.182791542616847 0
3 2 21.16799709320816 1

0 3 21.40986506943219 1
1 3 20.36574947854781 0
2 3 20.276597189908713 0
3 3 20.54184816957686 0


# 23.23999999999993 20.0 1.7086272006143375
0 0 21.761485801481435 1
1 0 21.658646045580912 1
2 0 21.658477288594757 1
3 0 21.770930441948437 1

0 1 20.597038838059493 0
1 1 20.30310666623347 0
2 1 20.294939014957446 0
3 1 20.5742151638655 0

0 2 21.37312886864679 1
1 2 20.233417031861094 0
2 2 20.197692952530463 0
3 2 21.213426290725092 1

0 3 21.477416467098966 1
1 3 20.392957168715224 0
2 3 20.297290087422418 0
3 3 20.577910232009863 0


# 23.35999999999993 20.0 1.7709304419484369
0 0 21.82402053123179 1
1 0 21.713850165499235 1
2 0 21.71361787794264 1
3 0 21.83351094253999 1

0 1 20.633406279654338 0
1 1 20.32306489615793 0
2 1 20.314485032925447 0
3 1 20.609875194177434 0

0 2 21.423028333507 1
1 2 20.250253934542688 0
2 2 20.21310915495639 0
3 2 21.258713121488363 1

0 3 21.54490130031007 1
1 3 20.421002311496487 0
2 3 20.31878816413223 0
3 3 20.614915479084953 0


# 23.479999999999926 20.0 1.8335109425399914
0 0 21.886842869449286 1
1 0 21.769110766270863 1
2 0 21.768811207969883 1
3 0 21.89636878543432 1

0 1 20.670558449098227 0
1 1 20.343610679336397 0
2 1 20.334614626182308 0
3 1 20.646296794419243 0

0 2 21.473009707707117 1
1 2 20.267650527926595 0
2 2 20.229037112795236 0
3 2 21.303890163021443 1

0 3 21.61233299772935 1
1 3 20.44986547469109 0
2 3 20.34108487803753 0
3 3 20.6528382223306 0


# 23.599999999999923 20.0 1.8963687854343192
0 0 21.94995255673354 1
1 0 21.824436607415965 1
2 0 21.82406617746354 1
3 0 21.959503864821276 1

0 1 20.708473869561427 0
1 1 20.364739474301285 0
2 1 20.35532279883331 0
3 1 20.683456930973747 0

0 2 21.523084788726027 1
1 2 20.28560402479228 0
2 2 20.24547415375728 0
3 2 21.34898800785928 1

0 3 21.6797244129721 1
1 3 20.479528084543688 0
2 3 20.364173398687534 0
3 3 20.69165398320526 0


# 23.71999999999992 20.0 1.9595038648212757
0 0 22.01334919041486 1
1 0 21.879836128010652 1
2 0 21.87939135151005 1
3 0 22.022915905077515 1

0 1 20.747132048481152 0
1 1 20.38644671953623 0
2 1 20.376604534358638 0
3 1 20.721333841240394 0

0 2 21.57326475343448 1
1 2 20.304111596137513 0
2 2 20.262417924821445 0
3 2 21.394035380520396 1

0 3 21.74708784816084 1
1 3 20.50997237910868 0
2 3 20.388046647388283 0
3 3 20.731339424144775 0


# 23.839999999999918 20.0 2.0229159050775145
0 0 22.077032237677827 1
1 0 21.935317454338893 1
2 0 21.93479496947193 1
3 0 22.086604478223272 1

0 1 20.786513426972725 0
1 1 20.408727841140184 0
2 1 20.39845481162951 0
3 1 20.759906955952776 0

0 2 21.623560188245484 1
1 2 20.3231703795227 0
2 2 20.279866351058747 0
3 2 21.439059247312414 1

0 3 21.814435076435302 1
1 3 20.541181364426272 0
2 3 20.41269733387353 0
3 3 20.771872283849792 0


# 23.959999999999916 20.0 2.086604478223272
0 0 22.141001047697163 1
1 0 21.99088840755637 1
2 0 21.99028495312302 1
3 0 22.150569019916144 1

0 1 20.826599331964864 0
1 1 20.431578259933538 0
2 1 20.42086861891211 0
3 1 20.799156826436448 0

0 2 21.67398111779425 1
1 2 20.342777486424165 0
2 2 20.297817598446194 0
3 2 21.48408491943008 1

0 3 21.881777363470277 1
1 3 20.573138773325585 0
2 3 20.4381179897183 0
3 3 20.81323131654098 0


# 24.079999999999913 20.0 2.1505690199161442
0 0 22.205254862854318 1
1 0 22.04655651134993 1
2 0 22.04586891489399 1
3 0 22.214808844095128 1

0 1 20.867371930909325 0
1 1 20.454993398027874 0
2 1 20.443840966057984 0
3 1 20.839065056481115 0

0 2 21.724537032216535 1
1 2 20.362930008699998 0
2 2 20.31627004032765 0
3 2 21.529136149774214 1

0 3 21.949125488051852 1
1 3 20.60582902668355 0
2 3 20.46430099875276 0
3 3 20.855396234927827 0


# 24.19999999999991 20.0 2.2148088440951277
0 0 22.269792829098673 1
1 0 22.10232899957748 1
2 0 22.10155416618521 1
3 0 22.279323156379697 1

0 1 20.908814188923248 0
1 1 20.47896868488164 0
2 1 20.46736689506171 0
3 1 20.879614238523494 0

0 2 21.77523691309154 1
1 2 20.38362502426221 0
2 2 20.335222227206135 0
3 2 21.574235223891584 1

0 3 22.016489761759285 1
1 3 20.639237196980133 0
2 3 20.491238624714512 0
3 3 20.898347656653698 0


# 24.319999999999908 20.0 2.2793231563796965
0 0 22.334614005513128 1
1 0 22.158212823874184 1
2 0 22.15734772570922 1
3 0 22.34411106632082 1

0 1 20.95090982823031 0
1 1 20.503499562864462 0
2 1 20.491441489150386 0
3 1 20.92078789385786 0

0 2 21.826089258112717 1
1 2 20.404859602039583 0
2 2 20.354672859577793 0
3 2 21.61940304540921 1

0 3 22.083880047797063 1
1 3 20.67334897400158 0
2 3 20.5189230363593 0
3 3 20.942067053995387 0


# 24.439999999999905 20.0 2.3441110663208207
0 0 22.399717373139907 1
1 0 22.21421466121203 1
2 0 22.21325632782963 1
3 0 22.40917159859352 1

0 1 20.99364328977404 0
1 1 20.52858149235308 0
2 1 20.51605988055459 0
3 1 20.962570416610518 0

0 2 21.877102104547312 1
1 2 20.42663080630744 0
2 2 20.374620763541625 0
3 2 21.664659216311794 1

0 3 22.151305779018955 1
1 3 20.708150632553743 0
2 3 20.5473463302333 0
3 3 20.986536706610092 0


# 24.559999999999903 20.0 2.4091715985935203
0 0 22.465101843118703 1
1 0 22.27034092140074 1
2 0 22.26928643086737 1
3 0 22.474503703213887 1

0 1 21.03699969688376 0
1 1 20.55420995638189 0
2 1 20.541217257096786 0
3 1 21.004947021232347 0

0 2 21.928283051542845 1
1 2 20.448935700452925 0
2 2 20.395064868940764 0
3 2 21.710022112388096 1

0 3 22.21877597518343 1
1 3 20.74362900205692 0
2 3 20.576500551294792 0
3 3 21.031739657136324 0


# 24.6799999999999 20.0 2.4745037032138875
0 0 22.530766264185843 1
1 0 22.32659775451913 1
2 0 22.3254442253489 1
3 0 22.54010626485716 1

0 1 21.08096482087997 0
1 1 20.580380464870945 0
2 1 20.566908867720855 0
3 1 21.04790369328018 0

0 2 21.97963928133624 1
1 2 20.471771350237642 0
2 2 20.416004189811304 0
3 2 21.755508954150528 1

0 3 22.286299259477545 1
1 3 20.77977143790265 0
2 3 20.606377711558615 0
3 3 21.077659669467923 0


# 24.799999999999898 20.0 2.5401062648571617
0 0 22.596709429579942 1
1 0 22.382991058266924 1
2 0 22.381735642174384 1
3 0 22.605978111347756 1

0 1 21.125525048512458 0
1 1 20.607088558453995 0
2 1 20.593130027074892 0
3 1 21.09142714327329 0

0 2 22.03117757941885 1
1 2 20.495134826613278 0
2 2 20.43743780693313 0
3 2 21.801135873512298 1

0 3 22.35388387434421 1
1 3 20.81656579446093 0
2 3 20.636969806923496 0
3 3 21.124281189532308 0


# 24.919999999999895 20.0 2.6059781113477563
0 0 22.662930083396414 1
1 0 22.43952648522801 1
2 0 22.438166360686868 1
3 0 22.67211802138676 1

0 1 21.170667351130167 0
1 1 20.634329811928758 0
2 1 20.619876119249163 0
3 1 21.13550476342559 0

0 2 22.082904353708308 1
1 2 20.519023208140215 0
2 2 20.45936485229424 0
3 2 21.846917976487806 1

0 3 22.421537696645846 1
1 3 20.854000399634085 0
2 3 20.668268832330234 0
3 3 21.17158930841496 0


# 25.039999999999893 20.0 2.6721180213867584
0 0 22.729426926430442 1
1 0 22.496209450036986 1
2 0 22.494741816626092 1
3 0 22.738524731577453 1

0 1 21.21637925548751 0
1 1 20.662099837351143 0
2 1 20.64714260076157 0
3 1 21.18012458706764 0

0 2 22.13482565277584 1
1 2 20.54343358305415 0
2 2 20.48178449529572 0
3 2 21.892869402164656 1

0 3 22.48926825219551 1
1 3 20.89206403086041 0
2 3 20.70026679538722 0
3 3 21.219569727682643 0


# 25.15999999999989 20.0 2.738524731577453
0 0 22.796198621545237 1
1 0 22.5530451364417 1
2 0 22.551467209953163 1
3 0 22.805196942804912 1

0 1 21.2626488160971 0
1 1 20.690394286794543 0
2 1 20.674925002874346 0
3 1 21.225275250584925 0

0 2 22.186947183175416 1
1 2 20.568363051021063 0
2 2 20.504695930538894 0
3 2 21.939003378179418 1

0 3 22.5570827296849 1
1 3 20.93074589247739 0
2 3 20.732955728589342 0
3 3 21.26820872676729 0


# 25.279999999999887 20.0 2.805196942804912
0 0 22.863243798600074 1
1 0 22.61003850425532 1
2 0 22.608347512534344 1
3 0 22.872133326021366 1

0 1 21.309464589043863 0
1 1 20.71920885479474 0
2 1 20.703218933317814 0
3 1 21.27094595771058 0

0 2 22.239274325919045 1
1 2 20.593808724616814 0
2 2 20.528098367049466 0
3 2 21.98533227291421 1

0 3 22.624987994037 1
1 3 20.970035594360258 0
2 3 20.766327700246713 0
3 3 21.317493132281598 0


# 25.399999999999885 20.0 2.872133326021366
0 0 22.93056105897006 1
1 0 22.667194296192186 1
2 0 22.665387475674276 1
3 0 22.939332527485213 1

0 1 21.356815607180227 0
1 1 20.748539280500278 0
2 1 20.732020077489775 0
3 1 21.317126446021405 0

0 2 22.29181215214045 1
1 2 20.61976773056381 0
2 2 20.551991018805666 0
3 2 22.031867644617115 1

0 3 22.692990599209676 1
1 3 21.00992313175737 0
2 3 20.800374824230484 0
3 3 21.36741028914563 0


# 25.519999999999882 20.0 2.939332527485213
0 0 22.998148979687606 1
1 0 22.72451704458246 1
2 0 22.722591637490645 1
3 0 23.00679317349789 1

0 1 21.404691356626596 0
1 1 20.778381349547416 0
2 1 20.761324199192646 0
3 1 21.363806955496198 0

0 2 22.344565437987352 1
1 2 20.646237210753924 0
2 2 20.576373096448524 0
3 2 22.07862028763628 1

0 3 22.761096800475062 1
1 3 21.050398866249072 0
2 3 20.83508926863492 0
3 3 21.41794803341164 0


# 25.63999999999988 20.0 3.00679317349789
0 0 23.06600611723336 1
1 0 22.78201107796125 1
2 0 22.779964330123857 1
3 0 23.074513874679404 1

0 1 21.453081754505497 0
1 1 20.8087308956781 0
2 1 20.79112714096436 0
3 1 21.410978199004717 0

0 2 22.3975386787807 1
1 2 20.673214323083613 0
2 2 20.601243800062825 0
3 2 22.125600275945306 1

0 3 22.829312566198315 1
1 3 21.091453507761614 0
2 3 20.870463263447085 0
3 3 21.469094666681528 0


# 25.759999999999877 20.0 3.074513874679404
0 0 23.13413101100256 1
1 0 22.839680527528532 1
2 0 22.837509686776723 1
3 0 23.14249322982032 1

0 1 21.5019771278418 0
1 1 20.83958380211857 0
2 1 20.821424824053626 0
3 1 21.45863133460435 0

0 2 22.450736102477393 1
1 2 20.700696242124643 0
2 2 20.626602312926657 0
3 2 22.172817004126152 1

0 3 22.897643589138042 1
1 3 21.13307809757214 0
2 3 20.90648910730847 0
3 3 21.520838932018208 0


# 25.879999999999875 20.0 3.142493229820321
0 0 23.202522186470908 1
1 0 22.89752933347673 1
2 0 22.895231648580307 1
3 0 23.210729829345002 1

0 1 21.551368193565246 0
1 1 20.870936002735522 0
2 1 20.852213248085214 0
3 1 21.506757939529642 0

0 2 22.504161682471278 1
1 2 20.728680159651127 0
2 2 20.65244779613623 0
3 2 22.22027922596506 1

0 3 22.96609529728959 1
1 3 21.1752639922451 0
2 3 20.943159173446308 0
3 3 21.57316999125849 0


# 25.999999999999872 20.0 3.210729829345002
0 0 23.271178158082456 1
1 0 22.955561251183486 1
2 0 22.953133971283297 1
3 0 23.279222258418336 1

0 1 21.601246039554976 0
1 1 20.902783482985914 0
2 1 20.883488490456344 0
3 1 21.555349985767474 0

0 2 22.557819149765432 1
1 2 20.757163285041464 0
2 2 20.6787793840206 0
3 2 22.267995090807087 1

0 3 23.03467286429129 1
1 3 21.218002848444154 0
2 3 20.980465914846242 0
3 3 21.626077403641023 0


# 26.11999999999987 20.0 3.2792222584183364
0 0 23.34009743188035 1
1 0 23.013779857267572 1
2 0 23.011220231763104 1
3 0 23.347969099725642 1

0 1 21.651602106669248 0
1 1 20.935122280675806 0
2 1 20.915246705501165 0
3 1 21.604399817117645 0

0 2 22.611712004547307 1
1 2 20.786142845571728 0
2 2 20.705596180268326 0
3 2 22.315972177805513 1

0 3 23.1033812194127 1
1 3 21.261286608567467 0
2 3 21.018401868732422 0
3 3 21.6795511056684 0


# 26.239999999999867 20.0 3.347969099725642
0 0 23.409278507899895 1
1 0 23.0721885555064 1
2 0 23.069493834357854 1
3 0 23.416968935953225 1

0 1 21.702428171706615 0
1 1 20.9679484865428 0
2 1 20.947484123456547 0
3 1 21.653900127645286 0

0 2 22.66584352719661 1
1 2 20.815616086615186 0
2 2 20.732897254694763 0
3 2 22.36421752819378 1

0 3 23.17222505714301 1
1 3 21.30510748715752 0
2 3 21.056959660415906 0
3 3 21.73358139212765 0


# 26.359999999999864 20.0 3.416968935953225
0 0 23.47871988234205 1
1 0 23.130790582614043 1
2 0 23.127958017019107 1
3 0 23.48622035199488 1

0 1 21.753716331247915 0
1 1 21.00125824467595 0
2 1 20.980197049259054 0
3 1 21.703843941437555 0

0 2 22.720216788754424 1
1 2 20.84558027176105 0
2 2 20.76068164058497 0
3 2 22.412737675699443 1

0 3 23.241208846396802 1
1 3 21.34945795803979 0
2 3 21.096132006567466 0
3 3 21.788158898198255 0


# 26.479999999999862 20.0 3.4862203519948807
0 0 23.54842004954408 1
1 0 23.18958901387912 1
2 0 23.1866158572859 1
3 0 23.555721936907744 1

0 1 21.805458986331196 0
1 1 21.03504775278627 0
2 1 21.013381861199758 0
3 1 21.754224593582858 0

0 2 22.774834660880607 1
1 2 20.87603268286402 0
2 2 20.78894833255286 0
3 2 22.461538675212072 1

0 3 23.31033683935356 1
1 3 21.394330742147538 0
2 3 21.135911717966415 0
3 3 21.84327458258126 0


# 26.59999999999986 20.0 3.5557219369077444
0 0 23.618377503763018 1
1 0 23.24858676866222 1
2 0 23.24547027808113 1
3 0 23.62547228563903 1

0 1 21.857648827914442 0
1 1 21.069313262340213 0
2 1 21.047035009460853 0
3 1 21.80503571229612 0

0 2 22.829699825325207 1
1 2 20.90697062003494 0
2 2 20.817696284862414 0
3 2 22.510626129810042 1

0 3 23.379613079946502 1
1 3 21.439718795992714 0
2 3 21.17629170177306 0
3 3 21.89891971158733 0


# 26.719999999999857 20.0 3.625472285639031
0 0 23.688590740786466 1
1 0 23.3077866157529 1
2 0 23.304524053331953 1
3 0 23.695470000543562 1

0 1 21.910278823083456 0
1 1 21.104051078567867 0
2 1 21.081153014555433 0
3 1 21.85627120211859 0

0 2 22.884814782938328 1
1 2 20.938391401581598 0
2 2 20.84692441016166 0
3 2 22.56000521624443 1

0 3 23.4490414120156 1
1 3 21.48561530074546 0
2 3 21.217264963368525 0
3 3 21.955085844125538 0


# 26.719999999999857 20.0 3.695470000543562
0 0 23.759058259384187 1
1 0 23.367191178586683 1
2 0 23.363779813416237 1
3 0 23.76571369271041 1

0 1 21.963342201964632 0
1 1 21.13925756035687 0
2 1 21.115732465689412 0
3 1 21.90792522812534 0

0 2 22.94018186224166 1
1 2 20.97029236390775 0
2 2 20.87663157858442 0
3 2 22.60968070897219 1

0 3 23.51862548713888 1
1 3 21.532013651887134 0
2 3 21.25882460780221 0
3 3 22.01176481753831 0


# 26.719999999999857 20.0 3.76571369271041
0 0 23.82833856261297 1
1 0 23.426065660322674 1
2 0 23.422511203077423 1
3 0 23.834753236947268 1

0 1 22.016095165304655 0
1 1 21.174911425322435 0
2 1 21.150761060557635 0
3 1 21.9592547086218 0

0 2 22.995074380223723 1
1 2 21.00266190287239 0
2 2 20.90681640217482 0
3 2 22.658928150335374 1

0 3 23.586920025987208 1
1 3 21.578169956947814 0
2 3 21.300234988394447 0
3 3 22.067491241771688 0


# 26.719999999999857 20.0 3.834753236947268
0 0 23.89646430426643 1
1 0 23.484417545781117 1
2 0 23.480724914667604 1
3 0 23.90262187589664 1

0 1 22.06853656967961 0
1 1 21.210992201853646 0
2 1 21.186217988378683 0
3 1 22.01025922703501 0

0 2 23.049498678236798 1
1 2 21.035479858405072 0
2 2 20.93745954669659 0
3 2 22.707755688207328 1

0 3 23.65396292867388 1
1 3 21.624082952061688 0
2 3 21.34149352376824 0
3 3 22.12229254761161 0


# 26.719999999999857 20.0 3.9026218758966387
0 0 23.963467038698365 1
1 0 23.542254218720945 1
2 0 23.53842759724752 1
3 0 23.96935173025575 1

0 1 22.12066552877853 0
1 1 21.24747998729607 0
2 1 21.22208304123581 0
3 1 22.060938625015925 0

0 2 23.10346103354114 1
1 2 21.068726627436774 0
2 2 20.96854219502293 0
3 2 22.756171229714425 1

0 3 23.719790791068853 1
1 3 21.669751599382383 0
2 3 21.382597831874175 0
3 3 22.176195244636656 0


# 26.719999999999857 20.0 3.969351730255749
0 0 24.029377262275215 1
1 0 23.59958295969649 1
2 0 23.59562585093738 1
3 0 24.03497384167798 1

0 1 22.172481395967182 0
1 1 21.284355436197895 0
2 1 21.25833660054258 0
3 1 22.111292982828477 0

0 2 23.156967655906087 1
1 2 21.10238315195792 0
2 2 21.0000460354309 0
3 2 22.80418244922117 1

0 3 23.784438953653833 1
1 3 21.715175071458155 0
2 3 21.42354571915377 0
3 3 22.229224953850235 0


# 26.719999999999857 20.0 4.0349738416779815
0 0 24.09422445310127 1
1 0 23.656410944272075 1
2 0 23.65232622183592 1
3 0 24.099518213833544 1

0 1 22.22398374787902 0
1 1 21.321599748596217 0
2 1 21.294959623580834 0
3 1 22.16132260098931 0

0 2 23.21002468459992 1
1 2 21.136430907144963 0
2 2 21.031953250119425 0
3 2 22.85179679601339 1

0 3 23.84794154839499 1
1 3 21.760352736553237 0
2 3 21.464335170235586 0
3 3 22.28140643910661 0


# 26.839999999999854 20.0 4.099518213833544
0 0 24.158037109095435 1
1 0 23.712745241566978 1
2 0 23.70853519746659 1
3 0 24.163013851717007 1

0 1 22.2751723689756 0
1 1 21.35919465835882 0
2 1 21.331933630132163 0
3 1 22.211027983082108 0

0 2 23.262638185740908 1
1 2 21.170851889571274 0
2 2 21.06424650394512 0
3 2 22.89902150169443 1

0 3 23.910331543720297 1
1 3 21.805284144860327 0
2 3 21.504964338140635 0
3 3 22.332763637376793 0


# 26.95999999999985 20.0 4.163013851717007
0 0 24.22228278449451 1
1 0 23.769330093105005 1
2 0 23.76498805007244 1
3 0 24.226937545453048 1

0 1 22.326784517021753 0
1 1 21.39714011631556 0
2 1 21.3692496477268 0
3 1 22.26114731213115 0

0 2 23.31554299734355 1
1 2 21.205637564021426 0
2 2 21.096909148374756 0
3 2 22.946592439797858 1

0 3 23.97308953385281 1
1 3 21.850706508008372 0
2 3 21.546160387463846 0
3 3 22.384777180358366 0


# 27.07999999999985 20.0 4.226937545453048
0 0 24.28695397957423 1
1 0 23.82616721494614 1
2 0 23.821686804866907 1
3 0 24.291281803220713 1

0 1 22.37881521242564 0
1 1 21.43543582640185 0
2 1 21.40690781373721 0
3 1 22.31167650970271 0

0 2 23.368740699178716 1
1 2 21.240788467131964 0
2 2 21.12994289855034 0
3 2 22.994512316389685 1

0 3 24.036211677120352 1
1 3 21.896614761052614 0
2 3 21.5879176692699 0
3 3 22.437434361693377 0


# 27.199999999999847 20.0 4.291281803220713
0 0 24.352043425438016 1
1 0 23.88325818459888 1
2 0 23.87863333268118 1
3 0 24.35603937641337 1

0 1 22.431259612915984 0
1 1 21.47408147567517 0
2 1 21.444908249277137 0
3 1 22.36261161560016 0

0 2 23.42223270689923 1
1 2 21.276305082815757 0
2 2 21.163349359232953 0
3 2 23.042783543139635 1

0 3 24.09969422635944 1
1 3 21.943003944829744 0
2 3 21.630230579149636 0
3 3 22.490722894139886 0


# 27.319999999999844 20.0 4.356039376413371
0 0 24.417544075692422 1
1 0 23.940604447454312 1
2 0 23.935829357586307 1
3 0 24.421203250540724 1

0 1 22.484113008272715 0
1 1 21.5130767342966 0
2 1 21.483251058112426 0
3 1 22.413948781966464 0

0 2 23.476020281018837 1
1 2 21.312187842673136 0
2 2 21.19713002626667 0
3 2 23.091408254756246 1

0 3 24.16353352492068 1
1 3 21.989869202507816 0
2 3 21.673093560300323 0
3 3 22.544630891731526 0


# 27.43999999999984 20.0 4.421203250540724
0 0 24.483449098436218 1
1 0 23.99820732294506 1
2 0 23.99327646414686 1
3 0 24.486766636474616 1

0 1 22.53737081529028 0
1 1 21.552421255518613 0
2 1 21.521936325657812 0
3 1 22.465684267726537 0

0 2 23.530104535410654 1
1 2 21.34843712646127 0
2 2 21.23128628821198 0
3 2 23.140388325428525 1

0 3 24.227726002878555 1
1 3 22.037205776278167 0
2 3 21.71650110624237 0
3 3 22.59914685280924 0


# 27.55999999999984 20.0 4.486766636474616
0 0 24.549751868551336 1
1 0 24.05606801043997 1
2 0 24.05097610432356 1
3 0 24.55272296202613 1

0 1 22.591028572961854 0
1 1 21.59211467567997 0
2 1 21.56096411805754 0
3 1 22.517814433348168 0

0 2 23.584486445351025 1
1 2 21.385053262617383 0
2 2 21.265819428125955 0
3 2 23.189725384331926 1

0 3 24.292268173434476 1
1 3 22.085009004182012 0
2 3 21.760447763201594 0
3 3 22.654259643878508 0


# 27.679999999999836 20.0 4.552722962026131
0 0 24.61644596028431 1
1 0 24.114187594884942 1
2 0 24.10892960404159 1
3 0 24.619065863841865 1

0 1 22.64508193787324 0
1 1 21.63215661420853 0
2 1 21.60033448134747 0
3 1 22.5703357359018 0

0 2 23.639166855133382 1
1 2 21.422036528831548 0
2 2 21.30073062546846 0
3 2 23.239420830252968 1

0 3 24.35715662950262 1
1 3 22.133274317064796 0
2 3 21.804928132184067 0
3 3 22.709958484248123 0


# 27.799999999999834 20.0 4.619065863841865
0 0 24.68352514010717 1
1 0 24.172567052200062 1
2 0 24.167138169440516 1
3 0 24.685789179607664 1

0 1 22.69952667979595 0
1 1 21.67254667363262 0
2 1 21.64004744069611 0
3 1 22.623244724400603 0

0 2 23.69414648527534 1
1 2 21.459387152664927 0
2 2 21.33602095811555 0
3 2 23.289475845383514 1

0 3 24.422388040468604 1
1 3 22.181997235651885 0
2 3 21.84993687076852 0
3 3 22.766232931409014 0


# 27.91999999999983 20.0 4.685789179607664
0 0 24.750983359847265 1
1 0 24.231207254442705 1
2 0 24.225602892820973 1
3 0 24.752886940548446 1

0 1 22.754358677469583 0
1 1 21.713284439601534 0
2 1 21.680102999721964 0
3 1 22.676538035403624 0

0 2 23.749425939341013 1
1 2 21.49710531220953 0
2 2 21.371691404463007 0
3 2 23.33989140833271 1

0 3 24.487959149111646 1
1 3 22.23117336773958 0
2 3 21.89546869463958 0
3 3 22.823072867113954 0


# 28.03999999999983 20.0 4.752886940548446
0 0 24.81881475007571 1
1 0 24.29010897474609 1
2 0 24.284324758302688 1
3 0 24.820353364213176 1

0 1 22.809573914564076 0
1 1 21.75436948091556 0
2 1 21.720501139884327 0
3 1 22.730212388865834 0

0 2 23.80500571039931 1
1 2 21.535191136785684 0
2 2 21.407742845604492 0
3 2 23.390668306401746 1

0 3 24.553866768681292 1
1 3 22.280798405495794 0
2 3 21.941518378883288 0
3 3 22.88046848412127 0


# 28.159999999999826 20.0 4.820353364213176
0 0 24.887013613744703 1
1 0 24.349272892042308 1
2 0 24.343304647207653 1
3 0 24.88818284753438 1

0 1 22.8651684758131 0
1 1 21.79580134956592 0
2 1 21.761241819944807 0
3 1 22.78426458422004 0

0 2 23.8608861871379 1
1 2 21.57364470767362 0
2 2 21.444176067570318 0
3 2 23.44180714716381 1

0 3 24.620107780120367 1
1 3 22.3308681228651 0
2 3 21.988080759064868 0
3 3 22.938410273567648 0


# 28.279999999999824 20.0 4.888182847534381
0 0 24.955574420064156 1
1 0 24.408699595578582 1
2 0 24.402543343181623 1
3 0 24.95636996015196 1

0 1 22.921138543310164 0
1 1 21.83757958078484 0
2 1 21.80232497549654 0
3 1 22.838691496676546 0

0 2 23.91706765965136 1
1 2 21.612466058875746 0
2 2 21.480991763614153 0
3 2 23.49330836938923 1

0 3 24.68667912942623 1
1 3 22.381378373073165 0
2 3 22.0351507321072 0
3 3 22.996889012937167 0


# 28.39999999999982 20.0 4.95636996015196
0 0 25.02449179860851 1
1 0 24.46838958923518 1
2 0 24.462041537066597 1
3 0 25.024909437991404 1

0 1 22.977480392959674 0
1 1 21.879703693105974 0
2 1 21.843750518558263 0
3 1 22.893490073727396 0

0 2 23.973550324921142 1
1 2 21.651655177906285 0
2 2 21.518190536536206 0
3 2 23.54517225335329 1

0 3 24.753577825142816 1
1 3 22.432325086225966 0
2 3 22.08272325698709 0
3 3 23.05589575459551 0


# 28.51999999999982 20.0 5.024909437991404
0 0 25.09376053364494 1
1 0 24.528343295653112 1
2 0 24.52179983153623 1
3 0 25.093796177086876 1

0 1 23.03419039107543 0
1 1 21.922173188435202 0
2 1 21.885518337230288 0
3 1 22.948657331842888 0

0 2 24.030334292003946 1
1 2 21.6912120066052 0
2 2 21.55577290103258 0
3 2 23.5973989305621 1

0 3 24.820800935976433 1
1 3 22.4837042669993 0
2 3 22.130793355265162 0
3 3 23.115421814859996 0


# 28.51999999999982 20.0 5.093796177086876
0 0 25.163375558674463 1
1 0 24.58856106017943 1
2 0 24.581818745505668 1
3 0 25.163025227639928 1

0 1 23.091264991119626 0
1 1 21.964987552131927 0
2 1 21.92762829540939 0
3 1 23.00419035334882 0

0 2 24.087419586944193 1
1 2 21.731136441973444 0
2 2 21.59373928606154 0
3 2 23.649988392929735 1

0 3 24.8883455885286 1
1 3 22.535511992414534 0
2 3 22.179356111464056 0
3 3 23.17545876357776 0


# 28.51999999999982 20.0 5.163375558674463
0 0 25.23189195117777 1
1 0 24.64830587463768 1
2 0 24.641369870966674 1
3 0 25.231143042136672 1

0 1 23.14796345057565 0
1 1 22.008128558380747 0
2 1 21.970071274054835 0
3 1 23.059348791017626 0

0 2 24.14407731006547 1
1 2 21.771419378521784 0
2 2 21.63208982221423 0
3 2 23.7022116489484 1

0 3 24.95476021897133 1
1 3 22.587006917240608 0
2 3 22.227677820818954 0
3 3 23.234540921726165 0


# 28.51999999999982 20.0 5.231891951177769
0 0 25.299339072837927 1
1 0 24.70758307792912 1
2 0 24.70045790511552 1
3 0 25.298179572973346 1

0 1 23.20428752494688 0
1 1 22.051578722643903 0
2 1 22.0128295557921 0
3 1 23.11413479112745 0

0 2 24.200311668511997 1
1 2 21.812043093920067 0
2 2 21.6708066561817 0
3 2 23.754072548120988 1

0 3 25.02007667411739 1
1 3 22.638190197782777 0
2 3 22.275757805652844 0
3 3 23.292695412789307 0


# 28.51999999999982 20.0 5.2993390728379275
0 0 25.365745313450272 1
1 0 24.76639797195061 1
2 0 24.75908755830926 1
3 0 25.364163776539545 1

0 1 23.260239077354385 0
1 1 22.095321060345203 0
2 1 22.055885937905643 0
3 1 23.168550597050892 0

0 2 24.256126884579196 1
1 2 21.852990362998572 0
2 2 21.709872416541113 0
3 2 23.80557492221648 1

0 3 25.084325718837505 1
1 3 22.689063096125764 0
2 3 22.3235955489209 0
3 3 23.34994842358254 0


# 28.51999999999982 20.0 5.365745313450272
0 0 25.43113812675772 1
1 0 24.82475581807363 1
2 0 24.817263547250498 1
3 0 25.429123650315734 1

0 1 23.315820068965685 0
1 1 22.139339075703955 0
2 1 22.09922372052473 0
3 1 23.222598539491436 0

0 2 24.31152718923649 1
1 2 21.89424444690593 0
2 2 21.749270204209957 0
3 2 23.856722581490793 1

0 3 25.1475370763837 1
1 3 22.73962697095501 0
2 3 22.37119068305119 0
3 3 23.40632523950807 0


# 28.51999999999982 20.0 5.43113812675772
0 0 25.49554406483891 1
1 0 24.882661833968058 1
2 0 24.874990588723676 1
3 0 25.493086268442948 1

0 1 23.371032550026477 0
1 1 22.183616750687268 0
2 1 22.14282669493689 0
3 1 23.276281027371244 0

0 2 24.36651681616835 1
1 2 21.935789082358692 0
2 2 21.78898358290993 0
3 2 23.90751931126565 1

0 3 25.209739467079363 1
1 3 22.78988326896477 0
2 3 22.41854297945963 0
3 3 23.46185027837448 0


# 28.51999999999982 20.0 5.49554406483891
0 0 25.55898881111264 1
1 0 24.940121190747682 1
2 0 24.93227339384681 1
3 0 25.556077815833618 1

0 1 23.425878651460984 0
1 1 22.22813853408833 0
2 1 22.186679132038513 0
3 1 23.329600539331302 0

0 2 24.421099996300065 1
1 2 21.97760847099263 0
2 2 21.828996569655327 0
3 2 23.957968868840823 1

0 3 25.27096064544768 1
1 3 22.839833516819045 0
2 3 22.46565233870051 0
3 3 23.516547122843495 0


# 28.51999999999982 20.0 5.558988811112641
0 0 25.621497212019086 1
1 0 24.99713901041573 1
2 0 24.989116662804697 1
3 0 25.618123620889236 1

0 1 23.48036057700851 0
1 1 22.272889330737556 0
2 1 22.23076577093101 0
3 1 23.38255961580732 0

0 2 24.475280952776846 1
1 2 22.01968726882485 0
2 2 21.86929362527944 0
3 2 24.00807498071667 1

0 3 25.331227435846714 1
1 3 22.88947931363311 0
2 3 22.512518781216162 0
3 3 23.57043855156432 0


# 28.51999999999982 20.0 5.6214972120190865
0 0 25.683093307435488 1
1 0 25.05372036359 1
2 0 25.045525080031823 1
3 0 25.679248186887293 1

0 1 23.534480595865553 0
1 1 22.31785449085269 0
2 1 22.275071807669978 0
3 1 23.4351608516467 0

0 2 24.52906389636666 1
1 2 22.06201057583484 0
2 2 21.909859645011277 0
3 2 24.057841340105238 1

0 3 25.390565766676225 1
1 3 22.938822323945246 0
2 3 22.55914243865133 0
3 3 23.62354656905308 0


# 28.51999999999982 20.0 5.683093307435488
0 0 25.743800359881273 1
1 0 25.109870267488407 1
2 0 25.101503309815033 1
3 0 25.73947522209689 1

0 1 23.588241035804405 0
1 1 22.36301979953333 0
2 1 22.319582884173894 0
3 1 23.487406889234048 0

0 2 24.582453021259045 1
1 2 22.104563925671755 0
2 2 21.95067994911396 0
3 2 24.10727160470963 1

0 3 25.44900070321833 1
1 3 22.98786427115004 0
2 3 22.60552354569978 0
3 3 23.67589243437208 0


# 28.51999999999982 20.0 5.7438003598812735
0 0 25.80364088256506 1
1 0 25.165593684156853 1
2 0 25.157055992287933 1
3 0 25.798827668679664 1

0 1 23.64164427674091 0
1 1 22.408371466404652 0
2 1 22.364285077298035 0
3 1 23.539300412094466 0

0 2 24.635452501233736 1
1 2 22.14733327549434 0
2 2 21.991740273594914 0
3 2 24.156369394752563 1

0 3 25.506556479171074 1
1 3 23.03660693136612 0
2 3 22.651662432452383 0
3 3 23.727496688661144 0


# 28.51999999999982 20.0 5.803640882565059
0 0 25.86263666632349 1
1 0 25.220895518922458 1
2 0 25.21218773979064 1
3 0 25.857327730429816 1

0 1 23.694692744725334 0
1 1 22.453896115414512 0
2 1 22.409164888078465 0
3 1 23.590844138945627 0

0 2 24.688066486174606 1
1 2 22.190304995949212 0
2 2 22.03302676099715 0
3 2 24.2051382912362 1

0 3 25.5632565269314 1
1 3 23.085052127712736 0
2 3 22.697559517217833 0
3 3 23.778379181570788 0


# 28.51999999999982 20.0 5.862636666323489
0 0 25.920808805499615 1
1 0 25.27578061905617 1
2 0 25.266903133570207 1
3 0 25.91499689940453 1

0 1 23.747388906331935 0
1 1 22.499580774787606 0
2 1 22.454209231150305 0
3 1 23.642040818171402 0

0 2 24.740299098905822 1
1 2 22.23346586129249 0
2 2 22.074525951280048 0
3 2 24.253581834416543 1

0 3 25.61912350668129 1
1 3 23.133201724971098 0
2 3 22.743215299788545 0
3 3 23.8285590966447 0


# 28.51999999999982 20.0 5.920808805499615
0 0 25.978177722806283 1
1 0 25.33025377262978 1
2 0 25.32120672079847 1
3 0 25.971855981493604 1

0 1 23.79973526342399 0
1 1 22.54541286713976 0
2 1 22.499405424343767 0
3 1 23.69289322269125 0

0 2 24.79215443232855 1
1 2 22.276803039659086 0
2 2 22.1162247727971 0
3 2 24.301703522476643 1

0 3 25.674179334328358 1
1 3 23.18105762460762 0
2 3 22.788630355126017 0
3 3 23.87805497569672 0


# 28.51999999999982 20.0 5.978177722806283
0 0 26.0347631932179 1
1 0 25.384319707553203 1
2 0 25.37510301188562 1
3 0 26.027925120974754 1

0 1 23.851734348272416 0
1 1 22.591380199754994 0
2 1 22.544741178460814 0
3 1 23.74340414520116 0

0 2 24.84363654683787 1
1 2 22.32030408348342 0
2 2 22.158110533377403 0
3 2 24.349506810383925 1

0 3 25.728445208349882 1
1 3 23.228621760137614 0
2 3 22.833805327441265 0
3 3 23.92688474222554 0


