# 20.0 20.0 0.0
0 0 20.0 0
1 0 20.0 0
2 0 20.0 0
3 0 20.0 0

0 1 20.0 0
1 1 20.0 0
2 1 20.0 0
3 1 20.0 0

0 2 20.0 0
1 2 20.0 0
2 2 20.0 0
3 2 20.0 0

0 3 20.0 0
1 3 20.0 0
2 3 20.0 0
3 3 20.0 0


# 20.0 20.0 0.0
0 0 20.0 0
1 0 20.0 0
2 0 20.0 0
3 0 20.0 0

0 1 20.0 0
1 1 20.0 0
2 1 20.0 0
3 1 20.0 0

0 2 20.0 0
1 2 20.0 0
2 2 20.0 0
3 2 20.0 0

0 3 20.0 0
1 3 20.0 0
2 3 20.0 0
3 3 20.0 0


# 20.0 20.0 0.0
0 0 20.0 0
1 0 20.0 0
2 0 20.0 0
3 0 20.0 0

0 1 20.0 0
1 1 20.0 0
2 1 20.0 0
3 1 20.0 0

0 2 20.0 0
1 2 20.0 0
2 2 20.0 0
3 2 20.0 0

0 3 20.0 0
1 3 20.0 0
2 3 20.0 0
3 3 20.0 0


# 20.0 20.0 0.0
0 0 20.0 0
1 0 20.0 0
2 0 20.0 0
3 0 20.0 0

0 1 20.0 0
1 1 20.0 0
2 1 20.0 0
3 1 20.0 0

0 2 20.0 0
1 2 20.0 0
2 2 20.0 0
3 2 20.0 0

0 3 20.0 0
1 3 20.0 0
2 3 20.0 0
3 3 20.0 0


# 20.0 20.0 0.0
0 0 20.0 0
1 0 20.0 0
2 0 20.0 0
3 0 20.0 0

0 1 20.0 0
1 1 20.0 0
2 1 20.0 0
3 1 20.0 0

0 2 20.0 0
1 2 20.0 0
2 2 20.0 0
3 2 20.0 0

0 3 20.0 0
1 3 20.0 0
2 3 20.0 0
3 3 20.0 0


# 20.0 20.0 0.0
0 0 20.0 0
1 0 20.0 0
2 0 20.0 0
3 0 20.0 0

0 1 20.0 0
1 1 20.0 0
2 1 20.0 0
3 1 20.0 0

0 2 20.0 0
1 2 20.0 0
2 2 20.0 0
3 2 20.0 0

0 3 20.0 0
1 3 20.0 0
2 3 20.0 0
3 3 20.0 0


# 20.0 20.0 0.0
0 0 20.0 0
1 0 20.0 0
2 0 20.0 0
3 0 20.0 0

0 1 20.0 0
1 1 20.0 0
2 1 20.0 0
3 1 20.0 0

0 2 20.0 0
1 2 20.0 0
2 2 20.0 0
3 2 20.0 0

0 3 20.0 0
1 3 20.0 0
2 3 20.0 0
3 3 20.0 0


# 20.0 20.0 0.0
0 0 20.0 0
1 0 20.0 0
2 0 20.0 0
3 0 20.0 0

0 1 20.0 0
1 1 20.0 0
2 1 20.0 0
3 1 20.0 0

0 2 20.0 0
1 2 20.0 0
2 2 20.0 0
3 2 20.0 0

0 3 20.0 0
1 3 20.0 0
2 3 20.0 0
3 3 20.0 0


# 20.0 20.0 0.0
0 0 20.0 0
1 0 20.0 0
2 0 20.0 0
3 0 20.0 0

0 1 20.0 0
1 1 20.0 0
2 1 20.0 0
3 1 20.0 0

0 2 20.0 0
1 2 20.0 0
2 2 20.0 0
3 2 20.0 0

0 3 20.0 0
1 3 20.0 0
2 3 20.0 0
3 3 20.0 0


# 20.0 20.0 0.0
0 0 20.0 0
1 0 20.0 0
2 0 20.0 0
3 0 20.0 0

0 1 20.0 0
1 1 20.0 0
2 1 20.0 0
3 1 20.0 0

0 2 20.0 0
1 2 20.0 0
2 2 20.0 0
3 2 20.0 0

0 3 20.0 0
1 3 20.0 0
2 3 20.0 0
3 3 20.0 0


# 20.0 20.0 0.0
0 0 20.0 0
1 0 20.0 0
2 0 20.0 0
3 0 20.0 0

0 1 20.0 0
1 1 20.0 0
2 1 20.0 0
3 1 20.0 0

0 2 20.0 0
1 2 20.0 0
2 2 20.0 0
3 2 20.0 0

0 3 20.0 0
1 3 20.0 0
2 3 20.0 0
3 3 20.0 0


# 20.0 20.0 0.0
0 0 20.0 0
1 0 20.0 0
2 0 20.0 0
3 0 20.0 0

0 1 20.0 0
1 1 20.0 0
2 1 20.0 0
3 1 20.0 0

0 2 20.0 0
1 2 20.0 0
2 2 20.0 0
3 2 20.0 0

0 3 20.0 0
1 3 20.0 0
2 3 20.0 0
3 3 20.0 0


# 20.0 20.0 0.0
0 0 20.0 0
1 0 20.0 0
2 0 20.0 0
3 0 20.0 0

0 1 20.0 0
1 1 20.0 0
2 1 20.0 0
3 1 20.0 0

0 2 20.0 0
1 2 20.0 0
2 2 20.0 0
3 2 20.0 0

0 3 20.0 0
1 3 20.0 0
2 3 20.0 0
3 3 20.0 0


# 20.0 20.0 0.0
0 0 20.0 0
1 0 20.0 0
2 0 20.0 0
3 0 20.0 0

0 1 20.0 0
1 1 20.0 0
2 1 20.0 0
3 1 20.0 0

0 2 20.0 0
1 2 20.0 0
2 2 20.0 0
3 2 20.0 0

0 3 20.0 0
1 3 20.0 0
2 3 20.0 0
3 3 20.0 0


# 20.0 20.0 0.0
0 0 20.0 0
1 0 20.0 0
2 0 20.0 0
3 0 20.0 0

0 1 20.0 0
1 1 20.0 0
2 1 20.0 0
3 1 20.0 0

0 2 20.0 0
1 2 20.0 0
2 2 20.0 0
3 2 20.0 0

0 3 20.0 0
1 3 20.0 0
2 3 20.0 0
3 3 20.0 0


# 20.0 20.0 0.0
0 0 20.0 0
1 0 20.0 0
2 0 20.0 0
3 0 20.0 0

0 1 20.0 0
1 1 20.0 0
2 1 20.0 0
3 1 20.0 0

0 2 20.0 0
1 2 20.0 0
2 2 20.0 0
3 2 20.0 0

0 3 20.0 0
1 3 20.0 0
2 3 20.0 0
3 3 20.0 0


# 20.0 20.0 0.0
0 0 20.0 0
1 0 20.0 0
2 0 20.0 0
3 0 20.0 0

0 1 20.0 0
1 1 20.0 0
2 1 20.0 0
3 1 20.0 0

0 2 20.0 0
1 2 20.0 0
2 2 20.0 0
3 2 20.0 0

0 3 20.0 0
1 3 20.0 0
2 3 20.0 0
3 3 20.0 0


# 20.0 20.0 0.0
0 0 20.0 0
1 0 20.0 0
2 0 20.0 0
3 0 20.0 0

0 1 20.0 0
1 1 20.0 0
2 1 20.0 0
3 1 20.0 0

0 2 20.0 0
1 2 20.0 0
2 2 20.0 0
3 2 20.0 0

0 3 20.0 0
1 3 20.0 0
2 3 20.0 0
3 3 20.0 0


# 20.0 20.0 0.0
0 0 20.0 0
1 0 20.0 0
2 0 20.0 0
3 0 20.0 0

0 1 20.0 0
1 1 20.0 0
2 1 20.0 0
3 1 20.0 0

0 2 20.0 0
1 2 20.0 0
2 2 20.0 0
3 2 20.0 0

0 3 20.0 0
1 3 20.0 0
2 3 20.0 0
3 3 20.0 0


# 20.0 20.0 0.0
0 0 20.0 0
1 0 20.0 0
2 0 20.0 0
3 0 20.0 0

0 1 20.0 0
1 1 20.0 0
2 1 20.0 0
3 1 20.0 0

0 2 20.0 0
1 2 20.0 0
2 2 20.0 0
3 2 20.0 0

0 3 20.0 0
1 3 20.0 0
2 3 20.0 0
3 3 20.0 0


# 20.0 20.0 0.0
0 0 20.0 0
1 0 20.0 0
2 0 20.0 0
3 0 20.0 0

0 1 20.0 0
1 1 20.0 0
2 1 20.0 0
3 1 20.0 0

0 2 20.0 0
1 2 20.0 0
2 2 20.0 0
3 2 20.0 0

0 3 20.0 0
1 3 20.0 0
2 3 20.0 0
3 3 20.0 0


# 20.0 20.0 0.0
0 0 20.0 0
1 0 20.0 0
2 0 20.0 0
3 0 20.0 0

0 1 20.0 0
1 1 20.0 0
2 1 20.0 0
3 1 20.0 0

0 2 20.0 0
1 2 20.0 0
2 2 20.0 0
3 2 20.0 0

0 3 20.0 0
1 3 20.0 0
2 3 20.0 0
3 3 20.0 0


# 20.0 20.0 0.0
0 0 20.0 0
1 0 20.0 0
2 0 20.0 0
3 0 20.0 0

0 1 20.0 0
1 1 20.0 0
2 1 20.0 0
3 1 20.0 0

0 2 20.0 0
1 2 20.0 0
2 2 20.0 0
3 2 20.0 0

0 3 20.0 0
1 3 20.0 0
2 3 20.0 0
3 3 20.0 0


# 20.0 20.0 0.0
0 0 20.0 0
1 0 20.0 0
2 0 20.0 0
3 0 20.0 0

0 1 20.0 0
1 1 20.0 0
2 1 20.0 0
3 1 20.0 0

0 2 20.0 0
1 2 20.0 0
2 2 20.0 0
3 2 20.0 0

0 3 20.0 0
1 3 20.0 0
2 3 20.0 0
3 3 20.0 0


# 20.0 20.0 0.0
0 0 20.0 0
1 0 20.0 0
2 0 20.0 0
3 0 20.0 0

0 1 20.0 0
1 1 20.0 0
2 1 20.0 0
3 1 20.0 0

0 2 20.0 0
1 2 20.0 0
2 2 20.0 0
3 2 20.0 0

0 3 20.0 0
1 3 20.0 0
2 3 20.0 0
3 3 20.0 0


# 20.0 20.0 0.0
0 0 20.0 0
1 0 20.0 0
2 0 20.0 0
3 0 20.0 0

0 1 20.06 1
1 1 20.00072 0
2 1 20.00000864 0
3 1 20.00000010368 0

0 2 20.00072 0
1 2 20.00001728 0
2 2 20.00000031104 0
3 2 20.00000000497664 0

0 3 20.00000864 0
1 3 20.00000031104 0
2 3 20.00000000746496 0
3 3 20.0000000001493 0


# 20.0 20.0 0.05999999999999872
0 0 20.00072 0
1 0 20.00001728 0
2 0 20.00000031104 0
3 0 20.00000000497664 0

0 1 20.11750592 1
1 1 20.00209602944 0
2 1 20.000033386342402 0
3 1 20.00000050008099 0

0 2 20.00210014208 0
1 2 20.0000668120832 0
2 2 20.000001498640486 0
3 2 20.000000028754073 0

0 3 20.000033534397442 0
1 3 20.000001502223668 0
2 3 20.000000043163592 0
3 3 20.000000001006935 0


# 20.0 20.0 0.11750591999999926
0 0 20.0021043584 0
1 0 20.000066962626562 0
2 0 20.000001502223668 0
3 0 20.000000028825138 0

0 1 20.17264627771904 1
1 1 20.004069181292135 0
2 1 20.000080655984814 0
3 1 20.000001447640358 0

0 2 20.004084895603036 0
1 2 20.00016149003632 0
2 2 20.00000433332101 0
3 2 20.000000096930023 0

0 3 20.000081363933056 0
1 3 20.00000435389587 0
2 3 20.000000145609405 0
3 3 20.00000000388116 0


# 20.0 20.0 0.17264627771903918
0 0 20.004101160381747 0
1 0 20.000162212323016 0
2 0 20.00000435389587 0
3 0 20.000000097405866 0

0 1 20.22554219690216 1
1 1 20.00658521925307 0
2 1 20.000155928746867 0
3 1 20.000003260316454 0

0 2 20.00662275059817 0
1 2 20.000312338399393 0
2 2 20.00000974743783 0
3 2 20.00000024899859 0

0 3 20.000157960085396 0
1 3 20.000009816361374 0
2 3 20.000000374305976 0
3 3 20.00000001122109 0


# 20.0 20.0 0.22554219690216115
0 0 20.006661971518707 0
1 0 20.00031441794146 0
2 0 20.000009816361374 0
3 0 20.00000025081939 0

0 1 20.27630786392871 1
1 1 20.00959421531712 0
2 1 20.000263848640213 0
3 1 20.00000629556466 0

0 2 20.009665933022006 0
1 2 20.06052870270188 1
2 2 20.000738797656574 0
3 2 20.000009179793956 0

0 3 20.00026838251492 0
1 3 20.00073897358847 0
2 3 20.00001809197472 0
3 3 20.000000338078355 0


# 20.0 20.0 0.2763078639287109
0 0 20.009741607926475 0
1 0 20.00053336006318 0
2 0 20.000018973588467 0
3 0 20.00000054501973 0

0 1 20.325050954718893 1
1 1 20.013770215375388 0
2 1 20.000425595291702 0
3 1 20.00001125499221 0

0 2 20.01389014031431 0
1 2 20.117972982495406 1
2 2 20.06212444556373 1
3 2 20.06075442670622 1

0 3 20.000434270111217 0
1 3 20.002129040832727 0
2 3 20.00078837800548 0
3 3 20.000738839564075 0


# 20.0 20.0 0.32505095471889334
0 0 20.013297921818506 0
1 0 20.000836004269914 0
2 0 20.000033322432728 0
3 0 20.00000106032812 0

0 1 20.371890313950797 1
1 1 20.019002743789464 0
2 1 20.00137922791904 0
3 1 20.000756398861977 0

0 2 20.019190325219796 0
1 2 20.173539638000495 1
2 2 20.121980012224245 1
3 2 20.119684443792362 1

0 3 20.000674468779845 0
1 3 20.004139650935183 0
2 3 20.002277568161933 0
3 3 20.00217578548322 0


# 20.0 20.0 0.3718903139507965
0 0 20.01729191245169 0
1 0 20.001236827834664 0
2 0 20.000063328283535 0
3 0 20.000010858882053 0

0 1 20.416936740542393 1
1 1 20.02520772129913 0
2 1 20.003089114506952 0
3 1 20.00219804311595 0

0 2 20.02547814172844 0
1 2 20.227331401690716 1
2 2 20.180353561975306 1
3 2 20.176874425839976 1

0 3 20.001005601415734 0
1 3 20.006733160451127 0
2 3 20.00445306039405 0
3 3 20.064273387040632 1


# 20.0 20.0 0.4169367405423934
0 0 20.021687486423954 0
1 0 20.001748383497688 0
2 0 20.000118848778268 0
3 0 20.00003827066503 0

0 1 20.46029387763303 1
1 1 20.03230730400471 0
2 1 20.00552057010511 0
3 1 20.0042949245044 0

0 2 20.03267163034472 0
1 2 20.27944428229087 1
2 2 20.23729209906405 1
3 2 20.233116024882005 1

0 3 20.00144225725432 0
1 3 20.00987444291145 0
2 3 20.00800331100569 0
3 3 20.124852977137824 1


# 20.0 20.0 0.4602938776330312
0 0 20.02645124404626 0
1 0 20.002381480152735 0
2 0 20.000209140980655 0
3 0 20.000090941706908 0

0 1 20.502058696913192 1
1 1 20.040229413766028 0
2 1 20.008639889679845 0
3 1 20.00701669995044 0

0 2 20.04069476470774 0
1 2 20.329968045386302 1
2 2 20.29285880556042 1
3 2 20.288421893628744 1

0 3 20.001997166484593 0
1 3 20.013539338583687 0
2 3 20.012842185398835 0
3 3 20.18397343890919 1


# 20.0 20.0 0.5020586969131919
0 0 20.031552281385387 0
1 0 20.003145348019906 0
2 0 20.000342871212347 0
3 0 20.000175982659414 0

0 1 20.54232194916115 1
1 1 20.048907304692225 0
2 1 20.012414683152198 0
3 1 20.010334149265805 0

0 2 20.0494770305224 0
1 2 20.378986968960064 1
2 2 20.347113571667197 1
3 2 20.34280522801444 1

0 3 20.00268146492042 0
1 3 20.017704813794523 0
2 3 20.018888315504533 0
3 3 20.24169071763069 1


# 20.0 20.0 0.5423219491611491
0 0 20.036962006821685 0
1 0 20.004047789595784 0
2 0 20.000528132086316 0
3 0 20.0002999946599 0

0 1 20.581168583400817 1
1 1 20.058279170368305 0
2 1 20.016813838641543 0
3 1 20.014219143732433 0

0 2 20.058953039447836 0
1 2 20.426580201593314 1
2 2 20.400113171232217 1
3 2 20.39627968482898 1

0 3 20.003504826422194 0
1 3 20.022348891737394 0
2 3 20.026064839620545 0
3 3 20.29805798608938 1


# 20.0 20.0 0.5811685834008173
0 0 20.042653971052065 0
1 0 20.00509531771484 0
2 0 20.000772460350888 0
3 0 20.000469094101145 0

0 1 20.6186781370684 1
1 1 20.068287780130845 0
2 1 20.021807485052104 0
3 1 20.018644614863458 0

0 2 20.069062169772035 0
1 2 20.472822096071305 1
2 2 20.451911428279946 1
3 2 20.448859306416956 1

0 3 20.004475585409107 0
1 3 20.027450588537636 0
2 3 20.034299156391366 0
3 3 20.35312580014386 1


# 20.0 20.0 0.6186781370684002
0 0 20.04860370955159 0
1 0 20.006293281771217 0
2 0 20.001082855347246 0
3 0 20.00068893635603 0

0 1 20.654925099224982 1
1 1 20.07888014223 0
2 1 20.02736695425825 0
3 1 20.023584523403567 0

0 2 20.079748232010076 0
1 2 20.517782520152572 1
2 2 20.502559374969138 1
3 2 20.500558451929642 1

0 3 20.00560085018095 0
1 3 20.032989854139753 0
2 3 20.043522692173962 0
3 3 20.406942245067924 1


# 20.0 20.0 0.6549250992249824
0 0 20.054788596579687 0
1 0 20.00764598306671 0
2 0 20.00146579790683 0
3 0 20.00096473850294 0

0 1 20.68997924870737 1
1 1 20.090007191877177 0
2 1 20.033464743111736 0
3 1 20.02901382862315 0

0 2 20.090959157694144 0
1 2 20.56152714612941 1
2 2 20.552105401370756 1
3 2 20.55139173464934 1

0 3 20.006886607716442 0
1 3 20.038947517618123 0
2 3 20.05367068107134 0
3 3 20.459553073234126 1


# 20.0 20.0 0.6899792487073704
0 0 20.06118770988411 0
1 0 20.009156780173925 0
2 0 20.001927269536207 0
3 0 20.001301301094745 0

0 1 20.723905968975124 1
1 1 20.101623502327755 0
2 1 20.040074475464667 0
3 1 20.03490845795548 0

0 2 20.102646709744842 0
1 2 20.60411772068794 1
2 2 20.60059539744744 1
3 2 20.60137396493771 1

0 3 20.008337820567007 0
1 3 20.045305236546078 0
2 3 20.064681956953073 0
3 3 20.511001833660387 1


# 20.0 20.0 0.7239059689751244
0 0 20.06778170531807 0
1 0 20.010828185132805 0
2 0 20.002472771755993 0
3 0 20.00170302901187 0

0 1 20.756766541286858 1
1 1 20.11368701728689 0
2 1 20.047170864375712 0
3 1 20.041245277021254 0

0 2 20.11476621292606 0
1 2 20.645612316465396 1
2 2 20.648072887602744 1
3 2 20.65052009838974 1

0 3 20.009958516420262 0
1 3 20.052045450089206 0
2 3 20.076498756817273 0
3 3 20.561329993911098 1


# 20.0 20.0 0.7567665412868578
0 0 20.074552700643654 0
1 0 20.012661951233465 0
2 0 20.003107345477694 0
3 0 20.00217395143743 0

0 1 20.78861841772309 1
1 1 20.12615880305469 0
2 1 20.054729674643553 0
3 1 20.04800206008001 0

0 2 20.12727630299047 0
1 2 20.686065566599904 1
2 2 20.694579158155218 1
3 2 20.698845188803126 1

0 3 20.01175187086609 0
1 3 20.05915133551686 0
2 3 20.089066534881944 0
3 3 20.61057705481452 1


# 20.0 20.0 0.7886184177230895
0 0 20.08148416784796 0
1 0 20.014659153078224 0
2 0 20.003835590317543 0
3 0 20.002717740990455 0

0 1 20.819515475465437 1
1 1 20.13900281894551 0
2 1 20.06272768579064 0
3 1 20.055157460943658 0

0 2 20.14013869322005 0
1 2 20.72552888347316 1
2 2 20.740153378079153 1
3 2 20.746364345599442 1

0 3 20.01372028385975 0
1 3 20.066606767851727 0
2 3 20.10233378682585 0
3 3 20.658780658430302 1


# 20.0 20.0 0.8195154754654368
0 0 20.08856083334796 0
1 0 20.01682025956027 0
2 0 20.004661683760304 0
3 0 20.003337732051246 0

0 1 20.84950825364205 1
1 1 20.15218570462572 0
2 1 20.071142655601598 0
3 1 20.062690984383053 0

0 2 20.153317957156506 0
1 2 20.764050662759004 1
2 2 20.784832713340784 1
3 2 20.793092695358116 1

0 3 20.0158654503409 0
1 3 20.074396282401064 0
2 3 20.11625188362923 0
3 3 20.70597668967466 1


# 20.0 20.0 0.8495082536420497
0 0 20.09576858550586 0
1 0 20.01914520034544 0
2 0 20.00558940009835 0
3 0 20.004036938311177 0

0 1 20.87864417395654 1
1 1 20.165676583115637 0
2 1 20.079953284303976 0
3 1 20.070582958054644 0

0 2 20.16678132640061 0
1 2 20.801676473809668 1
2 2 20.82865243514564 1
3 2 20.839045347147575 1

0 3 20.018188425434246 0
1 3 20.0825050399347 0
2 3 20.130774914493863 0
3 3 20.75219937198607 1


# 20.0 20.0 0.8786441739565412
0 0 20.10309438891927 0
1 0 20.021633426396534 0
2 0 20.00662212908236 0
3 0 20.00481806957762 0

0 1 20.906967746231594 1
1 1 20.17944687829499 0
2 1 20.089139179464315 0
3 1 20.078814504970623 0

0 2 20.18049850243749 0
1 2 20.838449237336558 1
2 2 20.871646022399954 1
3 2 20.884237361359656 1

0 3 20.02068968462708 0
1 3 20.090918794294932 0
2 3 20.145859538349292 0
3 3 20.797481357391078 1


# 20.0 20.0 0.9069677462315937
0 0 20.110526204989714 0
1 0 20.024283965036282 0
2 0 20.00776289422984 0
3 0 20.00568354786323 0

0 1 20.934520759918534 1
1 1 20.1934701458379 0
2 1 20.098680821659286 0
3 1 20.087367516532442 0

0 2 20.194441481517703 0
1 2 20.87440939127301 1
2 2 20.91384525867645 1
3 2 20.92868372177375 1

0 3 20.023369179290256 0
1 3 20.099623862241497 0
2 3 20.16146484347833 0
3 3 20.841853811308024 1


# 20.0 20.0 0.9345207599185343
0 0 20.11805291830954 0
1 0 20.027095470005285 0
2 0 20.00901437074652 0
3 0 20.0066355227875 0

0 1 20.961342462549936 1
1 1 20.20772191658353 0
2 1 20.10855953097011 0
3 1 20.096224626144455 0

0 2 20.208584391691318 0
1 2 20.909595045642217 1
2 2 20.955280323962352 1
3 2 20.97239931059623 1

0 3 20.026226387883 0
1 3 20.108607095351395 0
2 3 20.177552214819702 0
3 3 20.885346492405926 1


# 20.0 20.0 0.9723993105962307
0 0 20.12566426844106 0
1 0 20.030066266934316 0
2 0 20.01037890302347 0
3 0 20.007675886317166 0

0 1 20.98746972604343 1
1 1 20.222179551422602 0
2 1 20.11875743433818 0
3 1 20.105369183421406 0

0 2 20.222903341155106 0
1 2 20.944042127194088 1
2 2 20.995979881455536 1
3 2 21.015398886238582 1

0 3 20.029260363157288 0
1 3 20.11785585380869 0
2 3 20.194085208529316 0
3 3 20.927987827816526 1


# 20.0 20.0 1.0153988862385823
0 0 20.133350786692915 0
1 0 20.033194394616743 0
2 0 20.01185852167975 0
3 0 20.00880628687096 0

0 1 21.01293720170085 1
1 1 20.236822106848514 0
2 1 20.129257433810807 0
3 1 20.114785229000752 0

0 2 20.23737627713122 0
1 2 20.977784514519698 1
2 2 21.03597115966285 1
3 2 21.057697063614324 1

0 3 20.032469775654903 0
1 3 20.12735798193317 0
2 3 20.211029433404036 0
3 3 20.96980498397935 1


# 20.0 20.0 1.0576970636143237
0 0 20.141103737527782 0
1 0 20.03647764243551 0
2 0 20.013454960126605 0
3 0 20.010028142813134 0

0 1 21.037777464687505 1
1 1 20.251630210385226 0
2 1 20.140043175697993 0
3 1 20.124457469968227 0

0 2 20.251982854550054 0
1 2 21.01085416430113 1
2 2 21.075280030043242 1
3 2 21.09930829675041 1

0 3 20.035852953769126 0
1 3 20.137101785309667 0
2 3 20.228352438793053 0
3 3 21.010823933382618 1


# 20.0 20.0 1.0993082967504115
0 0 20.14891506426226 0
1 0 20.039913584270508 0
2 0 20.015169670634666 0
3 0 20.011342655359094 0

0 1 21.062021148721 1
1 1 20.26658594516262 0
2 1 20.151099020654193 0
3 1 20.134371255902725 0

0 2 20.266704313860448 0
1 2 21.043281229307187 1
2 2 21.113931080427225 1
3 2 21.140246863523444 1

0 3 20.03940792062348 0
1 3 20.147076009391345 0
2 3 20.246023608642158 0
3 3 21.05106951744683 1


# 20.0 20.0 1.1402468635234442
0 0 20.156777338744714 0
1 0 20.043499609185652 0
2 0 20.017003839890396 0
3 0 20.012750820915684 0

0 1 21.08569707164793 1
1 1 20.281672742964354 0
2 1 20.16241001469301 0
3 1 20.144512555544395 0

0 2 20.28152336733725 0
1 2 21.075094168701884 1
2 2 21.151947684433445 1
3 2 21.180526852344556 1

0 3 20.043132428001776 0
1 3 20.157269819461057 0
2 3 20.264014061335285 0
3 3 21.0905655057829 1


# 20.0 20.0 1.1805268523445562
0 0 20.164683714719907 0
1 0 20.047232949170752 0
2 0 20.018958404032354 0
3 0 20.014253442877642 0

0 1 21.108832352538975 1
1 1 20.29687528512332 0
2 1 20.173961861137347 0
3 1 20.154867934087846 0

0 2 20.296424093299997 0
1 2 21.10631985119201 1
2 2 21.18935206709275 1
3 2 21.220162150629648 1

0 3 20.047023987546844 0
1 3 20.167672781844583 0
2 3 20.282296555015847 0
3 3 21.129334652042463 1


# 20.0 20.0 1.2201621506296476
0 0 20.172627884610506 0
1 0 20.051110704190773 0
2 0 20.021034063161466 0
3 0 20.015851142901038 0

0 1 21.131452520888743 1
1 1 20.31217941068631 0
2 1 20.185740893503095 0
3 1 20.165424531100562 0

0 2 20.311391837696927 0
1 2 21.13698365150264 1
2 2 21.22616536688011 1
3 2 21.25916643490348 1

0 3 20.051079899429656 0
1 3 20.178274846278487 0
2 3 20.300845398087596 0
3 3 21.167398746564828 1


# 20.0 20.0 1.2591664349034808
0 0 20.180604039465482 0
1 0 20.055129864774518 0
2 0 20.023231295322827 0
3 0 20.017544371673683 0

0 1 21.1535816184656 1
1 1 20.327572031312314 0
2 1 20.197734049310334 0
3 1 20.17617003906499 0

0 2 20.32641312254643 0
1 2 21.16710954063472 1
2 2 21.2624076943451 1
3 2 21.297553162397232 1

0 3 20.055297278676086 0
1 3 20.18906632934357 0
2 3 20.319636364610957 0
3 3 21.204778666012594 1


# 20.0 20.0 1.2975531623972323
0 0 20.188606831843607 0
1 0 20.059287332355733 0
2 0 20.025550369959344 0
3 0 20.019333419201722 0

0 1 21.175242294318473 1
1 1 20.343041052408754 0
2 1 20.209928844812776 0
3 1 20.1870926825412 0

0 2 20.341475560763033 0
1 2 21.19672017032658 1
2 2 21.298098187522307 1
3 2 21.335335564009462 1

0 3 20.059673079325027 0
1 3 20.200037898882293 0
2 3 20.338646614326304 0
3 3 21.24149442017617 1


# 20.0 20.0 1.335335564009462
0 0 20.196631341417326 0
1 0 20.063579937562217 0
2 0 20.027991360839973 0
3 0 20.021218424631034 0

0 1 21.196455893412168 1
1 1 20.3585753000465 0
2 1 20.22231335063316 0
3 1 20.19818119794575 0

0 2 20.35656777692775 0
1 2 21.22583695211145 1
2 2 21.3332550642942 1
3 2 21.37252663851006 1

0 3 20.064204116579045 0
1 3 20.211180559325438 0
2 3 20.357854617050148 0
3 3 21.27756519611655 1


# 20.0 20.0 1.3725266385100596
0 0 20.204673043097994 0
1 0 20.06800445663242 0
2 0 20.030554158467453 0
3 0 20.023199385621275 0

0 1 21.217242539329725 1
1 1 20.374164453228747 0
2 1 20.234876168290004 0
3 1 20.209424813941084 0

0 2 20.37167933359303 0
1 2 21.2544801313354 1
2 2 21.367895671870304 1
3 2 21.409139147875774 1

0 3 20.06888708709722 0
1 3 20.222485637859563 0
2 3 20.3772400812042 0
3 3 21.313009399805317 1


# 20.0 20.0 1.4091391478757735
0 0 20.212727777498014 0
1 0 20.072557626124187 0
2 0 20.033238481972244 0
3 0 20.02527616728987 0

0 1 21.237621211449714 1
1 1 20.38979898112016 0
2 1 20.24760640759893 0
3 1 20.220813232428732 0

0 2 20.38680066274071 0
1 2 21.282668856474388 1
2 2 21.402036533538368 1
3 2 21.44518561365426 1

0 3 20.073718587568923 0
1 3 20.233944771372432 0
2 3 20.396783886250216 0
3 3 21.34784469541118 1


# 20.0 20.0 1.4451856136542602
0 0 20.22079172355897 0
1 0 20.07723615606679 0
2 0 20.036043890500878 0
3 0 20.02744851074259 0

0 1 21.257609816977865 1
1 1 20.405470084871805 0
2 1 20.26049366493026 0
3 1 20.23233661013865 0

0 2 20.401923002037854 0
1 2 21.310421244065463 1
2 2 21.43569339283533 1
3 2 21.480678314261404 1

0 3 20.078695131697366 0
1 3 20.245549894118945 0
2 3 20.416468018816094 0
3 3 21.382088042373308 1


# 20.0 20.0 1.4806783142614037
0 0 20.228861373187385 0
1 0 20.082036741694704 0
2 0 20.03896979410825 0
3 0 20.02971604120682 0

0 1 21.27722525818596 1
1 1 20.421169643704474 0
2 1 20.273528002303046 0
3 1 20.24398554080608 0

0 2 20.41703833555965 0
1 2 21.33775443954494 1
2 2 21.46888125527834 1
3 2 21.515629283123918 1

0 3 20.083813165712403 0
1 3 20.25729322605483 0
2 3 20.436275512310296 0
3 3 21.41575573039308 1


# 20.0 20.0 1.5156292831239178
0 0 20.236933507751207 0
1 0 20.086956073890295 0
2 0 20.042015464164507 0
3 0 20.03207827578302 0

0 1 21.296483495186333 1
1 1 20.436890164937754 0
2 1 20.28669992729474 0
3 1 20.255751037926643 0

0 2 20.43213933867147 0
1 2 21.364684674266094 1
2 2 21.50161442778892 1
3 2 21.550050307586016 1

0 3 20.089069082523473 0
1 3 20.269167261789725 0
2 3 20.456190389832923 0
3 3 21.448863412467958 1


# 20.0 20.0 1.550050307586016
0 0 20.245005176301085 0
1 0 20.091990848451744 0
2 0 20.045180043287953 0
3 0 20.03453463082941 0

0 1 21.31539960454743 1
1 1 20.45262473767546 0
2 1 20.30000037374474 0
3 1 20.267624518079646 0

0 2 20.447219326783312 0
1 2 21.39122731894977 1
2 2 21.53390655593641 1
3 2 21.583952928505212 1

0 3 20.094459234615503 0
1 3 20.281164760115335 0
2 3 20.476197610202178 0
3 3 21.4814261360836 1


# 20.0 20.0 1.5839529285052123
0 0 20.253073675390237 0
1 0 20.097137774293014 0
2 0 20.048462554816265 0
3 0 20.0370844289943 0

0 1 21.333987834034627 1
1 1 20.468366989879303 0
2 1 20.313420683229534 0
3 1 20.27959778480905 0

0 2 20.46227220770961 0
1 2 21.417396933803868 1
2 2 21.565770659120354 1
3 2 21.61734844046815 1

0 3 20.099979945783243 0
1 3 20.29327873406796 0
2 3 20.49628301692495 0
3 3 21.513458372673306 1


# 20.0 20.0 1.6173484404681489
0 0 20.26113653037612 0
1 0 20.102393580673567 0
2 0 20.05186191182875 0
3 0 20.03972690591016 0

0 1 21.352261653740754 1
1 1 20.48411104858247 0
2 1 20.326952587286605 0
3 1 20.291663013051046 0

0 2 20.477292437385742 0
1 2 21.44320731553116 1
2 2 21.597219163805107 1
3 2 21.65024789256284 1

0 3 20.105627521792492 0
1 3 20.30550244148809 0
2 3 20.5164332899497 0
3 3 21.544974045447216 1


# 20.0 20.0 1.6502478925628417
0 0 20.269191478095554 0
1 0 20.10775502354736 0
2 0 20.055376925732872 0
3 0 20.042461216562803 0

0 1 21.370233803852408 1
1 1 20.499851503013122 0
2 1 20.340588190364073 0
3 1 20.30381273409678 0

0 2 20.492274978709652 0
1 2 21.468671541429856 1
2 2 21.62826393491414 1
3 2 21.6826620896487 1

0 3 20.111398260050336 0
1 3 20.31782937604275 0
2 3 20.536635900048662 0
3 3 21.575986555687486 1


# 20.0 20.0 1.6826620896487015
0 0 20.27723645081291 0
1 0 20.11321889111308 0
2 0 20.059006314428572 0
3 0 20.045286441348846 0

0 1 21.387916339281034 1
1 1 20.51558337041475 0
2 1 20.35431995347285 0
3 1 20.31603982107836 0

0 2 20.50721526329298 0
1 2 21.4938020107772 1
2 2 21.658916305485633 1
3 2 21.714601594070473 1

0 3 20.11728845836055 0
1 3 20.33025325867919 0
2 3 20.556879065684846 0
3 3 21.6065088075998 1


# 20.0 20.0 1.7146015940704729
0 0 20.285269561348375 0
1 0 20.11878200864063 0
2 0 20.06274871006412 0
3 0 20.048201591833998 0

0 1 21.405320671371904 1
1 1 20.531302064365992 0
2 1 20.36814067851808 0
3 1 20.328337474966137 0

0 2 20.52210915592079 0
1 2 21.518610483673314 1
2 2 21.689187104685683 1
3 2 21.746076727766532 1

0 3 20.12329442283477 0
1 3 20.34276802948098 0
2 3 20.57715171222728 0
3 3 21.636553231806133 1


# 20.0 20.0 1.7460767277665319
0 0 20.293289089299986 0
1 0 20.124441242642483 0
2 0 20.066602666397362 0
3 0 20.051205616224337 0

0 1 21.422457606889324 1
1 1 20.5470033654171 0
2 1 20.382043493286808 0
3 1 20.34069921106489 0

0 2 20.536952921532887 0
1 2 21.543108117510393 1
2 2 21.719086684270263 1
3 2 21.77709757472603 1

0 3 20.129412475024886 0
1 3 20.35536783989993 0
2 3 20.59744343338545 0
3 3 21.66613180755845 1


# 20.0 20.0 1.7770975747260316
0 0 20.301293468279567 0
1 0 20.130193504452627 0
2 0 20.070566665776237 0
3 0 20.054297404562355 0

0 1 21.43933738446273 1
1 1 20.56268339387363 0
2 1 20.39602183706886 0
3 1 20.353118845996452 0

0 2 20.551743194552483 0
1 2 21.56730550122105 1
2 2 21.748624943582108 1
3 2 21.807673983753183 1

0 3 20.13563895833742 0
1 3 20.36804704533946 0
2 3 20.617744454741022 0
3 3 21.695256083748276 1


# 20.0 20.0 1.8076739837531832
0 0 20.309281274088487 0
1 0 20.136035753270477 0
2 0 20.074639125752455 0
3 0 20.057475793659098 0

0 1 21.455969708665467 1
1 1 20.578338584570407 0
2 1 20.41006944688837 0
3 1 20.365590485156208 0

0 2 20.566476950399966 0
1 2 21.591212687449143 1
2 2 21.777811353164147 1
3 2 21.83781557150037 1

0 3 20.141970243786147 0
1 3 20.38080019806692 0
2 3 20.638045599261652 0
3 3 21.723937198782483 1


# 20.0 20.0 1.8378155715003714
0 0 20.317251213764532 0
1 0 20.141964998722166 0
2 0 20.078818405342087 0
3 0 20.06073957177335 0

0 1 21.472363781886337 1
1 1 20.59396566349038 0
2 1 20.424180344323563 0
3 1 20.378108510630813 0

0 2 20.581151479040628 0
1 2 21.61483922277673 1
2 2 21.806654977066614 1
3 2 21.867531725735116 1

0 3 20.148402735135136 0
1 3 20.393622040434188 0
2 3 20.65833825468806 0
3 3 21.752185899391392 1


# 20.0 20.0 1.867531725735116
0 0 20.325202115436312 0
1 0 20.14797830298706 0
2 0 20.083102810946727 0
3 0 20.06408748304844 0

0 1 21.488528334142718 1
1 1 20.6095616260936 0
2 1 20.438348822892884 0
3 1 20.390667569564435 0

0 2 20.595764360425576 0
1 2 21.638194176131687 1
2 2 21.83516449392079 1
3 2 21.89683160880876 1

0 3 20.15493287348059 0
1 3 20.406507498387555 0
2 3 20.67861434269156 0
3 3 21.780012558431306 1


# 20.0 20.0 1.8968316088087604
0 0 20.33313291892616 0
1 0 20.154072782533202 0
2 0 20.08749060194866 0
3 0 20.067518231716853 0

0 1 21.504471650974068 1
1 1 20.62512371723149 0
2 1 20.45256943598601 0
3 1 20.40326256296087 0

0 2 20.61031344169474 0
1 2 21.661286165492182 1
2 2 21.863348216848333 1
3 2 21.92572416129768 1

0 3 20.161557141316276 0
1 3 20.419451675249277 0
2 3 20.69886628970486 0
3 3 21.80742719173981 1


# 20.0 20.0 1.9257241612976799
0 0 20.341042667046906 0
1 0 20.160245609501533 0
2 0 20.091979995993267 0
3 0 20.071030486082496 0

0 1 21.520201599544833 1
1 1 20.64064941253067 0
2 1 20.46683698531868 0
3 1 20.4158886349089 0

0 2 20.6247968160198 0
1 2 21.684123382996333 1
2 2 21.891214112271424 1
3 2 21.95421810579022 1

0 3 20.168272066124118 0
1 3 20.43244984575471 0
2 3 20.719086999334447 0
3 3 21.834439474098673 1


# 20.0 20.0 1.9542181057902184
0 0 20.348930497541776 0
1 0 20.166494012775257 0
2 0 20.096569173971666 0
3 0 20.074622882290093 0

0 1 21.53572565307706 1
1 1 20.656136401139207 0
2 1 20.481146509890877 0
3 1 20.42854116221838 0

0 2 20.639212802973336 0
1 2 21.706713618558172 1
2 2 21.91876981768528 1
3 2 21.982321950795058 1

0 3 20.175074223528387 0
1 3 20.445497450330066 0
2 3 20.73926982626777 0
3 3 21.861058754355874 1


# 20.0 20.0 1.9823219507950576
0 0 20.3567956356205 0
1 0 20.172815278767473 0
2 0 20.101256284716236 0
3 0 20.078294027890866 0

0 1 21.55105091372462 1
1 1 20.67158256973582 0
2 1 20.495493275428384 0
3 1 20.44121574445458 0

0 2 20.653559930318192 0
1 2 21.729064282084213 1
2 2 21.94602265845129 1
3 2 22.010043994748806 1

0 3 20.181960240049143 0
1 3 20.458590089597017 0
2 3 20.759408551593374 0
3 3 21.887294069755168 1


# 20.0 20.0 2.0100439947488056
0 0 20.364637387048067 0
1 0 20.179206751957242 0
2 0 20.106039449421473 0
3 0 20.08204250521331 0

0 1 21.56618413399341 1
1 1 20.68698598771006 0
2 1 20.50987276428827 0
3 1 20.453908194358494 0

0 2 20.66783691711835 0
1 2 21.75118242437869 1
2 2 21.97297966366574 1
3 2 22.03739233010271 1

0 3 20.18892679548796 0
1 3 20.471723519091462 0
2 3 20.779497359456602 0
3 3 21.913154159518694 1


# 20.0 20.0 2.0373923301027084
0 0 20.372455131745745 0
1 0 20.185665835201565 0
2 0 20.11091676580221 0
3 0 20.08586687454756 0

0 1 21.581131736804576 1
1 1 20.702344893428055 0
2 1 20.52428066580949 0
3 1 20.466614528640953 0

0 2 20.682042658079435 0
1 2 21.77307475681969 1
2 2 21.999647581156047 1
3 2 22.064374847470184 1

0 3 20.195970624976443 0
1 3 20.484893644184652 0
2 3 20.79953081497774 0
3 3 21.938647477725397 1


# 20.0 20.0 2.0643748474701837
0 0 20.38024831786697 0
1 0 20.192189989848266 0
2 0 20.11588631200098 0
3 0 20.08976567715155 0

0 1 21.595899834291277 1
1 1 20.717657681504733 0
2 1 20.538712867090265 0
3 1 20.479330959138576 0

0 2 20.696176209033148 0
1 2 21.794747669882888 1
2 2 22.02603289165361 1
3 2 22.090999239818647 1

0 3 20.203088520715905 0
1 3 20.498096515195815 0
2 3 20.819503843363574 0
3 3 21.96378220552547 1


# 19.880000000000003 20.0 2.0909992398186468
0 0 20.387296456313436 0
1 0 20.19840809567247 0
2 0 20.12058172657591 0
3 0 20.09301306500267 0

0 1 21.61012560541326 1
1 1 20.732914043649213 0
2 1 20.55316096492214 0
3 1 20.491685138091675 0

0 2 20.7098723498059 0
1 2 21.816202771332165 1
2 2 22.052141714687476 1
3 2 22.11690858044592 1

0 3 20.209552960350152 0
1 3 20.51095957645814 0
2 3 20.839047283902357 0
3 3 21.987837516498733 1


# 19.760000000000005 20.0 2.1169085804459193
0 0 20.392896188299183 0
1 0 20.203951659156516 0
2 0 20.124638802328697 0
3 0 20.09490048194762 0

0 1 21.623448520966953 1
1 1 20.748095336550584 0
2 1 20.567607970505776 0
3 1 20.503307366686617 0

0 2 20.722768162145844 0
1 2 21.837432615786327 1
2 2 22.07797086979016 1
3 2 22.141747809102895 1

0 3 20.214653786640795 0
1 3 20.523112878482852 0
2 3 20.857794353155718 0
3 3 22.01010987185188 1


# 19.640000000000008 19.0 2.1417478091028954
0 0 20.397080727681892 0
1 0 20.208823467870676 0
2 0 20.12805995567478 0
3 0 20.09546047246584 0

0 1 21.63587901380288 1
1 1 20.763183677211742 0
2 1 20.582033050353857 0
3 1 20.51419935326885 0

0 2 20.73486748433048 0
1 2 21.858425469146365 1
2 2 22.103508276221337 1
3 2 22.165528211136678 1

0 3 20.218422014675486 0
1 3 20.534557839630303 0
2 3 20.87574510217562 0
3 3 22.030641196224963 1


# 19.52000000000001 19.0 3.165528211136678
0 0 20.399882251265428 0
1 0 20.21302639282993 0
2 0 20.130847676524233 0
3 0 20.09472445981459 0

0 1 21.647427296176854 1
1 1 20.778161807207663 0
2 1 20.596416069295536 0
3 1 20.52436300531452 0

0 2 20.746174347348585 0
1 2 21.879169873872232 1
2 2 22.128742190040473 1
3 2 22.188260982967897 1

0 3 20.220887608390914 0
1 3 20.545296041379096 0
2 3 20.892899961015978 0
3 3 22.04947204448867 1


# 19.400000000000013 19.0 3.188260982967897
0 0 20.401331934487953 0
1 0 20.276563381349714 1
2 0 20.133724521035735 0
3 0 20.092731429577466 0

0 1 21.658103366805957 1
1 1 20.793733072757576 0
2 1 20.61075485143913 0
3 1 20.533800726259123 0

0 2 20.756692954948775 0
1 2 21.899663291035875 1
2 2 22.153661513956038 1
3 2 22.20995723309969 1

0 3 20.222079522444776 0
1 3 20.555329320935133 0
2 3 20.909259717205863 0
3 3 22.066641654290745 1


# 19.280000000000015 19.0 3.20995723309969
0 0 20.402179985824255 0
1 0 20.336943370288438 1
2 0 20.136633246967893 0
3 0 20.0895183057914 0

0 1 21.667934297562475 1
1 1 20.809817434989125 0
2 1 20.62504557363612 0
3 1 20.542515349106566 0

0 2 20.766427976173443 0
1 2 21.919902288018797 1
2 2 22.178255739029673 1
3 2 22.23062798221863 1

0 3 20.222025747202068 0
1 3 20.564659742484977 0
2 3 20.92482549471288 0
3 3 22.082187996459457 1


# 19.160000000000018 19.0 3.2306279822186283
0 0 20.40240003834879 0
1 0 20.394297957379994 1
2 0 20.139520992636932 0
3 0 20.085120082883833 0

0 1 21.676944802458987 1
1 1 20.826340485567574 0
2 1 20.63928297689767 0
3 1 20.550510076948093 0

0 2 20.775384475226318 0
1 2 21.939882663501596 1
2 2 22.202514892964217 1
3 2 22.250284162561908 1

0 3 20.220753350915327 0
1 3 20.573289571410164 0
2 3 20.939598733464948 0
3 3 22.096147823339237 1


# 19.04000000000002 19.0 3.2502841625619077
0 0 20.401968550086302 0
1 0 20.448751403509522 1
2 0 20.142338964505672 0
3 0 20.07956994839746 0

0 1 21.685157442886272 -1
1 1 20.84323303610187 0
2 1 20.65346055765282 0
3 1 20.55778842973962 0

0 2 20.78356784875445 0
1 2 21.95959955984429 1
2 2 22.226429494264224 1
3 2 22.268936616702426 1

0 3 20.21828851932435 0
1 3 20.58122125116254 0
2 3 20.95358116948461 0
3 3 22.10855671513327 1


# 18.920000000000023 19.0 3.268936616702426
0 0 20.400864588439944 0
1 0 20.50042108363069 1
2 0 20.145042147072605 0
3 0 20.072899397176897 0

0 1 21.572592815964605 -1
1 1 20.85899073857409 0
2 1 20.66755346060129 0
3 1 20.564353989384323 0

0 2 20.789543769848365 0
1 2 21.979013004017954 1
2 2 22.249989889549216 1
3 2 22.286596085929727 1

0 3 20.214639312880806 0
1 3 20.588456760450313 0
2 3 20.96677480074785 0
3 3 22.119449124028602 1


# 18.800000000000026 19.0 3.2865960859297267
0 0 20.39762963005125 0
1 0 20.549383348306577 1
2 0 20.147588411368574 0
3 0 20.065138327687563 0

0 1 21.464257887355775 -1
1 1 20.873681675525912 0
2 1 20.681538262082366 0
3 1 20.570210393938577 0

0 2 20.793437853965788 0
1 2 21.998087173978988 1
2 2 22.27318633072372 1
3 2 22.303273200504968 1

0 3 20.20981503299009 0
1 3 20.594997700604004 0
2 3 20.979181856980716 0
3 3 22.1288584162534 1


# 18.680000000000028 19.0 3.303273200504968
0 0 20.392358658197352 0
1 0 20.5957127926188 1
2 0 20.14993837067976 0
3 0 20.05631513306623 0

0 1 21.359912794339103 -1
1 1 20.8873679673769 0
2 1 20.69539286225504 0
3 1 20.57536133174307 0

0 2 20.795367244114924 0
1 2 22.01679002054183 0
2 2 22.296009042132372 -1
3 2 22.318978471565305 0

0 3 20.203826071139073 0
1 3 20.600845372562574 0
2 3 20.990804772958906 0
3 3 22.13681691220257 1


# 18.56000000000003 19.0 3.3189784715653055
0 0 20.385141253545743 0
1 0 20.63948222642804 1
2 0 20.152055241772203 0
3 0 20.046456787158032 0

0 1 21.25933097455731 -1
1 1 20.900106257948195 0
2 1 20.70909638734995 0
3 1 20.579810535562743 0

0 2 20.795441184656955 0
1 2 21.975092921843423 0
2 2 22.197728278754628 -1
3 2 22.272273644477803 0

0 3 20.196683771264702 -1
1 3 20.60528084450775 0
2 3 21.000188884920213 0
3 3 22.142601053716053 1


# 18.440000000000033 19.0 3.3189784715653055
0 0 20.376061926829923 0
1 0 20.680762654036666 1
2 0 20.153904711560305 0
3 0 20.03558892578582 0

0 1 21.162298386059124 -1
1 1 20.911228161758153 0
2 1 20.72117182100878 0
3 1 20.582806905764375 0

0 2 20.79304155585137 0
1 2 21.934375807685402 0
2 2 22.10337344327151 -1
3 2 22.225783528242758 0

0 3 20.12838302430348 -1
1 3 20.607614421641333 0
2 3 21.00742401877711 0
3 3 22.146265906346514 1


# 18.320000000000036 19.0 3.3189784715653055
0 0 20.365200429945197 0
1 0 20.71961462220629 1
2 0 20.155437218102783 0
3 0 20.023726653943935 0

0 1 21.0685954956153 -1
1 1 20.92081430295195 0
2 1 20.73170475604145 0
3 1 20.58438359498101 0

0 2 20.787590062436863 0
1 2 21.894558475680125 0
2 2 22.012725167339376 -1
3 2 22.179501116080566 0

0 3 20.061063689237496 -1
1 3 20.607931170136734 0
2 3 21.012595276914343 0
3 3 22.14786549043398 1


# 18.20000000000004 19.0 3.3189784715653055
0 0 20.35263173588103 0
1 0 20.756097407156854 1
2 0 20.156607200748173 0
3 0 20.010884383950703 0

0 1 20.978006918014692 -1
1 1 20.928939627092973 0
2 1 20.7407747948334 0
3 1 20.584573407530183 0

0 2 20.7792748288097 0
1 2 21.855566118368024 0
2 2 21.925575606981443 -1
3 2 22.13341824326453 0

0 3 19.994631868412306 -1
1 3 20.606311580155328 0
2 3 20.95578330741479 -1
3 3 22.026732751386508 -1


# 18.08000000000004 19.0 3.3189784715653055
0 0 20.338426245291373 0
1 0 20.790268992933857 1
2 0 20.157372836377366 0
3 0 19.997075901055368 0

0 1 20.890330315872404 -1
1 1 20.935673807656602 0
2 1 20.748455952583942 0
3 1 20.58340872557676 0

0 2 20.768271625631527 0
1 2 21.817328936131457 0
2 2 21.84100781511907 -1
3 2 22.08606846855241 0

0 3 19.929000119618905 -1
1 3 20.602111842146787 0
2 3 20.898118637407197 -1
3 3 21.90726061760811 -1


# 17.960000000000043 19.0 3.3189784715653055
0 0 20.32265009216656 0
1 0 20.822186056065043 1
2 0 20.15769579216597 0
3 0 19.98231442283029 0

0 1 20.805375588911218 -1
1 1 20.941081623293385 0
2 1 20.754808394333775 0
3 1 20.580903854531133 0

0 2 20.754744673090944 0
1 2 21.779764498640947 0
2 2 21.758864559980566 -1
3 2 22.037537941258645 0

0 3 19.86407839349548 -1
1 3 20.595446683131147 0
2 3 20.839656516964734 -1
3 3 21.7893655688729 -1


# 17.840000000000046 19.0 3.3189784715653055
0 0 20.305365428588278 0
1 0 20.851903955838882 1
2 0 20.157540890171035 0
3 0 19.966612440544825 0

0 1 20.722964114876618 -1
1 1 20.945222996939584 0
2 1 20.759887979025223 0
3 1 20.57707435297077 0

0 2 20.73884708090528 0
1 2 21.74279637855766 0
2 2 21.678997606891173 -1
3 2 21.9879065980706 0

0 3 19.79978309649808 -1
1 3 20.586424754343884 0
2 3 20.78044839841351 -1
3 3 21.672968668351285 -1


# 17.72000000000005 19.0 3.3189784715653055
0 0 20.286630690007687 0
1 0 20.879476724619067 1
2 0 20.15687589851412 0
3 0 19.94998179570303 0

0 1 20.64292803126603 -1
1 1 20.9481533624481 0
2 1 20.763746570681903 0
3 1 20.571936849719464 0

0 2 20.72072159358312 0
1 2 21.706353720194087 0
2 2 21.601267185208716 -1
3 2 21.93724859339099 0

0 3 19.73603666119927 -1
1 3 20.575148980019122 0
2 3 20.720542183683094 -1
3 3 21.55799528561553 -1


# 17.60000000000005 19.0 3.3189784715653055
0 0 20.26650084223803 0
1 0 20.90495706342347 1
2 0 20.155671335934226 0
3 0 19.93243374928557 0

0 1 20.56510956353209 -1
1 1 20.94992400406457 0
2 1 20.766432327788294 0
3 1 20.565508878076823 0

0 2 20.700501285991734 0
1 2 21.670370839088182 0
2 2 21.525541487646105 -1
3 2 21.88563270028463 0

0 3 19.672767144588228 -1
1 3 20.561716884866634 0
2 3 20.659982455865944 -1
3 3 21.444374837207178 -1


# 17.480000000000054 19.0 3.3189784715653055
0 0 20.24502761144093 0
1 0 20.928396342176963 1
2 0 20.153900288856 0
3 0 19.913979044314484 0

0 1 20.48936039668171 -1
1 1 20.950582370738292 0
2 1 20.76798997235826 0
3 1 20.557808725801085 0

0 2 20.67831021254438 0
1 2 21.634786850281493 0
2 2 21.451696199984575 -1
3 2 21.83312268402859 0

0 3 19.609907852551984 -1
1 3 20.546220901606628 0
2 3 20.598810695985154 -1
3 3 21.332040543627887 -1


# 17.360000000000056 19.0 3.3189784715653055
0 0 20.22225969829536 0
1 0 20.949844604100207 1
2 0 20.151538240173323 0
3 0 19.894627962310857 0

0 1 20.415541087400015 -1
1 1 20.950172367112533 0
2 1 20.768461040081924 0
3 1 20.548855299554496 0

0 2 20.654264013100317 0
1 2 21.59954532324963 0
2 2 21.37961405930546 -1
3 2 21.779777650129244 0

0 3 19.547396988836596 -1
1 3 20.528748659836005 0
2 3 20.53706548590701 -1
3 3 21.220929201689717 -1


# 17.24000000000006 18.0 3.3189784715653055
0 0 20.19824297745473 0
1 0 20.969350573744887 1
2 0 20.148562908999697 0
3 0 19.874390374170318 0

0 1 20.343520514021225 -1
1 1 20.948734622904304 0
2 1 20.76788411284716 0
3 1 20.53866800261897 0

0 2 20.62847047846339 0
1 2 21.564593961579757 0
2 2 21.309184438984357 -1
3 2 21.725652368543333 0

0 3 19.48517732689807 -1
1 3 20.50938325741551 0
2 3 20.47478269827599 -1
3 3 21.11098097123072 -1


# 17.12000000000006 18.0 3.725652368543333
0 0 20.173020683319553 0
1 0 20.986961668230286 1
2 0 20.144954100684682 0
3 0 19.853275785939832 0

0 1 20.27317536184858 -1
1 1 20.946306742258965 0
2 1 20.766295034845058 0
3 1 20.52726662478091 0

0 2 20.601030078171846 0
1 2 21.529884305625895 0
2 2 21.24030295880059 -1
3 2 21.67079757572226 0

0 3 19.42319590315679 -1
1 3 20.488203515488763 0
2 3 20.41199567429464 -1
3 3 21.002139175266617 -1


# 17.000000000000064 18.0 3.725652368543333
0 0 20.146633583080995 0
1 0 21.00272401127691 1
2 0 20.140693566440667 0
3 0 19.831293379940657 0

0 1 20.20438964149308 -1
1 1 20.942923534549426 0
2 1 20.763727113387354 0
3 1 20.514671243368717 0

0 2 20.572036453091936 0
1 2 21.495371456499022 0
2 2 21.172871118617003 -1
3 2 21.615260255988954 0

0 3 19.36140373026611 -1
1 3 20.465284218170954 0
2 3 20.34873539011892 -1
3 3 20.894350112710313 -1


# 16.880000000000067 18.0 3.725652368543333
0 0 20.119120137923318 0
1 0 21.016682449670242 1
2 0 20.13576487196614 0
3 0 19.808452051646814 0

0 1 20.137054238057146 -1
1 1 20.93861722798242 0
2 1 20.76021130548797 0
3 1 20.500902134504717 0

0 2 20.541576875159944 0
1 2 21.46101381986623 0
2 2 21.10679595418093 -1
3 2 21.55908390365417 0

0 3 19.299755529096505 -1
1 3 20.440696337876755 0
2 3 20.285030612591143 -1
3 3 20.787562882847688 -1


