# 20.0 20.0 0.0
0 0 20.0 0
1 0 20.0 0
2 0 20.0 0
3 0 20.0 0

0 1 20.0 0
1 1 20.0 0
2 1 20.0 0
3 1 20.0 0

0 2 20.0 0
1 2 20.0 0
2 2 20.0 0
3 2 20.0 0

0 3 20.0 0
1 3 20.0 0
2 3 20.0 0
3 3 20.0 0


# 20.0 20.0 0.0
0 0 20.0 0
1 0 20.0 0
2 0 20.0 0
3 0 20.0 0

0 1 20.0 0
1 1 20.0 0
2 1 20.0 0
3 1 20.0 0

0 2 20.0 0
1 2 20.0 0
2 2 20.0 0
3 2 20.0 0

0 3 20.0 0
1 3 20.0 0
2 3 20.0 0
3 3 20.0 0


# 20.0 20.0 0.0
0 0 20.0 0
1 0 20.0 0
2 0 20.0 0
3 0 20.0 0

0 1 20.0 0
1 1 20.0 0
2 1 20.0 0
3 1 20.0 0

0 2 20.0 0
1 2 20.0 0
2 2 20.0 0
3 2 20.0 0

0 3 20.0 0
1 3 20.0 0
2 3 20.0 0
3 3 20.0 0


# 20.0 20.0 0.0
0 0 20.0 0
1 0 20.0 0
2 0 20.0 0
3 0 20.0 0

0 1 20.0 0
1 1 20.0 0
2 1 20.0 0
3 1 20.0 0

0 2 20.0 0
1 2 20.0 0
2 2 20.0 0
3 2 20.0 0

0 3 20.0 0
1 3 20.0 0
2 3 20.0 0
3 3 20.0 0


# 20.0 20.0 0.0
0 0 20.0 0
1 0 20.0 0
2 0 20.0 0
3 0 20.06 1

0 1 20.0 0
1 1 20.0 0
2 1 20.0 0
3 1 20.00072 0

0 2 20.0 0
1 2 20.0 0
2 2 20.0 0
3 2 20.00000864 0

0 3 20.0 0
1 3 20.0 0
2 3 20.0 0
3 3 20.00000010368 0


# 20.0 20.0 0.05999999999999872
0 0 20.0 0
1 0 20.0 0
2 0 20.00072 0
3 0 20.11785728 1

0 1 20.0 0
1 1 20.0 0
2 1 20.00001728 0
3 1 20.0021043584 0

0 2 20.0 0
1 2 20.0 0
2 2 20.00000031104 0
3 2 20.000033534397442 0

0 3 20.0 0
1 3 20.0 0
2 3 20.00000000497664 0
3 3 20.00000050242001 0


# 20.0 20.0 0.11785727999999907
0 0 20.0 0
1 0 20.00000864 0
2 0 20.0021043584 0
3 0 20.1736649225216 1

0 1 20.0 0
1 1 20.00000031104 0
2 1 20.000066962626562 0
3 1 20.004101160381747 0

0 2 20.0 0
1 2 20.00000000746496 0
2 2 20.000001502223668 0
3 2 20.000081363933056 0

0 3 20.0 0
1 3 20.0000000001493 0
2 3 20.000000028825138 0
3 3 20.00000146104599 0


# 20.0 20.0 0.17366492252159915
0 0 20.00000010368 0
1 0 20.000033534397442 0
2 0 20.004101160381747 0
3 0 20.227511413159984 1

0 1 20.00000000497664 0
1 1 20.000001502223668 0
2 1 20.000162212323016 0
3 1 20.006661971518707 0

0 2 20.0000000001493 0
1 2 20.000000043163592 0
2 2 20.06000435389587 1
3 2 20.000877960085393 0

0 3 20.060000000003583 1
1 3 20.000720001006936 0
2 3 20.00072873740587 0
3 3 20.00002068881823 0


# 20.0 20.0 0.22751141315998424
0 0 20.00000050242001 0
1 0 20.000081363933056 0
2 0 20.006661971518707 0
3 0 20.279480889602674 1

0 1 20.000000028825138 0
1 1 20.00000435389587 0
2 1 20.00103441794146 0
3 1 20.009758887926477 0

0 2 20.000720001006936 0
1 2 20.000737425609408 0
2 2 20.117164687401374 1
3 2 20.00236441693156 0

0 3 20.11785728002762 1
1 3 20.06212164228116 1
2 3 20.00284981465683 0
3 3 20.000082514799832 0


# 20.0 20.0 0.2794808896026737
0 0 20.00000146104599 0
1 0 20.000157960085396 0
2 0 20.009750247926476 0
3 0 20.329653687207212 1

0 1 20.000008737405867 0
1 1 20.000027407401376 0
2 1 20.00262518064814 0
3 1 20.01336473405101 0

0 2 20.00211300228116 0
1 2 20.002879150052536 0
2 2 20.171669405153576 1
3 2 20.004486511268485 0

0 3 20.174385233681374 1
1 3 20.12167390368604 1
2 3 20.006251232324917 0
3 3 20.06020839719016 1


# 20.0 20.0 0.32965368720721244
0 0 20.00000340881823 0
1 0 20.000268698531563 0
2 0 20.013331308310207 0
3 0 20.37810650697609 1

0 1 20.00003409625683 0
1 1 20.00009577735198 0
2 1 20.00488070667543 0
3 1 20.01745309991991 0

0 2 20.00415183794524 0
1 2 20.006312041939655 0
2 2 20.223692439612705 1
3 2 20.067914325035883 1

0 3 20.22961727416842 1
1 3 20.179469766312423 1
2 3 20.011549127804653 0
3 3 20.1189944563254 1


# 20.0 20.0 0.3781065069760885
0 0 20.000006919638235 0
1 0 20.00041862125684 0
2 0 20.01737226338008 0
3 0 20.424912577084548 1

0 1 20.000083718633267 0
1 1 20.000231521101146 0
2 1 20.007751424643175 0
3 1 20.022727009644434 0

0 2 20.006809617168436 0
1 2 20.010931504056888 0
2 2 20.274132959089783 1
3 2 20.13005217648509 1

0 3 20.283586404900127 1
1 3 20.235604840568442 1
2 3 20.01860885150866 0
3 3 20.17649458823361 1


# 20.0 20.0 0.4249125770845481
0 0 20.00001269860994 0
1 0 20.00061243696115 0
2 0 20.02184194558238 0
3 0 20.470150551772225 1

0 1 20.000164848493224 0
1 1 20.000453930658143 0
2 1 20.0112092264 0
3 1 20.029109418695256 0

0 2 20.010059806336766 0
1 2 20.016649810301995 0
2 2 20.323092817829824 1
3 2 20.190934346969822 1

0 3 20.336325270086586 1
1 3 20.290168444447335 1
2 3 20.027304349951425 0
3 3 20.232759647420256 1


# 20.0 20.0 0.47015055177222465
0 0 20.000021568885433 0
1 0 20.00085452395029 0
2 0 20.02671115549339 0
3 0 20.51389497879869 1

0 1 20.00028434852707 0
1 1 20.000780116896703 0
2 1 20.015227505639782 0
3 1 20.036527505086955 0

0 2 20.01387640761761 0
1 2 20.023385632848996 0
2 2 20.37066658459891 1
3 2 20.25059454924236 1

0 3 20.387866098588248 1
1 3 20.34324404275721 1
2 3 20.037517610550783 0
3 3 20.287837646030646 1


# 20.0 20.0 0.5138949787986888
0 0 20.000034458875287 0
1 0 20.001148942719563 0
2 0 20.031952544088565 0
3 0 20.55621652015204 1

0 1 20.00044869768961 0
1 1 20.001225200632437 0
2 1 20.019781047381954 0
3 1 20.04491245527462 0

0 2 20.01823400364719 0
1 2 20.031063560451873 0
2 2 20.416942069749688 1
3 2 20.309065884226843 1

0 3 20.438240655595923 1
1 3 20.39490965488059 1
2 3 20.04913814335558 0
3 3 20.34177393910453 1


# 20.0 20.0 0.5562165201520415
0 0 20.000052390040686 0
1 0 20.001499448742482 0
2 0 20.03754050143216 0
3 0 20.59718216090705 1

0 1 20.00066399151849 0
1 1 20.001802487579216 0
2 1 20.024845927276047 0
3 1 20.054199259822006 0

0 2 20.023107793984803 0
1 2 20.039613653624514 0
2 2 20.462000813703497 1
3 2 20.366380805240876 1

0 3 20.487480201380855 1
1 3 20.445238233355937 1
2 3 20.062062497168615 0
3 3 20.394611396925683 1


# 20.0 20.0 0.5971821609070496
0 0 20.000076465282355 0
1 0 20.001909505346823 0
2 0 20.04345105149437 0
3 0 20.63685540685019 1

0 1 20.00093594483687 0
1 1 20.002523628548424 0
2 1 20.030399419809616 0
3 1 20.06432651849229 0

0 2 20.02847362423555 0
1 2 20.04897103384866 0
2 2 20.505918539718543 1
3 2 20.422571088882396 1

0 3 20.535615456422242 1
1 3 20.49429801540426 1
2 3 20.076193807712116 0
3 3 20.446390565395493 1


# 20.0 20.0 0.6368554068501915
0 0 20.000107857934395 0
1 0 20.002382296577984 0
2 0 20.049661752810458 0
3 0 20.675296471459216 1

0 1 20.00126989648234 0
1 1 20.003398766138723 0
2 1 20.036419914584673 0
3 1 20.07523625441473 0

0 2 20.034308008658694 0
1 2 20.059075504182967 0
2 2 20.5487655735964 1
3 2 20.477667811870216 1

0 3 20.582676572279798 1
1 3 20.54215284936738 1
2 3 20.091441375648518 0
3 3 20.49714981529148 1


# 20.0 20.0 0.675296471459216
0 0 20.000147801365483 0
1 0 20.002920739965486 0
2 0 20.05615160470453 0
3 0 20.712562452796114 1

0 1 20.00167081574404 0
1 1 20.00443666905779 0
2 1 20.04288683990589 0
3 1 20.086873736984177 0

0 2 20.04058814700151 0
1 2 20.06987119885046 0
2 2 20.59060723277907 1
3 2 20.531701333192323 1

0 3 20.628693107634152 1
1 3 20.588862497879546 1
2 3 20.107720272422682 0
3 3 20.546925481208365 1


# 20.0 20.0 0.7125624527961136
0 0 20.00019757918484 0
1 0 20.003527499122303 0
2 0 20.062900958808832 0
3 0 20.74870750084497 1

0 1 20.00214331022572 0
1 1 20.005644855120266 0
2 1 20.049780592994715 0
3 1 20.099187313155227 0

0 2 20.04729193622797 0
1 2 20.081306259569722 0
2 2 20.63150418710383 1
3 2 20.584701280975857 1

0 3 20.673694008968614 1
1 3 20.634482919460137 1
2 3 20.1249509720342 0
3 3 20.595751990920984 1


# 20.0 20.0 0.7487075008449686
0 0 20.00025851604636 0
1 0 20.004204996118872 0
2 0 20.069891435618363 0
3 0 20.783782975799834 1

0 1 20.002691634884975 0
1 1 20.00702970387731 0
2 1 20.057082476208024 0
3 1 20.112128246798513 0

0 2 20.054397977747477 0
1 2 20.09333253656864 0
2 2 20.671512793312285 1
3 2 20.636696543547252 1

0 3 20.717707595412236 1
1 3 20.679066530090992 1
2 3 20.143059006980653 0
3 3 20.643661985854163 1


# 20.0 20.0 0.7837829757998342
0 0 20.00033196904074 0
1 0 20.004955423584317 0
2 0 20.077105845829497 0
3 0 20.817837597782578 1

0 1 20.00331970202779 0
1 1 20.008596559751865 0
2 1 20.064774638698346 0
3 1 20.125650565793315 0

0 2 20.061885580690188 0
1 2 20.105905312379488 0
2 2 20.710685405252566 1
3 2 20.687715264201067 1

0 3 20.76076154730677 1
1 3 20.722662446227172 1
2 3 20.161974646735473 0
3 3 20.69068643329465 1


# 20.0 20.0 0.817837597782578
0 0 20.00041931966262 0
1 0 20.005780756496705 0
2 0 20.08452811622039 0
3 0 20.85091758844657 1

0 1 20.00403109206388 0
1 1 20.010349826479437 0
2 1 20.072840023005774 0
3 1 20.139710916537837 0

0 2 20.069734761722202 0
1 2 20.118983046661448 0
2 2 20.74907066156769 1
3 2 20.737784839241424 1

0 3 20.80288289809912 1
1 3 20.765316710583583 1
2 3 20.181632597237936 0
3 3 20.736854730933796 1


# 20.0 20.0 0.8509175884465705
0 0 20.00052196633749 0
1 0 20.00668276363229 0
2 0 20.09214321984015 0
3 0 20.88306680489903 1

0 1 20.004829064851666 0
1 1 20.012293053586237 0
2 1 20.08126231611988 0
3 1 20.15426842556637 0

0 2 20.077926241845216 0
1 2 20.132527140432693 0
2 2 20.786713752528822 1
3 2 20.786931918901633 1

0 3 20.844098029196697 1
1 3 20.80707250194148 1
2 3 20.201971719978793 0
3 3 20.782194804286746 1


# 20.0 20.0 0.8830668048990304
0 0 20.000641317491148 0
1 0 20.007663018650746 0
2 0 20.099937110282898 0
3 0 20.914326866352855 1

0 1 20.005716571482967 0
1 1 20.014429015574333 0
2 1 20.090025904593553 0
3 1 20.16928456797076 0

0 2 20.086441440581066 0
1 2 20.146501718219433 0
2 2 20.82365666754776 1
3 2 20.83518241078543 1

0 3 20.884432667455886 1
1 3 20.847970330127787 1
2 3 20.22293476936323 0
3 3 20.826733197494207 1


# 20.0 20.0 0.9143268663528552
0 0 20.000778785143073 0
1 0 20.008722910799417 0
2 0 20.107896659831965 0
3 0 20.944737273897786 1

0 1 20.006696266376263 0
1 1 20.01675978442663 0
2 1 20.099115833330387 0
3 1 20.184723042332152 0

0 2 20.09526246790128 0
1 2 20.160873426744942 0
2 2 20.859938424788155 1
3 2 20.882561485507814 1

0 3 20.92391188500382 1
1 3 20.888048217235763 1
2 3 20.24446814712419 0
3 3 20.870495157976 1


# 20.0 20.0 0.9447372738977862
0 0 20.00093577900403 0
1 0 20.009863655224994 0
2 0 20.11600960126846 0
3 0 20.974335523760672 1

0 1 20.007770519564442 0
1 1 20.019286795992528 0
2 1 20.108517767703106 0
3 1 20.20054965187786 0

0 2 20.104372114225182 0
1 2 20.175611248888085 0
2 2 20.895595284189003 1
3 2 20.929093584245 1

0 3 20.962560101121216 1
1 3 20.927341866077462 1
2 3 20.266521672643886 0
3 3 20.91350471537153 1


# 20.0 20.0 0.9743355237606721
0 0 20.00111370105736 0
1 0 20.011086302885364 0
2 0 20.124264473147374 0
3 0 21.00315721440559 1

0 1 20.008941429078035 0
1 1 20.02201091076754 0
2 1 20.118217958693137 0
3 1 20.216732191587116 0

0 2 20.113753838776773 0
1 2 20.190686331739187 0
2 2 20.930660945115786 1
3 2 20.974802427931603 1

0 3 21.000401085939103 1
1 3 20.965884816786076 1
2 3 20.289048368120124 0
3 3 20.955784755170775 1


# 20.0 20.0 1.00315721440559
0 0 20.001313940602856 0
1 0 20.01239175005839 0
2 0 20.13265056835307 0
3 0 21.031236147806272 1

0 1 20.010210833338522 0
1 1 20.02493246953665 0
2 1 20.128203210770977 0
3 1 20.233240340978565 0

0 2 20.123391756560352 0
1 2 20.206071827671693 0
2 2 20.96516672976416 1
3 2 21.019711027869437 1

0 3 21.03745796572545 1
1 3 21.00370859241927 1
2 3 20.31200425758733 0
3 3 20.99735708741011 1


# 20.0 20.0 1.0374579657254515
0 0 20.001537869741917 0
1 0 20.01378074744752 0
2 0 20.141157885754538 0
3 0 21.058604425206042 1

0 1 20.01158032348837 0
1 1 20.028051344311436 0
2 1 20.138460852263673 0
3 1 20.250045562321535 0

0 2 20.133270624187443 0
1 2 20.221742747431637 0
2 2 20.999141753357307 1
3 2 21.063841697535988 1

0 3 21.073753229558616 1
1 3 21.040842834352592 1
2 3 20.335348178870102 0
3 3 21.03824251078022 1


# 20.0 20.0 1.0737532295586156
0 0 20.00178683928244 0
1 0 20.015253908886905 0
2 0 20.149777084789125 0
3 0 21.085292537663953 1

0 1 20.013051255595236 0
1 1 20.031366984954616 0
2 1 20.14897870798009 0
3 1 20.26712100402219 0

0 2 20.143375824762597 0
1 2 20.237675824324043 0
2 2 21.032613082100678 1
3 2 21.107216065402312 1

0 3 21.10930873720389 1
1 3 21.07731542819456 1
2 3 20.359041607610465 0
3 3 21.078460872468284 1


# 20.0 20.0 1.1093087372038895
0 0 20.002062175042056 0
1 0 20.016811719651084 0
2 0 20.158499442811525 0
3 0 21.111329451670056 1

0 1 20.014624762677347 0
1 1 20.034878461852387 0
2 1 20.159745073886487 0
3 1 20.284441408944765 0

0 2 20.153693352013033 0
1 2 20.253849388646415 0
2 2 21.065605879786393 1
3 2 21.14985508858981 1

0 3 21.14414572802704 1
1 3 21.113152620901793 1
2 3 20.3830484925687 0
3 3 21.11803112403333 1


# 20.0 20.0 1.1498550885898098
0 0 20.00236517452848 0
1 0 20.01845454437605 0
2 0 20.167316815052633 0
3 0 21.136742690097904 1

0 1 20.016301766505624 0
1 1 20.038584504964447 0
2 1 20.170748693644914 0
3 1 20.30198302743708 0

0 2 20.164209793826632 0
1 2 20.27024325158514 0
2 2 21.09814354387331 1
3 2 21.19177906721316 1

0 3 21.17828483079481 1
1 3 21.148379129723303 1
2 3 20.407335101452375 0
3 3 21.156971373592118 1


# 20.0 20.0 1.1917790672131616
0 0 20.002697103976036 0
1 0 20.02018263460017 0
2 0 20.176221597040538 0
3 0 21.16155840874811 1

0 1 20.018082989145594 0
1 1 20.042483539553864 0
2 1 20.181978736844815 0
3 1 20.319723534838396 0

0 2 20.17491231534422 0
1 2 20.286838597850988 0
2 2 21.130247831807726 1
3 2 21.233007659273067 1

0 3 21.211746074227005 1
1 3 21.18301824355729 1
2 3 20.431869876578862 0
3 3 21.195298934573024 1


# 20.0 20.0 1.233007659273067
0 0 20.00305919571785 0
1 0 20.02199613593471 0
2 0 20.18520668934317 0
3 0 21.18580146872336 1

0 1 20.01996896420887 0
1 1 20.04657371887335 0
2 1 20.193424778774617 0
3 1 20.337641953256437 0

0 2 20.185788641735204 0
1 2 20.303617886385823 0
2 2 21.161938978293104 1
3 2 21.27355989597707 1

0 3 21.244548898178344 1
1 3 21.217091917261598 1
2 3 20.456623299724082 0
3 3 21.233030371276808 1


# 20.0 20.0 1.273559895977069
0 0 20.00345264587373 0
1 0 20.023895094874536 0
2 0 20.194265464499225 0
3 0 21.209495504862385 1

0 1 20.021960047789886 0
1 1 20.050852954061327 0
2 1 20.205076781594755 0
3 1 20.355718577408876 0

0 2 20.196827040770575 0
1 2 20.320564758523943 0
2 2 21.193235804164875 1
3 2 21.31345419738024 1

0 3 21.27671216534031 1
1 3 21.250620859419673 1
2 3 20.481567765554008 0
3 3 21.270181541466055 1


# 20.0 20.0 1.3134541973802385
0 0 20.003878612334248 0
1 0 20.025879465260545 0
2 0 20.203391736010868 0
3 0 21.232662990448375 1

0 1 20.024056429068704 0
1 1 20.055318941479758 0
2 1 20.21692507678698 0
3 1 20.37393490433309 0

0 2 20.208016305293405 0
1 2 20.337663953039087 0
2 2 21.224155817478085 1
3 2 21.352708388249596 1

0 3 21.308254173364617 1
1 3 21.283624614027538 1
2 3 20.5066774630764 0
3 3 21.30676763618919 1


# 20.0 20.0 1.3527083882495958
0 0 20.004338213022166 0
1 0 20.027949114405754 0
2 0 20.212579729278104 0
3 0 21.25532529839557 1

0 1 20.026258140565364 0
1 1 20.059969187706297 0
2 1 20.22896034876675 0
3 1 20.392273566776044 0

0 2 20.21934573567471 0
1 2 20.35490122755185 0
2 2 21.254715307370873 1
3 2 21.391339714067147 1

0 3 21.339192667319917 1
1 3 21.316121636533758 1
2 3 20.531928264588316 0
3 3 21.342803217030244 1


# 20.0 20.0 1.391339714067147
0 0 20.004832524413022 0
1 0 20.03010382889748 0
2 0 20.221824054361143 0
3 0 21.277502759106973 1

0 1 20.028565068035146 0
1 1 20.06480103237541 0
2 1 20.241173619556548 0
3 1 20.410718270084217 0

0 2 20.230805122331255 0
1 2 20.372263285812696 0
2 2 21.28492943122537 1
3 2 21.429364857096406 1

0 3 21.36954485240278 1
1 3 21.348129364632985 1
2 3 20.55729762163027 0
3 3 21.378302250961877 1


# 20.0 20.0 1.429364857096406
0 0 20.005362580297344 0
1 0 20.032343320088195 0
2 0 20.231119680462996 0
3 0 21.299214715185688 1

0 1 20.03097695999772 0
1 1 20.069811669046853 0
2 1 20.253556234427666 0
3 1 20.4292537324212 0

0 2 20.2423847283719 0
1 2 20.389737710413012 0
2 2 21.314812295609357 1
3 2 21.466799952446266 1

0 3 21.399327406832338 1
1 3 21.37966428418491 1
2 3 20.582764467490872 0
3 3 21.413278142966494 1


# 20.0 20.0 1.4667999524462658
0 0 20.00592937076767 0
1 0 20.03466722928782 0
2 0 20.240461912030366 0
3 0 21.32047957317242 1

0 1 20.03349343689605 0
1 1 20.074998164264898 0
2 1 20.266099848427046 0
3 1 20.447865628148058 0

0 2 20.254075272429976 0
1 2 20.40731290051106 0
2 2 21.344377031446612 1
3 2 21.503660604074256 1

0 3 21.428556494865752 1
1 3 21.410741990603555 1
2 3 20.608309125836456 0
3 3 21.44774376657863 1


# 20.0 20.0 1.5036606040742555
0 0 20.006533841414242 0
1 0 20.037075132670246 0
2 0 20.249846366376328 0
3 0 21.341314852472507 1

0 1 20.036113999883728 0
1 1 20.080357474958088 0
2 1 20.278796413713696 0
3 1 20.466540534208967 0

0 2 20.265867911731043 0
1 2 20.4249780141914 0
2 2 21.373635863830966 1
3 2 21.53996190067856 1

0 3 21.4572477798786 1
1 3 21.44137724603708 1
2 3 20.633913225068685 0
3 3 21.481711492490767 1


# 20.0 20.0 1.5399619006785592
0 0 20.00717689271398 0
1 0 20.039566545906677 0
2 0 20.25926895273364 0
3 0 21.361737231626808 1

0 1 20.038838039241448 0
1 1 20.08588646431674 0
2 1 20.291638167636524 0
3 1 20.485265879371493 0

0 2 20.277754225438077 0
1 2 20.442722915105687 0
2 2 21.402600176868955 1
3 2 21.575718431434833 1

0 3 21.48541643746067 1
1 3 21.471584032635146 1
2 3 20.65955961803974 0
3 3 21.515193215354795 1


# 20.0 20.0 1.575718431434833
0 0 20.007859379598052 0
1 0 20.042140928538377 0
2 0 20.268725852652445 0
3 0 21.38176259207253 1

0 1 20.04166484242554 0
1 1 20.09158191627401 0
2 1 20.304617621491975 0
3 1 20.504029896177883 0

0 2 20.28972619830958 0
1 2 20.460538123069668 0
2 2 21.431280573907678 1
3 2 21.610944301539853 1

0 3 21.513077168483424 1
1 3 21.501375602179586 1
2 3 20.685232306779376 0
3 3 21.548200378901853 1


# 20.0 20.0 1.6109443015398526
0 0 20.00858211118409 0
1 0 20.04479768810109 0
2 0 20.27821350166103 0
3 0 21.401406059531986 1

0 1 20.04459360175288 0
1 1 20.097440548705844 0
2 1 20.31772754990579 0
3 1 20.522821575470143 0

0 2 20.30177620470025 0
1 2 20.478414768316245 0
2 2 21.459686933478604 1
3 2 21.645653147529387 1

0 3 21.54024421210058 1
1 3 21.530764522334398 1
2 3 20.71091637191122 0
3 3 21.580743999494675 1


# 20.0 20.0 1.6456531475293872
0 0 20.00934585065971 0
1 0 20.047536184013165 0
2 0 20.287728572112677 0
3 0 21.42068204315983 1

0 1 20.047623421728048 0
1 1 20.10345902545552 0
2 1 20.330960980788515 0
3 1 20.54163062335813 0

0 2 20.313896992928576 0
1 2 20.496344549127432 0
2 2 21.48782846126391 1
3 2 21.679858152342554 1

0 3 21.566931358648112 1
1 3 21.559762719752595 1
2 3 20.736597906457085 0
3 3 21.612834688218463 1


# 20.0 20.0 1.679858152342554
0 0 20.010151315304853 0
1 0 20.050355731239087 0
2 0 20.297267957146193 0
3 0 21.439604272572126 1

0 1 20.050753326019738 0
1 1 20.109633967279752 0
2 1 20.34431118581924 0
3 1 20.560447420505895 0

0 2 20.32608167003112 0
1 2 20.514319692589243 0
2 2 21.51571373836974 1
3 2 21.713572060109296 1

0 3 21.593151962414186 1
1 3 21.588381520260512 1
2 3 20.76226395374807 0
3 3 21.644482671608888 1


# 20.0 20.0 1.7135720601092963
0 0 20.010999176640983 0
1 0 20.05325560373985 0
2 0 20.306828755691626 0
3 0 21.458185832873898 1

0 1 20.05398226409433 0
1 1 20.115961961805237 0
2 1 20.357771671416387 0
3 1 20.579262983617443 0

0 2 20.338323686918987 0
1 2 20.532332918233212 0
2 2 21.543350766170075 1
3 2 21.746807190641462 1

0 3 21.61891895425343 1
1 3 21.616631686324386 1
2 3 20.787902449179892 0
3 3 21.675697811108822 1


# 20.0 20.0 1.7468071906414622
0 0 20.01189006069592 0
1 0 20.056235037721088 0
2 0 20.316408258456715 0
3 0 21.476439197795326 1

0 1 20.05730911751541 0
1 1 20.122439572577218 0
2 1 20.37133617015826 0
3 1 20.59806892900865 0

0 2 20.350616823948414 0
1 2 20.55037740434626 0
2 2 21.57074700796582 1
3 2 21.77957545361152 1

0 3 21.64424485402358 1
1 3 21.644523451989357 1
2 3 20.813502165567105 0
3 3 21.70648962133905 1


# 20.0 20.0 1.7795754536115211
0 0 20.012824548373704 0
1 0 20.059293234689694 0
2 0 20.326003934833253 0
3 0 21.4943762610408 1

0 1 20.060732705918554 0
1 1 20.129063347274865 0
2 1 20.384998632619652 0
3 1 20.616857438157552 0

0 2 20.362955176914042 0
1 2 20.56844675674737 0
2 2 21.59790942768601 1
3 2 21.81188836240603 1

0 3 21.669141782825573 1
1 3 21.672066555467485 1
2 3 20.839052661867196 0
3 3 21.736867287262122 1


# 20.0 20.0 1.8118883624060302
0 0 20.01380317591955 0
1 0 20.06242936432906 0
2 0 20.33561342066613 0
3 0 21.512008365949214 1

0 1 20.064251792671275 0
1 1 20.13582982516208 0
2 1 20.39875321959397 0
3 1 20.635621225130325 0

0 2 20.375333143470584 0
1 2 20.58653497984493 0
2 2 21.624844525841628 1
3 2 21.843757047643784 1

0 3 21.693621475031108 1
1 3 21.69927026953877 1
2 3 20.864544235060485 0
3 3 21.766839680313137 1


# 20.0 20.0 1.8437570476437841
0 0 20.01482643547045 0
1 0 20.065642567202822 0
2 0 20.345234506831105 0
3 0 21.52934633355858 1

0 1 20.06786509022832 0
1 1 20.14273554383674 0
2 1 20.412594294673138 0
3 1 20.65435350578536 0

0 2 20.38774540998607 0
1 2 20.60463644980281 0
2 2 21.651558372927393 1
3 2 21.875192270351057 1

0 3 21.717695290084286 1
1 3 21.72614342991751 1
2 3 20.889967874985842 0
3 3 21.796415373565907 1


# 20.0 20.0 1.8751922703510573
0 0 20.01589477568269 0
1 0 20.06893195729651 0
2 0 20.354865128570538 0
3 0 21.48640048916274 0

0 1 20.071571265192798 0
1 1 20.149777045336158 0
2 1 20.42651641716026 0
3 1 20.67232796866246 0

0 2 20.400186938827613 0
1 2 20.62274588965638 0
2 2 21.67805664045272 1
3 2 21.906195794788484 1

0 3 21.741374224066192 1
1 3 21.752694461725476 1
2 3 20.915315221945367 0
3 3 21.82560255231834 1


# 20.0 20.0 1.9061957947884842
0 0 20.017008602427985 0
1 0 20.07229662440607 0
2 0 20.363783355539322 0
3 0 21.445323407443304 0

0 1 20.075368943093803 0
1 1 20.15695088165182 0
2 1 20.440497055292244 0
3 1 20.689594389068926 0

0 2 20.41265295607865 0
1 2 20.640858346231777 0
2 2 21.704344318730083 1
3 2 21.936770066528776 1

0 3 21.76466892101346 1
1 3 21.77893140420329 1
2 3 20.940578521926682 0
3 3 21.854409043496346 1


# 20.0 20.0 1.9367700665287764
0 0 20.018168279550576 0
1 0 20.075726996381917 0
2 0 20.37204302411608 0
3 0 21.406031413733565 0

0 1 20.079256712891237 0
1 1 20.164253308662097 0
2 1 20.454516017125144 0
3 1 20.70619923469668 0

0 2 20.425138939684985 0
1 2 20.65896916126802 0
2 2 21.730425796633224 1
3 2 21.966918132632482 1

0 3 21.787589683983633 1
1 3 21.804861933632893 1
2 3 20.96575058529091 0
3 3 21.88284234254556 1


# 20.0 20.0 1.9669181326324825
0 0 20.019374025998033 0
1 0 20.07921450683919 0
2 0 20.37969436035558 0
3 0 21.368445005979783 0

0 1 20.083233126241947 0
1 1 20.171680343584008 0
2 1 20.52855524512637 1
3 1 20.722905887444284 0

0 2 20.437640607876137 0
1 2 20.677073945707868 0
2 2 21.75702493329992 1
3 2 21.996660849021396 1

0 3 21.81014648585833 1
1 3 21.830493384622596 1
2 3 20.990833388634307 0
3 3 21.910909949065786 1


# 20.0 20.0 1.9966608490213957
0 0 20.020625932659076 0
1 0 20.082751505191126 0
2 0 20.38750421829621 0
3 0 21.332505907033397 0

0 1 20.087296697549217 0
1 1 20.17994781581487 0
2 1 20.599753187618568 1
3 1 20.679690879495706 -1

0 2 20.450153907894723 0
1 2 20.695185836813476 0
2 2 21.784076935646578 1
3 2 22.025297226532995 1

0 3 21.832348979877636 1
1 3 21.855833080932353 1
2 3 21.0158282258994 0
3 3 21.938610696328606 1


# 20.0 20.0 2.025297226532995
0 0 20.021923977516234 0
1 0 20.086348454112628 0
2 0 20.395452331712946 0
3 0 21.2974374129147 0

0 1 20.09145454466686 0
1 1 20.188983224934294 0
2 1 20.66754347507435 1
3 1 20.63902719993115 -1

0 2 20.46267531609944 0
1 2 20.71331573933778 0
2 2 21.811505058737676 1
3 2 22.05290445847858 1

0 3 21.85420651736642 1
1 3 21.880888297324436 1
2 3 21.040735489040316 0
3 3 21.965944390631 1


# 20.0 20.0 2.0529044584785794
0 0 20.023268350311003 0
1 0 20.090014265923397 0
2 0 20.40350327562795 0
3 0 21.26324003175648 0

0 1 20.09571257648699 0
1 1 20.198711062819317 0
2 1 20.732134347436173 1
3 1 20.600767403586097 -1

0 2 20.475201770821556 0
1 2 20.731472258126 0
2 2 21.839239774555242 1
3 2 22.079553890047748 1

0 3 21.875728163558982 1
1 3 21.905666219765514 1
2 3 21.065554803120044 0
3 3 21.9929116968863 1


# 20.0 20.0 2.079553890047748
0 0 20.02465941180873 0
1 0 20.093756151757688 0
2 0 20.41162570442298 0
3 0 21.229912107909357 0

0 1 20.10007551521993 0
1 1 20.209062191074466 0
2 1 20.7937202396429 1
3 1 20.56477340748668 -1

0 2 20.487730607689908 0
1 2 20.749661975252973 0
2 2 21.867218156273356 1
3 2 22.1053114657935 1

0 3 21.896922711600325 1
1 3 21.930173912415043 1
2 3 21.090285146575898 0
3 3 22.019514035146827 1


# 20.0 20.0 2.1053114657934984
0 0 20.02609765298735 0
1 0 20.097579819965684 0
2 0 20.41979197084743 0
3 0 21.19745005656463 0

0 1 20.104547029001715 0
1 1 20.21997331466925 0
2 1 20.85248275033136 1
3 1 20.530915855644512 -1

0 2 20.500259502757192 0
1 2 20.76788969907421 0
2 2 21.895383313513534 1
3 2 22.13023814268183 1

0 3 21.91779869496478 1
1 3 21.95441829058099 1
2 3 21.114924958090608 0
3 3 22.04575348709081 1


# 20.0 20.0 2.1302381426818293
0 0 20.027583659667414 0
1 0 20.101489654869336 0
2 0 20.427977777613023 0
3 0 21.165848578127395 0

0 1 20.10912985150877 0
1 1 20.23138649903453 0
2 1 20.908591539665125 1
3 1 20.499073528833133 -1

0 2 20.512786422587965 0
1 2 20.786158687827253 0
2 2 21.863683874404064 0
3 2 22.15367027137313 1

0 3 21.938364398504074 1
1 3 21.97840609890965 1
2 3 21.13875223137566 0
3 3 22.071615431588526 1


# 20.0 20.0 2.15367027137313
0 0 20.029118081995925 0
1 0 20.105488877668545 0
2 0 20.43616185889881 0
3 0 21.135100853967593 0

0 1 20.11382588978882 0
1 1 20.24324872702027 0
2 1 20.961485161631074 1
3 1 20.469115516065802 -1

0 2 20.52530958055271 0
1 2 20.803750850182187 0
2 2 21.834918950607413 0
3 2 22.1157239187546 0

0 3 21.958627868311474 1
1 3 22.002126614153877 1
2 3 21.16182856961408 0
3 3 22.096367905911762 1


# 20.0 20.0 2.15367027137313
0 0 20.030701608253562 0
1 0 20.10957969113654 0
2 0 20.444317049305884 0
3 0 21.10519841400922 0

0 1 20.11863632140761 0
1 1 20.255494212415584 0
2 1 21.01138002261352 1
3 1 20.440200292655568 -1

0 2 20.537818758648314 0
1 2 20.820735111803344 0
2 2 21.808158852451683 0
3 2 22.079000238779134 0

0 3 21.858596609525886 -1
1 3 22.024131219850734 1
2 3 21.18417566542886 0
3 3 22.120056772149436 1


# 20.0 20.0 2.15367027137313
0 0 20.032334942506964 0
1 0 20.113763098559545 0
2 0 20.452419831657224 0
3 0 21.076122712596643 0

0 1 20.12356137087134 0
1 1 20.268063765465808 0
2 1 21.058459894434833 1
3 1 20.412274874513763 -1

0 2 20.548865087891492 0
1 2 20.8371304535447 0
2 2 21.783272422560252 0
3 2 22.04346947758109 0

0 3 21.76256308727586 -1
1 3 21.924524139091996 -1
2 3 21.20437452748647 0
3 3 22.142708856412867 1


# 20.0 20.0 2.15367027137313
0 0 20.034018778209884 0
1 0 20.11803907692404 0
2 0 20.460449658935087 0
3 0 21.04785498934455 0

0 1 20.12858316487355 0
1 1 20.280903255800773 0
2 1 21.10289662204368 1
3 1 20.385289982851816 -1

0 2 20.55855207466838 0
1 2 20.85151521448001 0
2 2 21.760102416376455 0
3 2 22.00910097459038 0

0 3 21.668907730699054 -1
1 3 21.828391694922118 -1
2 3 21.222565232944575 0
3 3 22.164351332072425 1


# 20.0 20.0 2.1643513320724246
0 0 20.0357535690959 0
1 0 20.12240671349921 0
2 0 20.46838867315846 0
3 0 21.02037635360027 0

0 1 20.13368517874364 0
1 1 20.293945944267534 0
2 1 21.144850308385436 1
3 1 20.359199735210954 -1

0 2 20.566942185019382 0
1 2 20.864035071071996 0
2 2 21.738504119434293 0
3 2 21.975863395898195 0

0 3 21.577571058953186 -1
1 3 21.735569300091026 -1
2 3 21.238878590180075 0
3 3 22.185011587950758 1


# 20.0 20.0 2.1850115879507577
0 0 20.03753954331536 0
1 0 20.12686412146114 0
2 0 20.47622143828717 0
3 0 20.993667858952637 0

0 1 20.138851533307633 0
1 1 20.307131751353406 0
2 1 21.184470178114363 1
3 1 20.333961363527678 -1

0 2 20.57409610520856 0
1 2 20.874825002973587 0
2 2 21.71834436770744 0
3 2 21.9437249411007 0

0 3 21.488494485694467 -1
1 3 21.64590176643338 -1
2 3 21.253436782057612 0
3 3 22.14471711146243 0


# 20.0 20.0 2.1850115879507577
0 0 20.039376707613233 0
1 0 20.131408587126817 0
2 0 20.483934697369435 0
3 0 20.967710568761106 0

0 1 20.144067023678815 0
1 1 20.320406676791166 0
2 1 21.22189537482962 1
3 1 20.30953495687581 -1

0 2 20.580072706937965 0
1 2 20.884010109045295 0
2 2 21.69950064454188 0
3 2 21.911933526129033 0

0 3 21.401620377889923 -1
1 3 21.559242699471092 -1
2 3 21.265633962676898 0
3 3 22.105638105315453 0


# 20.0 20.0 2.1850115879507577
0 0 20.041264853468824 0
1 0 20.136036701199043 0
2 0 20.491517151817394 0
3 0 20.942485613590026 0

0 1 20.14931713953068 0
1 1 20.333722268200447 0
2 1 21.257255697095026 1
3 1 20.285874586728795 -1

0 2 20.58492902476416 0
1 2 20.89170635945485 0
2 2 21.681842968148143 0
3 2 21.880512585953923 0

0 3 21.31689210497671 -1
1 3 21.47544529521861 -1
2 3 21.275632452668653 0
3 3 22.067708873987566 0


# 20.0 20.0 2.1850115879507577
0 0 20.043203564832705 0
1 0 20.14074447556689 0
2 0 20.498959260876088 0
3 0 20.917974137672044 0

0 1 20.15458807796396 0
1 1 20.347035134647793 0
2 1 21.290671967039273 1
3 1 20.262937758374168 -1

0 2 20.588720244232814 0
1 2 20.898020977907986 0
2 2 21.66525256147987 0
3 2 21.849481847669956 0

0 3 21.234253975670963 -1
1 3 21.3943714816944 -1
2 3 21.283583884662512 0
3 3 22.030868143312002 0


# 20.0 20.0 2.1850115879507577
0 0 20.045192227141097 0
1 0 20.14552744706506 0
2 0 20.506253054540608 0
3 0 20.894157358470828 0

0 1 20.159866749961736 0
1 1 20.360306493888388 0
2 1 21.322256711040783 1
3 1 20.240685123528632 -1

0 2 20.591499694417525 0
1 2 20.903053133746166 0
2 2 21.64962094545427 0
3 2 21.818857700615357 0

0 3 21.153651286660153 -1
1 3 21.31589133912406 -1
2 3 21.28962992664137 0
3 3 21.995058741679852 0


# 20.0 20.0 2.1850115879507577
0 0 20.04723003732834 0
1 0 20.150380769317415 0
2 0 20.51339196431585 0
3 0 20.87101661862001 0

0 1 20.165140781170955 0
1 1 20.373501758925048 0
2 1 21.352114786417513 1
3 1 20.219080217608266 -1

0 2 20.593318849670915 0
1 2 20.90689457804444 0
2 2 21.63484910397309 0
3 2 21.788653533948647 0

0 3 21.07503036260593 -1
1 3 21.23988256128835 -1
2 3 21.29390295460573 0
3 3 21.96022730484203 0


# 20.0 20.0 2.1850115879507577
0 0 20.04931601459038 0
1 0 20.155299293860057 0
2 0 20.520370670201356 0
3 0 20.848533431003407 0

0 1 20.170398507840012 0
1 1 20.38659016049059 0
2 1 21.380343958496752 1
3 1 20.198089219550106 -1

0 2 20.594227339366622 0
1 2 20.90963022827973 0
2 2 21.62084671508635 0
3 2 21.758880044396545 0

0 3 20.998338588359974 -1
1 3 21.166229954969186 -1
2 3 21.29652667821106 0
3 3 21.92632400253901 0


# 20.0 20.0 2.1850115879507577
0 0 20.051449011685527 0
1 0 20.160277641626465 0
2 0 20.527184962426418 0
3 0 20.826689517671003 0

0 1 20.175628968649246 0
1 1 20.39954440235167 0
2 1 21.407035432081884 1
3 1 20.177680732258793 -1

0 2 20.594272964536692 0
1 2 20.91133870576563 0
2 2 21.60753144308767 0
3 2 21.729545516666516 0

0 3 20.923524434213085 -1
1 3 21.094824974678758 -1
2 3 21.29761672276986 0
3 3 21.89330228532084 0


# 20.0 20.0 2.1850115879507577
0 0 20.053627726588157 0
1 0 20.165310265774547 0
2 0 20.533831616590838 0
3 0 20.805466843221044 0

0 1 20.180821893087696 0
1 1 20.412340346599304 0
2 1 21.432274341004394 1
3 1 20.157825581914626 -1

0 2 20.59350172042295 0
1 2 20.912092829706342 0
2 2 21.594828286741226 0
3 2 21.70065607881424 0

0 3 20.850537474922636 -1
1 3 21.025565290071036 -1
2 3 21.297281170759124 0
3 3 21.86111865004417 0


# 20.0 20.0 2.1850115879507577
0 0 20.055850714337332 0
1 0 20.170391506742344 0
2 0 20.540308280985638 0
3 0 20.78484764321989 0

0 1 20.185967686954328 0
1 1 20.424956726335427 0
2 1 21.456140199147907 1
3 1 20.138496634528394 -1

0 2 20.591957824064185 0
1 2 20.91196007140698 0
2 2 21.582668979219186 0
3 2 21.672215934669545 0

0 3 20.779328403195045 -1
1 3 20.958354383632386 -1
2 3 21.29562106574199 0
3 3 21.829732422647517 0


# 20.0 20.0 2.1850115879507577
0 0 20.058116398945547 0
1 0 20.175515640334364 0
2 0 20.546613374976666 0
3 0 20.764814448178036 0

0 1 20.191057415494388 0
1 1 20.437374883387932 0
2 1 21.47870731605415 1
3 1 20.11966862826502 -1

0 2 20.589683746134646 0
1 2 20.911002971887935 0
2 2 21.57099143567691 0
3 2 21.644227575252497 0

0 3 20.709849038237227 -1
1 3 20.893101176430232 -1
2 3 21.292730881397883 0
3 3 21.79910555691201 0


# 20.0 20.0 2.1850115879507577
0 0 20.06042308525345 0
1 0 20.180676919563737 0
2 0 20.552745997433195 0
3 0 20.745350103552006 0

0 1 20.196082784620938 0
1 1 20.449578528890832 0
2 1 21.500045179966744 1
3 1 20.101318020183147 -1

0 2 20.586720246333943 0
1 2 20.909279525885296 0
2 2 21.559739244714446 0
3 2 21.616691970953607 0

0 3 20.642052329933858 -1
1 3 20.829719679866766 -1
2 3 21.28869895815709 0
3 3 21.769202448012507 0


# 20.0 20.0 2.1850115879507577
0 0 20.062768970634544 0
1 0 20.185869610905563 0
2 0 20.558705844274094 0
3 0 20.72643778619762 0

0 1 20.20103612061717 0
1 1 20.46155352475257 0
2 1 21.520218810935432 1
3 1 20.083422846152494 -1

0 2 20.583106411705153 0
1 2 20.90684353497527 0
2 2 21.54886120026841 0
3 2 21.589608746106755 0

0 3 20.5758923591551 -1
1 3 20.768128671539813 -1
2 3 21.28360790975234 0
3 3 21.739989759754366 0


# 20.0 20.0 2.1850115879507577
0 0 20.065152156469974 0
1 0 20.19108802555349 0
2 0 20.56449313428682 0
3 0 20.70806101765978 0

0 1 20.205910348666382 0
1 1 20.473287684206014 0
2 1 21.539289086389495 1
3 1 20.06596259281596 -1

0 2 20.578879697327096 0
1 2 20.903744932336554 0
2 2 21.538310870750546 0
3 2 21.56297633745012 0

0 3 20.51132433465192 -1
1 3 20.70825139345603 -1
2 3 21.277535001830273 0
3 3 21.711436264474575 0


# 20.0 20.0 2.1850115879507577
0 0 20.067570659327693 0
1 0 20.19632654621409 0
2 0 20.570108542449933 0
3 0 20.69020367464722 0

0 1 20.210698970512723 0
1 1 20.48477058978956 0
2 1 21.557313041392472 1
3 1 20.048918080559567 -1

0 2 20.57407596888937 0
1 2 20.900030081459025 0
2 2 21.528046202500104 0
3 2 21.536792137847627 0

0 3 20.448304586952595 -1
1 3 20.650015270973782 -1
2 3 21.270552504608784 0
3 3 21.683512694662966 0


# 19.880000000000003 20.0 2.1850115879507577
0 0 20.07002242179262 0
1 0 20.201579649921484 0
2 0 20.57555314005857 0
3 0 20.672849997007336 0

0 1 20.215396041516847 0
1 1 20.495993427251136 0
2 1 21.574344145610066 1
3 1 20.032271356541646 -1

0 2 20.568729546715158 0
1 2 20.895742050918276 0
2 2 21.518029154847916 0
3 2 21.511052626530656 0

0 3 20.38679055963457 -1
1 3 20.59335165097482 -1
2 3 21.262728021421044 0
3 3 21.656191605430518 0


# 19.760000000000005 20.0 2.1850115879507577
0 0 20.071065322905344 0
1 0 20.206104647307363 0
2 0 20.580099493655208 0
3 0 20.654535847317433 0

0 1 20.2192588673356 0
1 1 20.50693113927714 0
2 1 21.590423600352647 1
3 1 20.015268104457306 -1

0 2 20.562144403487782 0
1 2 20.89091190865725 0
2 2 21.508225149298756 0
3 2 21.485024634526606 0

0 3 20.325292052141275 -1
1 3 20.537458065420513 -1
2 3 21.253395942363156 0
3 3 21.627989754557696 0


# 19.640000000000008 19.0 2.1850115879507577
0 0 20.070731333456468 0
1 0 20.209901395717118 0
2 0 20.583753645042336 0
3 0 20.635280817808002 0

0 1 20.222287677422162 0
1 1 20.517560739577625 0
2 1 21.60558095919623 1
3 1 19.99789748100847 -1

0 2 20.554356238199944 0
1 2 20.885559339351666 0
2 2 21.498585072637667 0
3 2 21.458707267574933 0

0 3 20.263803309907637 -1
1 3 20.48227792977232 -1
2 3 21.242619545867516 0
3 3 21.598918045154928 0


# 19.52000000000001 19.0 2.6055809591962316
0 0 20.069051274329706 0
1 0 20.212969925004394 0
2 0 20.586521972374662 0
3 0 20.615103741807513 0

0 1 20.22448321399572 0
1 1 20.527860945328474 0
2 1 21.619843458811005 1
3 1 19.980149640424436 -1

0 2 20.545399426554606 0
1 2 20.8797019715543 0
2 2 21.489063456076753 0
3 2 21.43209913603666 0

0 3 20.202318519026885 -1
1 3 20.427757937159267 -1
2 3 21.230458398201772 0
3 3 21.56898768594021 0


# 19.400000000000013 19.0 2.6198434588110047
0 0 20.06605486612184 0
1 0 20.21531044156011 0
2 0 20.58841114124107 0
3 0 20.59402273648243 0

0 1 20.225846701863958 0
1 1 20.53781205083818 0
2 1 21.63323620825104 1
3 1 19.96201565249585 -1

0 2 20.535307056948653 0
1 2 20.87335556293197 0
2 2 21.479618201850126 0
3 2 21.405198430806553 0

0 3 20.140831832271214 -1
1 3 20.373847853319436 -1
2 3 21.216968590370616 0
3 3 21.53821013350049 0


# 19.280000000000015 19.0 2.6332362082510414
0 0 20.06177077666254 0
1 0 20.21692333063949 0
2 0 20.58942806061342 0
3 0 20.572055242526375 0

0 1 20.226379818999064 0
1 1 20.547395811447807 0
2 1 21.64578236297188 1
3 1 19.943487427526684 -1

0 2 20.524110967127235 0
1 2 20.86653416991617 0
2 2 21.470210330810104 0
3 2 21.378002991414725 0

0 3 20.07933739215481 -1
1 3 20.320500325309318 -1
2 3 21.20220295905049 0
3 3 21.506597040100054 0


# 19.160000000000018 19.0 2.645782362971879
0 0 20.056226666498354 0
1 0 20.217809157215346 0
2 0 20.58957984322022 0
3 0 20.54921806104439 0

0 1 20.226084667941983 0
1 1 20.556595336794857 0
2 1 21.65750328480945 1
3 1 19.924557647617785 -1

0 2 20.511841781268046 0
1 2 20.859250303050384 0
2 2 21.46080374939112 0
3 2 21.350510367020615 0

0 3 20.017829351316163 -1
1 3 20.267670703007333 -1
2 3 21.18621129268035 0
3 3 21.474160206572865 0


# 19.04000000000002 19.0 2.657503284809451
0 0 20.0494492324063 0
1 0 20.217968665561358 0
2 0 20.588873769941955 0
3 0 20.525527387857508 0

0 1 20.22496374809405 0
1 1 20.565394992646887 0
2 1 21.66841868905377 1
3 1 19.905219703745022 -1

0 2 20.498528947284317 0
1 2 20.85151506921192 0
2 2 21.451365034435945 0
3 2 21.322717870942796 0

0 3 19.956301890472282 -1
1 3 20.2153168725094 -1
2 3 21.169040523749995 0
3 3 21.440911539872555 0


# 18.920000000000023 19.0 2.6684186890537696
0 0 20.04146424900354 0
1 0 20.21740277774689 0
2 0 20.587317257860292 0
3 0 20.5009988454339 0

0 1 20.22301992894132 0
1 1 20.573780310579284 0
2 1 21.678546779658635 1
3 1 19.885467638140156 -1

0 2 20.48420077416188 0
1 2 20.843338301789988 0
2 2 21.441863234496715 0
3 2 21.294622629313313 0

0 3 19.894749234175336 -1
1 3 20.16339910058059 -1
2 3 21.150734908251895 0
3 3 21.406863014887925 0


# 18.800000000000026 19.0 2.6785467796586353
0 0 20.03229660851967 0
1 0 20.216112591205032 0
2 0 20.58491783162573 0
3 0 20.475647512635472 0

0 1 20.220256424244916 0
1 1 20.581737904834263 0
2 1 21.687904373544182 1
3 1 19.865296091524186 -1

0 2 20.468884469169605 0
1 2 20.834728679813043 0
2 2 21.432269686331942 0
3 2 21.266221624395083 0

0 3 19.833165664582026 -1
1 3 20.11187988938797 -1
2 3 21.13133619319261 0
3 3 21.372026640163014 0


# 18.680000000000028 19.0 2.687904373544182
0 0 20.02197035879836 0
1 0 20.21409937551752 0
2 0 20.581683097837818 0
3 0 20.44948795245294 0

0 1 20.216676767220257 0
1 1 20.58925539575536 0
2 1 21.696507014871454 1
3 1 19.844700254780804 -1

0 2 20.452606174803865 0
1 2 20.82569383693737 0
2 2 21.422557845420766 0
3 2 21.237511733054866 0

0 3 19.771545533427375 -1
1 3 20.060723840796364 -1
2 3 21.11088377299508 0
3 3 21.336414427189744 0


# 18.56000000000003 19.0 2.696507014871454
0 0 20.01050873959447 0
1 0 20.211364568544035 0
2 0 20.57762072215905 0
3 0 20.422534237887913 0

0 1 20.21228478671885 0
1 1 20.59632133924396 0
2 1 21.70436908009688 1
3 1 19.823675824692486 -1

0 2 20.435391005347107 0
1 2 20.816240461134072 0
2 2 21.41270312940794 0
3 2 21.208489760842046 0

0 3 19.709883272377713 -1
1 3 20.009897529560998 -1
2 3 21.089414835563193 0
3 3 21.300038362967776 0


# 18.440000000000033 19.0 2.7043690800968783
0 0 19.997934217232224 0
1 0 20.207909772008808 0
2 0 20.572738408908293 0
3 0 20.394799976127157 0

0 1 20.20708458441854 0
1 1 20.60292516173215 0
2 1 21.71150387454912 1
3 1 19.80221896339362 -1

0 2 20.41726308293769 0
1 2 20.806374385843302 0
2 2 21.40268277347793 0
3 2 21.179152472084752 0

0 3 19.6481734019221 -1
1 3 19.95936938479938 -1
2 3 21.06696449872448 0
3 3 21.262910385550647 0


# 18.320000000000036 19.0 2.71150387454912
0 0 19.984268517688992 0
1 0 20.203736746644392 0
2 0 20.56704388290199 0
3 0 20.366298331142126 0

0 1 20.201080513021267 0
1 1 20.609057100209704 0
2 1 21.71792372121056 1
3 1 19.78032626122434 -1

0 2 20.398245573063747 0
1 2 20.79610067330143 0
2 2 21.392475696734845 0
3 2 21.14949661637931 0

0 3 19.586410538947263 -1
1 3 19.909109579169485 -1
2 3 21.043565937715513 0
3 3 21.22504236231996 0


# 18.20000000000004 19.0 2.7179237212105605
0 0 19.969532658168177 0
1 0 20.198847406980686 0
2 0 20.56054487333211 0
3 0 20.337042044835687 0

0 1 20.194277155451672 0
1 1 20.61470814688297 0
2 1 21.723640042330544 1
3 1 19.757994702695463 -1

0 2 20.378360719407475 0
1 2 20.7854236906893 0
2 2 21.382062378736947 0
3 2 21.119518951816406 0

0 3 19.524589403128086 -1
1 3 19.85908992522276 -1
2 3 21.019250504326816 0
3 3 21.18644607075016 0


# 18.08000000000004 19.0 2.723640042330544
0 0 19.95374697722331 0
1 0 20.193243815856757 0
2 0 20.553249099488436 0
3 0 20.30704345684781 0

0 1 20.18667930504487 0
1 1 20.619869998079643 0
2 1 21.728663434446684 1
3 1 19.735221635299585 -1

0 2 20.35762987797871 0
1 2 20.77434717969643 0
2 2 21.37142474540101 0
3 2 21.089216265257527 0

0 3 19.462704822253894 -1
1 3 19.809283778438733 -1
2 3 20.99404783828017 0
3 3 21.147133181445607 0


# 17.960000000000043 19.0 2.728663434446684
0 0 19.93693116349409 0
1 0 20.18692817872352 0
2 0 20.545164258150137 0
3 0 20.276314523122686 0

0 1 20.178291946707613 0
1 1 20.62453500704671 0
2 1 21.733003737344013 1
3 1 19.712004740925693 -1

0 2 20.336073550487498 0
1 2 20.76287432004749 0
2 2 21.360546063552913 0
3 2 21.0585853899478 0

0 3 19.40075173659987 -1
1 3 19.759665946483437 -1
2 3 20.967985971370187 0
3 3 21.107115243249382 0


# 17.840000000000046 19.0 2.7330037373440135
0 0 19.919104283113477 0
1 0 20.179902837796856 0
2 0 20.536298012486995 0
3 0 20.244866833331223 0

0 1 20.169120239033667 0
1 1 20.628696140319132 0
2 1 21.736670097438918 1
3 1 19.68834200965543 -1

0 2 20.313711416915197 0
1 2 20.75100778749246 0
2 2 21.349410843457367 0
3 2 21.02762322072634 0

0 3 19.338725202443058 -1
1 3 19.7102126042668 -1
2 3 20.94109142486432 0
3 3 21.06640367023949 0


# 17.72000000000005 19.0 2.7366700974389175
0 0 19.90028480584336 0
1 0 20.17217026611318 0
2 0 20.52665798232514 0
3 0 20.212711627235066 0

0 1 20.159169497351186 0
1 1 20.632346937364563 0
2 1 21.73967102603548 1
3 1 19.664231715737863 -1

0 2 20.2905623672522 0
1 2 20.73874980672091 0
2 2 21.33800474871158 0
3 2 20.996326727072102 0

0 3 19.276620394813335 -1
1 3 19.66090121440438 -1
2 3 20.913389300620285 0
3 3 21.02500973044318 0


# 17.60000000000005 19.0 2.739671026035481
0 0 19.880490629994572 0
1 0 20.16373306153264 0
2 0 20.516251735645124 0
3 0 20.1798598100712 0

0 1 20.14844517767777 0
1 1 20.635481473234666 0
2 1 21.742014452865728 1
3 1 19.639672395556982 -1

0 2 20.26664453237815 0
1 2 20.726102199623053 0
2 2 21.326314512935596 0
3 2 20.964692964202303 0

0 3 19.214432609561445 -1
1 3 19.611710452717052 -1
2 3 20.884903366347384 0
3 3 20.982944536113823 0


# 17.480000000000054 19.0 2.742014452865728
0 0 19.859739106185295 0
1 0 20.15459394072905 0
2 0 20.50508678119202 0
3 0 20.146321967029625 0

0 1 20.136952861556882 0
1 1 20.6380943239767 0
2 1 21.74370777529211 1
3 1 19.614662827421878 -1

0 2 20.241975314067165 0
1 2 20.713066429285504 0
2 2 21.314327862736214 0
3 2 20.93271908242107 0

0 3 19.152157264818644 -1
1 3 19.562620138428354 -1
2 3 20.855656135408136 0
3 3 20.940219035427678 0


# 17.360000000000056 19.0 2.7437077752921084
0 0 19.838047059990057 0
1 0 20.144755733200334 0
2 0 20.49317056208822 0
3 0 20.11210837689068 0

0 1 20.1246982417479 0
1 1 20.64018053458013 0
2 1 21.744757903520004 1
3 1 19.589202013024142 -1

0 2 20.216571414106568 0
1 2 20.699643640078015 0
2 2 21.302033446462 0
3 2 20.900402334898352 0

0 3 19.089789901915594 -1
1 3 19.513611168743186 -1
2 3 20.82566894152859 0
3 3 20.896844005469404 0


# 17.24000000000006 18.0 2.7447579035200036
0 0 19.815430813529794 0
1 0 20.1342213753283 0
2 0 20.480510450349385 0
3 0 20.0772290248831 0

0 1 20.111687108741087 0
1 1 20.641735589252292 0
2 1 21.745171302140097 1
3 1 19.563289160420187 -1

0 2 20.19044886252291 0
1 2 20.685834694158036 0
2 2 21.289420768304527 0
3 2 20.86774008404295 0

0 3 19.027326185821828 -1
1 3 19.464665457514073 -1
2 3 20.794962008759846 0
3 3 20.85283004638614 0


# 17.12000000000006 18.0 3.745171302140097
0 0 19.791906206051554 0
1 0 20.12299390451235 0
2 0 20.467113742213137 0
3 0 20.041693614818907 0

0 1 20.09792533806788 0
1 1 20.64275538383472 0
2 1 21.744954028294643 1
3 1 19.536923668408416 -1

0 2 20.16362304491352 0
1 2 20.67164020469325 0
2 2 21.276480127335397 0
3 2 20.834729806618707 0

0 3 18.964761905161375 -1
1 3 19.415765877721856 -1
2 3 20.763554517009254 0
3 3 20.808187576599774 0


# 17.000000000000064 18.0 3.745171302140097
0 0 19.76748861354466 0
1 0 20.111076453397942 0
2 0 20.452987654198324 0
3 0 20.005511580556707 0

0 1 20.083418878376545 0
1 1 20.643236200187804 0
2 1 21.744111766738058 1
3 1 19.510105112182224 -1

0 2 20.136108728885926 0
1 2 20.657060566077547 0
2 2 21.26320256110062 0
3 2 20.801369097739315 0

0 3 18.90209297185486 -1
1 3 19.366896207516838 -1
2 3 20.73146466343747 0
3 3 20.762926828976305 0


# 16.880000000000067 18.0 3.745171302140097
0 0 19.74219296743835 0
1 0 20.098472244217124 0
2 0 20.438139319820138 0
3 0 19.968692096840694 0

0 1 20.068173740242877 0
1 1 20.643174682386096 0
2 1 21.7426498620405 1
3 1 19.482833230150018 -1

0 2 20.107920089610822 0
1 2 20.642095981393197 0
2 2 21.249579793423116 0
3 2 20.76765567386486 0

0 3 18.839315420433618 -1
1 3 19.3180410795843 -1
2 3 20.698709719996902 0
3 3 20.7170578478595 0


