# 20.0 20.0 0.0
0 0 20.0 0
1 0 20.0 0
2 0 20.0 0
3 0 20.06 1

0 1 20.0 0
1 1 20.06 1
2 1 20.06072 1
3 1 20.06144864 1

0 2 20.06 1
1 2 20.00144 0
2 2 20.00074592 0
3 2 20.00074633472 0

0 3 20.00072 0
1 3 20.06002592 1
2 3 20.06072926208 1
3 3 20.0607377071616 1


# 20.0 20.0 0.06144863999999828
0 0 20.0 0
1 0 20.00072 0
2 0 20.00145728 0
3 0 20.11859487104 1

0 1 20.00144 0
1 1 20.11789184 1
2 1 20.11998396416 1
3 1 20.12173969915904 1

0 2 20.117523199999997 1
1 2 20.00492512256 0
2 2 20.00294673204224 0
3 2 20.002940078322112 0

0 3 20.002824669440002 0
1 3 20.11832658000896 1
2 3 20.12036276530319 1
3 3 20.120030783827286 1


# 20.0 20.0 0.12173969915903982
0 0 20.00002592 0
1 0 20.00212226048 0
2 0 20.004284487388162 0
3 0 20.175837745921125 1

0 1 20.004204811519998 0
1 1 20.17380786558464 1
2 1 20.17785807929041 1
3 1 20.180906262636764 1

0 2 20.17273068084224 1
1 2 20.010302458978856 0
2 2 20.006542849486948 0
3 2 20.006506353783994 0

0 3 20.006215668470375 0
1 3 20.174999434361613 1
2 3 20.178926405972568 1
3 3 20.17793486872658 1


# 20.0 20.0 0.18090626263676413
0 0 20.000100911744 0
1 0 20.00417144471644 0
2 0 20.008398946156994 0
3 0 20.23177924957349 1

0 1 20.00818788293421 0
1 1 20.227871326427614 1
2 1 20.23440552410097 1
3 1 20.23898049313552 1

0 2 20.225772464371467 1
1 2 20.017430173843643 0
2 2 20.01147601420399 0
3 2 20.01137378343786 0

0 3 20.010801167190237 0
1 3 20.230135351082502 1
2 3 20.236446051729878 1
3 3 20.234503051474437 1


# 20.0 20.0 0.2389804931355215
0 0 20.000245590853023 0
1 0 20.0068344343996 0
2 0 20.01372242091529 0
3 0 20.286467631557453 1

0 1 20.013290664430798 0
1 1 20.280197032320388 1
2 1 20.289686570471027 1
3 1 20.295993648249425 1

0 2 20.276788284933442 1
1 2 20.02617668568963 0
2 2 20.01768936261814 0
3 2 20.017474317281575 0

0 3 20.016495408803582 0
1 3 20.283819084091714 1
2 3 20.292947455535433 1
3 3 20.289786002895163 1


# 20.0 20.0 0.295993648249425
0 0 20.00047825076828 0
1 0 20.010080160602865 0
2 0 20.020180891588424 0
3 0 20.33994889129944 1

0 1 20.01942201934097 0
1 1 20.330891960002262 1
2 1 20.343758685437916 1
3 1 20.351976097751177 1

0 2 20.32590830633225 1
1 2 20.036419909333063 0
2 2 20.025127477623524 0
3 2 20.02474307089499 0

0 3 20.023218302771742 0
1 3 20.336129710571544 1
2 3 20.34845618069603 1
3 3 20.34383209781003 1


# 20.0 20.0 0.35197609775117655
0 0 20.000815059899946 0
1 0 20.013879448795432 0
2 0 20.027704338448103 0
3 0 20.39226689644705 1

0 1 20.026497678443462 0
1 1 20.38005581458627 1
2 1 20.396676633277803 1
3 1 20.406957340853065 1

0 2 20.373253788152873 1
1 2 20.048046555176285 0
2 2 20.033736427978138 0
3 2 20.033118172317092 0

0 3 20.030895045856653 0
1 3 20.387141036108286 1
2 3 20.402997535849554 1
3 3 20.396687530786867 1


# 20.0 20.0 0.4069573408530651
0 0 20.001270243270415 0
1 0 20.01820487670168 0
2 0 20.0362265371104 0
3 0 20.443463494710517 1

0 1 20.034439734100953 0
1 1 20.42778154907721 1
2 1 20.448492577140694 1
3 1 20.460966023467257 1

0 2 20.418937705072057 1
1 2 20.060951481146652 0
2 2 20.043463796632636 0
3 2 20.042540617290417 0

0 3 20.039455769099977 0
1 3 20.43692197002489 1
2 3 20.456596518913205 1
3 3 20.448396425312982 1


# 20.0 20.0 0.46096602346725746
0 0 20.001856249842312 0
1 0 20.02303064391257 0
2 0 20.04568486314093 0
3 0 20.493578619540237 1

0 1 20.043176171316613 0
1 1 20.4741558452037 1
2 1 20.499256179779277 1
3 1 20.51402995548095 1

0 2 20.46306532251779 1
1 2 20.07503709326416 0
2 2 20.054258699305233 0
3 2 20.05295413232541 0

0 3 20.04883520892289 0
1 3 20.485536873137047 1
2 3 20.509277769091913 1
3 3 20.49900093681872 1


# 20.0 20.0 0.5140299554809502
0 0 20.00258390663074 0
1 0 20.028332452247945 0
2 0 20.05602010590782 0
3 0 20.542650389973453 1

0 1 20.052640433013543 0
1 1 20.51925955853358 1
2 1 20.549014702980603 1
3 1 20.566176128054103 1

0 2 20.505734731794448 1
1 2 20.090212791140726 0
2 2 20.066071794485048 0
3 2 20.064305045080037 0

0 3 20.058972400660842 0
1 3 20.533045879996013 1
2 3 20.56106552612565 1
3 3 20.548541349947715 1


# 20.0 20.0 0.5661761280541029
0 0 20.003462560615173 0
1 0 20.03408739595421 0
2 0 20.06717629132659 0
3 0 20.590715204966976 1

0 1 20.062771017038294 0
1 1 20.563168130609334 1
2 1 20.597813105371234 1
3 1 20.61743073094085 1

0 2 20.54703734756516 1
1 2 20.106394454997837 0
2 2 20.07885528592866 0
3 2 20.07654216158848 0

0 3 20.069810392967785 0
1 3 20.579505197525275 1
2 3 20.61198359602919 1
3 3 20.59705617044101 1


# 20.0 20.0 0.6174307309408498
0 0 20.004500209388937 0
1 0 20.04027386090003 0
2 0 20.079100513145733 0
3 0 20.637807832517204 1

0 1 20.07351110257345 0
1 1 20.605951970626197 1
2 1 20.64569413832111 1
3 1 20.667819169830455 1

0 2 20.587058370373892 1
1 2 20.123503971051388 0
2 2 20.092562918607968 0
3 2 20.08961664990832 0

0 3 20.081295981635733 0
1 3 20.62496738181381 1
2 3 20.662055322646317 1
3 3 20.64458221197579 1


# 20.0 20.0 0.6678191698304552
0 0 20.005703621412618 0
1 0 20.046871432004444 0
2 0 20.091742772427725 0
3 0 20.683961493853683 1

0 1 20.084808203814315 0
1 1 20.647676808978435 1
2 1 20.692698439719834 1
3 1 20.717366083699357 1

0 2 20.625877216696207 1
1 2 20.14146879235408 0
2 2 20.107149968970326 0
3 2 20.103481929787915 0

0 3 20.093379461478968 0
1 3 20.669481594695384 1
2 3 20.71130356440287 1
3 3 20.691154678274952 1


# 20.0 20.0 0.717366083699357
0 0 20.00707844667159 0
1 0 20.05386080819719 0
2 0 20.10505582488701 0
3 0 20.729207942977986 1

0 1 20.096613848922267 0
1 1 20.68840402481779 1
2 1 20.738864625441774 1
3 1 20.766095362162478 1

0 2 20.66356791882803 1
1 2 20.160221532408823 0
2 2 20.122573230284246 0
3 2 20.118093567985483 0

0 3 20.106014395028005 0
1 3 20.713093841620253 1
2 3 20.7597506757001 1
3 3 20.736807240781282 1


# 20.0 20.0 0.7660953621624778
0 0 20.008629318476846 0
1 0 20.061223724271088 0
2 0 20.118995035754047 0
3 0 20.77357754180578 1

0 1 20.108883282413004 0
1 1 20.72819094960095 1
2 1 20.78422937835419 1
3 1 20.8140301628094 1

0 2 20.70019949675545 1
1 2 20.17969958907233 0
2 2 20.138790993763948 0
3 2 20.133409178898347 0

0 3 20.119157396867504 0
1 3 20.75584719221188 1
2 3 20.807418492441784 1
3 3 20.781572112169236 1


# 20.0 20.0 0.8140301628093987
0 0 20.01035994709189 0
1 0 20.068942879041064 0
2 0 20.13351824184279 0
3 0 20.817099331156598 1

0 1 20.121575189273038 0
1 1 20.76709114844899 1
2 1 20.828827534755572 1
3 1 20.86119292850913 1

0 2 20.735836303994276 1
1 2 20.19984479645789 0
2 2 20.155763026093922 0
3 2 20.149388330185882 0

0 3 20.132767932534748 0
1 3 20.797781984796195 1
2 3 20.85432832123594 1
3 3 20.825480115948206 1


# 20.0 20.0 0.86119292850913
0 0 20.01227320581635 0
1 0 20.077001869274635 0
2 0 20.148585620507635 0
3 0 20.859801097823162 1

0 1 20.134651439222687 0
1 1 20.80515468099997 1
2 1 20.872692168160633 1
3 1 20.907605404665784 1

0 2 20.7705383492451 1
1 2 20.220603102721533 0
2 2 20.173450543909063 0
3 2 20.16599245309235 0

0 3 20.14680813097199 0
1 3 20.838936016093907 1
2 3 20.900500931855444 1
3 3 20.868560752393446 1


# 20.0 20.0 0.9076054046657838
0 0 20.01437121010893 0
1 0 20.0853851289045 0
2 0 20.164159565184974 0
3 0 20.901709437939736 1

0 1 20.14807684965958 0
1 1 20.842428343305325 1
2 1 20.915854670373704 1
3 1 20.95328865640669 1

0 2 20.804361595577042 1
1 2 20.241924271777524 0
2 2 20.191816185726616 0
3 2 20.18318475719679 0

0 3 20.16124260959705 0
1 3 20.879344717176725 1
2 3 20.945956552581077 1
3 3 20.910842261024616 1


# 20.0 20.0 0.9532886564066914
0 0 20.016655390287777 0
1 0 20.094077873075847 0
2 0 20.18020456722388 0
3 0 20.94284981685747 1

0 1 20.16181896592392 0
1 1 20.87895589220048 1
2 1 20.958344829814457 1
3 1 20.998263085684034 1

0 2 20.83735823873039 1
1 2 20.263761607138214 0
2 2 20.210823981772503 0
3 2 20.2009301493363 0

0 3 20.17603831112244 0
1 3 20.919041316705403 1
2 3 20.9907148680867 1
3 3 20.952351679836806 1


# 20.0 20.0 0.9982630856840338
0 0 20.019126558305416 0
1 0 20.103066046619418 0
2 0 20.19668710371997 0
3 0 20.98324662572345 1

0 1 20.17584785762595 0
1 1 20.914778253469233 1
2 1 21.000190907079112 1
3 1 21.04254844827097 1

0 2 20.86957696601435 1
1 2 20.286071696211117 0
2 2 20.230439322095982 0
3 2 20.219195156466622 0

0 3 20.19116435131467 0
1 3 20.958056992391125 1
2 3 21.034795019558945 1
3 3 20.99311490147499 1


# 20.0 20.0 1.0425484482709706
0 0 20.021784969057364 0
1 0 20.11233627657636 0
2 0 20.213575531076277 0
3 0 21.022923234949573 1

0 1 20.190135929868152 0
1 1 20.949933715019526 1
2 1 21.041419707736868 1
3 1 21.086163870633428 1

0 2 20.901063197170473 1
1 2 20.30881417351311 0
2 2 20.250628923322683 0
3 2 20.237947852240197 0

0 3 20.20659187694208 0
1 3 20.99642101155087 1
2 3 21.078215606773654 1
3 3 21.033156726530056 1


# 20.0 20.0 1.0861638706334276
0 0 20.024630376648634 0
1 0 20.121875828433087 0
2 0 20.230839984024506 0
3 0 21.061902044747285 1

0 1 20.204657748279754 0
1 1 20.92445810619414 0
2 1 21.081336652375594 1
3 1 21.12911922665918 1

0 2 20.93185930847413 1
1 2 20.331231501378983 0
2 2 20.271343514356417 0
3 2 20.257157476056655 0

0 3 20.222293933212466 0
1 3 21.034152221562113 1
2 3 21.120994380838543 1
3 3 21.072500906657716 1


# 20.0 20.0 1.1291192266591814
0 0 20.027662086009837 0
1 0 20.13095256575364 0
2 0 20.248434999849994 0
3 0 21.100204221854494 1

0 1 20.21866987686014 0
1 1 20.901230404253244 0
2 1 21.060034030802992 0
3 1 21.110704967884065 0

0 2 20.961987561255636 1
1 2 20.35335695372992 0
2 2 20.291817539764445 0
3 2 20.27605714303395 0

0 3 20.23824502901063 0
1 3 21.071268984619454 1
2 3 21.163139666015823 1
3 3 21.111161235726634 1


# 20.0 20.0 1.163139666015823
0 0 20.03086172022485 0
1 0 20.139618883483923 0
2 0 20.265599015489993 0
3 0 21.13711251766822 1

0 1 20.23221469826082 0
1 1 20.87939403964442 0
2 1 21.039722584077843 0
3 1 21.093490066170293 0

0 2 20.931469883854916 0
1 2 20.374483225325484 0
2 2 20.31205112927719 0
3 2 20.29466317220061 0

0 3 20.25370107438794 0
1 3 21.107771574854187 1
2 3 21.204659607321453 1
3 3 21.14915130459474 1


# 20.0 20.0 1.204659607321453
0 0 20.034212701277692 0
1 0 20.147905359454544 0
2 0 20.282340742373822 0
3 0 21.172686436734693 1

0 1 20.24460260043119 0
1 1 20.858863690972957 0
2 1 21.020376847587638 0
3 1 21.077416200869415 0

0 2 20.902821591534746 0
1 2 20.39468612634953 0
2 2 20.332045304113397 0
3 2 20.312990672683117 0

0 3 20.268694953706643 0
1 3 21.14366165695884 1
2 3 21.245562203001956 1
3 3 21.18648449213755 1


# 20.0 20.0 1.2455622030019562
0 0 20.037691139550326 0
1 0 20.155840081232217 0
2 0 20.298669271580778 0
3 0 21.206982750681647 1

0 1 20.255921808277776 0
1 1 20.83956013216762 0
2 1 21.001971049808205 0
3 1 21.062428054110974 0

0 2 20.875934719350294 0
1 2 20.414035614035836 0
2 2 20.3518018439903 0
3 2 20.331053637113293 0

0 3 20.283257091888913 0
1 3 21.17894212627369 1
2 3 21.285855332024692 1
3 3 21.223173958050253 1


# 20.0 20.0 1.285855332024692
0 0 20.041275401200632 0
1 0 20.163448855479853 0
2 0 20.31459399404602 0
3 0 21.24005563623499 1

0 1 20.26625433536273 0
1 1 20.821409764079814 0
2 1 20.984479243292135 0
3 1 21.048473138038 0

0 2 20.850708025633033 0
1 2 20.432596245681836 0
2 2 20.37132316897611 0
3 2 20.348865027535307 0

0 3 20.297415638403795 0
1 3 21.213616963563517 1
2 3 21.325546777166732 1
3 3 21.25923263721687 1


# 20.0 20.0 1.325546777166732
0 0 20.04494592504752 0
1 0 20.17075539974778 0
2 0 20.33012452964739 0
3 0 21.271956805342757 1

0 1 20.275676417854623 0
1 1 20.8043441830829 0
2 1 20.967875419851044 0
3 1 21.035501633273153 0

0 2 20.827046548179727 0
1 2 20.450427596254734 0
2 2 20.39061223471495 0
3 2 20.366436854441282 0

0 3 20.311196637562176 0
1 3 21.24769110322565 1
2 3 21.36464424422762 1
3 3 21.294673235461087 1


# 20.0 20.0 1.3646442442276197
0 0 20.04868505355704 0
1 0 20.17778151815382 0
2 0 20.34527066432237 0
3 0 21.302735627921564 1

0 1 20.284258917722564 0
1 1 20.788299783718706 0
2 1 20.952133611490545 0
3 1 21.023466237801923 0

0 2 20.804861190974652 0
1 2 20.467584643386115 0
2 2 20.409672439691178 0
3 2 20.3837802495102 0

0 3 20.32462418614034 0
1 3 21.22117031377522 0
2 3 21.40243537783719 1
3 3 21.329499586512657 1


# 20.0 20.0 1.4024353778371896
0 0 20.052476876859505 0
1 0 20.184547262290167 0
2 0 20.360042294441257 0
3 0 21.332439247703306 1

0 1 20.29206769739685 0
1 1 20.773217392674972 0
2 1 20.93722797851431 0
3 1 21.012322025522977 0

0 2 20.784068339276796 0
1 2 20.483398122328598 0
2 2 20.428490263324285 0
3 2 20.40090522153509 0

0 3 20.337000579275912 0
1 3 21.196555169549963 0
2 3 21.37898763220067 0
3 3 21.302996315643032 0


# 20.0 20.0 1.4024353778371896
0 0 20.056307088808808 0
1 0 20.19107107858508 0
2 0 20.374449377732358 0
3 0 21.36111269162505 1

0 1 20.29916396795531 0
1 1 20.759033291595173 0
2 1 20.923132575043724 0
3 1 21.002026306309457 0

0 2 20.76457222106189 0
1 2 20.4979788238032 0
2 2 20.446334781715713 0
3 2 20.417083491074635 0

0 3 20.34840208710932 0
1 3 21.173004274946223 0
2 3 21.356138176115902 0
3 3 21.277367108286168 0


# 20.0 20.0 1.4024353778371896
0 0 20.060162854170176 0
1 0 20.197369839566477 0
2 0 20.38850188514242 0
3 0 21.38879897302397 1

0 1 20.305604301703113 0
1 1 20.745688720080004 0
2 1 20.909812831760597 0
3 1 20.99252954499477 0

0 2 20.74628401032868 0
1 2 20.511411581705495 0
2 2 20.463244065161238 0
3 2 20.432363673070807 0

0 3 20.358891071396684 0
1 3 21.150455385349098 0
2 3 21.333873171424592 0
3 3 21.25257673452181 0


# 20.0 20.0 1.4024353778371896
0 0 20.064032681115286 0
1 0 20.20345898574074 0
2 0 20.402209655452744 0
3 0 21.415539080400478 1

0 1 20.31144098596987 0
1 1 20.733129154138283 0
2 1 20.897235164873052 0
3 1 20.98378495912512 0

0 2 20.72912100556374 0
1 2 20.52377522110618 0
2 2 20.479255316799193 0
3 2 20.446791802927187 0

0 3 20.368525909517356 0
1 3 21.128850350789012 0
2 3 21.31217868705008 0
3 3 21.228591617958752 0


# 20.0 20.0 1.4155390804004782
0 0 20.06790630425566 0
1 0 20.20935264970579 0
2 0 20.41558237266348 0
3 0 21.441372081487525 1

0 1 20.316722342126628 0
1 1 20.721303979273383 0
2 1 20.88536699649348 0
3 1 20.975748361412762 0

0 2 20.713006205003065 0
1 2 20.53514300071546 0
2 2 20.494404827439066 0
3 2 20.460411484885974 0

0 3 20.377361255444235 0
1 3 21.10813483137439 0
2 3 21.29104075751524 0
3 3 21.205379746621052 0


# 20.0 20.0 1.4413720814875255
0 0 20.071774577204447 0
1 0 20.21506376956784 0
2 0 20.4286295471822 0
3 0 21.466335221457115 1

0 1 20.32149302089508 0
1 1 20.710166189720322 0
2 1 20.874176767770845 0
3 1 20.968378011922795 0

0 2 20.697867911717594 0
1 2 20.545583021804134 0
2 2 20.508727940105704 0
3 2 20.473264030904556 0

0 3 20.385448283165346 0
1 3 21.088258033206483 0
2 3 21.2704454343388 0
3 3 21.182910589325616 0


# 20.0 20.0 1.4663352214571148
0 0 20.075629373910644 0
1 0 20.22060419257575 0
2 0 20.441360500382192 0
3 0 21.49046401563232 1

0 1 20.32579427572167 0
1 1 20.699672111708214 0
2 1 20.863633945687273 0
3 1 20.961634479328726 0

0 2 20.68363936639375 0
1 2 20.555158606174505 0
2 2 20.522259023185892 0
3 2 20.48538859070865 0

0 3 20.392834913766595 0
1 3 21.06917246326317 0
2 3 21.250378831005868 0
3 3 21.16115501717047 0


# 20.0 20.0 1.4904640156323197
0 0 20.07946349806943 0
1 0 20.225984769809486 0
2 0 20.45378435213969 0
3 0 21.513792337047178 1

0 1 20.329664215855416 0
1 1 20.68978114879654 0
2 1 20.853709024335693 0
3 1 20.955480510622017 0

0 2 20.67025840583477 0
1 2 20.563928645571092 0
2 2 20.535031451172426 0
3 2 20.496822273646465 0

0 3 20.399566027300175 0
1 3 21.050833701852643 0
2 3 21.230827162145967 0
3 3 21.140085229781842 0


# 20.0 20.0 1.5137923370471782
0 0 20.08327059996691 0
1 0 20.231215442688324 0
2 0 20.465910010998677 0
3 0 21.536352499172928 1

0 1 20.333138040644666 0
1 1 20.680455547493185 0
2 1 20.844373521411015 0
3 1 20.949880908706657 0

0 2 20.6576671453519 0
1 2 20.571947924734122 0
2 2 20.5470775920994 0
3 2 20.50760026292037 0

0 3 20.405683660483824 0
1 3 21.033200191343198 0
2 3 21.21177677749453 0
3 3 21.119674685994674 0


# 20.0 20.0 1.5363524991729278
0 0 20.087045100168098 0
1 0 20.236305321999335 0
2 0 20.47774616664773 0
3 0 21.558175334106956 1

0 1 20.33624825645375 0
1 1 20.671660181508692 0
2 1 20.835599970570836 0
3 1 20.944802417352154 0

0 2 20.645811683347183 0
1 2 20.579267420126467 0
2 2 20.558428800851974 0
3 2 20.5177559227281 0

0 3 20.41122719120269 0
1 3 21.01623303997267 0
2 3 21.193214191161594 0
3 3 21.099898038665543 0


# 20.0 20.0 1.5581753341069557
0 0 20.090782119503483 0
1 0 20.24126276008728 0
2 0 20.489301284425707 0
3 0 21.57929026650044 1

0 1 20.339024877495007 0
1 1 20.66336235313563 0
2 1 20.827361910252623 0
3 1 20.940213613017136 0

0 2 20.634641826512492 0
1 2 20.585934576206068 0
2 2 20.56911541761526 0
3 2 20.527320898805094 0

0 3 20.416233510717216 0
1 3 20.999895839630835 0
2 3 21.17512610668375 0
3 3 21.08073107333945 0


# 20.0 20.0 1.5792902665004398
0 0 20.094477414852346 0
1 0 20.246095416792578 0
2 0 20.500583601602376 0
3 0 21.599725383481857 1

0 1 20.34149561177422 0
1 1 20.655531610365426 0
2 1 20.8196338694717 0
3 1 20.93608480309152 0

0 2 20.624110834183337 0
1 2 20.591993560969716 0
2 2 20.579166770800892 0
3 2 20.536325212822064 0

0 3 20.420737184417167 0
1 3 20.984154496591188 0
2 3 21.157499438291808 0
3 3 21.062150650512596 0


# 20.0 20.0 1.5997253834818572
0 0 20.098127320260463 0
1 0 20.250810319674027 0
2 0 20.511601125206607 0
3 0 21.619507500816088 1

0 1 20.343686033257413 0
1 1 20.64813957846836 0
2 1 20.81239135106787 0
3 1 20.932387930138148 0

0 2 20.61417518049137 0
1 2 20.59748550235939 0
2 2 20.588611183856944 0
3 2 20.54479735105763 0

0 3 20.42477060190314 0
1 3 20.96897707424501 0
2 3 21.140321328786925 0
3 3 21.04413465125228 0


# 20.0 20.0 1.6195075008160877
0 0 20.101728692966265 0
1 0 20.255413919007413 0
2 0 20.522361631198624 0
3 0 21.63866222552275 1

0 1 20.345619741283713 0
1 1 20.6411598048665 0
2 1 20.805610812817335 0
3 1 20.92909648174512 0

0 2 20.604794333057285 0
1 2 20.602448706998448 0
2 2 20.597475985427735 0
3 2 20.55276434773431 0

0 3 20.428364117122257 0
1 3 20.95433364696161 0
2 3 21.123579164381574 0
3 3 21.026661925952588 0


# 20.0 20.0 1.6386622255227508
0 0 20.105278863942974 0
1 0 20.2599121380092 0
2 0 20.532872664804472 0
3 0 21.657214015162527 1

0 1 20.347318508172197 0
1 1 20.634567616224874 0
2 1 20.79926964678053 0
3 1 20.926185405627955 0

0 2 20.595930547056394 0
1 2 20.60691886261057 0
2 2 20.605787522385288 0
3 2 20.560251863377058 0

0 3 20.431546179234072 0
1 3 20.940196164263938 0
2 3 21.10726058682877 0
3 3 21.009712246020765 0


# 20.0 20.0 1.657214015162527
0 0 20.108775592595205 0
1 0 20.264310418696308 0
2 0 20.543141541850357 0
3 0 21.675186233986416 1

0 1 20.34880241589948 0
1 1 20.628339986773923 0
2 1 20.793346157214714 0
3 1 20.92363102964652 0

0 2 20.587548673572954 0
1 2 20.610929225369215 0
2 2 20.613571175304273 0
3 2 20.56728425852688 0

0 3 20.434343454835687 0
1 3 20.926538324569258 0
2 3 21.09135350313269 0
3 3 20.993266258303933 0


# 20.0 20.0 1.675186233986416
0 0 20.112217025276927 0
1 0 20.268613763757877 0
2 0 20.55317535095215 0
3 0 21.69260120613009 1

0 1 20.35008998265919 0
1 1 20.622455416956786 0
2 1 20.787819537342724 0
3 1 20.92141098642536 0

0 2 20.579615981237257 0
1 2 20.614510793328304 0
2 2 20.620851375997635 0
3 2 20.57388466311747 0

0 3 20.436780942131282 0
1 3 20.913335457800457 0
2 3 21.075846093106342 0
3 3 20.97730544207968 0


# 20.0 20.0 1.6926012061300888
0 0 20.11560165732396 0
1 0 20.27282677478284 0
2 0 20.562980956431225 0
3 0 21.709480266023686 1

0 1 20.35119828005372 0
1 1 20.61689382156895 0
2 1 20.78266984523535 0
3 1 20.919504142288012 0

0 2 20.57210199021145 0
1 2 20.617692466995486 0
2 2 20.627651626771204 0
3 2 20.580075041800203 0

0 3 20.438882077590698 0
1 3 20.900564416225148 0
2 3 21.06072681501679 0
3 3 20.961812068446616 0


# 20.0 20.0 1.7094802660236859
0 0 20.118928298318338 0
1 0 20.276953687157782 0
2 0 20.572565001842115 0
3 0 21.725843806176396 1

0 1 20.35214304161265 0
1 1 20.611636426625655 0
2 1 20.77787797903438 0
3 1 20.917890530236047 0

0 2 20.564978317656955 0
1 2 20.62050119802705 0
2 2 20.633994521092728 0
3 2 20.5858762554819 0

0 3 20.44066883560402 0
1 3 20.888203472927465 0
2 3 21.045984409535684 0
3 3 20.94676916196275 0


# 20.0 20.0 1.725843806176396
0 0 20.122196040324123 0
1 0 20.28099840192266 0
2 0 20.581933914010346 0
3 0 21.741711322485003 1

0 1 20.3529387632802 0
1 1 20.606665674254796 0
2 1 20.773425651715854 0
3 1 20.916551286722328 0

0 2 20.558218533878296 0
1 2 20.62296212694759 0
2 2 20.63990176540445 0
3 2 20.591308119320733 0

0 3 20.442161821603943 0
1 3 20.87623222736156 0
2 3 21.03160790219193 0
3 3 20.932160464390243 0


# 20.0 20.0 1.7417113224850027
0 0 20.12540422885489 0
1 0 20.28496451484735 0
2 0 20.59109390749049 0
3 0 21.757101457206097 1

0 1 20.353598796466287 0
1 1 20.60196513497029 0
2 1 20.769295365568542 0
3 1 20.915468591985135 0

0 2 20.551798028395623 0
1 2 20.62509871072769 0
2 2 20.64539420183874 0
3 2 20.59638945740783 0

0 3 20.443380359095286 0
1 3 20.864631517476553 0
2 3 21.017586604504334 0
3 3 20.91797040041514 0


# 20.0 20.0 1.7571014572060975
0 0 20.128552436351878 0
1 0 20.288855342969512 0
2 0 20.600050989364817 0
3 0 21.772032039722877 1

0 1 20.354135434211315 0
1 1 20.59751942673344 0
2 1 20.76547038654032 0
3 1 20.91462561372581 0

0 2 20.545693885251417 0
1 2 20.626932840988363 0
2 2 20.65049183162377 0
3 2 20.60113815434588 0

0 3 20.444342571000593 0
1 3 20.853383337940457 0
2 3 21.003910113954905 0
3 3 20.904184045219804 0


# 20.0 20.0 1.7720320397228768
0 0 20.13164043796938 0
1 0 20.292673948813604 0
2 0 20.608810964312415 0
3 0 21.786520125229313 1

0 1 20.35455999097389 0
1 1 20.59331414025803 0
2 1 20.761934718585422 0
3 1 20.914006453927254 0

0 2 20.53988476690641 0
1 2 20.628484953541665 0
2 2 20.655213838990964 0
3 2 20.60557120392101 0

0 3 20.445065455702736 0
1 3 20.84247076402535 0
2 3 20.990568312947634 0
3 3 20.890787093794316 0


# 20.0 20.0 1.7865201252293126
0 0 20.13466818947993 0
1 0 20.296423162492037 0
2 0 20.617379439886975 0
3 0 21.80058203144683 1

0 1 20.35488287651272 0
1 1 20.589335770059225 0
2 1 20.758673078127696 0
3 1 20.913596098624254 0

0 2 20.534350806125428 0
1 2 20.629774129922076 0
2 2 20.65957861541842 0
3 2 20.60970475505037 0

0 3 20.445564958139247 0
1 3 20.831877880748394 0
2 3 20.977551366883368 0
3 3 20.877765831880925 0


# 20.0 20.0 1.8005820314468295
0 0 20.13763580712671 0
1 0 20.300105601872247 0
2 0 20.625761831949085 0
3 0 21.814233373481624 1

0 1 20.35511366429892 0
1 1 20.585571650787035 0
2 1 20.755670868738914 0
3 1 20.913380370449286 0

0 2 20.529073505296484 0
1 2 20.63081819151282 0
2 2 20.66360378406456 0
3 2 20.61355415517499 0

0 3 20.445856036278773 0
1 3 20.82158971689306 0
2 3 20.96484972146833 0
3 3 20.865107108452932 0


# 20.0 20.0 1.814233373481624
0 0 20.1405435492642 0
1 0 20.303723690977616 0
2 0 20.6339633702056 0
3 0 21.827489096924143 1

0 1 20.355261154862536 0
1 1 20.58200989842236 0
2 1 20.752914156117146 0
3 1 20.91334588378901 0

0 2 20.524035642665883 0
1 2 20.631633786824754 0
2 2 20.667306224264482 0
3 2 20.61713399125572 0

0 3 20.445952723287444 0
1 3 20.81159218356252 0
2 3 20.95245409936202 0
3 3 20.85279830963604 0


# 20.0 20.0 1.8274890969241433
0 0 20.14339179964077 0
1 0 20.30727967677578 0
2 0 20.64198910381477 0
3 0 21.84036350928612 1

0 1 20.355333434447058 0
1 1 20.578639355948063 0
2 1 20.75038964343732 0
3 1 20.91348000239762 0

0 2 20.519221185008625 0
1 2 20.63223647244257 0
2 2 20.67070209597776 0
3 2 20.620458128519118 0

0 3 20.44586818567195 0
1 3 20.801872016942614 0
2 3 20.940355496259492 0
3 3 20.840827333986486 0


# 20.0 20.0 1.8403635092861208
0 0 20.14618105218838 0
1 0 20.310775644494612 0
2 0 20.649843907021165 0
3 0 21.852870309864844 1

0 1 20.355337929318022 0
1 1 20.575449543138866 0
2 1 20.748084647134753 0
3 1 20.913770799323146 0

0 2 20.514615206287452 0
1 2 20.632640788113488 0
2 2 20.673806864091148 0
3 2 20.623539747090124 0

0 3 20.44561477766652 0
1 3 20.7924167249755 0
2 3 20.92854517649323 0
3 3 20.829182569045972 0


# 20.0 20.0 1.8528703098648442
0 0 20.148911897195347 0
1 0 20.314213531594103 0
2 0 20.6575324847894 0
3 0 21.86502261811906 1

0 1 20.355281456046125 0
1 1 20.572430610142863 0
2 1 20.745987073172444 0
3 1 20.914207019012153 0

0 2 20.510203811885294 0
1 2 20.632860326417177 0
2 2 20.67663532249285 0
3 2 20.62639137663895 0

0 3 20.445204092112856 0
1 3 20.783214537666808 0
2 3 20.917014668230983 0
3 3 20.817852869098758 0


# 20.0 20.0 1.8650226181190597
0 0 20.151585008747997 0
1 0 20.31759514051131 0
2 0 20.66505937840988 0
3 0 21.876833000635838 1

0 1 20.355170268061503 0
1 1 20.569573294553955 0
2 1 20.744085393833792 0
3 1 20.914778041466946 0

0 2 20.50597406802521 0
1 2 20.632907797422018 0
2 2 20.6792016178467 0
3 2 20.629024929161062 0

0 3 20.444647008065097 0
1 3 20.77425436076942 0
2 3 20.90575575833786 0
3 3 20.80682753406119 0


# 20.0 20.0 1.8768330006358376
0 0 20.154201133335942 0
1 0 20.320922150285433 0
2 0 20.672428971053726 0
3 0 21.888313496763196 1

0 1 20.3550100987539 0
1 1 20.566868881698905 0
2 1 20.742368625074565 0
3 1 20.91547384833732 0

0 2 20.501913936019044 0
1 2 20.63279508870177 0
2 2 20.681519273005364 0
3 2 20.631451730001142 0

0 3 20.443953735336216 0
1 3 20.765525732605614 0
2 3 20.894760486963737 0
3 3 20.796096289438562 0


# 20.0 20.0 1.888313496763196
0 0 20.15676107952432 0
1 0 20.324196127160768 0
2 0 20.679645493257453 0
3 0 21.899475642978857 1

0 1 20.354806201373144 0
1 1 20.56430916788508 0
2 1 20.74082630446081 0
3 1 20.91628499083644 0

0 2 20.498012211011176 0
1 2 20.632533321058173 0
2 2 20.683601210010913 0
3 2 20.633682547224524 0

0 3 20.44313385618751 0
1 3 20.75701878380669 0
2 3 20.884021141910335 0
3 3 20.78564926728839 0


# 20.0 20.0 1.8994756429788566
0 0 20.15926570860385 0
1 0 20.32741853425697 0
2 0 20.686713028321 0
3 0 21.91033049606151 1

0 1 20.354563385965474 0
1 1 20.561886426375494 0
2 1 20.739448469713217 0
3 1 20.9172025593773 0

0 2 20.49425846490724 0
1 2 20.632132900268584 0
2 2 20.68545977263979 0
3 2 20.63572761943276 0

0 3 20.44219636434933 0
1 3 20.748724199765146 0
2 3 20.87353025282642 0
3 3 20.77547698813312 0


# 20.0 20.0 1.9103304960615084
0 0 20.161715926136782 0
1 0 20.33059074038818 0
2 0 20.693635517605475 0
3 0 21.920888655127087 1

0 1 20.354286053563957 0
1 1 20.559593375876677 0
2 1 20.738225637872972 0
3 1 20.918218154832648 0

0 2 20.49064299319932 0
1 2 20.631603565153462 0
2 2 20.687106748456507 0
3 2 20.637596682113653 0

0 3 20.441149701548326 0
1 3 20.740633185609347 0
2 3 20.863280585274097 0
3 3 20.76557034376898 0


# 20.0 20.0 1.9208886551270865
0 0 20.164112674323285 0
1 0 20.33371402810554 0
2 0 20.700416765719314 0
3 0 21.931160282589136 1

0 1 20.35397822783506 0
1 1 20.5574231513422 0
2 1 20.737148785099276 0
3 1 20.9193238613273 0

0 2 20.48715676541939 0
1 2 20.630954432236024 0
2 2 20.688553390347273 0
3 2 20.6392989926102 0

0 3 20.44000179170493 0
1 3 20.732737433524335 0
2 3 20.853265134704273 0
3 3 20.75592058092107 0


# 20.0 20.0 1.9311602825891363
0 0 20.166456925118933 0
1 0 20.336789601031274 0
2 0 20.70706044558374 0
3 0 21.94115512409886 1

0 1 20.353643584368555 0
1 1 20.555369276910596 0
2 1 20.736209327104536 0
3 1 20.920512220477317 0

0 2 20.48379137897149 0
1 2 20.63019403724574 0
2 2 20.68981043751058 0
3 2 20.64084335378748 0

0 3 20.438760072953503 0
1 3 20.725029092255156 0
2 3 20.843477120374935 0
3 3 20.74651928569786 0


# 20.0 20.0 1.9411551240988594
0 0 20.16874967403945 0
1 0 20.339818590546365 0
2 0 20.71357010337022 0
3 0 21.95088252751747 1

0 1 20.353285477784134 0
1 1 20.553425640811056 0
2 1 20.73539910022955 0
3 1 20.921776206995684 0

0 2 20.480539016110487 0
1 2 20.629330373698192 0
2 2 20.690888135887153 0
3 2 20.642238136471377 0

0 3 20.437431527627563 0
1 3 20.717500738640847 0
2 3 20.8339099792419 0
3 3 20.737358368801296 0


# 20.0 20.0 1.9508825275174715
0 0 20.170991934593996 0
1 0 20.342802061888722 0
2 0 20.7199491633043 0
3 0 21.960351460970443 1

0 1 20.352906966815386 0
1 1 20.55158647208371 0
2 1 20.734710343157783 0
3 1 20.92310920558906 0

0 2 20.47739240385154 0
1 2 20.628370928766238 0
2 2 20.69179625801622 0
3 2 20.64349130072846 0

0 3 20.43602271034288 0
1 3 20.710145351038143 0
2 3 20.824557359848008 0
3 3 20.728430051451365 0


# 20.0 20.0 1.9603514609704433
0 0 20.173184733293063 0
1 0 20.345741019713568 0
2 0 20.726200932331622 0
3 0 21.969570530030555 1

0 1 20.35251083751988 0
1 1 20.549846318973582 0
2 1 20.734135679265137 0
3 1 20.92450498907461 0

0 2 20.47434477660932 0
1 2 20.627322716641107 0
2 2 20.692544122309233 0
3 2 20.644610416051886 0

0 3 20.434539774302305 0
1 3 20.702956284504037 0
2 3 20.815413116233568 0
3 3 20.719726851986543 0


# 20.0 20.0 1.9695705300305555
0 0 20.175329105181312 0
1 0 20.348636413163437 0
2 0 20.732328604643204 0
3 0 21.97854799407407 1

0 1 20.352099624753215 0
1 1 20.548200028868724 0
2 1 20.73366809959916 0
3 1 20.925957697650176 0

0 2 20.471389841380088 0
1 2 20.626192309567077 0
2 2 20.69314061173581 0
3 2 20.645602680514177 0

0 3 20.43298849593803 0
1 3 20.69592724761573 0
2 3 20.806471301887814 0
3 3 20.71124157310385 0


# 20.0 20.0 1.97854799407407
0 0 20.177426089849785 0
1 0 20.351489140490912 0
2 0 20.738335266058158 0
3 0 21.987291781851905 1

0 1 20.351675632034762 0
1 1 20.54664272966333 0
2 1 20.73330094647969 0
3 1 20.92746181925502 0

0 2 20.468521745292602 0
1 2 20.62498586671955 0
2 2 20.693594191919708 0
3 2 20.646474938943925 0

0 3 20.43137429799916 0
1 3 20.68905228081515 0
2 3 20.79772616375859 0
3 3 20.702967289704542 0


# 20.0 20.0 1.987291781851905
0 0 20.1794767278855 0
1 0 20.354300053273576 0
2 0 20.744223898262977 0
3 0 21.995809506315453 1

0 1 20.3512409499234 0
1 1 20.545169812436242 0
2 1 20.733027897711153 0
3 1 20.929012170961954 0

0 2 20.465735045366017 0
1 2 20.623709161083454 0
2 2 20.693912928645528 0
3 2 20.647233700180024 0

0 3 20.429702271185363 0
1 3 20.682325736173244 0
2 3 20.789172136335008 0
3 3 20.69489733731336 0


# 20.0 20.0 1.995809506315453
0 0 20.181482057719986 0
1 0 20.357069960257117 0
2 0 20.749997382907335 0
3 0 22.00410847873453 1

0 1 20.350797473012886 0
1 1 20.54377691534408 0
2 1 20.732842951395323 0
3 1 20.93060388134527 0

0 2 20.463024680324025 0
1 2 20.62236760447729 0
2 2 20.694104504779194 0
3 2 20.647885153453718 0

0 3 20.427977194420656 0
1 3 20.675742258476763 0
2 3 20.78080383581577 0
3 3 20.687025301041313 0


# 20.0 20.0 2.00410847873453
0 0 20.183443112841307 0
1 0 20.35979963085943 0
2 0 20.755658505557097 0
3 0 22.012195722142916 1

0 1 20.35034691564846 0
1 1 20.54245990863613 0
2 1 20.73274041133216 0
3 1 20.932232373771914 0

0 2 20.460385944324972 0
1 2 20.620966270856986 0
2 2 20.694176236607298 0
3 2 20.648435183945708 0

0 3 20.42620355385513 0
1 3 20.669296767547074 0
2 3 20.772616054373856 0
3 3 20.67934500506366 0


# 20.0 20.0 2.0121957221429163
0 0 20.185360919337114 0
1 0 20.3624897983657 0
2 0 20.761209959505788 0
3 0 22.020077984145104 1

0 1 20.3498908264588 0
1 1 20.54121488070576 0
2 1 20.732714872995306 0
3 1 20.933893350566528 0

0 2 20.457814462477376 0
1 2 20.6195099180239 0
2 2 20.694135089602213 0
3 2 20.648889387562775 0

0 3 20.42438556067664 0
1 3 20.66298444170699 0
2 3 20.76460375452663 0
3 3 20.67185050258644 0


# 20.0 20.0 2.0200779841451038
0 0 20.187236493738872 0
1 0 20.365141162841745 0
2 0 20.76665434944633 0
3 0 22.027761749116035 1

0 1 20.349430601790594 0
1 1 20.540038125099702 0
2 1 20.73276121006811 0
3 1 20.935582778003695 0

0 2 20.45530616801922 0
1 2 20.61800300785189 0
2 2 20.69398769362142 0
3 2 20.649253084975676 0

0 3 20.422527167808997 0
1 3 20.656800702317547 0
2 3 20.756762063618815 0
3 3 20.66453606627646 0


# 20.0 20.0 2.027761749116035
0 0 20.189070841139863 0
1 0 20.367754393790623 0
2 0 20.77199419500528 0
3 0 22.035253249823967 1

0 1 20.348967498126495 0
1 1 20.53892612841296 0
2 1 20.73287456152536 0
3 1 20.93729687208344 0

0 2 20.452857281047862 0
1 2 20.616449725139795 0
2 2 20.69374035755071 0
3 2 20.649531334957626 0

0 3 20.420632085568258 0
1 3 20.650741199312133 0
2 3 20.749086268424495 0
3 3 20.657396179131094 0


# 20.0 20.0 2.035253249823967
0 0 20.19086495356183 0
1 0 20.370330132575177 0
2 0 20.777231934142154 0
3 0 22.04255847850501 1

0 1 20.348502643561453 0
1 1 20.53787555900276 0
2 1 20.733050319245493 0
3 1 20.93903208504843 0

0 2 20.450464288695088 0
1 2 20.61485399518781 0
2 2 20.69339908340206 0
3 2 20.649728947060385 0

0 3 20.418703796343888 0
1 3 20.6448017976605 0
2 3 20.74157180987299 0
3 3 20.650425525765577 0


# 20.0 20.0 2.0425584785050113
0 0 20.192619808547246 0
1 0 20.372868994627325 0
2 0 20.782369926416717 0
3 0 22.049683197416414 1

0 1 20.348037048406812 0
1 1 20.536883256460236 0
2 1 20.73328411613764 0
3 1 20.94078509260377 0

0 2 20.448123926649156 0
1 2 20.61321950018886 0
2 2 20.69296957987788 0
3 2 20.649850493662814 0

0 3 20.416745568367222 0
1 3 20.638978564699908 0
2 3 20.734214277902446 0
3 3 20.6436189840968 0


# 20.0 20.0 2.049683197416414
0 0 20.194336367955955 0
1 0 20.37537157146297 0
2 0 20.787410456127418 0
3 0 22.056632948894197 1

0 1 20.34757161498651 0
1 1 20.535946221783455 0
2 1 20.733571814767743 0
3 1 20.94255278180231 0

0 2 20.445833161932402 0
1 2 20.611549694519315 0
2 2 20.692457275413968 0
3 2 20.649900321424735 0

0 3 20.41476046862559 0
1 3 20.63326775827508 0
2 3 20.727009406443972 0
3 3 20.63697161740374 0


# 20.0 20.0 2.0566329488941975
0 0 20.196015576946934 0
1 0 20.37783843251982 0
2 0 20.792355735324247 0
3 0 22.063413064939525 1

0 1 20.34710714668503 0
1 1 20.53506160819975 0
2 1 20.733909496467774 0
3 1 20.944332239560598 0

0 2 20.4435891768492 0
1 2 20.609847819007243 0
2 2 20.69186733071422 0
3 2 20.649882562177037 0

0 3 20.412751374976562 0
1 3 20.627665815632657 0
2 3 20.719953068538334 0
3 3 20.63047866674579 0


# 20.0 20.0 2.0634130649395246
0 0 20.197658363127303 0
1 0 20.380270126833803 0
2 0 20.797207906699523 0
3 0 22.070028676356824 1

0 1 20.346644356302374 0
1 1 20.534226712589497 0
2 1 20.734293450912087 0
3 1 20.946120741772404 0

0 2 20.44138935402497 0
1 2 20.60811691425043 0
2 2 20.69120465079047 0
3 2 20.649801143277305 0

0 3 20.410720987513297 0
1 3 20.62216934301971 0
2 3 20.713041271586395 0
3 3 20.62413554372131 0


# 20.0 20.0 2.0700286763568236
0 0 20.199265635852353 0
1 0 20.38266718456848 0
2 0 20.801969046360192 0
3 0 22.07648472146557 1

0 1 20.346183873767277 0
1 1 20.53343896746718 0
2 1 20.73472016614499 0
3 1 20.947915742988616 0

0 2 20.439231262462293 0
1 2 20.606359833051286 0
2 2 20.690473896521247 0
3 2 20.649659797458433 0

0 3 20.408671839228603 0
1 3 20.61677510593928 0
2 3 20.70627015273395 0
3 3 20.61793782354965 0


# 20.0 20.0 2.076484721465569
0 0 20.200838285661696 0
1 0 20.385030118410473 0
2 0 20.806641166485317 0
3 0 22.082785954406496 1

0 1 20.345726253256146 0
1 1 20.53269593347911 0
2 1 20.73518631904372 0
3 1 20.949714866633997 0

0 2 20.43711264454531 0
1 2 20.604579252030643 0
2 2 20.689679495743427 0
3 2 20.649462072196304 0

0 3 20.406606306022187 0
1 3 20.611480020019272 0
2 3 20.699635974390873 0
3 3 20.611881238460906 0


# 20.0 20.0 2.0827859544064964
0 0 20.202377183837875 0
1 0 20.38735942484286 0
2 0 20.811226217872452 0
3 0 22.08893695306194 1

0 1 20.345271979761737 0
1 1 20.531995292380262 0
2 1 20.735688766201182 0
3 1 20.951515895732882 0

0 2 20.435031403928182 0
1 2 20.602777682478024 0
2 2 20.688825653890937 0
3 2 20.649211338621075 0

0 3 20.40452661609276 0
1 3 20.606281142454 0
2 3 20.693135119884126 0
3 3 20.605961671378378 0


# 20.0 20.0 2.088936953061939
0 0 20.203883182074968 0
1 0 20.38965558530739 0
2 0 20.815726092376654 0
3 0 22.094942126609023 1

0 1 20.344821475152344 0
1 1 20.531334840455678 0
2 1 20.736224535213 0
3 1 20.953316764117417 0

0 2 20.432985594247874 0
1 2 20.60095748049166 0
2 2 20.68791636419469 0
3 2 20.648910799995274 0

0 3 20.402434858753843 0
1 3 20.601175663980488 0
2 3 20.686764089243635 0
3 3 20.60017514987962 0


# 20.0 20.0 2.0949421266090233
0 0 20.205357112245785 0
1 0 20.39191906726542 0
2 0 20.820142625245882 0
3 0 22.100805722723457 1

0 1 20.344375103759337 0
1 1 20.53071248235456 0
2 1 20.73679081635373 0
3 1 20.955115548093357 0

0 2 20.43097340860552 0
1 2 20.599120856457684 0
2 2 20.686955417457952 0
3 2 20.648563499780643 0

0 3 20.400332992709735 0
1 3 20.59616090135424 0
2 3 20.680519495119704 0
3 3 20.59451784042276 0


# 20.0 20.0 2.1008057227234573
0 0 20.206799786257235 0
1 0 20.394150325166564 0
2 0 20.82447759735648 0
3 0 22.10653183445081 1

0 1 20.34393317752805 0
1 1 20.53012622530761 0
2 1 20.737384954627334 0
3 1 20.956910458539742 0

0 2 20.428993169764436 0
1 2 20.597269883914326 0
2 2 20.685946411421273 0
3 2 20.648172329314463 0

0 3 20.398222853825608 0
1 3 20.591234290291677 0
2 3 20.674398058830306 0
3 3 20.58898604282528 0


# 20.0 20.0 2.1065318344508093
0 0 20.20821199598431 0
1 0 20.396349801333347 0
2 0 20.828732737352446 0
3 0 22.112124406761286 1

0 1 20.34349596076455 0
1 1 20.52957417370052 0
2 1 20.738004442177388 0
3 1 20.95869983342011 0

0 2 20.427043321016384 0
1 2 20.595406507843595 0
2 2 20.684892759731042 0
3 2 20.64774003511497 0

0 3 20.39610616242358 0
1 3 20.586393378848598 0
2 3 20.66839660653629 0
3 3 20.583576184983386 0


# 20.0 20.0 2.1121244067612857
0 0 20.20959451327405 0
1 0 20.39851792676927 0
2 0 20.83290972369214 0
3 0 22.117587242803225 1

0 1 20.34306367450833 0
1 1 20.52905452397848 0
2 1 20.738646911042736 0
3 1 20.960482130683996 0

0 2 20.425122417671002 0
1 2 20.593532552429853 0
2 2 20.68379770052544 0
3 2 20.647269225834457 0

0 3 20.393984530134567 0
1 3 20.581635821206167 0
2 3 20.662512065542348 0
3 3 20.578284817820506 0


# 20.0 20.0 2.117587242803225
0 0 20.210948090011517 0
1 0 20.400655121897145 0
2 0 20.837010186605987 0
3 0 22.002924009869787 -1

0 1 20.34263650055891 0
1 1 20.528565559858656 0
2 1 20.739310126244774 0
3 1 20.960815921538657 0

0 2 20.4232291191263 0
1 2 20.59164972832182 0
2 2 20.68266430465154 0
3 2 20.64674509887754 0

0 3 20.391859466333713 0
1 3 20.576959371837884 0
2 3 20.65674146072129 0
3 3 20.573108403094153 0


# 20.0 20.0 2.117587242803225
0 0 20.212273458240574 0
1 0 20.40276179723393 0
2 0 20.839595709968716 0
3 0 21.892423685092563 -1

0 1 20.34221458518214 0
1 1 20.528105647829232 0
2 1 20.739957419192883 0
3 1 20.95981116727199 0

0 2 20.421362181481047 0
1 2 20.589759639431968 0
2 2 20.68149486144695 0
3 2 20.64615477790644 0

0 3 20.38973238418553 0
1 3 20.57236188003276 0
2 3 20.651081901105883 0
3 3 20.568043340730913 0


# 20.0 20.0 2.117587242803225
0 0 20.213571330332908 0
1 0 20.404821074007675 0
2 0 20.840779116289546 0
3 0 21.78590351583197 -1

0 1 20.34179804252021 0
1 1 20.52767261083526 0
2 1 20.74055655614175 0
3 1 20.957570476445127 0

0 2 20.419520450652495 0
1 2 20.587863774374842 0
2 2 20.680290992211845 0
3 2 20.64548713494702 0

0 3 20.387604606323073 0
1 3 20.567841284453028 0
2 3 20.645530568668185 0
3 3 20.563085992907983 0


# 20.0 20.0 2.117587242803225
0 0 20.214842191839256 0
1 0 20.40681811592692 0
2 0 20.84066573166019 0
3 0 21.68318982375928 -1

0 1 20.341386947774286 0
1 1 20.527263830245783 0
2 1 20.7410793338137 0
3 1 20.954189591944672 0

0 2 20.417702855666757 0
1 2 20.585963500755778 0
2 2 20.67905375104389 0
3 2 20.644732627310006 0

0 3 20.38547737017688 0
1 3 20.56339560778121 0
2 3 20.640084709004917 0
3 3 20.558232705199075 0


# 20.0 20.0 2.117587242803225
0 0 20.216086333697458 0
1 0 20.40873994580523 0
2 0 20.839353880171004 0
3 0 21.584117511769335 -1

0 1 20.340981332203086 0
1 1 20.52687633574492 0
2 1 20.741501208497496 0
3 1 20.949757845253917 0

0 2 20.415908402166384 0
1 2 20.584060061880336 0
2 2 20.6777837142741 0
3 2 20.64388314813971 0

0 3 20.383351832969883 0
1 3 20.559022951500662 0
2 3 20.634741623678398 0
3 3 20.553479825073726 0


# 20.0 20.0 2.117587242803225
0 0 20.21730388102045 0
1 0 20.410575277244646 0
2 0 20.83693534517396 0
3 0 21.488529599630773 -1

0 1 20.340581179677738 0
1 1 20.526506884356767 0
2 1 20.741800955958322 0
3 1 20.944358580198 0

0 2 20.41413616616973 0
1 2 20.582154575505694 0
2 2 20.67648105962833 0
3 2 20.642931889496644 0

0 3 20.381229076395012 0
1 3 20.55472149084458 0
2 3 20.629498663990464 0
3 3 20.54882371801292 0


# 20.0 20.0 2.117587242803225
0 0 20.21849481878678 0
1 0 20.412314360180183 0
2 0 20.833495799665883 0
3 0 21.39627678660243 -1

0 1 20.28018642456303 -1
1 1 20.525432029702127 0
2 1 20.741951719702655 0
3 1 20.938069444579305 0

0 2 20.411665288108164 0
1 2 20.580230754300818 0
2 2 20.675145325096057 0
3 2 20.641873211990045 0

0 3 20.379101470992225 0
1 3 20.55048915890051 0
2 3 20.624353218526977 0
3 3 20.544260781330657 0


# 20.0 20.0 2.117587242803225
0 0 20.218939014727376 0
1 0 20.41393155918176 0
2 0 20.829114896865757 0
3 0 21.307217034382084 -1

0 1 20.222291030721834 -1
1 1 20.52371215304331 0
2 1 20.74193053899194 0
3 1 20.930962777331345 0

0 2 20.4085548250798 0
1 2 20.578274495639814 0
2 2 20.673775527073232 0
3 2 20.640702526115287 0

0 3 20.37696234584427 0
1 3 20.54632369494682 0
2 3 20.619302703389053 0
3 3 20.539787455956805 0


# 20.0 20.0 2.117587242803225
0 0 20.218691881276033 0
1 0 20.415404660870347 0
2 0 20.823866698008327 0
3 0 21.221215174848407 -1

0 1 20.166766313744308 -1
1 1 20.521402481808188 0
2 1 20.74171796293098 0
3 1 20.923105968650166 0

0 2 20.40485956028919 0
1 2 20.57627365501851 0
2 2 20.67237026394316 0
3 2 20.639416184281046 0

0 3 20.374805900456707 0
1 3 20.542222686865426 0
2 3 20.614344554727897 0
3 3 20.535400236410467 0


# 20.0 20.0 2.117587242803225
0 0 20.21780502524547 0
1 0 20.416714555574536 0
2 0 20.817820069012225 0
3 0 21.138142541005813 -1

0 1 20.11349093337516 -1
1 1 20.518553527964187 0
2 1 20.74129769866513 0
3 1 20.914561795054283 0

0 2 20.40063030462325 0
1 2 20.574217840978374 0
2 2 20.67092780661772 0
3 2 20.638011382598233 0

0 3 20.37262712393813 0
1 3 20.53818360825281 0
2 3 20.609476223244698 0
3 3 20.531095679169805 0


# 20.0 20.0 2.117587242803225
0 0 20.21632651020403 0
1 0 20.41784494552657 0
2 0 20.81103904833608 0
3 0 21.057876619650287 -1

0 1 20.062350438286902 -1
1 1 20.51521148970339 0
2 1 20.74065629080574 0
3 1 20.905388731178654 0

0 2 20.395914176667514 0
1 2 20.57209822958631 0
2 2 20.669446177414887 0
3 2 20.63648607158227 0

0 3 20.3704217208954 0
1 3 20.53420385079091 0
2 3 20.604695170356926 0
3 3 20.526870409622962 0


# 20.0 20.0 2.117587242803225
0 0 20.214301100442448 0
1 0 20.418782077476237 0
2 0 20.803583188161152 0
3 0 20.980300724374953 -1

0 1 20.013236841080612 -1
1 1 20.511418619465015 0
2 1 20.7397828294417 0
3 1 20.895641239973937 0

0 2 20.390754862746228 0
1 2 20.56990739669117 0
2 2 20.66792321851584 0
3 2 20.634838874993168 0

0 3 20.368186043505613 0
1 3 20.530280752384336 0
2 3 20.599998865768214 0
3 3 20.52272112776567 0


# 20.0 20.0 2.117587242803225
0 0 20.2117704878492 0
1 0 20.41951449776794 0
2 0 20.795507870877397 0
3 0 20.905303687627672 -1

0 1 19.96604822139595 -1
1 1 20.447213561074257 -1
2 1 20.737948684313796 0
3 1 20.885361402858248 0

0 2 20.385192858449997 0
1 2 20.566919166335087 0
2 2 20.666339371124 0
3 2 20.63306870506443 0

0 3 20.365917029269422 0
1 3 20.526402981520665 0
2 3 20.595384475170874 0
3 3 20.51864460532893 0


# 20.0 20.0 2.117587242803225
0 0 20.208773502916596 0
1 0 20.419312828080106 0
2 0 20.786847322700805 0
3 0 20.832779259579784 -1

0 1 19.91996835516661 -1
1 1 20.38547709854944 -1
2 1 20.735215449809523 0
3 1 20.874588984911647 0

0 2 20.37924841300435 0
1 2 20.563196660721385 0
2 2 20.664677464799244 0
3 2 20.6311747521122 0

0 3 20.363611832950024 0
1 3 20.522560371922903 0
2 3 20.59084891651831 0
3 3 20.514637683560654 0


# 20.0 20.0 2.117587242803225
0 0 20.20532903101056 0
1 0 20.41823353072787 0
2 0 20.777634474028776 0
3 0 20.762625887742196 -1

0 1 19.874970338760384 -1
1 1 20.3260735895793 -1
2 1 20.731640802378493 0
3 1 20.863361544852154 0

0 2 20.37294132564735 0
1 2 20.558798254030144 0
2 2 20.66292249918935 0
3 2 20.629156473254714 0

0 3 20.361267827334668 0
1 3 20.51874381627674 0
2 3 20.586388910012865 0
3 3 20.51069727155168 0


# 20.0 20.0 2.117587242803225
0 0 20.201455632328038 0
1 0 20.416329686788533 0
2 0 20.767900982642477 0
3 0 20.69474650611341 -1

0 1 19.831027231103104 -1
1 1 20.268875608971094 -1
2 1 20.727278771492188 0
3 1 20.851714540978687 0

0 2 20.366290909719776 0
1 2 20.553777931846582 0
2 2 20.66106144426754 0
3 2 20.62701358045959 0

0 3 20.35888260226258 0
1 3 20.51494516932258 0
2 3 20.582001022414026 0
3 3 20.506820345010304 0


# 20.0 20.0 2.117587242803225
0 0 20.19717151257893 0
1 0 20.413651217193724 0
2 0 20.757677259309084 0
3 0 20.629048333496783 -1

0 1 19.78811214377201 -1
1 1 20.213763420512134 -1
2 1 20.722179990441372 0
3 1 20.839681433110353 0

0 2 20.359315963646118 0
1 2 20.548185623090927 0
2 2 20.65908305753957 0
3 2 20.62474602810821 0

0 3 20.35645396217675 0
1 3 20.511157159503213 0
2 3 20.577681706217273 0
3 3 20.50300394540184 0


# 20.0 20.0 2.117587242803225
0 0 20.192494498457677 0
1 0 20.410245088210935 0
2 0 20.74699249536389 0
3 0 20.56544268063259 -1

0 1 19.74619832032498 -1
1 1 20.16062448459237 -1
2 1 20.71639192854746 0
3 1 20.827293780567178 0

0 2 20.352034748040094 0
1 2 20.542067506578665 0
2 2 20.656977716811088 0
3 2 20.622354000241025 0

0 3 20.35397992242891 0
1 3 20.507373308426775 0
2 3 20.573427334203824 0
3 3 20.49924517938071 0


# 20.0 20.0 2.117587242803225
0 0 20.18744201741563 0
1 0 20.40615550247454 0
2 0 20.735874691898463 0
3 0 20.503844765799403 -1

0 1 19.705259205871908 -1
1 1 20.109352999053606 -1
2 1 20.709959106237147 0
3 1 20.814581336250686 0

0 2 20.344464968240963 0
1 2 20.53546629417328 0
2 2 20.65473726722242 0
3 2 20.619837897625146 0

0 3 20.351458704541482 0
1 3 20.503587857467874 0
2 3 20.569234229816114 0
3 3 20.4955412184523 0


# 20.0 20.0 2.117587242803225
0 0 20.182031081288827 0
1 0 20.4014240766375 0
2 0 20.724350690222817 0
3 0 20.444173538548306 -1

0 1 19.66526850780829 -1
1 1 20.059849470917307 -1
2 1 20.702923294313123 0
3 1 20.801572136893995 0

0 2 20.33662376165312 0
1 2 20.52842149234009 0
2 2 20.652354881364875 0
3 2 20.617198324765425 0

0 3 20.34888873060744 0
1 3 20.499795700887386 0
2 3 20.565098693772292 0
3 3 20.49188929881047 0


# 20.0 20.0 2.117587242803225
0 0 20.17627827337578 0
1 0 20.396090006632917 0
2 0 20.71244620330739 0
3 0 20.38635151124298 -1

0 1 19.626200248551694 -1
1 1 20.01202031681533 -1
2 1 20.69532369864667 0
3 1 20.788292589560307 0

0 2 20.328527689321678 0
1 2 20.52096964376844 0
2 2 20.649824931390796 0
3 2 20.614436076962416 0

0 3 20.346268616988084 0
1 3 20.49599232490446 0
2 3 20.561017027295126 0
3 3 20.488286721304384 0


# 20.0 20.0 2.117587242803225
0 0 20.170199738596466 0
1 0 20.390190221458965 0
2 0 20.700185847944663 0
3 0 20.330304598088293 -1

0 1 19.588028811049323 -1
1 1 19.965777490107275 -1
2 1 20.68719713141967 0
3 1 20.77476755447642 0

0 2 20.320192731231838 0
1 2 20.513144550599165 0
2 2 20.647142872119353 0
3 2 20.611552127504797 0

0 3 20.34359716745015 0
1 3 20.492173752202607 0
2 3 20.556985552296247 0
3 3 20.484730851495037 0


# 20.0 20.0 2.117587242803225
0 0 20.163811176397093 0
1 0 20.383759526331076 0
2 0 20.687593177401055 0
3 0 20.275961961339643 -1

0 1 19.550728977758087 -1
1 1 19.921038132815422 -1
2 1 20.678578169953273 0
3 1 20.76102042429398 0

0 2 20.31163428486979 0
1 2 20.50497748067449 0
2 2 20.64430513422277 0
3 2 20.60854761506974 0

0 3 20.280873365866814 -1
1 3 20.48761649139615 0
2 3 20.552991988825173 0
3 3 20.481219016087955 0


# 20.0 20.0 2.117587242803225
0 0 20.157127836095867 0
1 0 20.37683073598092 0
2 0 20.674690714357496 0
3 0 20.223255864395234 -1

0 1 19.51427596373762 -1
1 1 19.877724250644437 -1
2 1 20.66949930407774 0
3 1 20.747073199876148 0

0 2 20.302147166628604 0
1 2 20.496480078116818 0
2 2 20.64130871561315 0
3 2 20.605423826415738 0

0 3 20.220239088591907 -1
1 3 20.48237313262392 0
2 3 20.549025135666415 0
3 3 20.477748519053776 0


# 20.0 20.0 2.117587242803225
0 0 20.150164514393037 0
1 0 20.36943479882246 0
2 0 20.661499983962027 0
3 0 20.172121531483064 -1

0 1 19.478636804440633 -1
1 1 19.835762098438995 -1
2 1 20.65999106545669 0
3 1 20.732946562561615 0

0 2 20.291801257283996 0
1 2 20.48766397681473 0
2 2 20.638151145315963 0
3 2 20.542182180429453 -1

0 3 20.161600574081493 -1
1 3 20.476492937292466 0
2 3 20.545074791188373 0
3 3 20.473596656027254 0


# 20.0 20.0 2.117587242803225
0 0 20.142935451114045 0
1 0 20.3616009076741 0
2 0 20.648041546690987 0
3 0 20.122497013660706 -1

0 1 19.443780044336172 -1
1 1 19.795081949645304 -1
2 1 20.650082148765335 0
3 1 20.717939943048293 0

0 2 20.28066213962086 0
1 2 20.478540763990118 0
2 2 20.634110448953276 0
3 2 20.481318293427762 -1

0 3 20.104868814337518 -1
1 3 20.470022046360373 0
2 3 20.541114399774553 0
3 3 20.4688163687287 0


# 20.0 20.0 2.117587242803225
0 0 20.13545434629806 0
1 0 20.3533566036634 0
2 0 20.63433503092304 0
3 0 20.074314420856577 -1

0 1 19.409675663700824 -1
1 1 19.755617878223767 -1
2 1 20.63978224523838 0
3 1 20.70213144495454 0

0 2 20.268791352661125 0
1 2 20.469113308032973 0
2 2 20.629249086361202 0
3 2 20.42270528790433 -1

0 3 20.049959297809625 -1
1 3 20.463003364480645 0
2 3 20.53712042081887 0
3 3 20.463456887959143 0


# 20.0 20.0 2.117587242803225
0 0 20.1277343770397 0
1 0 20.344727873743775 0
2 0 20.620398854102337 0
3 0 20.027509465294422 -1

0 1 19.376295009120483 -1
1 1 19.717307241302652 -1
2 1 20.629101736987586 0
3 1 20.685593722148685 0

0 2 20.256246527228914 0
1 2 20.459385543879872 0
2 2 20.62362488609095 0
3 2 20.366223771766734 -1

0 3 19.996791761788995 -1
1 3 20.455476795890313 0
2 3 20.533072065983763 0
3 3 20.45756399004562 0


# 20.0 20.0 2.117587242803225
0 0 20.119788214060645 0
1 0 20.335739234760123 0
2 0 20.606250307474543 0
3 0 19.9820212528993 -1

0 1 19.343610722528528 -1
1 1 19.680090540578 -1
2 1 20.618051567087686 0
3 1 20.668394344919484 0

0 2 20.243081629423667 0
1 2 20.449362323997434 0
2 2 20.617291408304613 0
3 2 20.311761370271768 -1

0 3 19.945289959468358 -1
1 3 20.447479462656315 0
2 3 20.528951057544525 0
3 3 20.451180235537773 0


# 20.0 20.0 2.117587242803225
0 0 20.111628037841925 0
1 0 20.32641381353093 0
2 0 20.591905634162828 0
3 0 19.937792087543915 -1

0 1 19.31159667467645 -1
1 1 19.643911287181766 -1
2 1 20.606643123962304 0
3 1 20.6505961414142 0

0 2 20.22934718848558 0
1 2 20.439049284605098 0
2 2 20.610298278742597 0
3 2 20.25921228858869 -1

0 3 19.8953814407412 -1
1 3 20.43904590661944 0
2 3 20.524741406178453 0
3 3 20.44434519139562 0


# 20.0 20.0 2.117587242803225
0 0 20.103265554338105 0
1 0 20.316773423070824 0
2 0 20.577380101142914 0
3 0 19.89476728730302 -1

0 1 19.280227902700105 -1
1 1 19.6087158702091 -1
2 1 20.594888138710218 0
3 1 20.63225751605003 0

0 2 20.215090510105743 0
1 2 20.428452725732175 0
2 2 20.60269149607347 0
3 2 20.208476902910192 -1

0 3 19.84699734587522 -1
1 3 20.430208276274854 0
2 3 20.520429206683886 0
3 3 20.437095637820505 0


# 20.0 20.0 2.117587242803225
0 0 20.094712010291182 0
1 0 20.30683863508157 0
2 0 20.56268806562805 0
3 0 19.852895011940248 -1

0 1 19.249480551473972 -1
1 1 19.574453429051037 -1
2 1 20.58279859413376 0
3 1 20.61343274648374 0

0 2 20.200355876158277 0
1 2 20.41757950382772 0
2 2 20.59451371475261 0
3 2 20.159461378176648 -1

0 3 19.80007221125291 -1
1 3 20.420996499732485 0
2 3 20.51600245023083 0
3 3 20.429465760799857 0


# 20.0 20.0 2.117587242803225
0 0 20.085978208159368 0
1 0 20.296628848842204 0
2 0 20.547843036330665 0
3 0 19.812126100904173 -1

0 1 19.21933181847249 -1
1 1 19.5410757296399 -1
2 1 20.570386644341824 0
3 1 20.594172260612492 0

0 2 20.185184731762266 0
1 2 20.406436935754638 0
2 2 20.58580450534653 0
3 2 20.112077310614335 -1

0 3 19.754543786425742 -1
1 3 20.411438444812656 0
2 3 20.511450851852643 0
3 3 20.421487331360666 0


# 20.0 20.0 2.117587242803225
0 0 20.077074520673406 0
1 0 20.28616235663056 0
2 0 20.532857730027295 0
3 0 19.772413921159302 -1

0 1 19.18975990188155 -1
1 1 19.508537044680487 -1
2 1 20.557664543901417 0
3 1 20.57452289497487 0

0 2 20.169615860516995 0
1 2 20.395032713102694 0
2 2 20.57660059412355 0
3 2 20.066241393414042 -1

0 3 19.71035286177837 -1
1 3 20.401560067251328 0
2 3 20.50676569198766 0
3 3 20.413189872456503 0


# 20.0 20.0 2.117587242803225
0 0 20.068010905031308 0
1 0 20.275456405808946 0
2 0 20.517744123816584 0
3 0 19.733714224223064 -1

0 1 19.160743951725273 -1
1 1 19.476794037910285 -1
2 1 20.544644585604054 0
3 1 20.554528135824818 0

0 2 20.153685548694558 0
1 2 20.383374825849522 0
2 2 20.566936083567885 0
3 2 20.021875103992844 -1

0 3 19.6674431061457 -1
1 3 20.391385547914567 0
2 3 20.501939670971446 0
3 3 20.40460081434764 0


# 20.0 20.0 2.117587242803225
0 0 20.05879691674059 0
1 0 20.26452725770658 0
2 0 20.50251350342669 0
3 0 19.695985011822053 -1

0 1 19.132264023792956 -1
1 1 19.44580565240603 -1
2 1 20.531339045997765 0
3 1 20.534228344061926 0

0 2 20.137427739118845 0
1 2 20.371471494484833 0
2 2 20.55684265534199 0
3 2 19.978904411390165 -1

0 3 19.625760913768858 -1
1 3 20.380937419852856 0
2 3 20.496966775465154 0
3 3 20.395745639273386 0


# 20.0 20.0 2.117587242803225
0 0 20.049441723115923 0
1 0 20.253390243430285 0
2 0 20.48717650789777 0
3 0 19.659186409619977 -1

0 1 19.104301036169343 -1
1 1 19.415533002931525 -1
2 1 20.51776013791267 0
3 1 20.513660965118397 0

0 2 20.12087417540893 0
1 2 20.359331109791984 0
2 2 20.54634975710029 0
3 2 19.93725950244968 -1

0 3 19.58525526001632 -1
1 3 20.37023668596232 0
2 3 20.49184215588365 0
3 3 20.386648016159544 0


# 20.0 20.0 2.117587242803225
0 0 20.039954116438945 0
1 0 20.24205981673343 0
2 0 20.47174317093726 0
3 0 19.623280548506326 -1

0 1 19.076836728187583 -1
1 1 19.38593927230232 -1
2 1 20.50391996927836 0
3 1 20.492860724826237 0

0 2 20.104054537217703 0
1 2 20.34696217955296 0
2 2 20.535484774445454 0
3 2 19.89687452553197 -1

0 3 19.545877565333893 -1
1 3 20.359302927961146 0
2 3 20.48656201395933 0
3 3 20.377329926051697 0


# 20.0 20.0 2.117587242803225
0 0 20.030342526786196 0
1 0 20.230549604070937 0
2 0 20.456222959220163 0
3 0 19.588231452968657 -1

0 1 19.04985362163938 -1
1 1 19.35698961172631 -1
2 1 20.489830507595617 0
3 1 20.47185981221669 0

0 2 20.086996567052875 0
1 2 20.334373281508647 0
2 2 20.52427318921522 0
3 2 19.85768735058943 -1

0 3 19.507581566922042 -1
1 3 20.348154407335457 0
2 3 20.481123499644266 0
3 3 20.36781177891664 0


# 20.0 20.0 2.117587242803225
0 0 20.020615034530415 0
1 0 20.21887245196568 0
2 0 20.440624807883275 0
3 0 19.554004936102984 -1

0 1 19.02333498409024 -1
1 1 19.328651045065367 -1
2 1 20.475503549483594 0
3 1 20.4506880501377 0

0 2 20.069726189226905 0
1 2 20.321573021966348 0
2 2 20.512738725193092 0
3 2 19.819639344515643 -1

0 3 19.470323197671597 -1
1 3 20.336808158858755 0
2 3 20.475524616614827 0
3 3 20.358112522409208 0


# 20.0 20.0 2.117587242803225
0 0 20.010779382519992 0
1 0 20.207040471808746 0
2 0 20.42495715344092 0
3 0 19.52056850084622 -1

0 1 18.9972647941602 -1
1 1 19.300892376951257 -1
2 1 20.460950694777058 0
3 1 20.429373054513583 0

0 2 20.052267621444955 0
1 2 20.30856999950134 0
2 2 20.50090348224873 0
3 2 19.782675160756046 -1

0 3 19.434060471919064 -1
1 3 20.32528007724311 0
2 3 20.469764135699815 0
3 3 20.348249743159947 0


# 20.0 20.0 2.117587242803225
0 0 20.0008429879409 0
1 0 20.195065082212775 0
2 0 20.409227964330434 0
3 0 19.487891247041883 -1

0 1 18.971627708641517 -1
1 1 19.273684104679187 -1
2 1 20.44618332469702 0
3 1 20.40794038301395 0

0 2 20.03464347950501 0
1 2 20.29537277324939 0
2 2 20.48878805983362 0
3 2 19.746742542236383 -1

0 3 19.398753377610955 -1
1 3 20.313584997437623 0
2 3 20.463841515605598 0
3 3 20.338239761100294 0


# 20.0 20.0 2.117587242803225
0 0 19.99081295386528 0
1 0 20.182957049034336 0
2 0 20.393444769277835 0
3 0 19.455943783975876 -1

0 1 18.94640903133517 -1
1 1 19.246998333794377 -1
2 1 20.4312125836626 0
3 1 20.386413673845862 0

0 2 20.016874875552148 0
1 2 20.281989835332833 0
2 2 20.476411670683657 0
3 2 19.71179213673001 -1

0 3 19.364363774492837 -1
1 3 20.301736769050418 0
2 3 20.457756830360175 0
3 3 20.328097717305766 0


# 20.0 20.0 2.117587242803225
0 0 19.980696080490564 0
1 0 20.170726523177645 0
2 0 20.37761468365796 0
3 0 19.42469814804279 -1

0 1 18.921594683497137 -1
1 1 19.22080869728029 -1
2 1 20.416049364352407 0
3 1 20.364814775333837 0

0 2 19.99898151029883 0
1 2 20.268429587004615 0
2 2 20.46379224551221 0
3 2 19.677777323845174 -1

0 3 19.330855297963286 -1
1 3 20.289748325334237 0
2 3 20.451510702942873 0
3 3 20.317837655804215 0


# 20.0 20.0 2.117587242803225
0 0 19.970498876073002 0
1 0 20.15838307628832 0
2 0 20.36174443400853 0
3 0 19.394127725225356 -1

0 1 18.89717117579408 -1
1 1 19.19509027825211 -1
2 1 20.400704295660773 0
3 1 20.343163866906593 0

0 2 19.980981759595423 0
1 2 20.25470031813272 0
2 2 20.4509465294146 0
3 2 19.644654052869182 -1

0 3 19.298193268255762 -1
1 3 20.277631747142177 0
2 3 20.445104244607602 0
3 3 20.307472599764985 0


# 20.0 20.0 2.117587242803225
0 0 19.96022756755936 0
1 0 20.14593573444205 0
2 0 20.34584038084411 0
3 0 19.36420717809025 -1

0 1 18.873125581675612 -1
1 1 19.16981953605494 -1
2 1 20.3851877332277 0
3 1 20.32147957206676 0

0 2 19.962892755709184 0
1 2 20.2408101896822 0
2 2 20.43789017064734 0
3 2 19.612380690758425 -1

0 3 19.26634460463277 -1
1 3 20.265398322229277 0
2 3 20.438538999445782 0
3 3 20.297014622455897 0


# 20.119999999999997 20.0 2.117587242803225
0 0 19.949888110920636 0
1 0 20.13339300992932 0
2 0 20.329908539903624 0
3 0 19.334912377022647 -1

0 1 18.849445512077455 -1
1 1 19.144974235663305 -1
2 1 20.369509752252142 0
3 1 20.299779063880354 0

0 2 19.944730463646106 0
1 2 20.226767218883687 0
2 2 20.424637802392347 0
3 2 19.580917879611313 -1

0 3 19.235277744296496 -1
1 3 20.253058600247158 0
2 3 20.431816893770204 0
3 3 20.286474913328064 0


# 20.239999999999995 20.0 2.117587242803225
0 0 19.940926201191573 0
1 0 20.121500211233393 0
2 0 20.31468344931377 0
3 0 19.30766908160816 -1

0 1 18.826856371376213 -1
1 1 19.120551074996413 -1
2 1 20.353689100831033 0
3 1 20.278815655941987 0

0 2 19.927238600187646 0
1 2 20.21258822531115 0
2 2 20.4112033330718 0
3 2 19.55095725549574 -1

0 3 19.20641131190704 -1
1 3 20.24135993620864 0
2 3 20.425669042423156 0
3 3 20.27732133202328 0


# 20.359999999999992 20.0 2.117587242803225
0 0 19.93331313693999 0
1 0 20.11025977429659 0
2 0 20.30016615992342 0
3 0 19.28242077646065 -1

0 1 18.8053416375239 -1
1 1 19.096547168252137 -1
2 1 20.337752811797415 0
3 1 20.258598968517468 0

0 2 19.91042667307667 0
1 2 20.198298435823528 0
2 2 20.397617703630832 0
3 2 19.522459506814975 -1

0 3 19.17968194398981 -1
1 3 20.230306611954713 0
2 3 20.42009389041269 0
3 3 20.269528404837175 0


# 20.47999999999999 20.0 2.117587242803225
0 0 19.927021080951995 0
1 0 20.099673676685665 0
2 0 20.286357348385962 0
3 0 19.25911310431091 -1

0 1 18.784885227815266 -1
1 1 19.072960226001495 -1
2 1 20.32172708778957 0
3 1 20.23913740822672 0

0 2 19.894303140098994 0
1 2 20.183922363084232 0
2 2 20.38391048803377 0
3 2 19.495387123141917 -1

0 3 19.15502871103082 -1
1 3 20.21990227382695 0
2 3 20.415090041015734 0
3 3 20.26307110823293 0


# 20.599999999999987 20.0 2.117587242803225
0 0 19.922023028891733 0
1 0 20.089743469504217 0
2 0 20.273257343693007 0
3 0 19.237693769578755 -1

0 1 18.765471484986932 -1
1 1 19.0497885080178 -1
2 1 20.305637312551326 0
3 1 20.22043825554446 0

0 2 19.878875478924062 0
1 2 20.169483810641818 0
2 2 20.370109964056358 0
3 2 19.469704295903963 -1

0 3 19.13239301046672 -1
1 3 20.21014998067171 0
2 3 20.410656231928606 0
3 3 20.257924874670532 0


# 20.719999999999985 20.0 2.117587242803225
0 0 19.918292779305524 0
1 0 20.080470307357235 0
2 0 20.260866151931747 0
3 0 19.218112446763634 -1

0 1 18.74708516381245 -1
1 1 19.0270307787653 -1
2 1 20.289508063352436 0
3 1 20.202507746483835 0

0 2 19.864150252628303 0
1 2 20.15500587944447 0
2 2 20.356243179429207 0
3 2 19.445376825083 -1

0 3 19.11171846488952 -1
1 3 20.201052248398646 0
2 3 20.406791313817585 0
3 3 20.254065596849202 0


# 20.839999999999982 20.0 2.117587242803225
0 0 19.91580490490456 0
1 0 20.07185497647545 0
2 0 20.24918347938971 0
3 0 19.200320693390626 -1

0 1 18.729711418167906 -1
1 1 19.00468626543385 -1
2 1 20.27336312436036 0
3 1 20.185351148845523 0

0 2 19.850133171167936 0
1 2 20.14051097560429 0
2 2 20.34233601368299 0
3 2 19.422372031542046 -1

0 3 19.092950825188296 -1
1 3 20.192611091341224 0
2 3 20.403494231059728 0
3 3 20.251469630513853 0


# 20.839999999999982 20.0 2.117587242803225
0 0 19.914534725063717 0
1 0 20.06389792110213 0
2 0 20.23820875412158 0
3 0 19.18427186726417 -1

0 1 18.71333578854484 -1
1 1 18.982754618408364 -1
2 1 20.257225500811764 0
3 1 20.16897283338943 0

0 2 19.83682914905093 0
1 2 20.126020819245085 0
2 2 20.328413236018108 0
3 2 19.400658674616338 -1

0 3 19.076037878366222 -1
1 3 20.184828060648943 0
2 3 20.400764004481392 0
3 3 20.250113795964527 0


# 20.839999999999982 20.0 2.117587242803225
0 0 19.913018279477186 0
1 0 20.055861988239926 0
2 0 20.227212298724265 0
3 0 19.16847230162802 -1

0 1 18.697206909989195 -1
1 1 18.961218179344193 -1
2 1 20.24110847534251 0
3 1 20.152638847806116 0

0 2 19.823513512082 0
1 2 20.11154749577844 0
2 2 20.314498344491863 0
3 2 19.3794780221416 -1

0 3 19.059480613617808 -1
1 3 20.17696678746822 0
2 3 20.397870863428267 0
3 3 20.248517885936643 0


# 20.839999999999982 20.0 2.117587242803225
0 0 19.911266448194755 0
1 0 20.047752147849007 0
2 0 20.21619737727568 0
3 0 19.152913333470394 -1

0 1 18.6813161974451 -1
1 1 18.94006039853265 -1
2 1 20.225016008143346 0
3 1 20.136356904563325 0

0 2 19.81019407625665 0
1 2 20.097093851262066 0
2 2 20.300595928895955 0
3 2 19.358805593844405 -1

0 3 19.043265241892264 -1
1 3 20.169032941873546 0
2 3 20.394818048244755 0
3 3 20.246694725747993 0


# 20.839999999999982 20.0 2.117587242803225
0 0 19.909289676203272 0
1 0 20.039573127063488 0
2 0 20.205167117054227 0
3 0 19.13758674172487 -1

0 1 18.665655446964315 -1
1 1 18.919265560604284 -1
2 1 20.20895186588588 0
3 1 20.120134044989125 0

0 2 19.796878099535295 0
1 2 20.082662616772396 0
2 2 20.28671018180592 0
3 2 19.338618226333455 -1

0 3 19.02737862568105 -1
1 3 20.161031869803235 0
2 3 20.39160893154676 0
3 3 20.244656441515627 0


# 20.839999999999982 20.0 2.117587242803225
0 0 19.907097990748287 0
1 0 20.031329423747703 0
2 0 20.19412451451425 0
3 0 19.122484721736814 -1

0 1 18.65021681800247 -1
1 1 18.89881874238818 -1
2 1 20.192919626127726 0
3 1 20.10397668598996 0

0 2 19.783572316080285 0
1 2 20.068256408488253 0
2 2 20.27284493138919 0
3 2 19.318893997534186 -1

0 3 19.011808245387133 -1
1 3 20.152968614296565 0
2 3 20.38824699626821 0
3 3 20.242414501546694 0


# 20.839999999999982 19.0 2.117587242803225
0 0 19.90470101798235 0
1 0 20.023025319248916 0
2 0 20.183072440910014 0
3 0 19.107599861277087 -1

0 1 18.634992816563777 -1
1 1 18.878705772798693 -1
2 1 20.176922682046648 0
3 1 20.087890663668677 0

0 2 19.770282968450182 0
1 2 20.053877728324032 0
2 2 20.259003671532586 0
3 2 19.299612155678727 -1

0 3 18.996542167546156 -1
1 3 20.14484793520177 0
2 3 20.38473581572432 0
3 3 20.23997975514785 0


# 20.839999999999982 19.0 2.117587242803225
0 0 19.902107998964738 0
1 0 20.01466489039254 0
2 0 20.172013647596387 0
3 0 19.092925118006292 -1

0 1 18.619976279150663 -1
1 1 18.858913194663323 -1
2 1 20.160964247437942 0
3 1 20.071881274048067 0

0 2 19.757015837875525 0
1 2 20.039528965035757 0
2 2 20.245189589505543 0
3 2 19.280753052564638 -1

0 3 18.981569014791422 -1
1 3 20.136674327469915 0
2 3 20.38107903552938 0
3 3 20.237362469019654 0


# 20.839999999999982 19.0 2.117587242803225
0 0 19.899327805036524 0
1 0 20.00625202076361 0
2 0 20.160950771031832 0
3 0 19.078453798299023 -1

0 1 18.60516035747724 -1
1 1 18.839428228408057 -1
2 1 20.14504736191684 0
3 1 20.055953311091415 0

0 2 19.743776272732404 0
1 2 20.025212395731433 0
2 2 20.231405591358186 0
3 2 19.262298080814553 -1

0 3 18.96687793746136 -1
1 3 20.128452038140846 0
2 3 20.37728035721937 0
3 3 20.234572361391354 0


# 20.839999999999982 19.0 2.117587242803225
0 0 19.8963689525941 0
1 0 19.997790411315947 0
2 0 20.149886337506878 0
3 0 19.06417953734344 -1

0 1 18.59053850390801 -1
1 1 18.820238737518938 -1
2 1 20.129174896274538 0
3 1 20.040111102198765 0

0 2 19.730569215322852 0
1 2 20.010930187724416 0
2 2 20.217654325237387 0
3 2 19.244229614886272 -1

0 3 18.952458586754314 -1
1 3 20.120185082119306 0
2 3 20.373343523441132 0
3 3 20.231618634041194 0


# 20.839999999999982 19.0 2.117587242803225
0 0 19.8932396172834 0
1 0 19.98928359034839 0
2 0 20.138822767619185 0
3 0 19.05009628043689 -1

0 1 18.576104457585377 -1
1 1 18.801333195701222 -1
2 1 20.11334955794244 0
3 1 20.024358541345602 0

0 2 19.71739922706406 0
1 2 19.996684400675107 0
2 2 20.20393820278933 0
3 2 19.226530955599163 -1

0 3 18.93830108934136 -1
1 3 20.111877256831786 0
2 3 20.36927230458055 0
3 3 20.228510002337867 0


# 20.839999999999982 19.0 2.117587242803225
0 0 19.8899476476364 0
1 0 19.980734922885237 0
2 0 20.127762380514355 0
3 0 19.03619826540348 -1

0 1 18.56185223121161 -1
1 1 18.782700655660136 -1
2 1 20.097573896524914 0
3 1 20.00869912001942 0

0 2 19.704270512182106 0
1 2 19.982476988972262 0
2 2 20.190259418803567 0
3 2 19.20918627795793 -1

0 3 18.924396023353236 -1
1 3 20.103532155847724 0
2 3 20.36507048671204 0
3 3 20.225254723429742 0


# 20.839999999999982 19.0 2.117587242803225
0 0 19.88650057817065 0
1 0 19.972147619496198 0
2 0 20.116707397909845 0
3 0 19.022480006064107 -1

0 1 18.54777609845288 -1
1 1 18.764330719429804 -1
2 1 20.08185030936567 0
3 1 19.993135956099255 0

0 2 19.6911869399998 0
1 2 19.968309804310564 0
2 2 20.176619969241152 0
3 2 19.19218058206894 -1

0 3 18.91073439566269 -1
1 3 20.095153181542344 0
2 3 20.36074186076069 0
3 3 20.221860622700227 0


# 20.839999999999982 19.0 2.117587242803225
0 0 19.882905641971895 0
1 0 19.963524744589098 0
2 0 20.105659947917857 0
3 0 19.008936276694005 -1

0 1 18.533870581934675 -1
1 1 18.746213510179572 -1
2 1 20.06618104711737 0
3 1 19.97767182081365 0

0 2 19.6781520659027 0
1 2 19.954184598426046 0
2 2 20.163021667778054 0
3 2 19.175499646957547 -1

0 3 18.897307620388172 -1
1 3 20.086743556872463 0
2 3 20.35629021277695 0
3 3 20.218335118599832 0


# 20.839999999999982 19.0 2.117587242803225
0 0 19.879169782779194 0
1 0 19.954869224206874 0
2 0 20.094622068681527 0
3 0 18.995562097406964 -1

0 1 18.520130441799758 -1
1 1 18.728339645429553 -1
2 1 20.05056821928817 0
3 1 19.96230916390331 0

0 2 19.665169151062155 0
1 2 19.940103025955302 0
2 2 20.149466160984442 0
3 2 19.159129987107182 -1

0 3 18.88410749854941 -1
1 3 20.0783063363312 0
2 3 20.351719315231303 0
3 3 20.2146852459583 0


# 20.839999999999982 19.0 2.117587242803225
0 0 19.87529966659122 0
1 0 19.94618385335861 0
2 0 20.08359571183755 0
3 0 18.982352720409203 -1

0 1 18.506550664801164 -1
1 1 18.710700211609772 -1
2 1 20.03501379974236 0
3 1 19.947050137106476 0

0 2 19.652241180989215 0
1 2 19.926066647388424 0
2 2 20.13595494225082 0
3 2 19.143058811552468 -1

0 3 18.871126198809478 -1
1 3 20.069844416142438 0
2 3 20.34703291924381 0
3 3 20.210917677873358 0


# 20.839999999999982 19.0 2.117587242803225
0 0 19.871301692811855 0
1 0 19.93747130291266 0
2 0 20.072582745817144 0
3 0 18.969303617069556 -1

0 1 18.493126453904445 -1
1 1 18.69328673989988 -1
2 1 20.019519632135616 0
3 1 19.931896616077097 0

0 2 19.639370882988896 0
1 2 19.912076932089164 0
2 2 20.122489364563034 0
3 2 19.127273985369428 -1

0 3 18.858356239241914 -1
1 3 20.061360543751352 0
2 3 20.34223474766982 0
3 3 20.207038746266388 0


