# 20.0 20.0 0.0
0 0 20.0 0
1 0 20.0 0
2 0 20.0 0
3 0 20.06 1

0 1 20.06 1
1 1 20.00072 0
2 1 20.00000864 0
3 1 20.00072010368 0

0 2 20.00072 0
1 2 20.00001728 0
2 2 20.00000031104 0
3 2 20.00000864497664 0

0 3 20.06000864 1
1 3 20.00072031104 0
2 3 20.00000864746496 0
3 3 20.0000002075093 0


# 20.0 20.0 0.0600086399999995
0 0 20.00072 0
1 0 20.00001728 0
2 0 20.00072031104 0
3 0 20.11785728497664 1

0 1 20.11750592 1
1 1 20.00209602944 0
2 1 20.0000506663424 0
3 1 20.002104858480987 0

0 2 20.00282014208 0
1 2 20.000084092083203 0
2 2 20.000002120720488 0
3 2 20.00003356812815 0

0 3 20.11789081439744 1
1 3 20.002105860623665 0
2 3 20.00003358253767 0
3 3 20.000001005846954 0


# 20.0 20.0 0.11789081439744109
0 0 20.0021043584 0
1 0 20.000075602626563 0
2 0 20.002105860623665 0
3 0 20.173664951346737 1

0 1 20.17265491771904 1
1 1 20.004069803372136 0
2 1 20.00014762607633 0
3 1 20.0041026081714 0

0 2 20.006189254003036 0
1 2 20.00022846012784 0
2 2 20.000007337768345 0
3 2 20.000081489688206 0

0 3 20.173746286454655 1
1 3 20.004105514426914 0
2 3 20.000081538367596 0
3 3 20.000002925973135 0


# 20.0 20.0 0.17374628645465506
0 0 20.004101367741747 0
1 0 20.0001957516971 0
2 0 20.004105514426914 0
3 0 20.227511510569435 1

0 1 20.225575736276244 1
1 1 20.006588223700405 0
2 1 20.00031818423347 0
3 1 20.006665232842096 0

0 2 20.010723911129215 0
1 2 20.000474593886 0
2 2 20.00001845522957 0
3 2 20.00015830648984 0

0 3 20.22766937324896 1
1 3 20.006671788887015 0
2 3 20.00015843179723 0
3 3 20.000006621497548 0


# 20.0 20.0 0.2276693732489612
0 0 20.006662976358722 0
1 0 20.000395810699654 0
2 0 20.006671788887015 0
3 0 20.279481140449686 1

0 1 20.2763892566869 1
1 1 20.009602923108858 0
2 1 20.000578412191075 0
3 1 20.009747907372294 0

0 2 20.01632790554765 0
1 2 20.00084326625275 0
2 2 20.00003843037932 0
3 2 20.000269173128256 0

0 3 20.279749272145214 1
1 3 20.0097605853961 0
2 3 20.000269445309023 0
3 3 20.000012846544884 0


# 20.0 20.0 0.2797492721452137
0 0 20.009744530018448 0
1 0 20.000691417554442 0
2 0 20.0097605853961 0
3 0 20.32965392130672 1

0 1 20.325209012210152 1
1 1 20.013069848098134 0
2 1 20.000942049660853 0
3 1 20.013308876991807 0

0 2 20.02291175212195 0
1 2 20.001352156864566 0
2 2 20.000070579620665 0
3 2 20.00041857549476 0

0 3 20.330070366398203 1
1 3 20.013330944432326 0
2 3 20.000419101053218 0
3 3 20.000022436187844 0


# 20.0 20.0 0.3300703663982034
0 0 20.01330453209496 0
1 0 20.001095997604224 0
2 0 20.013330944432326 0
3 0 20.378106057996767 1

0 1 20.372141667285106 1
1 1 20.0169488778464 0
2 1 20.001420742623825 0
3 1 20.017309248671534 0

0 2 20.0303922288194 0
1 2 20.002016164903694 0
2 2 20.00011848680778 0
3 2 20.000610397383983 0

0 3 20.37871251128689 1
1 3 20.017344818093093 0
2 3 20.000611327702046 0
3 3 20.000036289186113 0


# 20.0 20.0 0.37871251128688854
0 0 20.01730442091821 0
1 0 20.00162097662321 0
2 0 20.017344818093093 0
3 0 20.42491008871006 1

0 1 20.41728746359014 1
1 1 20.02120347588266 0
2 1 20.002024259331343 0
3 1 20.021712797172434 0

0 2 20.038691948886356 0
1 2 20.002847693744354 0
2 2 20.000185923578947 0
3 2 20.000847980813106 0

0 3 20.425751302084315 1
1 3 20.021766859615553 0
2 3 20.000849520807126 0
3 3 20.000055352794856 0


# 20.0 20.0 0.4257513020843149
0 0 20.021708363047715 0
1 0 20.00227597548932 0
2 0 20.021766859615553 0
3 0 20.470135081397952 1

0 1 20.460740635573153 1
1 1 20.02580037180995 0
2 1 20.00276068630956 0
3 1 20.02648578467344 0

0 2 20.04773896260995 0
1 2 20.003856909855998 0
2 2 20.000276780420588 0
3 2 20.00113418063362 0

0 3 20.471258325075986 1
1 3 20.02656422858057 0
2 3 20.00113659727478 0
3 3 20.00008060942914 0


# 20.0 20.0 0.4712583250759863
0 0 20.026483061310746 0
1 0 20.003068988031604 0
2 0 20.02656422858057 0
3 0 20.513846818626675 1

0 1 20.50258979762785 1
1 1 20.03070927054497 0
2 1 20.003636606137338 0
3 1 20.031596792981926 0

0 2 20.05746638657105 0
1 2 20.005051978176315 0
2 2 20.000395007307066 0
3 2 20.001471413963625 0

0 3 20.51530139275507 1
1 3 20.03170641059866 0
2 3 20.001475044517257 0
3 3 20.000113064991464 0


# 20.0 20.0 0.5153013927550703
0 0 20.03159757653147 0
1 0 20.00400654344216 0
2 0 20.03170641059866 0
3 0 20.556107971599083 1

0 1 20.54291830493125 1
1 1 20.035902586751057 0
2 1 20.00465725861441 0
3 1 20.03701656740681 0

0 2 20.06781205844542 0
1 2 20.006439275981077 0
2 2 20.000544562873245 0
3 2 20.00186170492041 0

0 3 20.557944764244418 1
1 3 20.03716505037043 0
2 3 20.001866964786352 0
3 3 20.00015373868825 0


# 20.0 20.0 0.557944764244418
0 0 20.037023161956817 0
1 0 20.005093854529267 0
2 0 20.03716505037043 0
3 0 20.596978264034842 1

0 1 20.581804589809977 1
1 1 20.041355202334223 0
2 1 20.005826686796738 0
3 1 20.042717871444747 0

0 2 20.078718215551138 0
1 2 20.008023587107534 0
2 2 20.00072937117866 0
3 2 20.002306725089493 0

0 3 20.599249351922676 1
1 3 20.04291379710067 0
2 3 20.002314115148938 0
3 3 20.000203654178335 0


# 20.0 20.0 0.5992493519226763
0 0 20.042733109458442 0
1 0 20.006334952984997 0
2 0 20.04291379710067 0
3 0 20.63651462655213 1

0 1 20.619322475366083 1
1 1 20.047044245049246 0
2 1 20.007147869247774 0
3 1 20.04867535149474 0

0 2 20.090131195470747 0
1 2 20.009808278231965 0
2 2 20.000953285214703 0
3 2 20.00280783012639 0

0 3 20.639272915164316 1
1 3 20.048928161324984 0
2 3 20.002817943521297 0
3 3 20.00026383191169 0


# 20.0 20.0 0.639272915164316
0 0 20.04870260665815 0
1 0 20.007732812745324 0
2 0 20.048928161324984 0
3 0 20.67477134215009 1

0 1 20.655541467966845 1
1 1 20.052948886425185 0
2 1 20.008622839737395 0
3 1 20.05486541087613 0

0 2 20.102001157197332 0
1 2 20.011795458758776 0
2 2 20.001220056390125 0
3 2 20.003366092851216 0

0 3 20.67807024204067 1
1 3 20.055185382281184 0
2 3 20.003379621140397 0
3 3 20.000335282530767 0


# 20.0 20.0 0.6780702420406683
0 0 20.054908604187002 0
1 0 20.009289462433266 0
2 0 20.055185382281184 0
3 0 20.711800183350576 1

0 1 20.690527030085953 1
1 1 20.05905015736896 0
2 1 20.010252795512997 0
3 1 20.061266092479908 0

0 2 20.11428182136567 0
1 2 20.013986125747227 0
2 2 20.00153330930642 0
3 2 20.003982333163272 0

0 3 20.715693319770967 1
1 3 20.06166430502528 0
2 3 20.00400007181485 0
3 3 20.000419001219395 0


# 20.0 20.0 0.715693319770967
0 0 20.0613296923465 0
1 0 20.011006087795028 0
2 0 20.06166430502528 0
3 0 20.747650541520017 1

0 1 20.724340834875317 1
1 1 20.065330779942418 0
2 1 20.01203819516942 0
3 1 20.067856969433983 0

0 2 20.126930228233032 0
1 2 20.016380295181445 0
2 2 20.001896521203662 0
3 2 20.0046571450727 0

0 3 20.752191494658312 1
1 3 20.068345266554072 0
2 3 20.00467999826635 0
3 3 20.000515962895566 0


# 20.0 20.0 0.7521914946583124
0 0 20.06794598649407 0
1 0 20.012883124965178 0
2 0 20.068345266554072 0
3 0 20.78236954885715 1

0 1 20.75704100374659 1
1 1 20.071775013933934 0
2 1 20.013978847054798 0
3 1 20.074619043209573 0

0 2 20.13990651217028 0
1 2 20.01897712077908 0
2 2 20.002313005519962 0
3 2 20.005390921119147 0

0 3 20.787611622195307 1
1 3 20.07520999025369 0
2 3 20.005419905843194 0
3 3 20.000627118154874 0


# 20.0 20.0 0.7876116221953069
0 0 20.074739020524824 0
1 0 20.014920345328793 0
2 0 20.07520999025369 0
3 0 20.816002193499852 1

0 1 20.78868232814878 1
1 1 20.078368516960843 0
2 1 20.016073989067497 0
3 1 20.08153464863901 0

0 2 20.153173691512606 0
1 2 20.02177500143265 0
2 2 20.002785899064556 0
3 2 20.006183874422444 0

0 3 20.821998207977472 1
1 3 20.082241488046076 0
2 3 20.006220123860967 0
3 3 20.0007533898807 0


# 20.0 20.0 0.8219982079774724
0 0 20.08169164786766 0
1 0 20.01711693268597 0
2 0 20.082241488046076 0
3 0 20.84859142817408 1

0 1 20.819316476642626 1
1 1 20.08509821694467 0
2 1 20.018322360624587 0
3 1 20.088587365354826 0

0 2 20.16669747270171 0
1 2 20.024771678284967 0
2 2 20.00331815235577 0
3 2 20.007036058587797 0

0 3 20.855393540019257 1
1 3 20.089423969654124 0
2 3 20.007080824801495 0
3 3 20.000895670445665 0


# 20.0 20.0 0.8553935400192572
0 0 20.088787949456368 0
1 0 20.019471553366525 0
2 0 20.089423969654124 0
3 0 20.88017827277992 1

0 1 20.84899218829287 1
1 1 20.091952195898152 0
2 1 20.02072226751376 0
3 1 20.0957619351965 0

0 2 20.180446067727402 0
1 2 20.027964322354915 0
2 2 20.00391252272179 0
3 2 20.007947385667478 0

0 3 20.887837813027144 1
1 3 20.096742758450855 0
2 3 20.008002041579253 0
3 3 20.001054819436582 0


# 20.0 20.0 0.8878378130271436
0 0 20.09601314817585 0
1 0 20.02198241988987 0
2 0 20.096742758450855 0
3 0 20.91080191128361 1

0 1 20.877755453326184 1
1 1 20.09891958405206 0
2 1 20.023271640278157 0
3 1 20.103044185164997 0

0 2 20.19439002394735 0
1 2 20.031349613551942 0
2 2 20.004571569804067 0
3 2 20.008917642362313 0

0 3 20.919369245146946 1
1 3 20.104184213399257 0
2 3 20.008983683064603 0
3 3 20.001231661841988 0


# 20.0 20.0 0.919369245146946
0 0 20.103353529320113 0
1 0 20.02464734871637 0
2 0 20.104184213399257 0
3 0 20.940499783260172 1

0 1 20.905649681934317 1
1 1 20.10599046343133 0
2 1 20.0259680867264 0
3 1 20.110420955536252 0

0 2 20.20850206542916 0
1 2 20.034923811846216 0
2 2 20.005297653141465 0
3 2 20.009946504629333 0

0 3 20.950024187667598 1
1 3 20.11173565662743 0
2 3 20.01002554803522 0
3 3 20.00142698664765 0


# 20.0 20.0 0.9500241876675979
0 0 20.110796366632396 0
1 0 20.02746381259184 0
2 0 20.11173565662743 0
3 0 20.96930767040877 1

0 1 20.93271586203899 1
1 1 20.113155780065068 0
2 1 20.028808939107975 0
3 1 20.11788003277348 0

0 2 20.222756945019768 0
1 2 20.038682821295843 0
2 2 20.006092931547496 0
3 2 20.011033550846523 0

0 3 20.97983722813133 1
1 3 20.11938530621863 0
2 3 20.011127337710704 0
3 3 20.00164154579102 0


# 20.0 20.0 0.9798372281313306
0 0 20.1183298535292 0
1 0 20.030428987945644 0
2 0 20.11938530621863 0
3 0 20.99725977834196 1

0 1 20.95899270677672 1
1 1 20.120407264083457 0
2 1 20.03179129644627 0
3 1 20.125410086904612 0

0 2 20.237131306403384 0
1 2 20.04262224757268 0
2 2 20.00695936402413 0
3 2 20.012178273671605 0

0 3 21.008841287270066 1
1 3 20.127122213828088 0
2 3 20.012288667010573 0
3 3 20.00187605343073 0


# 20.0 20.0 1.0088412872700658
0 0 20.125943039138818 0
1 0 20.03353979776522 0
2 0 20.127122213828088 0
3 0 21.02438881393044 1

0 1 20.984516792407604 1
1 1 20.127737357017754 0
2 1 20.034912062478142 0
3 1 20.13300061305558 0

0 2 20.251603555461447 0
1 2 20.04673744957317 0
2 2 20.007898711983774 0
3 2 20.01338009071904 0

0 3 21.037067710159818 1
1 3 20.13493620676823 0
2 3 20.01350907466232 0
3 3 20.002131185491802 0


# 20.0 20.0 1.0370677101598176
0 0 20.133625768811893 0
1 0 20.036792950334974 0
2 0 20.13493620676823 0
3 0 21.05072605846683 1

0 1 21.009322687301978 1
1 1 20.13513914567716 0
2 1 20.038167979609007 0
3 1 20.140641876852783 0

0 2 20.266153740296485 0
1 2 20.051023585650363 0
2 2 20.00891254257624 0
3 2 20.01463835416789 0

0 3 21.06454635195884 1
1 3 20.142817834231224 0
2 3 20.014788032274094 0
3 3 20.0024075794514 0


# 20.0 20.0 1.064546351958839
0 0 20.141368628786307 0
1 0 20.040184974195686 0
2 0 20.142817834231224 0
3 0 21.07630143689503 1

0 1 21.033443072612414 1
1 1 20.142606302029467 0
2 1 20.04155565925605 0
3 1 20.148324863428794 0

0 2 20.28076343932669 0
1 2 20.05547565495711 0
2 2 20.010002232940444 0
3 2 20.015952359402686 0

0 3 21.091305658571017 1
1 3 20.15075831734314 0
2 3 20.0161249524754 0
3 3 20.002705834333685 0


# 20.0 20.0 1.0913056585710166
0 0 20.149162894711697 0
1 0 20.043712249651136 0
2 0 20.15075831734314 0
3 0 21.10114358333607 1

0 1 21.056908855195505 1
1 1 20.15013302856077 0
2 1 20.045071608919038 0
3 1 20.156041229784677 0

0 2 20.295415656899653 0
1 2 20.060088534348097 0
2 2 20.011168975221047 0
3 2 20.017321352779845 0

0 3 21.117372742553375 1
1 3 20.15874950276725 0
2 3 20.017519196219297 0
3 3 20.00302651088566 0


# 20.0 20.0 1.1173727425533748
0 0 20.157000483760235 0
1 0 20.04737103712176 0
2 0 20.15874950276725 0
3 0 21.125279903126597 1

0 1 21.079749273307943 1
1 1 20.157714008634215 0
2 1 20.04871225628781 0
3 1 20.163783260280052 0

0 2 20.310094725912382 0
1 2 20.064857011249806 0
2 2 20.012413782208878 0
3 2 20.01874453860359 0

0 3 21.14277345456561 1
1 3 20.16678381959544 0
2 3 20.018970079330366 0
3 3 20.003370131908984 0


# 20.0 20.0 1.14277345456561
0 0 20.164873910070025 0
1 0 20.051157502620303 0
2 0 20.16678381959544 0
3 0 21.148736631572547 1

0 1 21.101991995564408 1
1 1 20.16534436140844 0
2 1 20.052473970667908 0
3 1 20.17154382503842 0

0 2 20.32478621696062 0
1 2 20.069775812871896 0
2 2 20.013737493480537 0
3 2 20.020221085387373 0

0 3 21.16753245063992 1
1 3 20.17485423928654 0
2 3 20.020476878374602 0
3 3 20.003737182725406 0


# 20.0 20.0 1.1675324506399214
0 0 20.17277624328572 0
1 0 20.055067740601725 0
2 0 20.17485423928654 0
3 0 21.171538889607834 1

0 1 21.12366321361056 1
1 1 20.17301960091386 0
2 1 20.05635308198048 0
3 1 20.179316341070514 0

0 2 20.339476853573743 0
1 2 20.0748396321011 0
2 2 20.015140781927595 0
3 2 20.021750131469787 0

0 3 21.191673255531207 1
1 3 20.182954238428586 0
2 3 20.022038835919847 0
3 3 20.004128111755968 0


# 20.0 20.0 1.1916732555312066
0 0 20.18070106997798 0
1 0 20.059097794418594 0
2 0 20.182954238428586 0
3 0 21.19371073653594 1

0 1 21.144787728932503 1
1 1 20.18073559891919 0
2 1 20.060345897569565 0
3 1 20.187094735932455 0

0 2 20.354154433122424 0
1 2 20.08004315038902 0
2 2 20.016624160579248 0
3 2 20.023330790047268 0

0 3 21.215218322390694 1
1 3 20.19107776411898 0
2 3 20.023655165248663 0
3 3 20.004543331196302 0


# 20.0 20.0 1.2152183223906938
0 0 20.188642457738986 0
1 0 20.063243674594055 0
2 0 20.19107776411898 0
3 0 21.215275220021265 1

0 1 21.165389034194703 1
1 1 20.188488551252036 0
2 1 20.064448717028817 0
3 1 20.19487341374846 0

0 2 20.368807753014977 0
1 2 20.08538105791793 0
2 2 20.018187989634356 0
3 2 20.02496215368023 0

0 3 21.238189088990236 1
1 3 20.199219201771864 0
2 3 20.025325054579447 0
3 3 20.004983217772352 0


# 20.0 20.0 1.2381890889902358
0 0 20.196594921765847 0
1 0 20.067501375106747 0
2 0 20.199219201771864 0
3 0 21.236254423486745 1

0 1 21.18548938947092 1
1 1 20.196274947266232 0
2 1 20.068657845240484 0
3 1 20.202647223439914 0

0 2 20.383426541824896 0
1 2 20.09084807130384 0
2 2 20.019832483629553 0
3 2 20.026643298323762 0

0 3 21.26060603070975 1
1 3 20.207373345176563 0
2 3 20.027047670846052 0
3 3 20.005448113562586 0


# 20.0 20.0 1.2606060307097486
0 0 20.20455339375721 0
1 0 20.07186688786581 0
2 0 20.207373345176563 0
3 0 21.25666951106462 1

0 1 21.20510989370732 1
1 1 20.20409154217486 0
2 1 20.07296960380199 0
3 1 20.21041142901372 0

0 2 20.3980013950169 0
1 2 20.096438949073228 0
2 2 20.021557718679876 0
3 2 20.028373286929238 0

0 3 21.28248871048652 1
1 3 20.215535368644016 0
2 3 20.028822163081156 0
3 3 20.005938326874457 0


# 20.0 20.0 1.2824887104865184
0 0 20.212513192960827 0
1 0 20.076336215539193 0
2 0 20.215535368644016 0
3 0 21.276540770238185 1

0 1 21.224270551733444 1
1 1 20.211935331992244 0
2 1 20.077380340999454 0
3 1 20.218161681773147 0

0 2 20.41252371496171 0
1 2 20.102148505129048 0
2 2 20.02336363973691 0
3 2 20.030151172658822 0

0 3 21.303855825912272 1
1 3 20.223700801090438 0
2 3 20.030647665444167 0
3 3 20.006454133164212 0


# 20.0 20.0 1.3038558259122723
0 0 20.22046999922151 0
1 0 20.08090538288484 0
2 0 20.223700801090438 0
3 0 21.295887652303975 1

0 1 21.242990337114744 1
1 1 20.219803530850154 0
2 1 20.08188644047289 0
3 1 20.225893994323904 0

0 2 20.426985654951192 0
1 2 20.1079716204024 0
2 2 20.02525006781728 0
3 2 20.031976001750817 0

0 3 21.32472525365193 1
1 3 20.23186550191862 0
2 3 20.032523299930315 0
3 3 20.006995775990475 0


# 20.0 20.0 1.3247252536519305
0 0 20.22841982788953 0
1 0 20.085570446721636 0
2 0 20.23186550191862 0
3 0 21.314728810775943 1

0 1 21.261287251120216 1
1 1 20.22769355047395 0
2 1 20.086484328704596 0
3 1 20.233604716257076 0

0 2 20.441380066945335 0
1 2 20.113903252868948 0
2 2 20.027216707161106 0
3 2 20.033846816070188 0

0 3 21.34511409134683 1
1 3 20.24002563856779 0
2 3 20.034448178793873 0
3 3 20.007563467993187 0


# 20.0 20.0 1.3451140913468294
0 0 20.23635900645961 0
1 0 20.090327504665552 0
2 0 20.24002563856779 0
3 0 21.333082137845906 1

0 1 21.279178378059715 1
1 1 20.235602981622787 0
2 1 20.09117048145008 0
3 1 20.241290511398674 0

0 2 20.455700452800937 0
1 2 20.11993844609307 0
2 2 20.02926315228626 0
3 2 20.03576265537538 0

0 3 21.36503869715477 1
1 3 20.24817766561244 0
2 3 20.036421406715235 0
3 3 20.00815739189052 0


# 20.0 20.0 1.3650386971547697
0 0 20.24428415281977 0
1 0 20.095172702745725 0
2 0 20.24817766561244 0
3 0 21.35096479900759 1

0 1 21.296679937228127 1
1 1 20.243529577315098 0
2 1 20.095941429219828 0
3 1 20.248948336523164 0

0 2 20.46994091874901 0
1 2 20.126072336448157 0
2 2 20.03138889490962 0
3 2 20.03772255932949 0

0 3 21.384514727069536 1
1 3 20.256318305299516 0
2 3 20.038442082738392 0
3 3 20.008777701487276 0


# 20.0 20.0 1.3845147270695364
0 0 20.252192154997942 0
1 0 20.10010224200551 0
2 0 20.256318305299516 0
3 0 21.368393265945187 1

0 1 21.31380733167729 1
1 1 20.25147123767618 0
2 1 20.10079376191018 0
3 1 20.256575421435407 0

0 2 20.484096132903893 0
1 2 20.132300159148116 0
2 2 20.033593330711476 0
3 2 20.039725569281263 0

0 3 21.403557170153473 1
1 3 20.264444529421414 0
2 3 20.04050930200282 0
3 3 20.00942452268914 0


# 20.0 20.0 1.4035571701534728
0 0 20.26008015230221 0
1 0 20.10511238418461 0
2 0 20.264444529421414 0
3 0 21.385383347781442 1

0 1 21.33057519402143 1
1 1 20.259425996258898 0
2 1 20.105724132672417 0
3 1 20.264169250331943 0

0 2 20.498161285601807 0
1 2 20.138617253212928 0
2 2 20.035875765923358 0
3 2 20.041770729838785 0

0 3 21.422180381808225 1
1 3 20.272553542430003 0
2 3 20.042622157291213 0
3 3 20.010097954517892 0


# 20.0 20.0 1.422180381808225
0 0 20.267945517757802 0
1 0 20.110199456570115 0
2 0 20.272553542430003 0
3 0 21.401950220774452 1

0 1 21.346997429467955 1
1 1 20.267392007701552 0
2 1 20.110729261100783 0
3 1 20.27172754435857 0

0 2 20.5121320523804 0
1 2 20.145019065479932 0
2 2 20.038235423723563 0
3 2 20.043857090256758 0

0 3 21.440398115200853 1
1 3 20.280642765703607 0
2 3 20.044779740412324 0
3 3 20.010798070123275 0


# 20.0 20.0 1.4403981152008534
0 0 20.275785841750977 0
1 0 20.11535985609676 0
2 0 20.280642765703607 0
3 0 21.41810845654732 1

0 1 21.363087256252296 1
1 1 20.275367536599035 0
2 1 20.115805935812563 0
3 1 20.279248245286908 0

0 2 20.526004559423622 0
1 2 20.151501153762293 0
2 2 20.04067145042776 0
3 2 20.045983705656027 0

0 3 21.45822355095515 1
1 3 20.288709822885615 0
2 3 20.046981143436245 0
3 3 20.011524917787945 0


# 20.0 20.0 1.4582235509551502
0 0 20.28359891679613 0
1 0 20.12059005276988 0
2 0 20.288709822885615 0
3 0 21.433872048929686 1

0 1 21.378857243643527 1
1 1 20.28335094747414 0
2 1 20.120951016486455 0
3 1 20.286729500237723 0

0 2 20.539775351308162 0
1 2 20.158059189246853 0
2 2 20.04318292146513 0
3 2 20.048149638092365 0

0 3 21.47566932521109 1
1 3 20.296752526219148 0
2 3 20.04922545979759 0
3 3 20.01227852192226 0


# 20.0 20.0 1.47566932521109
0 0 20.29138272334843 0
1 0 20.125886592478043 0
2 0 20.296752526219148 0
3 0 21.4492544394857 1

0 1 21.334319347676068 0
1 1 20.290620695746032 0
2 1 20.12615279541912 0
3 1 20.294169543703706 0

0 2 20.552721360898826 0
1 2 20.164671678214955 0
2 2 20.045768536093092 0
3 2 20.050353952513113 0

0 3 21.492738916148905 1
1 3 20.304768552767882 0
2 3 20.05151177781549 0
3 3 20.013058883897 0


# 20.0 20.0 1.4927389161489053
0 0 20.298415416589737 0
1 0 20.131228819256624 0
2 0 20.304768552767882 0
3 0 21.464268536821873 1

0 1 21.29197902475249 0
1 1 20.29723929016194 0
2 1 20.13140081231172 0
3 1 20.30156670248791 0

0 2 20.56489973917047 0
1 2 20.17131955107896 0
2 2 20.048426679485257 0
3 2 20.052595713698004 0

0 3 21.509436334670806 1
1 3 20.312755485514415 0
2 3 20.053839175734 0
3 3 20.01386598274989 0


# 20.0 20.0 1.5094363346708057
0 0 20.304750955720618 0
1 0 20.13659831443165 0
2 0 20.312755485514415 0
3 0 21.478926735752314 1

0 1 21.25171858553352 0
1 1 20.303264251394438 0
2 1 20.13668573074734 0
3 1 20.30891939914579 0

0 2 20.57636364378071 0
1 2 20.177985933349266 0
2 2 20.051155477512307 0
3 2 20.054873984035584 0

0 3 21.5257660561742 1
1 3 20.3207108491059 0
2 3 20.056206718065592 0
3 3 20.01469977579611 0


# 20.0 20.0 1.5257660561741986
0 0 20.310439724114257 0
1 0 20.1419786987578 0
2 0 20.3207108491059 0
3 0 21.493240936244252 1

0 1 21.213427216372587 0
1 1 20.30874849827823 0
2 1 20.141999226359975 0
3 1 20.316226154141344 0

0 2 20.587162521212672 0
1 2 20.18465593670181 0
2 2 20.053952844973672 0
3 2 20.057187822005023 0

0 3 21.54173295859575 1
1 3 20.328632140803812 0
2 3 20.05861345304572 0
3 3 20.01556019916806 0


# 20.0 20.0 1.5417329585957518
0 0 20.315528765027707 0
1 0 20.147355450758916 0
2 0 20.328632140803812 0
3 0 21.507222562078802 1

0 1 21.177000550699162 0
1 1 20.313740704335114 0
2 1 20.14733388562574 0
3 1 20.32348558690392 0

0 2 20.5973423686737 0
1 2 20.191316468445557 0
2 2 20.0568165279644 0
3 2 20.059536281249247 0

0 3 21.557342266200035 1
1 3 20.336516857142346 0
2 3 20.061058411029098 0
3 3 20.01644716830535 0


# 20.0 20.0 1.5573422662000347
0 0 20.32006200150421 0
1 0 20.15271573998676 0
2 0 20.336516857142346 0
3 0 21.520882579172522 1

0 1 21.142340268463954 0
1 1 20.31828562687729 0
2 1 20.152683114302363 0
3 1 20.330696415950644 0

0 2 20.60694597722672 0
1 2 20.197956057830698 0
2 2 20.059744140995047 0
3 2 20.061918410139793 0

0 3 21.45259949862926 -1
1 3 20.342922516752235 0
2 3 20.063523323678506 0
3 3 20.017360371052177 0


# 20.0 20.0 1.5573422662000347
0 0 20.324080441551466 0
1 0 20.15804827401417 0
2 0 20.344362516752238 0
3 0 21.534231513514747 1

0 1 21.109353721736333 0
1 1 20.322424410801784 0
2 1 20.158041054629845 0
3 1 20.337857458220128 0

0 2 20.61457315752155 0
1 2 20.204530137767673 0
2 2 20.062732577341876 0
3 2 20.064333241793292 0

0 3 21.351795864769894 -1
1 3 20.347957962963235 0
2 3 20.005991955020296 -1
3 3 20.017579300056063 0


# 20.0 20.0 1.5573422662000347
0 0 20.32762236960462 0
1 0 20.16334315807148 0
2 0 20.352166679763236 0
3 0 21.547279468684017 1

0 1 21.07793630467854 0
1 1 20.326194246945068 0
2 1 20.163402495554855 0
3 1 20.344967627447268 0

0 2 20.62037223259224 0
1 2 20.210999775392935 0
2 2 20.065058143242602 0
3 2 20.066762506486924 0

0 3 21.254751175984843 -1
1 3 20.351004643395555 0
2 3 19.950943997949775 -1
3 3 20.017158923307285 0


# 20.0 20.0 1.5573422662000347
0 0 20.330723317851852 0
1 0 20.1685917563672 0
2 0 20.359926963860453 0
3 0 21.560036142907084 1

0 1 21.047990457450712 0
1 1 20.329628736908894 0
2 1 20.168754153425734 0
3 1 20.35202562072832 0

0 2 20.624481495729306 0
1 2 20.21731386240539 0
2 2 20.066780646610173 0
3 2 20.069190063502223 0

0 3 21.161285967318886 -1
1 3 20.35221697430503 0
2 3 19.898238228566555 -1
3 3 20.01615034157305 0


# 20.0 20.0 1.5600361429070837
0 0 20.333416264975 0
1 0 20.17378656618871 0
2 0 20.36764095372857 0
3 0 21.572510840655912 1

0 1 21.01942517620914 0
1 1 20.332757914636016 0
2 1 20.174084415689737 0
3 1 20.359029968495904 0

0 2 20.627029572979875 0
1 2 20.223428218312304 0
2 2 20.067954466685734 0
3 2 20.071601698156186 0

0 3 21.071230631062825 -1
1 3 20.35173862631952 0
2 3 19.8477423441817 -1
3 3 20.014601057784475 0


# 20.0 20.0 1.5725108406559123
0 0 20.335731820344673 0
1 0 20.178921098673296 0
2 0 20.3753062299322 0
3 0 21.584712484773437 1

0 1 20.99215555050388 0
1 1 20.335608606131636 0
2 1 20.179383154991577 0
3 1 20.36597907787413 0

0 2 20.62813610371327 0
1 2 20.229304917467516 0
2 2 20.068629037662383 0
3 2 20.07398493691348 0

0 3 20.984424825104956 -1
1 3 20.34970326905515 0
2 3 19.799332366100092 -1
3 3 20.012555227340396 0


# 20.0 20.0 1.584712484773437
0 0 20.33769839460239 0
1 0 20.18398977129701 0
2 0 20.38292039320779 0
3 0 21.596649628974575 1

0 1 20.966102334636087 0
1 1 20.338204755178023 0
2 1 20.184641562719047 0
3 1 20.372871270146703 0

0 2 20.627912372283816 0
1 2 20.23491167463923 0
2 2 20.068849290339053 0
3 2 20.076328879017026 0

0 3 20.900716919097245 -1
1 3 20.346235263272874 0
2 3 19.752892084095315 -1
3 3 20.01005389071349 0


# 20.0 20.0 1.5966496289745749
0 0 20.339342357667903 0
1 0 20.18898781097518 0
2 0 20.39048108472509 0
3 0 21.60833047058995 1

0 1 20.941191550402927 0
1 1 20.340567718114315 0
2 1 20.189852000068434 0
3 1 20.379704812996646 0

0 2 20.62646189437757 0
1 2 20.24022128424979 0
2 2 20.068656055371946 0
3 2 20.078624043207295 0

0 3 20.81996347590155 -1
1 3 20.341450304346374 0
2 3 19.708312539568492 -1
3 3 20.007135189641115 0


# 20.0 20.0 1.6083304705899515
0 0 20.340688185128396 0
1 0 20.193911166769837 0
2 0 20.397986002815774 0
3 0 21.619762863438464 1

0 1 20.917354118857446 0
1 1 20.342716530484175 0
2 1 20.195007864885174 0
3 1 20.386477948109157 0

0 2 20.623880961361817 0
1 2 20.245211108824574 0
2 2 20.06808643139192 0
3 2 20.080862228222294 0

0 3 20.742028765957592 -1
1 3 20.335456020536036 0
2 3 19.665491544605445 -1
3 3 20.003834568087967 0


# 20.0 20.0 1.6197628634384635
0 0 20.341758593891303 0
1 0 20.198756431291798 0
2 0 20.405432916612895 0
3 0 21.630954330731342 1

0 1 20.89452551889428 0
1 1 20.344668148107683 0
2 1 20.200103472701347 0
3 1 20.393188914668432 0

0 2 20.620259145708737 0
1 2 20.249862612549926 0
2 2 20.067174120982056 0
3 2 20.08303638588182 0

0 3 20.666784312378056 -1
1 3 20.328352529307924 0
2 3 19.62433323435255 -1
3 3 20.00018495907961 0


# 20.0 20.0 1.6309543307313419
0 0 20.34257466791345 0
1 0 20.203520769969153 0
2 0 20.412819676995976 0
3 0 21.641912077924985 1

0 1 20.87264547064148 0
1 1 20.34643766490886 0
2 1 20.205133950542347 0
3 1 20.399835969224547 0

0 2 20.615679770335802 0
1 2 20.254160936173946 0
2 2 20.065949737258325 0
3 2 20.08514050566153 0

0 3 20.59410846472817 -1
1 3 20.320232954700046 0
2 3 19.5847476503222 -1
3 3 19.99621695842455 0


# 20.0 20.0 1.6419120779249852
0 0 20.34315597475589 0
1 0 20.208201857430378 0
2 0 20.420144225192917 0
3 0 21.652643005452695 1

0 1 20.851657641794546 0
1 1 20.348038509624526 0
2 1 20.21009514221192 0
3 1 20.40641740235703 0

0 2 20.61022034449406 0
1 2 20.25809450979052 0
2 2 20.06444108356576 0
3 2 20.087169509755913 0

0 3 20.523885999588284 -1
1 3 20.311183908519055 0
2 3 19.54665035241478 -1
3 3 19.991958986267317 0


# 20.0 20.0 1.6526430054526955
0 0 20.34352067365538 0
1 0 20.212797820319977 0
2 0 20.42740459935063 0
3 0 21.663153721276892 1

0 1 20.831509375172462 0
1 1 20.349482623332488 0
2 1 20.214983523889018 0
3 1 20.412931552517094 0

0 2 20.603952968639923 0
1 2 20.261654700329263 0
2 2 20.062673408591273 0
3 2 20.089119157714673 0

0 3 20.456007746129014 -1
1 3 20.301285937947732 0
2 3 19.509962057607034 -1
3 3 19.987437437345555 0


# 20.0 20.0 1.6631537212768919
0 0 20.343685615749695 0
1 0 20.217307185927734 0
2 0 20.434598939351027 0
3 0 21.673450553213343 1

0 1 20.812151435907886 0
1 1 20.350780619565175 0
2 1 20.21979612898264 0
3 1 20.419376817390305 0

0 2 20.59694471054544 0
1 2 20.264835490833253 0
2 2 20.060669639000544 0
3 2 20.090985959815495 0

0 3 20.390370235050288 -1
1 3 20.290613941955815 0
2 3 19.474608303407162 -1
3 3 19.98267682075979 0


# 20.0 20.0 1.6734505532133426
0 0 20.343666437044735 0
1 0 20.2217288360703 0
2 0 20.441725490117477 0
3 0 21.683539560987757 1

0 1 20.793537776805618 0
1 1 20.35194192861835 0
2 1 20.224530481292994 0
3 1 20.425751663085066 0

0 2 20.5892579547348 0
1 2 20.26763318884497 0
2 2 20.058450591528846 0
3 2 20.092767098407727 0

0 3 20.326875369348766 -1
1 3 20.27923755873288 0
2 3 19.440519134316318 -1
3 3 19.977699890005123 0


# 20.0 20.0 1.6835395609877573
0 0 20.343477644665636 0
1 0 20.226061965716166 0
2 0 20.448782603628505 0
3 0 21.69342654799276 1

0 1 20.775625320516006 0
1 1 20.35297492752111 0
2 1 20.229184535620092 0
3 1 20.43205463141974 0

0 2 20.580950727180458 0
1 2 20.27004616143997 0
2 2 20.056035166292872 0
3 2 20.094460356527215 0

0 3 20.26543011548317 -1
1 3 20.267221526200974 0
2 3 19.40762880966502 -1
3 3 19.972527763959246 0


# 20.0 20.0 1.693426547992761
0 0 20.34313269689246 0
1 0 20.230306045892593 0
2 0 20.455768739830173 0
3 0 21.70311707272002 1

0 1 20.758373757273464 0
1 1 20.35388705700281 0
2 1 20.233756625044876 0
3 1 20.438284345551615 0

0 2 20.572076997049237 0
1 2 20.272074594649403 0
2 2 20.053440522941454 0
3 2 20.0960640531425 0

0 3 20.20594621360478 -1
1 3 20.254626017515562 0
2 3 19.375875531312083 -1
3 3 19.96718003947017 0


# 20.0 20.0 1.703117072720019
0 0 20.342644077442326 0
1 0 20.234460790456406 0
2 0 20.462682466615963 0
3 0 21.71261645984811 1

0 1 20.74174535704591 0
1 1 20.354684926673034 0
2 1 20.238245414184107 0
3 1 20.444439514164543 0

0 2 20.56268695715677 0
1 2 20.273720275197675 0
2 2 20.0506822411263 0
3 2 20.097576984447645 0

0 3 20.148339905611074 -1
1 3 20.24150695332536 0
2 3 19.345201189804037 -1
3 3 19.961674896140263 0


# 20.0 20.0 1.7126164598481104
0 0 20.34202336442443 0
1 0 20.2385261263498 0
2 0 20.469522459022677 0
3 0 21.721929810971826 1

0 1 20.725704795029035 0
1 1 20.355374409521858 0
2 1 20.242649857789296 0
3 1 20.450518934408137 0

0 2 20.55282728466624 0
1 2 20.274986392651865 0
2 2 20.04777446664855 0
3 2 20.098998370667207 0

0 3 20.092531679864976 -1
1 3 20.227916292433544 0
2 3 19.315551127694935 -1
3 3 19.95602919385956 0


# 20.0 20.0 1.721929810971826
0 0 20.341281294361696 0
1 0 20.242502166997983 0
2 0 20.476287497772834 0
3 0 21.731062014963012 1

0 1 20.71021898950041 0
1 1 20.355960726748084 0
2 1 20.24696916412234 0
3 1 20.456521493760025 0

0 2 20.542541383454466 0
1 2 20.27587736023599 0
2 2 20.044730044522066 0
3 2 20.100327807884884 0

0 3 20.03844603150049 -1
1 3 20.21390230238451 0
2 3 19.28687391882094 -1
3 3 19.950258563601086 0


# 20.0 20.0 1.7310620149630118
0 0 20.340427821642656 0
1 0 20.246389188538032 0
2 0 20.482976467277854 0
3 0 21.7400177579568 1

0 1 20.695256951123536 0
1 1 20.356448523832416 0
2 1 20.251202762597178 0
3 1 20.46244617096337 0

0 2 20.531869609463698 0
1 2 20.276398652707098 0
2 2 20.041560640089127 0
3 2 20.101565224449562 0

0 3 19.986011237308652 -1
1 3 20.199509811390403 0
2 3 19.25912116241143 -1
3 3 19.94437749195378 0


# 20.0 20.0 1.7400177579567995
0 0 20.33947217373946 0
1 0 20.25018760859763 0
2 0 20.489588353202002 0
3 0 21.74880153296034 1

0 1 20.680789642860773 0
1 1 20.356841938689612 0
2 1 20.255350275227844 0
3 1 20.468292036174564 0

0 2 20.52084948026074 0
1 2 20.276556659822315 0
2 2 20.03827684922778 0
3 2 20.102710841550955 0

0 3 19.935159144265356 -1
1 3 20.184780442909997 0
2 3 19.232247290999247 -1
3 3 19.938399399834047 0


# 20.0 20.0 1.7488015329603392
0 0 20.33842290250234 0
1 0 20.25389796736926 0
2 0 20.496122239674207 0
3 0 21.75741764908395 1

0 1 20.666789849718054 0
1 1 20.35714466265816 0
2 1 20.259411491469724 0
3 1 20.47405825044049 0

0 2 20.509515869935456 0
1 2 20.276358554047622 0
2 2 20.034888298601658 0
3 2 20.10376513759233 0

0 3 19.885824970825947 -1
1 3 20.16975283409825 0
2 3 19.206209391167686 -1
3 3 19.93233671578514 0


# 20.0 20.0 1.7574176490839513
0 0 20.337287931817304 0
1 0 20.257520910749545 0
2 0 20.50257730622353 0
3 0 21.765870240396897 1

0 1 20.65323205760283 0
1 1 20.357359995017006 0
2 1 20.26338634608257 0
3 1 20.47974406461085 0

0 2 20.497901190387882 0
1 2 20.275812171270594 0
2 2 20.031403736822135 0
3 2 20.10472881602007 0

0 3 19.837947120170046 -1
1 3 20.154462839257423 0
2 3 19.180967036241018 -1
3 3 19.92620094424401 0


# 20.0 20.0 1.7658702403968967
0 0 20.33607460189211 0
1 0 20.261057175335655 0
2 0 20.508952824503922 0
3 0 21.774163274411986 1

0 1 20.640092340631075 0
1 1 20.357490891656028 0
2 1 20.26727489968172 0
3 1 20.485348817778558 0

0 2 20.48603555997645 0
1 2 20.27492590338215 0
2 2 20.027831117318573 0
3 2 20.10560277629932 0

0 3 19.791467004634733 -1
1 3 20.138943719339707 0
2 3 19.156482130089724 -1
3 3 19.920002729127894 0


# 20.0 20.0 1.7741632744119862
0 0 20.334789710415595 0
1 0 20.264507575090462 0
2 0 20.515248154864967 0
3 0 21.782300560204877 1

0 1 20.627348256269148 0
1 1 20.35754000846962 0
2 1 20.271077321678177 0
3 1 20.49087193533005 0

0 2 20.473946960428872 0
1 2 20.27370860168649 0
2 2 20.024177673644328 0
3 2 20.106388087751977 0

0 3 19.746328880625104 -1
1 3 20.123226318476256 0
2 3 19.132718761280938 -1
3 3 19.913751913067685 0


# 20.0 20.0 1.7823005602048774
0 0 20.333439550816948 0
1 0 20.267872989506483 0
2 0 20.521462742817313 0
3 0 21.79028575617527 1

0 1 20.61497874774243 0
1 1 20.35750973999044 0
2 1 20.27479387533901 0
3 1 20.49631292667738 0

0 2 20.461661382851506 0
1 2 20.27216949018509 0
2 2 20.020449987884085 0
3 2 20.107085965997943 0

0 3 19.70247969333853 -1
1 3 20.107339228437908 0
2 3 19.109643066859814 -1
3 3 19.90745759259154 0


# 20.0 20.0 1.790285756175269
0 0 20.332029947834524 0
1 0 20.271154353114916 0
2 0 20.527596115434537 0
3 0 21.798122377458302 1

0 1 20.602964053185367 0
1 1 20.357402253732793 0
2 1 20.278424904727483 0
3 1 20.501671382735136 0

0 2 20.44920296361225 0
1 2 20.270318087860208 0
2 2 20.016654052770996 0
3 2 20.1076977517632 0

0 3 19.659868930682947 -1
1 3 20.091308941868352 0
2 3 19.087223105098474 -1
3 3 19.901128169540584 0


# 20.0 20.0 1.7981223774583022
0 0 20.330566290588084 0
1 0 20.274352646201155 0
2 0 20.53364787772693 0
3 0 21.80581380299535 1

0 1 20.59128562104678 0
1 1 20.35721952067165 0
2 1 20.28197082330742 0
3 1 20.506946973197053 0

0 2 20.436594110815616 0
1 2 20.268164139156436 0
2 2 20.012795328069895 0
3 2 20.108224891838837 0

0 3 19.618448485810568 -1
1 3 20.075159995070667 0
2 3 19.065428736596512 -1
3 3 19.894771398978346 0


# 20.0 20.0 1.805813802995349
0 0 20.32905356333389 0
1 0 20.277468886601497 0
2 0 20.53961770901725 0
3 0 21.81336328227409 1

0 1 20.57992603130067 0
1 1 20.3569633422438 0
2 1 20.285432104019 0
3 1 20.51213944366036 0

0 2 20.423855622036573 0
1 2 20.265717551925977 0
2 2 20.008878791735103 0
3 2 20.10866892199409 0

0 3 19.578172527726675 -1
1 3 20.05891510107269 0
2 3 19.04423151316089 -1
3 3 19.888394433836986 0


# 20.0 20.0 1.8133632822740893
0 0 20.327496374068694 0
1 0 20.28050412246819 0
2 0 20.54550535934366 0
3 0 21.82077394174827 1

0 1 20.56886892204623 0
1 1 20.35663537422161 0
2 1 20.28880927065362 0
3 1 20.517248612639378 0

0 2 20.411006793931424 0
1 2 20.26298834216506 0
2 2 20.004908986307502 0
3 2 20.109031451663746 0

0 3 19.538997379468565 -1
1 3 20.04259527364517 0
2 3 19.02360457393361 -1
3 3 19.882003866526023 0


# 20.0 20.0 1.8207739417482713
0 0 20.325898981136394 0
1 0 20.283459425900947 0
2 0 20.55131064591086 0
3 0 21.828048790947935 1

0 1 20.558098921111764 0
1 1 20.35623714777695 0
2 1 20.29210289037386 0
3 1 20.522274368504352 0

0 2 20.39806552429925 0
1 2 20.259986584925482 0
2 2 20.000890060975504 0
3 2 20.10931415024594 0

0 3 19.50088140338303 -1
1 3 20.026219942898976 0
2 3 19.003522548273207 -1
3 3 19.875605767713317 0


# 20.0 20.0 1.8280487909479355
0 0 20.324265317979638 0
1 0 20.28633588735312 0
2 0 20.557033449606703 0
3 0 21.835190728291142 1

0 1 20.54760158230574 0
1 1 20.355770088023156 0
2 1 20.295313567241234 0
3 1 20.52721666637651 0

0 2 20.38504840712605 0
1 2 20.256722370837345 0
2 2 19.996825809687852 0
3 2 20.10951873486094 0

0 3 19.46378489306154 -1
1 3 20.009807063043283 0
2 3 18.983961464931067 -1
3 3 19.869205722473144 0


# 20.0 20.0 1.835190728291142
0 0 20.322599016168276 0
1 0 20.289134610729864 0
2 0 20.562673711598368 0
3 0 21.84220254660836 1

0 1 20.53736332598471 0
1 1 20.355235530295563 0
2 1 20.298441936629153 0
3 1 20.53207552500588 0

0 2 20.371970821105357 0
1 2 20.253205767726737 0
2 2 19.99271970567261 0
3 2 20.109646959434603 0

0 3 19.42766997152111 -1
1 3 19.99337321284561 0
2 3 18.96489866709586 -1
3 3 19.862808863982476 0


# 20.0 20.0 1.842202546608359
0 0 20.320903426826792 0
1 0 20.291856709103858 0
2 0 20.568231430019335 0
3 0 21.849086938390762 1

0 1 20.527371383632087 0
1 1 20.354634734406478 0
2 1 20.301488660412204 0
3 1 20.536851023654485 0

0 2 20.35884701209349 0
1 2 20.249446786856073 0
2 2 19.98857493268591 0
3 2 20.109700604982223 0

0 3 19.392500495245617 -1
1 3 19.976933689296466 0
2 3 18.946312732909412 -1
3 3 19.856419904933805 0


# 20.0 20.0 1.8490869383907622
0 0 20.31918164057386 0
1 0 20.294503300981493 0
2 0 20.573706656755935 0
3 0 21.85584650077362 1

0 1 20.517613746164425 0
1 1 20.353968897087938 0
2 1 20.30445442283463 0
3 1 20.541543299004083 0

0 2 20.345690169924758 0
1 2 20.24545535335492 0
2 2 19.984394413285962 0
3 2 20.109681470979655 0

0 3 19.35824196372743 -1
1 3 19.960502594945915 0
2 3 18.928183401085207 -1
3 3 19.850043166820967 0


# 20.0 20.0 1.8558465007736196
0 0 20.317436506078952 0
1 0 20.297075507059343 0
2 0 20.579099494340195 0
3 0 21.8624837402659 1

0 1 20.508079115702618 0
1 1 20.353239162815136 0
2 1 20.307339926971913 0
3 1 20.546152542104522 0

0 2 20.332512499981338 0
1 2 20.241241280446225 0
2 2 19.98018083440203 0
3 2 20.10959136771844 0

0 3 19.32486143417237 -1
1 3 19.94409291934663 0
2 3 18.910491501286465 -1
3 3 19.843682607243473 0


# 20.0 20.0 1.8624837402659011
0 0 20.315670647333253 0
1 0 20.299574447416713 0
2 0 20.58441009295376 0
3 0 21.869001077237026 1

0 1 20.498756860564665 0
1 1 20.352446633184805 0
2 1 20.310145891709002 0
3 1 20.550678995376106 0

0 2 20.319325289884322 0
1 2 20.23681424710662 0
2 2 19.97593667044458 0
3 2 20.109432109551037 0

0 3 19.292327441052937 -1
1 3 19.927716615007423 0
2 3 18.89321888894478 -1
3 3 19.83734184536466 0


# 20.0 20.0 1.8690010772370265
0 0 20.31388647972503 0
1 0 20.302001239095574 0
2 0 20.589638647546202 0
3 0 21.875400850171562 1

0 1 20.48963697325448 0
1 1 20.35159237500592 0
2 1 20.312873049167443 0
3 1 20.555122949676992 0

0 2 20.30613897164615 0
1 2 20.23218377883075 0
2 2 19.971664204181167 0
3 2 20.109205508940565 0

0 3 19.260609920214876 -1
1 3 19.911384668232998 0
2 3 18.876348384222446 -1
3 3 19.831024185649486 0


# 20.0 20.0 1.8754008501715624
0 0 20.31208622500313 0
1 0 20.30435699402422 0
2 0 20.59478539506962 0
3 0 21.881685319702346 1

0 1 20.480710031237656 0
1 1 20.350677427244758 0
2 1 20.315522142521477 0
3 1 20.559484741444532 0

0 2 20.29296317960041 0
1 2 20.227359231197983 0
2 2 19.96736554558306 0
3 2 20.108913371237186 0

0 3 19.22968013726114 -1
1 3 19.89510716519939 0
2 3 18.859863714842287 -1
3 3 19.82473263999906 0


# 20.0 20.0 1.8816853197023455
0 0 20.310271925206163 0
1 0 20.30664281724545 0
2 0 20.599850611830327 0
3 0 21.88785667243236 1

0 1 20.47196716031029 0
1 1 20.349702806952312 0
2 1 20.31809392415017 0
3 1 20.5637647499177 0

0 2 20.279806804402426 0
1 2 20.222349775966126 0
2 2 19.963042648829422 0
3 2 20.10855749011018 0

0 3 19.19951061995496 -1
1 3 19.87889335359018 0
2 3 18.843749462527935 -1
3 3 19.81846994839075 0


# 20.0 20.0 1.8878566724323598
0 0 20.30844545562941 0
1 0 20.308859805414087 0
2 0 20.60483461095741 0
3 0 21.893917024555297 1

0 1 20.463400000381068 0
1 1 20.34866951428954 0
2 1 20.32058915407889 0
3 1 20.56796339444609 0

0 2 20.26667804337315 0
1 2 20.21716438944074 0
2 2 19.958697327639502 0
3 2 20.108139643571267 0

0 3 19.170075094400143 -1
1 3 19.862751700095817 0
2 3 18.827991012815275 -1
3 3 19.812238598125322 0


# 20.0 20.0 1.8939170245552965
0 0 20.306608536896295 0
1 0 20.311009045532415 0
2 0 20.6097377399872 0
3 0 21.899868425284506 1

0 1 20.45500067349977 0
1 1 20.347578536754263 0
2 1 20.323008598669027 0
3 1 20.57208113188965 0

0 2 20.253584447439568 0
1 2 20.211811842890732 0
2 2 19.95433126908816 0
3 2 20.107661590530512 0

0 3 19.14134842477216 -1
1 3 19.84668994405753 0
2 3 18.812574508012286 -1
3 3 19.806040841775324 0


# 20.0 20.0 1.899868425284506
0 0 20.304762746196413 0
1 0 20.31309161389531 0
2 0 20.614560378561922 0
3 0 21.905712860099683 1

0 1 20.446761753977466 0
1 1 20.34643085270325 0
2 1 20.325353029519828 0
3 1 20.576118454112084 0

0 2 20.24053296490679 0
1 2 20.206300694801048 0
2 2 19.949946046046293 0
3 2 20.107125067831436 0

0 3 19.113306556387936 -1
1 3 19.83071514751753 0
2 3 18.79748680309984 -1
3 3 19.79987871392259 0


# 20.0 20.0 1.9057128600996833
0 0 20.302909527747815 0
1 0 20.315108575219863 0
2 0 20.619302936240395 0
3 0 21.911452253820325 1

0 1 20.438676240454708 0
1 1 20.345227434253438 0
2 1 20.327623222550702 0
3 1 20.580075885569805 0

0 2 20.22752998228043 0
1 2 20.20063928477177 0
2 2 19.945543128375117 0
3 2 20.106531787716925 0

0 3 19.085926461915545 -1
1 3 19.81483374191924 0
2 3 18.78271542438025 -1
3 3 19.79375404676654 0


# 20.0 20.0 1.9114522538203254
0 0 20.301050202536988 0
1 0 20.317060981936997 0
2 0 20.623965850417996 0
3 0 21.917088473514646 1

0 1 20.43073752978446 0
1 1 20.3439692496378 0
2 1 20.32981995723628 0
3 1 20.58395398099749 0

0 2 20.21458136234231 0
1 2 20.19483572889002 0
2 2 19.941123892991794 0
3 2 20.105883435681886 0

0 3 19.059186090537725 -1
1 3 19.799051571684327 0
2 3 18.76824853069359 -1
3 3 19.78766848467945 0


# 20.0 20.0 1.9170884735146458
0 0 20.299185977386315 0
1 0 20.31894987362495 0
2 0 20.62854958435295 0
3 0 21.922623331252325 1

0 1 20.422939392605908 0
1 1 20.342657265083474 0
2 1 20.331944015970045 0
3 1 20.587753323190444 0

0 2 20.20169247966834 0
1 2 20.188897916416433 0
2 2 19.936689632913332 0
3 2 20.105181668672646 0

0 3 19.0330643198946 -1
1 3 19.78337393487764 0
2 3 18.754074877034103 -1
3 3 19.78162349777947 0


# 20.0 20.0 1.9226233312523249
0 0 20.29731795339518 0
1 0 20.32077627656668 0
2 0 20.633054625295593 0
3 0 21.928058586709074 1

0 1 20.415275950494223 0
1 1 20.341292446272835 0
2 1 20.33399618353555 0
3 1 20.59147452088345 0

0 2 20.188868253763932 0
1 2 20.18283350764238 0
2 2 19.93224156537611 0
3 2 20.104428113596864 0

0 3 19.007540910642092 -1
1 3 19.767805621156604 0
2 3 18.740183780410415 -1
3 3 19.7756203945875 0


# 20.0 20.0 1.9280585867090743
0 0 20.295447133797683 0
1 0 20.322541203415273 0
2 0 20.637481482717096 0
3 0 21.933395949630754 1

0 1 20.40774165457948 0
1 1 20.33987575944181 0
2 1 20.335977246666864 0
3 1 20.59511820672508 0

0 2 20.176113179980213 0
1 2 20.176649932787 0
2 2 19.927780839119592 0
3 2 20.10362436611098 0

0 3 18.982596463472618 -1
1 3 19.752350947188066 0
2 3 18.72656508780392 -1
3 3 19.76966033382933 0


# 20.0 20.0 1.9333959496307536
0 0 20.293574431276905 0
1 0 20.32424565295306 0
2 0 20.641830686633988 0
3 0 21.938637082164355 1

0 1 20.400331265535527 0
1 1 20.338408172163913 0
2 1 20.337887993682564 0
3 1 20.598685035346122 0

0 2 20.163431358362587 0
1 2 20.170354391815234 0
2 2 19.923308540914803 0
3 2 20.102771989655402 0

0 3 18.95821237845421 -1
1 3 19.73701378970305 0
2 3 18.713209146089522 -1
3 3 19.76374433544041 0


# 20.0 20.0 1.9386370821643553
0 0 20.291700674772798 0
1 0 20.32589060993188 0
2 0 20.646102786024706 0
3 0 21.94378360106289 1

0 1 20.393039834846626 0
1 1 20.33689065386336 0
2 1 20.339729214179588 0
3 1 20.60217568152036 0

0 2 20.15082652057275 0
1 2 20.16395385506875 0
2 2 19.91882570141081 0
3 2 20.101872514710333 0

0 3 18.93437081655317 -1
1 3 19.72179761634806 0
2 3 18.700106773792154 -1
3 3 19.757873290826584 0


# 20.0 20.0 1.94378360106289
0 0 20.28982661581832 0
1 0 20.327477044983215 0
2 0 20.650298347334378 0
3 0 21.948837079770882 1

0 1 20.38586268726612 0
1 1 20.33532417609589 0
2 1 20.341501698775303 0
3 1 20.605590838415583 0

0 2 20.13830205501535 0
1 2 20.15745506461189 0
2 2 19.91433330036577 0
3 2 20.100927438247794 0

0 3 18.911054663213616 -1
1 3 19.706705514480852 0
2 3 18.687249234560962 -1
3 3 19.752047972430532 0


# 20.0 20.0 1.9488370797708825
0 0 20.287952934435854 0
1 0 20.329005914588315 0
2 0 20.65441795306395 0
3 0 21.953799050396885 1

0 1 20.378795404387507 0
1 1 20.333709712631645 0
2 1 20.343206238887813 0
3 1 20.608931215932518 0

0 2 20.12586103029126 0
1 2 20.150864536203756 0
2 2 19.909832271323015 0
3 2 20.09993822335762 0

0 3 18.88824749387519 -1
1 3 19.691740218048334 0
2 3 18.674628212251026 -1
3 3 19.746269042650336 0


# 20.0 20.0 1.953799050396885
0 0 20.28608024462387 0
1 0 20.33047816109944 0
2 0 20.65846220043987 0
3 0 21.958671005579067 1

0 1 20.371833809253793 0
1 1 20.332048239370664 0
2 1 20.34484362654599 0
3 1 20.612197539129145 0

0 2 20.11350621709102 0
1 2 20.144188561815973 0
2 2 19.90532350578716 0
3 2 20.098906299027398 0

0 3 18.865933541317357 -1
1 3 19.676904132674917 0
2 3 18.662235787509832 -1
3 3 19.740537062153372 0


# 20.0 20.0 1.9586710055790668
0 0 20.284209099461652 0
1 0 20.33189471280453 0
2 0 20.66243170016055 0
3 0 21.963454400249695 1

0 1 20.364973951936214 0
1 1 20.330340734118106 0
2 1 20.346414654222123 0
3 1 20.61539054672771 0

0 2 20.101240108634034 0
1 2 20.137433212623378 0
2 2 19.900807856949967 0
3 2 20.09783306005822 0

0 3 18.84409766472564 -1
1 3 19.662199359080876 0
2 3 18.65006441577263 -1
3 3 19.73485249762582 0


# 20.0 20.0 1.9634544002496952
0 0 20.28233999585792 0
1 0 20.33325648402838 0
2 0 20.666327075215808 0
3 0 21.96815065330403 1

0 1 20.358212096018214 0
1 1 20.32858817624314 0
2 1 20.347920114681102 0
3 1 20.618510989701665 0

0 2 20.08906493975181 0
1 2 20.130604342401767 0
2 2 19.896286143011334 0
3 2 20.096719867099843 0

0 3 18.82272532038151 -1
1 3 19.64762771494215 0
2 3 18.638106906577132 -1
3 3 19.729215728995413 0


# 20.0 20.0 1.9681506533040292
0 0 20.280473378967596 0
1 0 20.334564375264307 0
2 0 20.670148959775737 0
3 0 21.97276114917881 1

0 1 20.351544705925 0
1 1 20.326791546242735 0
2 1 20.349360800841186 0
3 1 20.621559629939632 0

0 2 20.076982704706733 0
1 2 20.12370759127332 0
2 2 19.891759150136288 0
3 2 20.095568046790504 0

0 3 18.801802533883563 -1
1 3 19.633190755295388 0
2 3 18.626356404114016 -1
3 3 19.72362705616243 0


# 20.0 20.0 1.9727611491788117
0 0 20.278609646299035 0
1 0 20.335819273331015 0
2 0 20.673897998145367 0
3 0 21.977287239345394 1

0 1 20.344968435043132 0
1 1 20.324951825228947 0
2 1 20.35073750564221 0
3 1 20.624537238983507 0

0 2 20.064995173831452 0
1 2 20.116748389746107 0
2 2 19.88722763508526 0
3 2 20.09437889198808 0

0 3 18.781315873813277 -1
1 3 19.61888979158506 0
2 3 18.61480636893522 -1
3 3 19.718086705271663 0


# 20.0 20.0 1.9772872393453937
0 0 20.27674915153276 0
1 0 20.337022051549997 0
2 0 20.677574843781713 0
3 0 21.981730243722144 1

0 1 20.338480114578438 0
1 1 20.323069994356157 0
2 1 20.352051021917866 0
3 1 20.627444596837737 0

0 2 20.053103909068184 0
1 2 20.10973196299943 0
2 2 19.882692327551254 0
3 2 20.093153662080507 0

0 3 18.76125242676384 -1
1 3 19.60472590944287 0
2 3 18.60345056074713 -1
3 3 19.712594834555816 0


# 20.0 20.0 1.9817302437221436
0 0 20.27489220807112 0
1 0 20.338173569939407 0
2 0 20.681180158369834 0
3 0 21.986091452010637 1

0 1 20.33207674310409 0
1 1 20.32114703420259 0
2 1 20.353302142269346 0
3 1 20.630282490846877 0

0 2 20.041310278481728 0
1 2 20.1026633353716 0
2 2 19.878153932234415 0
3 2 20.091893583364772 0

0 3 18.741599773655437 -1
1 3 19.59069998528356 0
2 3 18.592283022220638 -1
3 3 19.70715153977883 0


# 20.0 20.0 1.986091452010637
0 0 20.27303909233708 0
1 0 20.339274675420867 0
2 0 20.68471461095471 0
3 0 21.990372124959872 1

0 1 20.325755476753976 0
1 1 20.319183924118654 0
2 1 20.354491658938272 0
3 1 20.633051714638462 0

0 2 20.029615469814868 0
1 2 20.09554733501118 0
2 2 19.87361313068158 0
3 2 20.09059984948464 0

0 3 18.722345967265024 -1
1 3 19.576812701795614 0
2 3 18.581298063754442 -1
3 3 19.70175685930566 0


# 20.0 20.0 1.9903721249598725
0 0 20.271190046839042 0
1 0 20.340326202036138 0
2 0 20.688178877125825 0
3 0 21.994573495562488 1

0 1 20.31951362001958 0
1 1 20.31718164155302 0
2 1 20.35562036367722 0
3 1 20.635753067128338 0

0 2 20.018020503150193 0
1 2 20.088388598656806 0
2 2 19.869070582915743 0
3 2 20.089273621918483 0

0 3 18.703479510902834 -1
1 3 19.563064562399965 0
2 3 18.570490249132213 -1
3 3 19.696410778823264 0


# 20.0 20.0 1.9945734955624879
0 0 20.269345283017504 0
1 0 20.341328971170977 0
2 0 20.69157363825147 0
3 0 21.998696770186797 1

0 1 20.31334861711141 0
1 1 20.315141161365872 0
2 1 20.35668904761665 0
3 1 20.63838735158561 0

0 2 20.006526242737937 0
1 2 20.081191576514314 0
2 2 19.864526928877968 0
3 2 20.087916030509348 0

0 3 18.684989338171988 -1
1 3 19.54945590474499 0
2 3 18.559854382018013 -1
3 3 19.691113235735955 0


# 20.0 20.0 1.9986967701867968
0 0 20.267504983888262 0
1 0 20.342283791783863 0
2 0 20.694899580759955 0
3 0 22.00274312964822 1

0 1 20.307258043848634 0
1 1 20.31306345513747 0
2 1 20.357698501127384 0
3 1 20.640955374754434 0

0 2 19.995133408045362 0
1 2 20.073960537203295 0
2 2 19.859982789702123 0
3 2 20.086528174030267 0

0 3 18.66686479375128 -1
1 3 19.535986913301368 0
2 3 18.54938549323813 -1
3 3 19.685864123256682 0


# 20.0 20.0 2.00274312964822
0 0 20.265669306495873 0
1 0 20.343191460637662 0
2 0 20.698157395464996 0
3 0 22.006713730223517 1

0 1 20.301239600043136 0
1 1 20.31094949047901 0
2 1 20.358649513678078 0
3 1 20.64345794602993 0

0 2 19.98384258407943 0
1 2 20.06669957274828 0
2 2 19.85543876884076 0
3 2 20.085111120778524 0

0 3 18.649095615144805 -1
1 3 19.522657631116285 0
2 3 18.539078828800694 -1
3 3 19.68066329421439 0


# 20.0 20.0 2.0067137302235167
0 0 20.26383838419019 0
1 0 20.344052762532492 0
2 0 20.701347776932675 0
3 0 22.01060970461102 1

0 1 20.295291102346308 0
1 1 20.30880023035168 0
2 1 20.359542873687392 0
3 1 20.645895876685596 0

0 2 19.972654231030965 0
1 2 20.05941260359244 0
2 2 19.850895453058712 0
3 2 20.083665909193332 0

0 3 18.631671915345358 -1
1 3 19.509467970782264 0
2 3 18.52892983860773 -1
3 3 19.675510564596287 0


# 20.0 20.0 2.0106097046110207
0 0 20.26201232873789 0
1 0 20.344868470538394 0
2 0 20.704471422887543 0
3 0 22.014432162839903 1

0 1 20.28941047752921 0
1 1 20.306616632398967 0
2 1 20.36037936837077 0
3 1 20.64826997914965 0

0 2 19.96156869328527 0
1 2 20.052103383614305 0
2 2 19.846353413309327 0
3 2 20.082193548491876 0

0 3 18.614584166361734 -1
1 3 19.496417724672416 0
2 3 18.518934165817143 -1
3 3 19.670405716842527 0


# 20.0 20.0 2.0144321628399027
0 0 20.260191232280135 0
1 0 20.34563934622658 0
2 0 20.707529033655515 0
3 0 22.018182193131327 1

0 1 20.283595756168555 0
1 1 20.30439964829638 0
2 1 20.3611597835819 0
3 1 20.650581066327824 0

0 2 19.950586207841024 0
1 2 20.04477550513025 0
2 2 19.841813205506732 0
3 2 20.080695019319343 0

0 3 18.597823183562873 -1
1 3 19.483506574490296 0
2 3 18.509087636814897 -1
3 3 19.665348502909808 0


# 20.0 20.0 2.0181821931313273
0 0 20.25837516914679 0
1 0 20.346366139898247 0
2 0 20.710521311641322 0
3 0 22.02186086271423 1

0 1 20.277845066712885 0
1 1 20.30215022312203 0
2 1 20.361884903649145 0
3 1 20.652829950970247 0

0 2 19.93970691217657 0
1 2 20.037432403867545 0
2 2 19.83727537120622 0
3 2 20.079171274408967 0

0 3 18.581380110794612 -1
1 3 19.470734100179428 0
2 3 18.499386251760217 -1
3 3 19.660338647119087 0


# 20.0 20.0 2.021860862714231
0 0 20.25656419753684 0
1 0 20.347049590810123 0
2 0 20.71344896083847 0
3 0 22.02546921859822 1

0 1 20.27215662990497 0
1 1 20.299869294750955 0
2 1 20.362555511207177 0
3 1 20.65501744508007 0

0 2 19.92893085159996 0
1 2 20.03007736389474 0
2 2 19.832740438203576 0
3 2 20.077623239248624 0

0 3 18.56524640622736 -1
1 3 19.45809978823448 0
2 3 18.489826175668973 -1
3 3 19.65537584880181 0


# 20.0 20.0 2.0254692185982215
0 0 20.254758361074096 0
1 0 20.34769042739606 0
2 0 20.716312686369672 0
3 0 22.029008288306084 1

0 1 20.26652875353806 0
1 1 20.29755779327534 0
2 1 20.363172387024377 0
3 1 20.657144359361656 0

0 2 19.918257986116686 0
1 2 20.022713522497753 0
2 2 19.82820892106308 0
3 2 20.0760518127509 0

0 3 18.54941382889539 -1
1 3 19.445603039453378 0
2 3 18.480403730002696 -1
3 3 19.650459784757988 0


# 20.0 20.0 2.029008288306084
0 0 20.25295769024664 0
1 0 20.348289367484124 0
2 0 20.71911319405592 0
3 0 22.032479080568077 1

0 1 20.260959827525127 0
1 1 20.2952166404525 0
2 1 20.363736309826404 0
3 1 20.65921150270621 0

0 2 19.907688196846806 0
1 2 20.01534387499165 0
2 2 19.823681321582914 0
3 2 20.07445786792393 0

0 3 18.533874425890758 -1
1 3 19.433243176166958 0
2 3 18.471115384732677 -1
3 3 19.64559011153858 0


# 20.0 20.0 2.032479080568077
0 0 20.25116220373787 0
1 0 20.348847118508747 0
2 0 20.721851190012412 0
3 0 22.03588258598025 1

0 1 20.255448319261518 0
1 1 20.29284674918184 0
2 1 20.364248056116537 0
3 1 20.661219681712797 0

0 2 19.897221292020966 0
1 2 20.007971279459483 0
2 2 19.819158129205725 0
3 2 20.07284225254061 0

0 3 18.518620520176945 -1
1 3 19.421019448980374 0
2 3 18.4619577508506 -1
3 3 19.640766467563886 0


# 20.0 20.0 2.03588258598025
0 0 20.24937190965655 0
1 0 20.34936437771759 0
2 0 20.724527380269663 0
3 0 22.03921977762875 1

0 1 20.249992769262846 0
1 1 20.29044902301179 0
2 1 20.364708399993344 0
3 1 20.66316970024281 0

0 2 19.886857012582876 0
1 2 20.000598461410796 0
2 2 19.814639821381395 0
3 2 20.07120578980416 0

0 3 18.503644698989334 -1
1 3 19.408931043058207 0
2 3 18.45292757329892 -1
3 3 19.635988475088823 0


# 20.0 20.0 2.0392197776287517
0 0 20.24758680667268 0
1 0 20.3498418323729 0
2 0 20.727142470418276 0
3 0 22.04249161168205 1

0 1 20.244591787061015 0
1 1 20.28802435567728 0
2 1 20.3651181129663 0
3 1 20.665062359006043 0

0 2 19.87659503742393 0
1 2 19.993228018353566 0
2 2 19.81012686388816 0
3 2 20.069549279008182 0

0 3 18.488939802791503 -1
1 3 19.39697708398309 0
2 3 18.444021724295883 -1
3 3 19.631255742025274 0


# 20.0 20.0 2.042491611682049
0 0 20.24580688506567 0
1 0 20.35028015994717 0
2 0 20.729697165275855 0
3 0 22.045699027952878 1

0 1 20.239244047342456 0
1 1 20.285573630668083 0
2 1 20.365477963769976 0
3 1 20.66689845517656 0

0 2 19.866434988273973 0
1 2 19.985862424274355 0
2 2 19.80561971111771 0
3 2 20.067873496189673 0

0 3 18.474498914758094 -1
1 3 19.38515664321574 0
2 3 18.43523719703176 -1
3 3 19.62656786363102 0


# 20.0 20.0 2.045699027952878
0 0 20.24403212769078 0
1 0 20.350680028313008 0
2 0 20.7321921685747 0
3 0 22.048842950431588 1

0 1 20.233948286313666 0
1 1 20.283097720828067 0
2 1 20.36578871817738 0
3 1 20.66867878203673 0

0 2 19.85637643427062 0
1 2 19.97850403402237 0
2 2 19.801118806329114 0
3 2 20.066179194773667 0

0 3 18.460315350756638 -1
1 3 19.373468743182407 0
2 3 18.42657109971414 -1
3 3 19.62192442407416 0


# 20.0 20.0 2.048842950431588
0 0 20.24226251086943 0
1 0 20.351042095927127 0
2 0 20.734628182668995 0
3 0 22.05192428779252 1

0 1 20.22870329828011 0
1 1 20.280597487985204 0
2 1 20.366051138813106 0
3 1 20.67040412864774 0

0 2 19.846418896227963 0
1 2 19.971155087593996 0
2 2 19.796624581876056 0
3 2 20.064467106208348 0

0 3 18.446382649802324 -1
1 3 19.36191236201407 0
2 3 18.418020649941717 -1
3 3 19.61732499788129 0


# 20.0 20.0 2.05192428779252
0 0 20.240498005208618 0
1 0 20.35136701200854 0
2 0 20.73700590826027 0
3 0 22.054943933874885 1

0 1 20.223507932425406 0
1 1 20.278073782612008 0
2 1 20.36626598496683 0
3 1 20.672075279545133 0

0 2 19.83656185062425 0
1 2 19.963817714315 0
2 2 19.792137459411187 0
3 2 20.06273794058965 0

0 3 18.4326945649611 -1
1 3 19.350486437960093 0
2 3 18.409583169387197 -1
3 3 19.612769151277288 0


# 20.0 20.0 2.0549439338748847
0 0 20.238738576354315 0
1 0 20.3516554167109 0
2 0 20.73932604413997 0
3 0 22.05790276813961 1

0 1 20.218361089778625 0
1 1 20.275527443515887 0
2 1 20.36643401240777 0
3 1 20.673693014457882 0

0 2 19.82680473332669 0
1 2 19.956493936918445 0
2 2 19.787657850071085 0
3 2 20.06099238727456 0

0 3 18.41924505467794 -1
1 3 19.339189873497574 0
2 3 18.401256078771087 -1
3 3 19.608256443423855 0


# 20.0 20.0 2.057902768139609
0 0 20.236984185683433 0
1 0 20.351907941289117 0
2 0 20.741589286948127 0
3 0 22.060801656103454 1

0 1 20.213261720358236 0
1 1 20.272959297558806 0
2 1 20.366555973200626 0
3 1 20.675258108049594 0

0 2 19.817146943070423 0
1 2 19.949185675516734 0
2 2 19.783186154644827 0
3 2 20.059231115482447 0

0 3 18.40602827450835 -1
1 3 19.32802153915623 0
2 3 18.3930368931094 -1
3 3 19.603786427563698 0


# 20.0 20.0 2.060801656103454
0 0 20.2352347909386 0
1 0 20.35212520826032 0
2 0 20.743796330947077 0
3 0 22.06364144975169 1

0 1 20.208208820482003 0
1 1 20.2703701594055 0
2 1 20.36663261552356 0
3 1 20.6767713296806 0

0 2 19.80758784470755 0
1 2 19.9418947514669 0
2 2 19.77872276372886 0
3 2 20.057454774883862 0

0 3 18.393038569232417 -1
1 3 19.31698027707737 0
2 3 18.384923217219246 -1
3 3 19.599358652076642 0


# 20.0 20.0 2.063641449751689
0 0 20.233490346809717 0
1 0 20.352307831559333 0
2 0 20.745947867809313 0
3 0 22.06642298793051 1

0 1 20.20320143023283 0
1 1 20.267760831299427 0
2 1 20.366664683488647 0
3 1 20.67823344318965 0

0 2 19.79812677224102 0
1 2 19.93462289112865 0
2 2 19.774268057870522 0
3 2 20.05566399617638 0

0 3 18.38027046533187 -1
1 3 19.306064904324277 0
2 3 18.376912741467294 -1
3 3 19.594972661453607 0


# 20.0 20.0 2.0664229879305083
0 0 20.231750805466074 0
1 0 20.35245641668874 0
2 0 20.74804458641862 0
3 0 22.06914709672031 1

0 1 20.19823863107113 0
1 1 20.26513210286558 0
2 1 20.366652916965325 0
3 1 20.67964520669403 0

0 2 19.788763031657275 0
1 2 19.927371729515087 0
2 2 19.769822407702225 0
3 2 20.053859391647173 0

0 3 18.3677186638117 -1
1 3 19.295274215960188 0
2 3 18.36900323774706 -1
3 3 19.59062799719401 0


# 20.0 20.0 2.069147096720311
0 0 20.230016117042414 0
1 0 20.35257156086373 0
2 0 20.750087172683628 0
3 0 22.07181458979091 1

0 1 20.193319543584927 0
1 1 20.26248475093918 0
2 1 20.36659805140722 0
3 1 20.681007372407024 0

0 2 19.77949590357061 0
1 2 19.92014281383643 0
2 2 19.765386174068173 0
3 2 20.05204155572202 0

0 3 18.35537803334885 -1
1 3 19.284606987909047 0
2 3 18.361192555671735 -1
3 3 19.58632419863175 0


# 20.119999999999997 20.0 2.071814589790911
0 0 20.22900623008227 0
1 0 20.353022493151915 0
2 0 20.752440733043116 0
3 0 22.07515064182384 1

0 1 20.188811965369464 0
1 1 20.25982838677928 0
2 1 20.366505296935244 0
3 1 20.682689432699704 0

0 2 19.7706890693713 0
1 2 19.912942086189815 0
2 2 19.760959815647126 0
3 2 20.050575491745438 0

0 3 18.343967976835653 -1
1 3 19.274430725841235 0
2 3 18.353843045214965 -1
3 3 19.58278954992453 0


# 20.239999999999995 20.0 2.0751506418238392
0 0 20.229424019301565 0
1 0 20.35417586610902 0
2 0 20.755468203913722 0
3 0 22.079863110357543 1

0 1 20.18508116052937 0
1 1 20.257181077131037 0
2 1 20.36638862503505 0
3 1 20.685058403251972 0

0 2 19.762704023140365 0
1 2 19.905784173753823 0
2 2 19.756552840525057 0
3 2 20.049824130616546 0

0 3 18.33419074665735 -1
1 3 19.265110450943418 0
2 3 18.347315071412652 -1
3 3 19.5807347965516 0


# 20.359999999999992 20.0 2.079863110357543
0 0 20.23123583892637 0
1 0 20.356027101172096 0
2 0 20.75916588538812 0
3 0 22.085918729848352 1

0 1 20.182121203057513 0
1 1 20.25456023866497 0
2 1 20.36626601944733 0
3 1 20.688110056874336 0

0 2 19.755535607650096 0
1 2 19.898687643067042 0
2 2 19.752183418554377 0
3 2 20.049783856394416 0

0 3 18.326007632480806 -1
1 3 19.25663993616732 0
2 3 18.3416025362286 -1
3 3 19.580124980587218 0


# 20.47999999999999 20.0 2.085918729848352
0 0 20.234409128375777 0
1 0 20.358571585952014 0
2 0 20.763529994224793 0
3 0 22.093285336187 1

0 1 20.179926172225386 0
1 1 20.251982764257352 0
2 1 20.36615492532079 0
3 1 20.69184012390044 0

0 2 19.74917856950207 0
1 2 19.891670452461597 0
2 2 19.74786915570863 0
3 2 20.050450945548207 0

0 3 18.31938117977953 -1
1 3 19.24901290886993 0
2 3 18.33669931424899 -1
3 3 19.580926284403645 0


# 20.599999999999987 20.0 2.0932853361870016
0 0 20.23891237285238 0
1 0 20.361804680918045 0
2 0 20.768556673776462 0
3 0 22.101931825656393 1

0 1 20.178490157471263 0
1 1 20.24946503416706 0
2 1 20.36607226075602 0
3 1 20.69624429908015 0

0 2 19.743627571059534 0
1 2 19.8847499667811 0
2 2 19.743627106082627 0
3 2 20.05182157810998 0

0 3 18.31427514306662 -1
1 3 19.242223059786554 0
2 3 18.332599260453804 -1
3 3 19.583105988227878 0


# 20.719999999999985 20.0 2.1019318256563935
0 0 20.244715065490364 0
1 0 20.365721725600693 0
2 0 20.774242003222007 0
3 0 22.11182811556039 1

0 1 20.17780726290607 0
1 1 20.247022927119566 0
2 1 20.366034428265785 0
3 1 20.701318247982016 0

0 2 19.73887720154808 0
1 2 19.87794297191005 0
2 2 19.739473783855537 0
3 2 20.053891848070144 0

0 3 18.310654441052236 -1
1 3 19.23626405135651 0
2 3 18.329296217396024 -1
3 3 19.58663242943727 0


# 20.839999999999982 20.0 2.111828115560389
0 0 20.25178767099479 0
1 0 20.3703180443415 0
2 0 20.780582006144694 0
3 0 22.122945106449734 1

0 1 20.177871611459967 0
1 1 20.244671831289555 0
2 1 20.36605732614029 0
3 1 20.707057612934694 0

0 2 19.734921987376126 0
1 2 19.8712656891049 0
2 2 19.73542517519901 0
3 2 20.05665777306205 0

0 3 18.308485113639147 -1
1 3 19.23112952544122 0
2 3 18.32678402182632 -1
3 3 19.591474963516188 0


# 20.839999999999982 20.0 2.122945106449734
0 0 20.259381590708596 0
1 0 20.375220311616868 0
2 0 20.7872082348171 0
3 0 22.134530272790563 1

0 1 20.17830870869114 0
1 1 20.242417807814295 0
2 1 20.366151880454737 0
3 1 20.713089272307126 0

0 2 19.73139197804355 0
1 2 19.86472930986584 0
2 2 19.731496642611962 0
3 2 20.059750877134668 0

0 3 18.307009907589954 -1
1 3 19.226444364244074 0
2 3 18.32469208455408 -1
3 3 19.59687518036987 0


# 20.839999999999982 20.0 2.1345302727905633
0 0 20.26676620168678 0
1 0 20.380057765460776 0
2 0 20.793754367979254 0
3 0 22.14584930665354 1

0 1 20.17874665477665 0
1 1 20.240257980365904 0
2 1 20.36631976935208 0
3 1 20.71904256230791 0

0 2 19.72791934543251 0
1 2 19.858335722984133 0
2 2 19.727693985214888 0
3 2 20.062804681029725 0

0 3 18.305489915432833 -1
1 3 19.221835913621476 0
2 3 18.322651877953284 -1
3 3 19.602093152584352 0


# 20.839999999999982 20.0 2.1458493066535382
0 0 20.273948271468907 0
1 0 20.384830866749194 0
2 0 20.800220683837182 0
3 0 22.15690989056775 1

0 1 20.17918480244324 0
1 1 20.238189651246685 0
2 1 20.36655818301446 0
3 1 20.72491804774632 0

0 2 19.724502858214667 0
1 2 19.852082277180468 0
2 2 19.724013838154708 0
3 2 20.0658191848883 0

0 3 18.303928343739283 -1
1 3 19.21730275523585 0
2 3 18.320661416030944 -1
3 3 19.607135566302347 0


# 20.839999999999982 20.0 2.15690989056775
0 0 20.280934321726335 0
1 0 20.38954010622745 0
2 0 20.806607513273736 0
3 0 22.16771944123955 1

0 1 20.179622562714876 0
1 1 20.236210185536493 0
2 1 20.366864385246302 0
3 1 20.730716325877466 0

0 2 19.721141336373265 0
1 2 19.84596634525941 0
2 2 19.72045290990038 0
3 2 20.068794436747954 0

0 3 18.30232825246398 -1
1 3 19.212843511680994 0
2 3 18.31871882041225 -1
3 3 19.612008845001384 0


# 20.839999999999982 20.0 2.1677194412395515
0 0 20.287730638171496 0
1 0 20.39418600180968 0
2 0 20.812915235655787 0
3 0 22.178285120093328 1

0 1 20.180059401001827 0
1 1 20.234317010230548 0
2 1 20.36723571253445 0
3 1 20.736438023423123 0

0 2 19.71783364823029 0
1 2 19.839985325647465 0
2 2 19.717007981769267 0
3 2 20.071730528606864 0

0 3 18.300692561294213 -1
1 3 19.20845684467864 0
2 3 18.316822314012327 -1
3 3 19.616719160692764 0


# 20.839999999999982 19.0 2.178285120093328
0 0 20.29434328003106 0
1 0 20.39876909604468 0
2 0 20.819144274902314 0
3 0 22.188613843349874 1

0 1 20.180494833421655 0
1 1 20.23250761335126 0
2 1 20.367669573054147 0
3 1 20.742083793779482 0

0 2 19.71457870764898 0
1 2 19.834136643785765 0
2 2 19.713675907357853 0
3 2 20.074627592747337 0

0 3 18.299024055715552 -1
1 3 19.2041414533643 0
2 3 18.314970215080788 -1
3 3 19.62127244460176 0


# 20.839999999999982 19.0 3.1886138433498736
0 0 20.300778089103538 0
1 0 20.40328995373909 0
2 0 20.825295095798133 0
3 0 22.198712291664208 1

0 1 20.18092842333919 0
1 1 20.230779543037418 0
2 1 20.36816344562722 0
3 1 20.74765431440121 0

0 2 19.71137547140181 0
1 2 19.828417753385985 0
2 2 19.710453611886773 0
3 2 20.077485798302625 0

0 3 18.297325392806986 -1
1 3 19.199896072658284 0
2 3 18.313160931597157 -1
3 3 19.625674397354896 0


# 20.839999999999982 19.0 3.198712291664208
0 0 20.30704069842075 0
1 0 20.407749159729125 0
2 0 20.831368200538858 0
3 0 22.208586919343578 1

0 1 20.18135977811326 0
1 1 20.229130406613887 0
2 1 20.368714878638404 0
3 1 20.753150284351776 0

0 2 19.708222936694607 0
1 2 19.8228261375577 0
2 2 19.70733809146936 0
3 2 20.080305348052025 0

0 3 18.29559910677817 -1
1 3 19.195719471717833 0
2 3 18.31139295599658 -1
3 3 19.6299304986987 0


# 20.839999999999982 19.0 3.2085869193435776
0 0 20.313136540531712 0
1 0 20.412147316792716 0
2 0 20.837364125493522 0
3 0 22.218243963165353 1

0 1 20.181788546038586 0
1 1 20.227557869644748 0
2 1 20.369321488915272 0
3 1 20.758572422010594 0

0 2 19.705120138837927 0
1 2 19.81735930981497 0
2 2 19.704326412312177 0
3 2 20.083086475430097 0

0 3 18.293847614260823 -1
1 3 19.191610452466552 0
2 3 18.309664860206453 -1
3 3 19.634046016773187 0


# 20.839999999999982 19.0 3.218243963165353
0 0 20.319070855426546 0
1 0 20.4164850436942 0
2 0 20.843283438172094 0
3 0 22.10768945081359 -1

0 1 20.182214413471876 0
1 1 20.226059654972556 0
2 1 20.36998096057695 0
3 1 20.762481462927997 0

0 2 19.702066149057305 0
1 2 19.812014814969555 0
2 2 19.70141570985539 0
3 2 20.085812161736712 0

0 3 18.29207321936572 -1
1 3 19.187567848197457 0
2 3 18.307975290975694 -1
3 3 19.6380258096019 0


# 20.839999999999982 19.0 3.218243963165353
0 0 20.324848698117183 0
1 0 20.420762973354183 0
2 0 20.847686734385803 0
3 0 22.001214648952068 -1

0 1 20.18263710213182 0
1 1 20.224633541746265 0
2 1 20.37065648385624 0
3 1 20.764989441019562 0

0 2 19.699060072434502 0
1 2 19.80679022991782 0
2 2 19.698602565780167 0
3 2 20.08846746474059 0

0 3 18.290278118516134 -1
1 3 19.183590522246078 0
2 3 18.30632295552625 -1
3 3 19.641874365499433 0


# 20.839999999999982 19.0 3.218243963165353
0 0 20.330474945890796 0
1 0 20.42496447113758 0
2 0 20.85068591878895 0
3 0 21.898639025907496 -1

0 1 20.183056366563143 0
1 1 20.22327674236014 0
2 1 20.371315628646528 0
3 1 20.766200949928276 0

0 2 19.696101045972217 0
1 2 19.801683149398066 0
2 2 19.695883113002456 0
3 2 20.091039332362644 0

0 3 18.288464405068172 -1
1 3 19.17967736643165 0
2 3 18.30470660953335 -1
3 3 19.645595839644205 0


# 20.839999999999982 19.0 3.218243963165353
0 0 20.335954097891136 0
1 0 20.429074964458287 0
2 0 20.85238546562796 0
3 0 21.7997910579615 -1

0 1 20.183471981802175 0
1 1 20.221986007418515 0
2 1 20.371929944903222 0
3 1 20.766213634054015 0

0 2 19.693188236476605 0
1 2 19.79669117490691 0
2 2 19.693253128318812 0
3 2 20.093516431627616 0

0 3 18.286634073720617 -1
1 3 19.175827299339453 0
2 3 18.30312504714058 -1
3 3 19.649194087162233 0


# 20.839999999999982 19.0 3.218243963165353
0 0 20.34129031372218 0
1 0 20.433081757392262 0
2 0 20.85288290919467 0
3 0 21.70450773839387 -1

0 1 20.18388373325789 0
1 1 20.22075771838795 0
2 1 20.37247459622733 0
3 1 20.76511864661873 0

0 2 19.690320838327214 0
1 2 19.79181190632386 0
2 2 19.69070811393534 0
3 2 20.095888991671853 0

0 3 18.284789024718673 -1
1 3 19.172039264505393 0
2 3 18.30157709274791 -1
3 3 19.65267269303743 0


# 20.839999999999982 19.0 3.218243963165353
0 0 20.346487448315983 0
1 0 20.43697386049257 0
2 0 20.852269301349857 0
3 0 21.612634115187312 -1

0 1 20.184291408521432 0
1 1 20.219587969164113 0
2 1 20.372928023981235 0
3 1 20.76300107703083 0

0 2 19.687498071192238 0
1 2 19.787042935845882 0
2 2 19.688243368997405 0
3 2 20.098148659690423 0

0 3 18.282931067857174 -1
1 3 19.168312228553578 0
2 3 18.300061594339557 -1
3 3 19.656034999136445 0


# 20.839999999999982 19.0 3.218243963165353
0 0 20.351549083404777 0
1 0 20.44074183459891 0
2 0 20.850629638378372 0
3 0 21.52402285562548 -1

0 1 20.184694790848663 0
1 1 20.21847263766753 0
2 1 20.373271639495027 0
3 1 20.759940349653267 0

0 2 19.684719177736785 0
1 2 19.782381843880742 0
2 2 19.6858540521344 0
3 2 20.100288368794516 0

0 3 18.281061926289798 -1
1 3 19.16464517932845 0
2 3 18.298577418144486 -1
3 3 19.6592841286108 0


