# 20.0 20.0 0.0
0 0 20.0 0
1 0 20.0 0
2 0 20.0 0
3 0 20.0 0

0 1 20.0 0
1 1 20.0 0
2 1 20.0 0
3 1 20.0 0

0 2 20.0 0
1 2 20.0 0
2 2 20.0 0
3 2 20.0 0

0 3 20.0 0
1 3 20.0 0
2 3 20.0 0
3 3 20.0 0


# 20.0 20.0 0.0
0 0 20.0 0
1 0 20.0 0
2 0 20.0 0
3 0 20.0 0

0 1 20.0 0
1 1 20.0 0
2 1 20.0 0
3 1 20.0 0

0 2 20.0 0
1 2 20.0 0
2 2 20.0 0
3 2 20.0 0

0 3 20.0 0
1 3 20.0 0
2 3 20.0 0
3 3 20.0 0


# 20.0 20.0 0.0
0 0 20.0 0
1 0 20.0 0
2 0 20.0 0
3 0 20.0 0

0 1 20.0 0
1 1 20.0 0
2 1 20.0 0
3 1 20.0 0

0 2 20.0 0
1 2 20.0 0
2 2 20.0 0
3 2 20.0 0

0 3 20.0 0
1 3 20.0 0
2 3 20.0 0
3 3 20.0 0


# 20.0 20.0 0.0
0 0 20.0 0
1 0 20.0 0
2 0 20.0 0
3 0 20.0 0

0 1 20.0 0
1 1 20.0 0
2 1 20.0 0
3 1 20.0 0

0 2 20.0 0
1 2 20.0 0
2 2 20.0 0
3 2 20.0 0

0 3 20.0 0
1 3 20.0 0
2 3 20.0 0
3 3 20.0 0


# 20.0 20.0 0.0
0 0 20.0 0
1 0 20.0 0
2 0 20.0 0
3 0 20.0 0

0 1 20.0 0
1 1 20.0 0
2 1 20.0 0
3 1 20.0 0

0 2 20.0 0
1 2 20.0 0
2 2 20.0 0
3 2 20.0 0

0 3 20.0 0
1 3 20.0 0
2 3 20.0 0
3 3 20.0 0


# 20.0 20.0 0.0
0 0 20.0 0
1 0 20.0 0
2 0 20.0 0
3 0 20.0 0

0 1 20.0 0
1 1 20.0 0
2 1 20.0 0
3 1 20.0 0

0 2 20.0 0
1 2 20.0 0
2 2 20.0 0
3 2 20.0 0

0 3 20.0 0
1 3 20.0 0
2 3 20.0 0
3 3 20.0 0


# 20.0 20.0 0.0
0 0 20.0 0
1 0 20.0 0
2 0 20.0 0
3 0 20.0 0

0 1 20.0 0
1 1 20.0 0
2 1 20.0 0
3 1 20.0 0

0 2 20.0 0
1 2 20.0 0
2 2 20.0 0
3 2 20.0 0

0 3 20.0 0
1 3 20.0 0
2 3 20.0 0
3 3 20.0 0


# 20.0 20.0 0.0
0 0 20.0 0
1 0 20.0 0
2 0 20.0 0
3 0 20.0 0

0 1 20.0 0
1 1 20.0 0
2 1 20.0 0
3 1 20.0 0

0 2 20.0 0
1 2 20.0 0
2 2 20.0 0
3 2 20.0 0

0 3 20.0 0
1 3 20.0 0
2 3 20.0 0
3 3 20.0 0


# 20.0 20.0 0.0
0 0 20.0 0
1 0 20.0 0
2 0 20.0 0
3 0 20.0 0

0 1 20.0 0
1 1 20.0 0
2 1 20.0 0
3 1 20.0 0

0 2 20.0 0
1 2 20.0 0
2 2 20.0 0
3 2 20.0 0

0 3 20.0 0
1 3 20.0 0
2 3 20.0 0
3 3 20.0 0


# 20.0 20.0 0.0
0 0 20.0 0
1 0 20.0 0
2 0 20.0 0
3 0 20.0 0

0 1 20.0 0
1 1 20.0 0
2 1 20.0 0
3 1 20.0 0

0 2 20.0 0
1 2 20.0 0
2 2 20.0 0
3 2 20.0 0

0 3 20.0 0
1 3 20.0 0
2 3 20.0 0
3 3 20.0 0


# 20.0 20.0 0.0
0 0 20.0 0
1 0 20.0 0
2 0 20.0 0
3 0 20.0 0

0 1 20.0 0
1 1 20.0 0
2 1 20.0 0
3 1 20.0 0

0 2 20.0 0
1 2 20.0 0
2 2 20.0 0
3 2 20.0 0

0 3 20.0 0
1 3 20.0 0
2 3 20.0 0
3 3 20.0 0


# 20.0 20.0 0.0
0 0 20.0 0
1 0 20.0 0
2 0 20.0 0
3 0 20.0 0

0 1 20.0 0
1 1 20.0 0
2 1 20.0 0
3 1 20.0 0

0 2 20.0 0
1 2 20.0 0
2 2 20.0 0
3 2 20.0 0

0 3 20.0 0
1 3 20.0 0
2 3 20.0 0
3 3 20.0 0


# 20.0 20.0 0.0
0 0 20.0 0
1 0 20.0 0
2 0 20.0 0
3 0 20.0 0

0 1 20.0 0
1 1 20.0 0
2 1 20.0 0
3 1 20.0 0

0 2 20.0 0
1 2 20.0 0
2 2 20.0 0
3 2 20.0 0

0 3 20.0 0
1 3 20.0 0
2 3 20.0 0
3 3 20.0 0


# 20.0 20.0 0.0
0 0 20.0 0
1 0 20.0 0
2 0 20.0 0
3 0 20.0 0

0 1 20.0 0
1 1 20.0 0
2 1 20.0 0
3 1 20.0 0

0 2 20.0 0
1 2 20.0 0
2 2 20.0 0
3 2 20.0 0

0 3 20.0 0
1 3 20.0 0
2 3 20.0 0
3 3 20.0 0


# 20.0 20.0 0.0
0 0 20.0 0
1 0 20.0 0
2 0 20.0 0
3 0 20.0 0

0 1 20.0 0
1 1 20.0 0
2 1 20.0 0
3 1 20.0 0

0 2 20.0 0
1 2 20.0 0
2 2 20.0 0
3 2 20.0 0

0 3 20.0 0
1 3 20.0 0
2 3 20.0 0
3 3 20.0 0


# 20.0 20.0 0.0
0 0 20.0 0
1 0 20.0 0
2 0 20.0 0
3 0 20.0 0

0 1 20.0 0
1 1 20.0 0
2 1 20.0 0
3 1 20.0 0

0 2 20.0 0
1 2 20.0 0
2 2 20.0 0
3 2 20.0 0

0 3 20.0 0
1 3 20.0 0
2 3 20.0 0
3 3 20.0 0


# 20.0 20.0 0.0
0 0 20.0 0
1 0 20.0 0
2 0 20.0 0
3 0 20.0 0

0 1 20.0 0
1 1 20.0 0
2 1 20.0 0
3 1 20.0 0

0 2 20.0 0
1 2 20.0 0
2 2 20.0 0
3 2 20.0 0

0 3 20.0 0
1 3 20.0 0
2 3 20.0 0
3 3 20.0 0


# 20.0 20.0 0.0
0 0 20.0 0
1 0 20.0 0
2 0 20.0 0
3 0 20.0 0

0 1 20.0 0
1 1 20.0 0
2 1 20.0 0
3 1 20.0 0

0 2 20.0 0
1 2 20.0 0
2 2 20.0 0
3 2 20.0 0

0 3 20.0 0
1 3 20.0 0
2 3 20.0 0
3 3 20.0 0


# 20.0 20.0 0.0
0 0 20.0 0
1 0 20.0 0
2 0 20.0 0
3 0 20.0 0

0 1 20.0 0
1 1 20.0 0
2 1 20.0 0
3 1 20.0 0

0 2 20.0 0
1 2 20.0 0
2 2 20.0 0
3 2 20.0 0

0 3 20.0 0
1 3 20.0 0
2 3 20.0 0
3 3 20.0 0


# 20.0 20.0 0.0
0 0 20.0 0
1 0 20.0 0
2 0 20.0 0
3 0 20.0 0

0 1 20.0 0
1 1 20.0 0
2 1 20.0 0
3 1 20.0 0

0 2 20.0 0
1 2 20.0 0
2 2 20.0 0
3 2 20.0 0

0 3 20.0 0
1 3 20.0 0
2 3 20.0 0
3 3 20.0 0


# 20.0 20.0 0.0
0 0 20.0 0
1 0 20.0 0
2 0 20.0 0
3 0 20.0 0

0 1 20.0 0
1 1 20.0 0
2 1 20.0 0
3 1 20.0 0

0 2 20.0 0
1 2 20.0 0
2 2 20.0 0
3 2 20.0 0

0 3 20.0 0
1 3 20.0 0
2 3 20.0 0
3 3 20.0 0


# 20.0 20.0 0.0
0 0 20.0 0
1 0 20.0 0
2 0 20.0 0
3 0 20.0 0

0 1 20.0 0
1 1 20.0 0
2 1 20.0 0
3 1 20.0 0

0 2 20.0 0
1 2 20.0 0
2 2 20.0 0
3 2 20.0 0

0 3 20.0 0
1 3 20.0 0
2 3 20.0 0
3 3 20.0 0


# 20.0 20.0 0.0
0 0 20.0 0
1 0 20.0 0
2 0 20.0 0
3 0 20.0 0

0 1 20.0 0
1 1 20.0 0
2 1 20.0 0
3 1 20.0 0

0 2 20.0 0
1 2 20.0 0
2 2 20.0 0
3 2 20.0 0

0 3 20.0 0
1 3 20.0 0
2 3 20.0 0
3 3 20.0 0


# 20.0 20.0 0.0
0 0 20.0 0
1 0 20.0 0
2 0 20.0 0
3 0 20.0 0

0 1 20.0 0
1 1 20.0 0
2 1 20.0 0
3 1 20.0 0

0 2 20.0 0
1 2 20.0 0
2 2 20.0 0
3 2 20.0 0

0 3 20.0 0
1 3 20.0 0
2 3 20.0 0
3 3 20.0 0


# 20.0 20.0 0.0
0 0 20.0 0
1 0 20.0 0
2 0 20.0 0
3 0 20.0 0

0 1 20.0 0
1 1 20.0 0
2 1 20.0 0
3 1 20.0 0

0 2 20.0 0
1 2 20.0 0
2 2 20.0 0
3 2 20.0 0

0 3 20.0 0
1 3 20.0 0
2 3 20.0 0
3 3 20.0 0


# 20.0 20.0 0.0
0 0 20.0 0
1 0 20.0 0
2 0 20.0 0
3 0 20.0 0

0 1 20.0 0
1 1 20.0 0
2 1 20.0 0
3 1 20.0 0

0 2 20.0 0
1 2 20.0 0
2 2 20.0 0
3 2 20.0 0

0 3 20.0 0
1 3 20.0 0
2 3 20.0 0
3 3 20.0 0


# 20.0 20.0 0.0
0 0 20.0 0
1 0 20.0 0
2 0 20.0 0
3 0 20.0 0

0 1 20.0 0
1 1 20.0 0
2 1 20.0 0
3 1 20.0 0

0 2 20.0 0
1 2 20.0 0
2 2 20.0 0
3 2 20.0 0

0 3 20.0 0
1 3 20.0 0
2 3 20.0 0
3 3 20.0 0


# 20.0 20.0 0.0
0 0 20.0 0
1 0 20.0 0
2 0 20.0 0
3 0 20.0 0

0 1 20.0 0
1 1 20.0 0
2 1 20.0 0
3 1 20.0 0

0 2 20.0 0
1 2 20.0 0
2 2 20.0 0
3 2 20.0 0

0 3 20.0 0
1 3 20.0 0
2 3 20.0 0
3 3 20.0 0


# 20.0 20.0 0.0
0 0 20.0 0
1 0 20.0 0
2 0 20.0 0
3 0 20.0 0

0 1 20.0 0
1 1 20.0 0
2 1 20.0 0
3 1 20.0 0

0 2 20.0 0
1 2 20.0 0
2 2 20.0 0
3 2 20.0 0

0 3 20.0 0
1 3 20.0 0
2 3 20.0 0
3 3 20.0 0


# 20.0 20.0 0.0
0 0 20.0 0
1 0 20.0 0
2 0 20.0 0
3 0 20.0 0

0 1 20.0 0
1 1 20.0 0
2 1 20.0 0
3 1 20.0 0

0 2 20.0 0
1 2 20.0 0
2 2 20.0 0
3 2 20.0 0

0 3 20.0 0
1 3 20.0 0
2 3 20.0 0
3 3 20.0 0


# 20.0 20.0 0.0
0 0 20.0 0
1 0 20.0 0
2 0 20.0 0
3 0 20.0 0

0 1 20.0 0
1 1 20.0 0
2 1 20.0 0
3 1 20.0 0

0 2 20.0 0
1 2 20.0 0
2 2 20.0 0
3 2 20.0 0

0 3 20.0 0
1 3 20.0 0
2 3 20.0 0
3 3 20.0 0


# 20.0 20.0 0.0
0 0 20.0 0
1 0 20.0 0
2 0 20.0 0
3 0 20.0 0

0 1 20.0 0
1 1 20.0 0
2 1 20.0 0
3 1 20.0 0

0 2 20.0 0
1 2 20.0 0
2 2 20.0 0
3 2 20.0 0

0 3 20.0 0
1 3 20.0 0
2 3 20.0 0
3 3 20.0 0


# 20.0 20.0 0.0
0 0 20.0 0
1 0 20.0 0
2 0 20.0 0
3 0 20.0 0

0 1 20.0 0
1 1 20.0 0
2 1 20.0 0
3 1 20.0 0

0 2 20.0 0
1 2 20.0 0
2 2 20.0 0
3 2 20.0 0

0 3 20.0 0
1 3 20.0 0
2 3 20.0 0
3 3 20.0 0


# 20.0 20.0 0.0
0 0 20.0 0
1 0 20.0 0
2 0 20.0 0
3 0 20.0 0

0 1 20.0 0
1 1 20.0 0
2 1 20.0 0
3 1 20.0 0

0 2 20.0 0
1 2 20.0 0
2 2 20.0 0
3 2 20.0 0

0 3 20.0 0
1 3 20.0 0
2 3 20.0 0
3 3 20.0 0


# 20.0 20.0 0.0
0 0 20.0 0
1 0 20.0 0
2 0 20.0 0
3 0 20.0 0

0 1 20.0 0
1 1 20.0 0
2 1 20.0 0
3 1 20.0 0

0 2 20.0 0
1 2 20.0 0
2 2 20.0 0
3 2 20.0 0

0 3 20.0 0
1 3 20.0 0
2 3 20.0 0
3 3 20.0 0


# 20.0 20.0 0.0
0 0 20.0 0
1 0 20.0 0
2 0 20.0 0
3 0 20.0 0

0 1 20.0 0
1 1 20.0 0
2 1 20.0 0
3 1 20.0 0

0 2 20.0 0
1 2 20.0 0
2 2 20.0 0
3 2 20.0 0

0 3 20.0 0
1 3 20.0 0
2 3 20.0 0
3 3 20.0 0


# 20.0 20.0 0.0
0 0 20.0 0
1 0 20.0 0
2 0 20.0 0
3 0 20.0 0

0 1 20.0 0
1 1 20.0 0
2 1 20.0 0
3 1 20.0 0

0 2 20.0 0
1 2 20.0 0
2 2 20.0 0
3 2 20.0 0

0 3 20.0 0
1 3 20.0 0
2 3 20.0 0
3 3 20.0 0


# 20.0 20.0 0.0
0 0 20.0 0
1 0 20.0 0
2 0 20.0 0
3 0 20.0 0

0 1 20.0 0
1 1 20.0 0
2 1 20.0 0
3 1 20.0 0

0 2 20.0 0
1 2 20.0 0
2 2 20.0 0
3 2 20.0 0

0 3 20.0 0
1 3 20.0 0
2 3 20.0 0
3 3 20.0 0


# 20.0 20.0 0.0
0 0 20.0 0
1 0 20.0 0
2 0 20.0 0
3 0 20.0 0

0 1 20.0 0
1 1 20.0 0
2 1 20.0 0
3 1 20.0 0

0 2 20.0 0
1 2 20.0 0
2 2 20.0 0
3 2 20.0 0

0 3 20.0 0
1 3 20.0 0
2 3 20.0 0
3 3 20.0 0


# 20.0 20.0 0.0
0 0 20.0 0
1 0 20.0 0
2 0 20.0 0
3 0 20.0 0

0 1 20.0 0
1 1 20.0 0
2 1 20.0 0
3 1 20.0 0

0 2 20.0 0
1 2 20.0 0
2 2 20.0 0
3 2 20.0 0

0 3 20.0 0
1 3 20.0 0
2 3 20.0 0
3 3 20.0 0


# 20.0 20.0 0.0
0 0 20.0 0
1 0 20.0 0
2 0 20.0 0
3 0 20.0 0

0 1 20.0 0
1 1 20.0 0
2 1 20.0 0
3 1 20.0 0

0 2 20.0 0
1 2 20.0 0
2 2 20.0 0
3 2 20.0 0

0 3 20.0 0
1 3 20.0 0
2 3 20.0 0
3 3 20.0 0


# 20.0 20.0 0.0
0 0 20.0 0
1 0 20.0 0
2 0 20.0 0
3 0 20.0 0

0 1 20.0 0
1 1 20.0 0
2 1 20.0 0
3 1 20.0 0

0 2 20.0 0
1 2 20.0 0
2 2 20.0 0
3 2 20.0 0

0 3 20.0 0
1 3 20.0 0
2 3 20.0 0
3 3 20.0 0


# 20.0 20.0 0.0
0 0 20.0 0
1 0 20.0 0
2 0 20.0 0
3 0 20.0 0

0 1 20.0 0
1 1 20.0 0
2 1 20.0 0
3 1 20.0 0

0 2 20.0 0
1 2 20.0 0
2 2 20.0 0
3 2 20.0 0

0 3 20.0 0
1 3 20.0 0
2 3 20.0 0
3 3 20.0 0


# 20.0 20.0 0.0
0 0 20.0 0
1 0 20.0 0
2 0 20.0 0
3 0 20.0 0

0 1 20.0 0
1 1 20.0 0
2 1 20.0 0
3 1 20.0 0

0 2 20.0 0
1 2 20.0 0
2 2 20.0 0
3 2 20.0 0

0 3 20.0 0
1 3 20.0 0
2 3 20.0 0
3 3 20.0 0


# 20.0 20.0 0.0
0 0 20.0 0
1 0 20.0 0
2 0 20.0 0
3 0 20.0 0

0 1 20.0 0
1 1 20.0 0
2 1 20.0 0
3 1 20.0 0

0 2 20.0 0
1 2 20.0 0
2 2 20.0 0
3 2 20.0 0

0 3 20.0 0
1 3 20.0 0
2 3 20.0 0
3 3 20.0 0


# 20.0 20.0 0.0
0 0 20.0 0
1 0 20.0 0
2 0 20.0 0
3 0 20.0 0

0 1 20.0 0
1 1 20.0 0
2 1 20.0 0
3 1 20.0 0

0 2 20.0 0
1 2 20.0 0
2 2 20.0 0
3 2 20.0 0

0 3 20.0 0
1 3 20.0 0
2 3 20.0 0
3 3 20.0 0


# 20.0 20.0 0.0
0 0 20.0 0
1 0 20.0 0
2 0 20.0 0
3 0 20.0 0

0 1 20.0 0
1 1 20.0 0
2 1 20.0 0
3 1 20.0 0

0 2 20.0 0
1 2 20.0 0
2 2 20.0 0
3 2 20.0 0

0 3 20.0 0
1 3 20.0 0
2 3 20.0 0
3 3 20.0 0


# 20.0 20.0 0.0
0 0 20.0 0
1 0 20.0 0
2 0 20.0 0
3 0 20.0 0

0 1 20.0 0
1 1 20.0 0
2 1 20.0 0
3 1 20.0 0

0 2 20.0 0
1 2 20.0 0
2 2 20.0 0
3 2 20.0 0

0 3 20.0 0
1 3 20.0 0
2 3 20.0 0
3 3 20.0 0


# 20.0 20.0 0.0
0 0 20.0 0
1 0 20.0 0
2 0 20.0 0
3 0 20.0 0

0 1 20.0 0
1 1 20.0 0
2 1 20.0 0
3 1 20.0 0

0 2 20.0 0
1 2 20.0 0
2 2 20.0 0
3 2 20.0 0

0 3 20.0 0
1 3 20.0 0
2 3 20.0 0
3 3 20.0 0


# 20.0 20.0 0.0
0 0 20.0 0
1 0 20.0 0
2 0 20.0 0
3 0 20.0 0

0 1 20.0 0
1 1 20.0 0
2 1 20.0 0
3 1 20.0 0

0 2 20.0 0
1 2 20.0 0
2 2 20.0 0
3 2 20.0 0

0 3 20.0 0
1 3 20.0 0
2 3 20.0 0
3 3 20.0 0


# 20.0 20.0 0.0
0 0 20.0 0
1 0 20.0 0
2 0 20.0 0
3 0 20.0 0

0 1 20.0 0
1 1 20.0 0
2 1 20.0 0
3 1 20.0 0

0 2 20.0 0
1 2 20.0 0
2 2 20.0 0
3 2 20.0 0

0 3 20.0 0
1 3 20.0 0
2 3 20.0 0
3 3 20.0 0


# 20.0 20.0 0.0
0 0 20.0 0
1 0 20.0 0
2 0 20.0 0
3 0 20.0 0

0 1 20.0 0
1 1 20.0 0
2 1 20.0 0
3 1 20.0 0

0 2 20.0 0
1 2 20.0 0
2 2 20.0 0
3 2 20.0 0

0 3 20.0 0
1 3 20.0 0
2 3 20.0 0
3 3 20.0 0


# 20.0 20.0 0.0
0 0 20.0 0
1 0 20.0 0
2 0 20.0 0
3 0 20.0 0

0 1 20.0 0
1 1 20.0 0
2 1 20.0 0
3 1 20.0 0

0 2 20.0 0
1 2 20.0 0
2 2 20.0 0
3 2 20.0 0

0 3 20.0 0
1 3 20.0 0
2 3 20.0 0
3 3 20.0 0


# 20.0 20.0 0.0
0 0 20.0 0
1 0 20.0 0
2 0 20.0 0
3 0 20.0 0

0 1 20.0 0
1 1 20.0 0
2 1 20.0 0
3 1 20.0 0

0 2 20.0 0
1 2 20.0 0
2 2 20.0 0
3 2 20.0 0

0 3 20.0 0
1 3 20.0 0
2 3 20.0 0
3 3 20.0 0


# 20.0 20.0 0.0
0 0 20.0 0
1 0 20.0 0
2 0 20.0 0
3 0 20.0 0

0 1 20.0 0
1 1 20.0 0
2 1 20.0 0
3 1 20.0 0

0 2 20.0 0
1 2 20.0 0
2 2 20.0 0
3 2 20.0 0

0 3 20.0 0
1 3 20.0 0
2 3 20.0 0
3 3 20.0 0


# 20.0 20.0 0.0
0 0 20.0 0
1 0 20.0 0
2 0 20.0 0
3 0 20.0 0

0 1 20.0 0
1 1 20.0 0
2 1 20.0 0
3 1 20.0 0

0 2 20.0 0
1 2 20.0 0
2 2 20.0 0
3 2 20.0 0

0 3 20.0 0
1 3 20.0 0
2 3 20.0 0
3 3 20.0 0


# 20.0 20.0 0.0
0 0 20.0 0
1 0 20.0 0
2 0 20.0 0
3 0 20.0 0

0 1 20.0 0
1 1 20.0 0
2 1 20.0 0
3 1 20.0 0

0 2 20.0 0
1 2 20.0 0
2 2 20.0 0
3 2 20.0 0

0 3 20.0 0
1 3 20.0 0
2 3 20.0 0
3 3 20.0 0


# 20.0 20.0 0.0
0 0 20.0 0
1 0 20.0 0
2 0 20.0 0
3 0 20.0 0

0 1 20.0 0
1 1 20.0 0
2 1 20.0 0
3 1 20.0 0

0 2 20.0 0
1 2 20.0 0
2 2 20.0 0
3 2 20.0 0

0 3 20.0 0
1 3 20.0 0
2 3 20.0 0
3 3 20.0 0


# 20.0 20.0 0.0
0 0 20.0 0
1 0 20.0 0
2 0 20.0 0
3 0 20.0 0

0 1 20.0 0
1 1 20.0 0
2 1 20.0 0
3 1 20.0 0

0 2 20.0 0
1 2 20.0 0
2 2 20.0 0
3 2 20.0 0

0 3 20.0 0
1 3 20.0 0
2 3 20.0 0
3 3 20.0 0


# 20.0 20.0 0.0
0 0 20.0 0
1 0 20.0 0
2 0 20.0 0
3 0 20.0 0

0 1 20.0 0
1 1 20.0 0
2 1 20.0 0
3 1 20.0 0

0 2 20.0 0
1 2 20.0 0
2 2 20.0 0
3 2 20.0 0

0 3 20.0 0
1 3 20.0 0
2 3 20.0 0
3 3 20.0 0


# 20.0 20.0 0.0
0 0 20.0 0
1 0 20.0 0
2 0 20.0 0
3 0 20.0 0

0 1 20.0 0
1 1 20.0 0
2 1 20.0 0
3 1 20.0 0

0 2 20.0 0
1 2 20.0 0
2 2 20.0 0
3 2 20.0 0

0 3 20.0 0
1 3 20.0 0
2 3 20.0 0
3 3 20.0 0


# 20.0 20.0 0.0
0 0 20.0 0
1 0 20.0 0
2 0 20.0 0
3 0 20.0 0

0 1 20.0 0
1 1 20.0 0
2 1 20.0 0
3 1 20.0 0

0 2 20.0 0
1 2 20.0 0
2 2 20.0 0
3 2 20.0 0

0 3 20.0 0
1 3 20.0 0
2 3 20.0 0
3 3 20.0 0


# 20.0 20.0 0.0
0 0 20.0 0
1 0 20.0 0
2 0 20.0 0
3 0 20.0 0

0 1 20.0 0
1 1 20.0 0
2 1 20.0 0
3 1 20.0 0

0 2 20.0 0
1 2 20.0 0
2 2 20.0 0
3 2 20.0 0

0 3 20.0 0
1 3 20.0 0
2 3 20.0 0
3 3 20.0 0


# 20.0 20.0 0.0
0 0 20.0 0
1 0 20.0 0
2 0 20.0 0
3 0 20.0 0

0 1 20.0 0
1 1 20.0 0
2 1 20.0 0
3 1 20.0 0

0 2 20.0 0
1 2 20.0 0
2 2 20.0 0
3 2 20.0 0

0 3 20.0 0
1 3 20.0 0
2 3 20.0 0
3 3 20.0 0


# 20.0 20.0 0.0
0 0 20.0 0
1 0 20.0 0
2 0 20.0 0
3 0 20.0 0

0 1 20.0 0
1 1 20.0 0
2 1 20.0 0
3 1 20.0 0

0 2 20.0 0
1 2 20.0 0
2 2 20.0 0
3 2 20.0 0

0 3 20.0 0
1 3 20.0 0
2 3 20.0 0
3 3 20.0 0


# 20.0 20.0 0.0
0 0 20.0 0
1 0 20.0 0
2 0 20.0 0
3 0 20.0 0

0 1 20.0 0
1 1 20.0 0
2 1 20.0 0
3 1 20.0 0

0 2 20.0 0
1 2 20.0 0
2 2 20.0 0
3 2 20.0 0

0 3 20.0 0
1 3 20.0 0
2 3 20.0 0
3 3 20.0 0


# 20.0 20.0 0.0
0 0 20.0 0
1 0 20.0 0
2 0 20.0 0
3 0 20.0 0

0 1 20.0 0
1 1 20.0 0
2 1 20.0 0
3 1 20.0 0

0 2 20.0 0
1 2 20.0 0
2 2 20.0 0
3 2 20.0 0

0 3 20.0 0
1 3 20.0 0
2 3 20.0 0
3 3 20.0 0


# 20.0 20.0 0.0
0 0 20.0 0
1 0 20.0 0
2 0 20.0 0
3 0 20.0 0

0 1 20.0 0
1 1 20.0 0
2 1 20.0 0
3 1 20.0 0

0 2 20.0 0
1 2 20.0 0
2 2 20.0 0
3 2 20.0 0

0 3 20.0 0
1 3 20.0 0
2 3 20.0 0
3 3 20.0 0


# 20.0 20.0 0.0
0 0 20.0 0
1 0 20.0 0
2 0 20.0 0
3 0 20.0 0

0 1 20.0 0
1 1 20.0 0
2 1 20.0 0
3 1 20.0 0

0 2 20.0 0
1 2 20.0 0
2 2 20.0 0
3 2 20.0 0

0 3 20.0 0
1 3 20.0 0
2 3 20.0 0
3 3 20.0 0


# 20.0 20.0 0.0
0 0 20.0 0
1 0 20.0 0
2 0 20.0 0
3 0 20.0 0

0 1 20.0 0
1 1 20.0 0
2 1 20.0 0
3 1 20.0 0

0 2 20.0 0
1 2 20.0 0
2 2 20.0 0
3 2 20.0 0

0 3 20.0 0
1 3 20.0 0
2 3 20.0 0
3 3 20.0 0


# 20.0 20.0 0.0
0 0 20.0 0
1 0 20.0 0
2 0 20.0 0
3 0 20.0 0

0 1 20.0 0
1 1 20.0 0
2 1 20.0 0
3 1 20.0 0

0 2 20.0 0
1 2 20.0 0
2 2 20.0 0
3 2 20.0 0

0 3 20.0 0
1 3 20.0 0
2 3 20.0 0
3 3 20.0 0


# 20.0 20.0 0.0
0 0 20.0 0
1 0 20.0 0
2 0 20.0 0
3 0 20.0 0

0 1 20.0 0
1 1 20.0 0
2 1 20.0 0
3 1 20.0 0

0 2 20.0 0
1 2 20.0 0
2 2 20.0 0
3 2 20.0 0

0 3 20.0 0
1 3 20.0 0
2 3 20.0 0
3 3 20.0 0


# 20.0 20.0 0.0
0 0 20.0 0
1 0 20.0 0
2 0 20.0 0
3 0 20.0 0

0 1 20.0 0
1 1 20.0 0
2 1 20.0 0
3 1 20.0 0

0 2 20.0 0
1 2 20.0 0
2 2 20.0 0
3 2 20.0 0

0 3 20.0 0
1 3 20.0 0
2 3 20.0 0
3 3 20.0 0


# 20.0 20.0 0.0
0 0 20.0 0
1 0 20.0 0
2 0 20.0 0
3 0 20.0 0

0 1 20.0 0
1 1 20.0 0
2 1 20.0 0
3 1 20.0 0

0 2 20.0 0
1 2 20.0 0
2 2 20.0 0
3 2 20.0 0

0 3 20.0 0
1 3 20.0 0
2 3 20.0 0
3 3 20.0 0


# 20.0 20.0 0.0
0 0 20.0 0
1 0 20.0 0
2 0 20.0 0
3 0 20.0 0

0 1 20.0 0
1 1 20.0 0
2 1 20.0 0
3 1 20.0 0

0 2 20.0 0
1 2 20.0 0
2 2 20.0 0
3 2 20.0 0

0 3 20.0 0
1 3 20.0 0
2 3 20.0 0
3 3 20.0 0


# 20.0 20.0 0.0
0 0 20.0 0
1 0 20.0 0
2 0 20.0 0
3 0 20.0 0

0 1 20.0 0
1 1 20.0 0
2 1 20.0 0
3 1 20.0 0

0 2 20.0 0
1 2 20.0 0
2 2 20.0 0
3 2 20.0 0

0 3 20.0 0
1 3 20.0 0
2 3 20.0 0
3 3 20.0 0


# 20.0 20.0 0.0
0 0 20.0 0
1 0 20.0 0
2 0 20.06 1
3 0 20.00072 0

0 1 20.0 0
1 1 20.0 0
2 1 20.00072 0
3 1 20.00001728 0

0 2 20.0 0
1 2 20.0 0
2 2 20.00000864 0
3 2 20.00000031104 0

0 3 20.0 0
1 3 20.0 0
2 3 20.00000010368 0
3 3 20.00000000497664 0


# 20.0 20.0 0.05999999999999872
0 0 20.0 0
1 0 20.00072 0
2 0 20.11750592 1
3 0 20.0021043584 0

0 1 20.0 0
1 1 20.00001728 0
2 1 20.00209602944 0
3 1 20.000066962626562 0

0 2 20.0 0
1 2 20.00000031104 0
2 2 20.000033386342402 0
3 2 20.000001502223668 0

0 3 20.0 0
1 3 20.00000000497664 0
2 3 20.00000050008099 0
3 3 20.000000028825138 0


# 20.0 20.0 0.11750591999999926
0 0 20.00000864 0
1 0 20.00210014208 0
2 0 20.17264627771904 1
3 0 20.004101160381747 0

0 1 20.00000031104 0
1 1 20.0000668120832 0
2 1 20.004069181292135 0
3 1 20.000162212323016 0

0 2 20.00000000746496 0
1 2 20.000001498640486 0
2 2 20.000080655984814 0
3 2 20.00000435389587 0

0 3 20.0000000001493 0
1 3 20.000000028754073 0
2 3 20.000001447640358 0
3 3 20.000000097405866 0


# 20.0 20.0 0.17264627771903918
0 0 20.000033534397442 0
1 0 20.004084895603036 0
2 0 20.22554219690216 1
3 0 20.006661971518707 0

0 1 20.000001502223668 0
1 1 20.00016149003632 0
2 1 20.00658521925307 0
3 1 20.00031441794146 0

0 2 20.000000043163592 0
1 2 20.00000433332101 0
2 2 20.000155928746867 0
3 2 20.000009816361374 0

0 3 20.000000001006935 0
1 3 20.000000096930023 0
2 3 20.000003260316454 0
3 3 20.00000025081939 0


# 20.0 20.0 0.22554219690216115
0 0 20.000081363933056 0
1 0 20.00662275059817 0
2 0 20.27630786392871 1
3 0 20.009741607926475 0

0 1 20.00000435389587 0
1 1 20.000312338399393 0
2 1 20.00959421531712 0
3 1 20.00053336006318 0

0 2 20.000000145609405 0
1 2 20.00000974743783 0
2 2 20.000263848640213 0
3 2 20.000018973588467 0

0 3 20.00000000388116 0
1 3 20.00000024899859 0
2 3 20.00000629556466 0
3 3 20.00000054501973 0


# 20.0 20.0 0.2763078639287109
0 0 20.000157960085396 0
1 0 20.009665933022006 0
2 0 20.325050954718893 1
3 0 20.013297921818506 0

0 1 20.000009816361374 0
1 1 20.00052870270188 0
2 1 20.013050215375387 0
3 1 20.000827364269917 0

0 2 20.000000374305976 0
1 2 20.000018797656573 0
2 2 20.000408315291704 0
3 2 20.000033011392727 0

0 3 20.00000001122109 0
1 3 20.000000539793955 0
2 3 20.00001094395221 0
3 3 20.00000105286316 0


# 20.0 20.0 0.32505095471889334
0 0 20.00026838251492 0
1 0 20.013170140314312 0
2 0 20.3718730339508 1
3 0 20.01729160141169 0

0 1 20.000018973588467 0
1 1 20.00081842249541 0
2 1 20.01691093066946 0
3 1 20.001203441492265 0

0 2 20.00000081197472 0
1 2 20.000032632443727 0
2 2 20.0005925663792 0
3 2 20.000053189643047 0

0 3 20.000000027038354 0
1 3 20.00000104036382 0
2 3 20.000017620221488 0
3 3 20.00000186467846 0


# 20.0 20.0 0.3718730339507985
0 0 20.000416990111216 0
1 0 20.0170942957798 0
2 0 20.416869928459196 1
3 0 20.021685984200285 0

0 1 20.000033011392727 0
1 1 20.00118798865906 0
2 1 20.021137453097204 0
3 1 20.001667416472877 0

0 2 20.00000156592228 0
1 2 20.00005246402232 0
2 2 20.00081925191681 0
3 2 20.000080818074856 0

0 3 20.000000057340408 0
1 3 20.00000183836755 0
2 3 20.00002675563174 0
3 3 20.000003088434514 0


# 20.0 20.0 0.4168699284591959
0 0 20.000607506153283 0
1 0 20.021400320436307 0
2 0 20.460132076556715 1
3 0 20.02644688268543 0

0 1 20.000053189643047 0
1 1 20.00164268632981 0
2 1 20.025693992523852 0
3 1 20.002224045300427 0

0 2 20.00000276868561 0
1 2 20.00007954429285 0
2 2 20.001090501151083 0
3 2 20.000117235334343 0

0 3 20.00000011056079 0
1 3 20.000003038081935 0
2 3 20.00003879142722 0
3 3 20.00000484957201 0


# 20.0 20.0 0.4601320765567145
0 0 20.000843078052718 0
1 0 20.02605292106925 0
2 0 20.501744854896675 1
3 0 20.03154242171112 0

0 1 20.000080818074856 0
1 1 20.00218672469751 0
2 1 20.030547634395255 0
3 1 20.002877122895097 0

0 2 20.00000457807596 0
1 2 20.00011514427087 0
2 2 20.001407982760963 0
3 2 20.00016379091304 0

0 3 20.000000197974497 0
1 3 20.000004760086565 0
2 3 20.00005417329631 0
3 3 20.00000729055793 0


# 20.0 20.0 0.5017448548966748
0 0 20.00112633211255 0
1 0 20.031019393324822 0
2 0 20.54178888438419 1
3 0 20.03694288661687 0

0 1 20.000117235334343 0
1 1 20.002823354799933 0
2 1 20.035668116082366 0
3 1 20.00362958125685 0

0 2 20.000007176727724 0
1 2 20.00016053663837 0
2 2 20.001772958991598 0
3 2 20.00022182966437 0

0 3 20.000000334089187 0
1 3 20.000007140691217 0
2 3 20.000073346700752 0
3 3 20.00001057021423 0


# 20.0 20.0 0.5417888843841894
0 0 20.001459423700407 0
1 0 20.036269438759795 0
2 0 20.580340316537562 1
3 0 20.042620581472196 0

0 1 20.00016379091304 0
1 1 20.00355497635826 0
2 1 20.041027620508142 0
3 1 20.0044835792238 0

0 2 20.000010771244845 0
1 2 20.000216981047156 0
2 2 20.002186334295047 0
3 2 20.00029267862326 0

0 3 20.00000053700521 0
1 3 20.000010331159224 0
2 3 20.00009675296734 0
3 3 20.000014862865605 0


# 20.0 20.0 0.580340316537562
0 0 20.001844083203267 0
1 0 20.041774994845074 0
2 0 20.617471101604888 1
3 0 20.04854969670914 0

0 1 20.00022182966437 0
1 1 20.00438323460584 0
2 1 20.046600585720505 0
3 1 20.005440584429035 0

0 2 20.000015591025164 0
1 2 20.000285711849916 0
2 2 20.002648698998815 0
3 2 20.000377635876607 0

0 3 20.000000828739235 0
1 3 20.000014496773215 0
2 3 20.000124826046363 0
3 3 20.00002035734552 0


# 20.0 20.0 0.6174711016048882
0 0 20.002281658102063 0
1 0 20.047510076993333 0
2 0 20.65324923965056 1
3 0 20.05470618551657 0

0 1 20.00029267862326 0
1 1 20.005309107983003 0
2 1 20.052363529178656 0
3 1 20.006501448089878 0

0 2 20.000021886832656 0
1 2 20.00036792796817 0
2 2 20.003160368475708 0
3 2 20.000477961256724 0

0 3 20.000001235507895 0
1 3 20.00001981578301 0
2 3 20.000157989851665 0
3 3 20.00002725589438 0


# 20.0 20.0 0.6532492396505596
0 0 20.00277315147779 0
1 0 20.053450631748948 0
2 0 20.687739015742565 1
3 0 20.061067648403963 0

0 1 20.000377635876607 0
1 1 20.006332987497085 0
2 1 20.058294885615744 0
3 1 20.00766647321342 0

0 2 20.000029929177916 0
1 2 20.000464784636904 0
2 2 20.003721418245206 0
3 2 20.00059486865218 0

0 3 20.000001787969143 0
1 3 20.000026478269614 0
2 3 20.000196656106805 0
3 3 20.00003577297929 0


# 20.0 20.0 0.6877390157425651
0 0 20.003319257236097 0
1 0 20.0595744003412 0
2 0 20.721001220293708 1
3 0 20.067613225383507 0

0 1 20.000477961256724 0
1 1 20.007454748479432 0
2 1 20.06437485742897 0
3 1 20.008935476756033 0

0 2 20.000040006558798 0
1 2 20.00057738679297 0
2 2 20.004331715397207 0
3 2 20.00072951975038 0

0 3 20.000002521420196 0
1 3 20.00003468495413 0
2 3 20.000241222630287 0
3 3 20.000046134060604 0


# 20.0 20.0 0.721001220293708
0 0 20.00392039231477 0
1 0 20.065860791859926 0
2 0 20.75309335553744 1
3 0 20.07432349525722 0

0 1 20.00059486865218 0
1 1 20.008673815409228 0
2 1 20.07058527662958 0
3 1 20.010307846231925 0

0 2 20.000052423605712 0
1 2 20.0007067838993 0
2 2 20.004990946693056 0
3 2 20.00088301904469 0

0 3 20.000003475951786 0
1 3 20.000044645975834 0
2 3 20.00029207200057 0
3 3 20.000058574326964 0


# 20.0 20.0 0.7530933555374411
0 0 20.004576726117584 0
1 0 20.07229076536658 0
2 0 20.78406982905191 1
3 0 20.081180381531368 0

0 1 20.00072951975038 0
1 1 20.009989220417335 0
2 1 20.07690947746009 0
3 1 20.011782591226616 0

0 2 20.00006749916949 0
1 2 20.000853966019204 0
2 2 20.005698643666083 0
3 2 20.00105640995545 0

0 3 20.000004696559266 0
1 3 20.000056579659798 0
2 3 20.00034957054838 0
3 3 20.000073337417238 0


# 20.0 20.0 0.7840698290519086
0 0 20.005288207398756 0
1 0 20.078846720303602 0
2 0 20.81398213518327 1
3 0 20.088167064513158 0

0 1 20.00088301904469 0
1 1 20.011399656031234 0
2 1 20.083332178855294 0
3 1 20.013358390234984 0

0 2 20.00008556438385 0
1 2 20.001019860975173 0
2 2 20.006454205014123 0
3 2 20.001250671929316 0

0 3 20.000006233211657 0
1 3 20.00007071129091 0
2 3 20.000414067630015 0
3 3 20.00009067414493 0


# 20.0 20.0 0.8139821351832701
0 0 20.00605458880458 0
1 0 20.08551239461108 0
2 0 20.842879025161327 1
3 0 20.09526789917544 0

0 1 20.00105640995545 0
1 1 20.0129035226745 0
2 1 20.08983937598726 0
3 1 20.01503363321022 0

0 2 20.000106960729433 0
1 2 20.001205332444872 0
2 2 20.00725691654934 0
3 2 20.00146671839514 0

0 3 20.000008140880283 0
1 3 20.000087271908153 0
2 3 20.000485895140784 0
3 3 20.000110841238143 0


# 20.0 20.0 0.8428790251613272
0 0 20.006875449262413 0
1 0 20.092272770002594 0
2 0 20.870806666646534 1
3 0 20.102468338403405 0

0 1 20.001250671929316 0
1 1 20.01449897139049 0
2 1 20.09641824019343 0
3 1 20.016806460179293 0

0 2 20.00013203812185 0
1 2 20.001411178863158 0
2 2 20.008105968946083 0
3 2 20.001705395466907 0

0 3 20.000010479528953 0
1 3 20.000106497130407 0
2 3 20.000565367232646 0
3 3 20.000134100105964 0


# 20.0 20.0 0.8708066666465335
0 0 20.00775021439215 0
1 0 20.099113983891634 0
2 0 20.89780879339724 1
3 0 20.109754861263802 0

0 1 20.00146671839514 0
1 1 20.016183942219868 0
2 1 20.103057026641054 0
3 1 20.018674796252224 0

0 2 20.000161153042182 0
1 2 20.00163813301379 0
2 2 20.009000473504923 0
3 2 20.001967481295654 0

0 3 20.00001331406798 0
1 3 20.000128626022704 0
2 3 20.00065278020448 0
3 3 20.00016071564015 0


# 20.0 20.0 0.897808793397239
0 0 20.008678175101473 0
1 0 20.106023247496807 0
2 0 20.923926845699373 1
3 0 20.117114905961724 0

0 1 20.001705395466907 0
1 1 20.017956198624738 0
2 1 20.109744989131258 0
3 1 20.020636383326295 0

0 2 20.000194666724994 0
1 2 20.001886862207655 0
2 2 20.009939476130754 0
3 2 20.002253685982403 0

0 3 20.000016714274505 0
1 3 20.00015390000999 0
2 3 20.000748412537263 0
3 3 20.000190955059338 0


# 20.0 20.0 0.9239268456993734
0 0 20.009658504513386 0
1 0 20.11298876968799 0
2 0 20.94920010215737 1
3 0 20.124536807172905 0

0 1 20.001967481295654 0
1 1 20.019813358318622 0
2 1 20.116472301492156 0
3 1 20.02268880876236 0

0 2 20.000232943415877 0
1 2 20.00215796895619 0
2 2 20.010921969704093 0
3 2 20.00256465197345 0

0 3 20.00002075468173 0
1 3 20.000182561843673 0
2 3 20.000852525049982 0
3 3 20.000225086801482 0


# 20.0 20.0 0.9492001021573699
0 0 20.01069027336271 0
1 0 20.11999968616716 0
2 0 20.973665803404746 1
3 0 20.132009737460685 0

0 1 20.002253685982403 0
1 1 20.021752920830505 0
2 1 20.12322998505295 0
3 1 20.024829531288187 0

0 2 20.000276348707853 0
1 2 20.002451992059328 0
2 2 20.011946905007925 0
3 2 20.002900954867737 0

0 3 20.00002551443981 0
1 3 20.00021485462483 0
2 3 20.000965361155092 0
3 3 20.0002633794689 0


# 20.0 20.0 0.9736658034047458
0 0 20.011772463987445 0
1 0 20.12704599360681 0
2 0 20.99735926825519 1
3 0 20.13952365250662 0

0 1 20.00256465197345 0
1 1 20.02377229210295 0
2 1 20.13000984173026 0
3 1 20.02705590436334 0

0 2 20.000325247963794 0
1 2 20.002769408036873 0
2 2 20.013013200357022 0
3 2 20.003263104573563 0

0 3 20.00003107715104 0
1 3 20.0002510208867 0
2 3 20.00108714719513 0
3 3 20.000306100829246 0


# 20.0 20.0 0.9973592682551917
0 0 20.01290398303086 0
1 0 20.13411848839599 0
2 0 21.02031400278007 1
3 0 20.147069239902105 0

0 1 20.002900954867737 0
1 1 20.02586880639838 0
2 1 20.136804392293993 0
3 1 20.029365197221317 0

0 2 20.00038000482998 0
1 2 20.003110632840766 0
2 2 20.014119750062726 0
3 2 20.00365154675883 0

0 3 20.000037530682203 0
1 3 20.000291301738077 0
2 3 20.001218092844493 0
3 3 20.000353516874632 0


# 20.0 20.0 1.0203140027800686
0 0 20.014083672960915 0
1 0 20.141208709669034 0
2 0 21.042561802765686 1
3 0 20.154637871265475 0

0 1 20.003263104573563 0
1 1 20.028039745763785 0
2 1 20.143606819413645 0
3 1 20.031754613787278 0

0 2 20.00044097984428 0
1 2 20.003476023793315 0
2 2 20.01526543185344 0
3 2 20.004066664545146 0

0 3 20.000044966956633 0
1 3 20.00033593606821 0
2 3 20.00135839156258 0
3 3 20.00040589094044 0


# 20.0 20.0 1.042561802765686
0 0 20.015310322505233 0
1 0 20.148308886315352 0
2 0 21.06413284997346 1
3 0 20.162221557465045 0

0 1 20.00365154675883 0
1 1 20.0302823572825 0
2 1 20.15041091511655 0
3 1 20.034221309653734 0

0 2 20.000508529140927 0
1 2 20.003865881703376 0
2 2 20.016449113359606 0
3 2 20.004508780401697 0

0 3 20.000053481728703 0
1 3 20.00038515981328 0
2 3 20.00150822108631 0
3 3 20.000463482884438 0


# 20.0 20.0 1.0641328499734612
0 0 20.016582676091936 0
1 0 20.15541188769028 0
2 0 21.08505580259784 1
3 0 20.169812906743324 0

0 1 20.004066664545146 0
1 1 20.0325938683216 0
2 1 20.15721103231815 0
3 1 20.036762407281834 0

0 2 20.000583003252736 0
1 2 20.004280453118582 0
2 2 20.01766965776144 0
3 2 20.004978158199958 0

0 3 20.00006317434326 0
1 3 20.0004392052837 0
2 3 20.00166774395184 0
3 3 20.00052654832642 0


# 20.0 20.0 1.0850558025978394
0 0 20.017899442379452 0
1 0 20.162511177766877 0
2 0 21.105357880290672 1
3 0 20.177405085551435 0

0 1 20.004508780401697 0
1 1 20.03497149996543 0
2 1 20.16400204011047 0
3 1 20.03937500958234 0

0 2 20.000664746010482 0
1 2 20.004719932677144 0
2 2 20.018925928688166 0
3 2 20.00547500539472 0

0 3 20.000074147482433 0
1 3 20.000498300551122 0
2 3 20.001837108036653 0
3 3 20.000595337947846 0


# 20.0 20.0 1.105357880290672
0 0 20.019259301951816 0
1 0 20.169600772487165 0
2 0 21.125064944096252 1
3 0 20.184991781915727 0

0 1 20.004978158199958 0
1 1 20.037412478808786 0
2 1 20.170779282519277 0
3 1 20.042056212017837 0

0 2 20.000754093538358 0
1 2 20.005184465527677 0
2 2 20.020216794448874 0
3 2 20.005999475301117 0

0 3 20.00008650690214 0
1 3 20.000562668893572 0
2 3 20.0020164471146 0
3 3 20.000670096850712 0


# 20.0 20.0 1.125064944096252
0 0 20.020660914249795 0
1 0 20.17667520008856 0
2 0 21.144201571618492 1
3 0 20.192567171170396 0

0 1 20.00547500539472 0
1 1 20.039914047268326 0
2 1 20.177538540462592 0
3 1 20.0448031133563 0

0 2 20.000851373343643 0
1 2 20.0056741497898 0
2 2 20.021541131667345 0
3 2 20.006551669440963 0

0 3 20.00010036116051 0
1 3 20.00063252829682 0
2 3 20.002205881417563 0
3 3 20.000751063974388 0


# 20.0 20.0 1.144201571618492
0 0 20.022102923802603 0
1 0 20.183729464197114 0
2 0 21.162791127720478 1
3 0 20.200125883901183 0

0 1 20.005999475301117 0
1 1 20.042473472556452 0
2 1 20.184275996663995 0
3 1 20.047612825195408 0

0 2 20.000956903498228 0
1 2 20.006189039032115 0
2 2 20.022897828385968 0
3 2 20.00713163993511 0

0 3 20.000115821340273 0
1 3 20.000708091009834 0
2 3 20.00240551819847 0
3 3 20.000838471568912 0


# 20.0 20.0 1.162791127720478
0 0 20.02358396581969 0
1 0 20.190759009493995 0
2 0 21.18085583103693 1
3 0 20.20766297595553 0

0 1 20.006551669440963 0
1 1 20.045088054449316 0
2 1 20.190988203292935 0
3 1 20.050482480367403 0

0 2 20.001070991909064 0
1 2 20.006729144747624 0
2 2 20.024285786697533 0
3 2 20.007739391921444 0

0 3 20.00013300076705 0
1 3 20.00078956315198 0
2 3 20.002615452291153 0
3 3 20.000932544722982 0


# 20.0 20.0 1.1808558310369293
0 0 20.0251026711974 0
1 0 20.197759689775452 0
2 0 21.198416816561664 1
3 0 20.21517390038428 0

0 1 20.00713163993511 0
1 1 20.047755131968763 0
2 1 20.19767205212202 0
3 1 20.053409240325106 0

0 2 20.00119393567428 0
1 2 20.007294438809648 0
2 2 20.02570392495778 0
3 2 20.008374885980814 0

0 3 20.00015201472535 0
1 3 20.00087714436951 0
2 3 20.002835766663527 0
3 3 20.001033500944686 0


# 20.0 20.0 1.1984168165616644
0 0 20.02665767099082 0
1 0 20.20472773823914 0
2 0 21.21549419455502 1
3 0 20.222654481189007 0

0 1 20.007739391921444 0
1 1 20.05047208908737 0
2 1 20.204324747007266 0
3 1 20.056390301601578 0

0 2 20.00132602052144 0
1 2 20.00788485589402 0
2 2 20.027151179626355 0
3 2 20.00903804055569 0

0 3 20.00017298017393 0
1 3 20.000971027538768 0
2 3 20.003066532960975 0
3 3 20.001141549792877 0


# 20.0 20.0 1.2154941945550206
0 0 20.028247600397076 0
1 0 20.21165973984157 0
2 0 21.232107106000164 1
3 0 20.230100888757423 0

0 1 20.008374885980814 0
1 1 20.05323635955586 0
2 1 20.210943778512323 0
3 1 20.059422901428217 0

0 2 20.001467520324123 0
1 2 20.008500295855647 0
2 2 20.028626506778906 0
3 2 20.00972873434835 0

0 3 20.000196015462024 0
1 3 20.00107139851348 0
2 3 20.003307812037637 0
3 3 20.001256892556963 0


# 20.0 20.0 1.2321071060001643
0 0 20.02987110229265 0
1 0 20.218552605582406 0
2 0 21.248273774822383 1
3 0 20.237509616877162 0

0 1 20.00903804055569 0
1 1 20.056045430943254 0
2 1 20.217526900511405 0
3 1 20.062504322589074 0

0 2 20.00161869669299 0
1 2 20.00914062604972 0
2 2 20.030128883328885 0
3 2 20.01044680868742 0

0 3 20.000221240047868 0
1 3 20.001178435913538 0
2 3 20.003559654473648 0
3 3 20.001379721982847 0


# 20.0 20.0 1.2482737748223833
0 0 20.03152683036377 0
1 0 20.225403548581497 0
2 0 21.264011557071484 1
3 0 20.24487746122551 0

0 1 20.00972873434835 0
1 1 20.05889684797187 0
2 1 20.224072108618394 0
3 1 20.06563189758271 0

0 2 20.001779798637237 0
1 2 20.00980568358955 0
2 2 20.031657307993527 0
3 2 20.011192069853255 0

0 3 20.000248774220754 0
1 3 20.001292310952575 0
2 3 20.003822101076903 0
3 3 20.001510222042626 0


# 20.0 20.0 1.264011557071484
0 0 20.033213451865834 0
1 0 20.232210061823984 0
2 0 21.279336987254496 1
3 0 20.252201499239437 0

0 1 20.01044680868742 0
1 1 20.061788215221853 0
2 1 20.230577620301343 0
3 1 20.068803012156962 0

0 2 20.001951062292445 0
1 2 20.010495277534776 0
2 2 20.033210802035033 0
3 2 20.011964291354232 0

0 3 20.00027873882775 0
1 3 20.00141318730184 0
2 3 20.00409518336823 0
3 3 20.00164856774576 0


# 20.0 20.0 1.2793369872544957
0 0 20.034929650044802 0
1 0 20.238969897457633 0
2 0 21.294265821993786 1
3 0 20.259479071276626 0

0 1 20.011192069853255 0
1 1 20.06471719927297 0
2 1 20.237041856552384 0
3 1 20.07201510827657 0

0 2 20.00213271071075 0
1 2 20.011209191004955 0
2 2 20.034788409804708 0
3 2 20.012763216147277 0

0 3 20.0003112550061 0
1 3 20.001541220987715 0
2 3 20.00437892404922 0
3 3 20.001794924989273 0


# 20.0 20.0 1.2942658219937861
0 0 20.03667412625092 0
1 0 20.245681047534624 0
2 0 21.30881308117441 1
3 0 20.26670776298408 0

0 1 20.011964291354236 0
1 1 20.067681530345222 0
2 1 20.24346342499308 0
3 1 20.075265686578447 0

0 2 20.002324953709284 0
1 2 20.01194718321488 0
2 2 20.036389199114936 0
3 2 20.013588558797284 0

0 3 20.000346443922243 0
1 3 20.001676560320465 0
2 3 20.00467333745225 0
3 3 20.001949450444652 0


# 20.0 20.0 1.30881308117441
0 0 20.03844560177255 0
1 0 20.252341726097676 0
2 0 21.322993086733984 1
3 0 20.2738853887964 0

0 1 20.01276321614728 0
1 1 20.070679003494085 0
2 1 20.24984110430447 0
3 1 20.07855230836493 0

0 2 20.002527987772908 0
1 2 20.012708991428994 0
2 2 20.038012261461216 0
3 2 20.014440007571046 0

0 3 20.000384426518163 0
1 3 20.0018193458518 0
2 3 20.004978429972347 0
3 3 20.002112291479165 0


# 20.0 20.0 1.3229930867339839
0 0 20.040242819415678 0
1 0 20.2589503525173 0
2 0 21.336819499238576 1
3 0 20.281009976490974 0

0 1 20.013588558797288 0
1 1 20.073707479410945 0
2 1 20.25617382987956 0
3 1 20.0818725971809 0

0 2 20.00274199600738 0
1 2 20.01349433283318 0
2 2 20.03965671211415 0
3 2 20.015317226462354 0

0 3 20.00042532326582 0
1 3 20.001969710358882 0
2 3 20.005294200480936 0
3 3 20.002283586109233 0


# 20.0 20.0 1.336819499238576
0 0 20.042064544852487 0
1 0 20.265505535993597 0
2 0 21.350305352378925 1
3 0 20.288079752732017 0

0 1 20.01444000757105 0
1 1 20.07676488487455 0
2 1 20.262460680603926 0
3 1 20.08522424001688 0

0 2 20.00296714813911 0
1 2 20.014302906323028 0
2 2 20.041321690099114 0
3 2 20.01621985714564 0

0 3 20.000469253930227 0
1 3 20.002127778852618 0
2 3 20.005620640721467 0
3 3 20.002463462983705 0


# 20.0 20.0 1.3503053523789248
0 0 20.043909567760572 0
1 0 20.272006061142033 0
2 0 21.363463085512745 1
3 0 20.29509312954002 0

0 1 20.015317226462358 0
1 1 20.079849212894946 0
2 1 20.26870086667722 0
3 1 20.088604988176527 0

0 2 20.003203600557853 0
1 2 20.015134394208378 0
2 2 20.04300635807939 0
3 2 20.017147520856398 0

0 3 20.000516337341665 0
1 3 20.002293668608065 0
2 3 20.00595773568722 0
3 3 20.002652041394814 0


# 20.0 20.0 1.3634630855127448
0 0 20.045776702772443 0
1 0 20.27845087458823 0
2 0 21.376304574370874 1
3 0 20.30204869162715 0

0 1 20.016219857145643 0
1 1 20.082958522587422 0
2 1 20.274893718395287 0
3 1 20.09201265784366 0

0 2 20.00345149639877 0
1 2 20.01598846383446 0
2 2 20.044709902156857 0
3 2 20.018099820197172 0

0 3 20.000566691177447 0
1 3 20.002467489214915 0
2 3 20.006305463981555 0
3 3 20.002849431314747 0


# 20.0 20.0 1.3763045743708737
0 0 20.047664790253442 0
1 0 20.284839072502066 0
2 0 21.38884116003759 1
3 0 20.30894518454315 0

0 1 20.0171475208564 0
1 1 20.086090938810283 0
2 1 20.281038675818493 0
3 1 20.095445130380934 0

0 2 20.003710965660442 0
1 2 20.016864769120517 0
2 2 20.04643153160274 0
3 2 20.019076340868473 0

0 3 20.000620431753564 0
1 3 20.002649342646155 0
2 3 20.006663798161092 0
3 3 20.00305573345577 0


# 20.0 20.0 1.3888411600375896
0 0 20.04957269692462 0
1 0 20.291169889006248 0
2 0 21.401083676308424 1
3 0 20.315781503579867 0

0 1 20.018099820197175 0
1 1 20.0892446515971 0
2 1 20.287135279257875 0
3 1 20.09890035238941 0

0 2 20.00398212535556 0
1 2 20.01776295201715 0
2 2 20.048170478529464 0
3 2 20.020076653324494 0

0 3 20.000677673826456 0
1 3 20.00283932334307 0
2 3 20.007032705062265 0
3 3 20.003271039352004 0


# 20.0 20.0 1.4010836763084242
0 0 20.051499316345776 0
1 0 20.297442685399 0
2 0 21.41304247552231 1
3 0 20.322556683385933 0

0 1 20.019076340868477 0
1 1 20.092417915410948 0
2 1 20.29318316051572 0
3 1 20.102376335555768 0

0 2 20.00426507969117 0
1 2 20.018682643884024 0
2 2 20.049925997513487 0
3 2 20.02110031435392 0

0 3 20.000738530405116 0
1 3 20.00303751831488 0
2 3 20.007412146111815 0
3 3 20.00349543146092 0


# 20.0 20.0 1.4130424755223103
0 0 20.053443569272538 0
1 0 20.30365694013471 0
2 0 21.42472745295881 1
3 0 20.329269888246216 0

0 1 20.020076653324498 0
1 1 20.09560904824553 0
2 1 20.29918203482225 0
3 1 20.105871156311494 0

0 2 20.004559920275504 0
1 2 20.019623466789785 0
2 2 20.051697365177773 0
3 2 20.022146868586457 0

0 3 20.000803112573617 0
1 3 20.003244007251357 0
2 3 20.0078020776218 0
3 3 20.003728983282826 0


# 20.0 20.0 1.424727452958809
0 0 20.055404403900237 0
1 0 20.309812239510308 0
2 0 21.436148069885483 1
3 0 20.335920402983717 0

0 1 20.021100314353923 0
1 1 20.098816430595463 0
2 1 20.305131693414424 0
3 1 20.109382955326225 0

0 2 20.004866726348542 0
1 2 20.020585034736353 0
2 2 20.05348387974155 0
3 2 20.023215849926032 0

0 3 20.000871529324165 0
1 3 20.003458862646987 0
2 3 20.008202451069742 0
3 3 20.003971759496594 0


# 20.0 20.0 1.4361480698854834
0 0 20.0573807960062 0
1 0 20.31590826900872 0
2 0 21.447313375335174 1
3 0 20.34250762444424 0

0 1 20.02214686858646 0
1 1 20.102038504315832 0
2 1 20.311031996707158 0
3 1 20.112909936855452 0

0 2 20.005185565033667 0
1 2 20.021566954809863 0
2 2 20.05528486054411 0
3 2 20.024306782911893 0

0 3 20.000943887400663 0
1 3 20.003682149935177 0
2 3 20.008613213364523 0
3 3 20.004223816110034 0


# 20.0 20.0 1.447313375335174
0 0 20.05937174900112 0
1 0 20.32194480525418 0
2 0 21.458232026687963 1
3 0 20.34903105352677 0

0 1 20.023215849926036 0
1 1 20.10527377138904 0
2 1 20.316882868010932 0
3 1 20.11645036796092 0

0 2 20.005516491607892 0
1 2 20.022568828260706 0
2 2 20.05709964754857 0
3 2 20.025419184009028 0

0 3 20.001020291152756 0
1 3 20.003913927631235 0
2 3 20.00903430709869 0
3 3 20.004485200623364 0


# 20.0 20.0 1.4582320266879627
0 0 20.06137629389924 0
1 0 20.327921708537218 0
2 0 21.46891230912797 1
3 0 20.355490287724873 0

0 1 20.024306782911896 0
1 1 20.108520792615014 0
2 1 20.322684287753436 0
3 1 20.120002577620408 0

0 2 20.005859549788266 0
1 2 20.023590251515188 0
2 2 20.058927600830753 0
3 2 20.026552562829544 0

0 3 20.00110084240029 0
1 3 20.004154247482894 0
2 3 20.00946567078779 0
3 3 20.00475595220433 0


# 20.0 20.0 1.468912309127969
0 0 20.063393489216256 0
1 0 20.333838915870167 0
2 0 21.479362154040775 1
3 0 20.36188501414671 0

0 1 20.02541918400903 0
1 1 20.111778186239267 0
2 1 20.328436288166046 0
3 1 20.123564955742058 0

0 2 20.00621477203225 0
1 2 20.02463081712148 0
2 2 20.060768100057736 0
3 2 20.02770642328675 0

0 3 20.001185640308062 0
1 3 20.00440315462722 0
2 3 20.009907239097373 0
3 3 20.005036101873586 0


# 20.0 20.0 1.4793621540407749
0 0 20.06542242080302 0
1 0 20.339696434536616 0
2 0 21.489589156413256 1
3 0 20.368215002983295 0

0 1 20.026552562829547 0
1 1 20.115044626531628 0
2 1 20.334138948399012 0
3 1 20.12713595209692 0

0 2 20.006582179850007 0
1 2 20.025690114632447 0
2 2 20.06262054395995 0
3 2 20.028880264683874 0

0 3 20.0012747812707 0
1 3 20.00466068775288 0
2 3 20.01035894305832 0
3 3 20.005325672699044 0


# 20.0 20.0 1.4895891564132562
0 0 20.067462201622504 0
1 0 20.345494336100888 0
2 0 21.4996005912937 1
3 0 20.374480101396582 0

0 1 20.027706423286755 0
1 1 20.118318842327138 0
2 1 20.33979239003199 0
3 1 20.1307140751822 0

0 2 20.006961784126585 0
1 2 20.026767731428087 0
2 2 20.064484349800303 0
3 2 20.03007358273933 0

0 3 20.001368358807508 0
1 3 20.004926879266787 0
2 3 20.010820710271066 0
3 3 20.005624679998004 0


# 20.0 20.0 1.4996005912936994
0 0 20.069511971476746 0
1 0 20.35123275084582 0
2 0 21.509403429366657 1
3 0 20.38068022780089 0

0 1 20.028880264683877 0
1 1 20.121599615539314 0
2 1 20.34539677294912 0
3 1 20.13429789102642 0

0 2 20.0073535854523 0
1 2 20.027863253480245 0
2 2 20.066358952843164 0
3 2 20.03128587055069 0

0 3 20.001466463467068 0
1 3 20.005201755464203 0
2 3 20.011292465099345 0
3 3 20.005933131545877 0


# 20.0 20.0 1.5094034293666567
0 0 20.07157089668994 0
1 0 20.356911862609447 0
2 0 21.51900435169357 1
3 0 20.3868153665127 0

0 1 20.030073582739334 0
1 1 20.124885779654765 0
2 1 20.350952291550175 0
3 1 20.137886021946674 0

0 2 20.007757574459543 0
1 2 20.02897626606225 0
2 2 20.06824380582584 0
3 2 20.032516619499383 0

0 3 20.00156918274134 0
1 3 20.00548533670154 0
2 3 20.01177412885405 0
3 3 20.006251027790466 0


# 20.0 20.0 1.519004351693571
0 0 20.073638169753288 0
1 0 20.36253190399307 0
2 0 21.528409763667113 1
3 0 20.392885562745608 0

0 1 20.031285870550693 0
1 1 20.12817621821721 0
2 1 20.35645917127165 0
3 1 20.141477145267114 0

0 2 20.008173732164494 0
1 2 20.030106354406172 0
2 2 20.070138378434574 0
3 2 20.033765320098315 0

0 3 20.001676600989043 0
1 3 20.005777637571065 0
2 3 20.01226561996773 0
3 3 20.0065783620708 0


# 20.0 20.0 1.5284097636671135
0 0 20.075713008936695 0
1 0 20.36809315191521 0
2 0 21.477625808224285 0
3 0 20.398170917928663 0

0 1 20.032516619499386 0
1 1 20.131469863307892 0
2 1 20.361197665393416 0
3 1 20.14505271200694 0

0 2 20.00860203031232 0
1 2 20.031253104310185 0
2 2 20.072033516786952 0
3 2 20.035031151744562 0

0 3 20.00178879936804 0
1 3 20.00607866707683 0
2 3 20.012766750480303 0
3 3 20.006915115862952 0


# 20.0 20.0 1.5284097636671135
0 0 20.077794657871948 0
1 0 20.372875923487623 0
2 0 21.429152458360583 0
3 0 20.40272722692764 0

0 1 20.03376532009832 0
1 1 20.13474841402859 0
2 1 20.365232022668728 0
3 1 20.14859638291874 0

0 2 20.009042431724524 0
1 2 20.0324157916587 0
2 2 20.073921256579805 0
3 2 20.03631303643563 0

0 3 20.001905855776407 0
1 3 20.00638842383459 0
2 3 20.013277244515457 0
3 3 20.007261255063298 0


# 20.0 20.0 1.5284097636671135
0 0 20.079873745111588 0
1 0 20.37694043011115 0
2 0 21.38286685126593 0
3 0 20.406606605568463 0

0 1 20.035031151744565 0
1 1 20.137995922909415 0
2 1 20.368621450544715 0
3 1 20.15209382794674 0

0 2 20.00949488318225 0
1 2 20.033593439497157 0
2 2 20.07579469831589 0
3 2 20.037609686281243 0

0 3 20.00202784465266 0
1 3 20.00670689237752 0
2 3 20.01379675439489 0
3 3 20.007616727169133 0


# 20.0 20.0 1.5284097636671135
0 0 20.08194194926984 0
1 0 20.380342588727824 0
2 0 21.338653291250854 0
3 0 20.40985773319837 0

0 1 20.036313036435633 0
1 1 20.141198564792226 0
2 1 20.371420505506237 0
3 1 20.155532542272805 0

0 2 20.00995930993562 0
1 2 20.03478486798635 0
2 2 20.077647894566752 0
3 2 20.038919645425537 0

0 3 20.002154836672922 0
1 3 20.007034040406314 0
2 3 20.01432487465601 0
3 3 20.007981459232024 0


# 20.119999999999997 20.0 1.5284097636671135
0 0 20.084711906598088 0
1 0 20.38350296515295 0
2 0 21.29676722746461 0
3 0 20.413250452040074 0

0 1 20.037978326281248 0
1 1 20.14435327366132 0
2 1 20.373683932497524 0
3 1 20.159270423856906 0

0 2 20.01080003528961 0
1 2 20.03599321725009 0
2 2 20.079475855665496 0
3 2 20.040605753182717 0

0 3 20.003011271461048 0
1 3 20.007738563069655 0
2 3 20.01522558045606 0
3 3 20.009084102703337 0


# 20.239999999999995 20.0 1.5284097636671135
0 0 20.088880053457768 0
1 0 20.38683584727153 0
2 0 21.257468246692806 0
3 0 20.417534299813227 0

0 1 20.04039163692634 0
1 1 20.147467172132924 0
2 1 20.375471284117822 0
3 1 20.16366440210028 0

0 2 20.012379187315094 0
1 2 20.037230272160286 0
2 2 20.081283409272555 0
3 2 20.043028694517957 0

0 3 20.005304278693067 0
1 3 20.00918666499644 0
2 3 20.016860756200575 0
3 3 20.01163574841464 0


# 20.359999999999992 20.0 1.5284097636671135
0 0 20.094407101343663 0
1 0 20.39038085192816 0
2 0 21.22065521756202 0
3 0 20.422714900455897 0

0 1 20.043546229704933 0
1 1 20.150548291525478 0
2 1 20.376842478325692 0
3 1 20.168701530091663 0

0 2 20.01469223081456 0
1 2 20.0385117462559 0
2 2 20.083084729731073 0
3 2 20.046182553447053 0

0 3 20.00899987140985 0
1 3 20.011373293552985 0
2 3 20.019225729700537 0
3 3 20.015601760869483 0


# 20.47999999999999 20.0 1.5284097636671135
0 0 20.101255570674887 0
1 0 20.394174365104327 0
2 0 21.186232479351045 0
3 0 20.428796372152796 0

0 1 20.047435241173506 0
1 1 20.153605539502568 0
2 1 20.377853530710176 0
3 1 20.174370055303534 0

0 2 20.01773451942642 0
1 2 20.03985275942217 0
2 2 20.08489403758334 0
3 2 20.050061276447355 0

0 3 20.014065169794847 0
1 3 20.01429333913077 0
2 3 20.022315718704117 0
3 3 20.02094862142 0


# 20.599999999999987 20.0 1.5284097636671135
0 0 20.109389685405926 0
1 0 20.39824977422106 0
2 0 21.154109511343307 0
3 0 20.435781457555056 0

0 1 20.052051717976237 0
1 1 20.1566485669944 0
2 1 20.378556827290783 0
3 1 20.180659307716304 0

0 2 20.02150130537683 0
1 2 20.04126787395893 0
2 2 20.086725544136154 0
3 2 20.054658704515834 0

0 3 20.020468359416324 0
1 3 20.01794164231223 0
2 3 20.026125848212963 0
3 3 20.027643885681627 0


# 20.719999999999985 20.0 1.5284097636671135
0 0 20.11877527463768 0
1 0 20.40263768393948 0
2 0 21.124200623492314 0
3 0 20.443671644257577 0

0 1 20.05738864758534 0
1 1 20.15968764817196 0
2 1 20.379001377063027 0
3 1 20.187559597502258 0

0 2 20.02598774912253 0
1 2 20.042771127013815 0
2 2 20.088593402699285 0
3 2 20.05996860155677 0

0 3 20.028178651174553 0
1 3 20.022313000851934 0
2 3 20.030651166058814 0
3 3 20.035656143008474 0


# 20.839999999999982 20.0 1.5284097636671135
0 0 20.129379680729024 0
1 0 20.40736611664274 0
2 0 21.096424666961198 0
3 0 20.452467276237865 0

0 1 20.06343898532304 0
1 1 20.16273357233222 0
2 1 20.379233045837942 0
3 1 20.195062121490754 0

0 2 20.03118892882152 0
1 2 20.04437605977361 0
2 2 20.090511665848446 0
3 2 20.065984679455557 0

0 3 20.03716624288835 0
1 3 20.027402176440802 0
2 3 20.035886656907916 0
3 3 20.04495497789653 0


# 20.95999999999998 20.0 1.5284097636671135
0 0 20.14117167344637 0
1 0 20.412460698696623 0
2 0 21.070704763198098 0
3 0 20.462167656909568 0

0 1 20.070195678034672 0
1 1 20.165797546648385 0
2 1 20.37929477280395 0
3 1 20.203158877698172 0

0 2 20.037099849579377 0
1 2 20.04609574376668 0
2 2 20.09249424812293 0
3 2 20.072700620163037 0

0 3 20.047402282456613 0
1 3 20.033203901227864 0
2 3 20.04182725484475 0
3 3 20.05551093319235 0


# 21.079999999999977 20.0 1.5284097636671135
0 0 20.154121369723075 0
1 0 20.4179448335062 0
2 0 21.046968050302414 0
3 0 20.47277114439683 0

0 1 20.077651684748627 0
1 1 20.168891108827168 0
2 1 20.379226771128767 0
3 1 20.211842587263114 0

0 2 20.043715452428707 0
1 2 20.04794280459316 0
2 2 20.094554893621783 0
3 2 20.080110095085114 0

0 3 20.058858832532053 0
1 3 20.039712884079933 0
2 3 20.048467854672 0
3 3 20.06729547499451 0


# 21.079999999999977 20.0 1.5284097636671135
0 0 20.167480158632102 0
1 0 20.42347122231208 0
2 0 21.024781021843765 0
3 0 20.483550866507827 0

0 1 20.08543135462784 0
1 1 20.172017201435406 0
2 1 20.379062234564554 0
3 1 20.220737876951954 0

0 2 20.050666199327736 0
1 2 20.049924964114265 0
2 2 20.09670704050917 0
3 2 20.08784235580101 0

0 3 20.07078446356179 0
1 3 20.04655507033675 0
2 3 20.055438895805864 0
3 3 20.07955221291399 0


# 21.079999999999977 20.0 1.5284097636671135
0 0 20.180517703844625 0
1 0 20.42869322210046 0
2 0 21.0037158948044 0
3 0 20.49379648057462 0

0 1 20.093161650988762 0
1 1 20.175170480627724 0
2 1 20.378823222820174 0
3 1 20.22947243083032 0

0 2 20.05758467189995 0
1 2 20.052040772997263 0
2 2 20.09895484553382 0
3 2 20.095528730728702 0

0 3 20.082445899780407 0
1 3 20.05335886420561 0
2 3 20.06237285325386 0
3 3 20.091543152256875 0


# 21.079999999999977 20.0 1.5284097636671135
0 0 20.19324132498329 0
1 0 20.433633639177227 0
2 0 20.98371486733348 0
3 0 20.503538054851898 0

0 1 20.100840819377364 0
1 1 20.178346359010057 0
2 1 20.378525570157297 0
3 1 20.238045697004303 0

0 2 20.064470045586013 0
1 2 20.05428437726542 0
2 2 20.10129355132506 0
3 2 20.10316711284513 0

0 3 20.09385179430581 0
1 3 20.060123900206875 0
2 3 20.069268720662663 0
3 3 20.10327682877772 0


# 21.079999999999977 20.0 1.5284097636671135
0 0 20.205658330786548 0
1 0 20.438313661017343 0
2 0 20.96472337033779 0
3 0 20.512803913685335 0

0 1 20.108467201788105 0
1 1 20.181540823500313 0
2 1 20.378183584095755 0
3 1 20.246457633057638 0

0 2 20.07132154415171 0
1 2 20.056650084986888 0
2 2 20.103718694892542 0
3 2 20.11075553198637 0

0 3 20.105010475043102 0
1 3 20.0668498477665 0
2 3 20.07612557885207 0
3 3 20.054761436271782 -1


# 21.079999999999977 20.0 1.5284097636671135
0 0 20.217776001231897 0
1 0 20.442752969595453 0
2 0 20.94668987439212 0
3 0 20.52162074288206 0

0 1 20.11603923973961 0
1 1 20.18475037451331 0
2 1 20.377810170981427 0
3 1 20.254708649819417 0

0 2 20.078138436894573 0
1 2 20.05913236915632 0
2 2 20.106226081349416 0
3 2 20.11757215365223 0

0 3 20.115929957357483 0
1 3 20.073536409024694 0
2 3 20.082222591660035 0
3 3 20.008147561509745 -1


# 21.079999999999977 20.0 1.5284097636671135
0 0 20.22960157169957 0
1 0 20.446969846719703 0
2 0 20.929565708794648 0
3 0 20.530013688441674 0

0 1 20.123555476267835 0
1 1 20.187971970894175 0
2 1 20.37741695170461 0
3 1 20.262790920052584 0

0 2 20.08492003617838 0
1 2 20.061725869406175 0
2 2 20.10879448024172 0
3 2 20.123670918740483 0

0 3 20.12661795623505 0
1 3 20.08017467685327 0
2 3 20.087614643433568 0
3 3 19.96334967604148 -1


# 21.079999999999977 20.0 1.5284097636671135
0 0 20.241142218994234 0
1 0 20.45098127194167 0
2 0 20.913304891970327 0
3 0 20.53800634540205 0

0 1 20.131014556977387 0
1 1 20.191202980091614 0
2 1 20.377014057291063 0
3 1 20.27069799726758 0

0 2 20.091665695250313 0
1 2 20.06442508166392 0
2 2 20.111405041603664 0
3 2 20.129102172732335 0

0 3 20.137081794275833 0
1 3 20.086756798657913 0
2 3 20.092352966604995 0
3 3 19.920286549376037 -1


# 20.95999999999998 20.0 1.5284097636671135
0 0 20.25168504905747 0
1 0 20.454434373573555 0
2 0 20.89749954382277 0
3 0 20.544896487460658 0

0 1 20.13804659027713 0
1 1 20.194432278280885 0
2 1 20.37660580087279 0
3 1 20.27805593491513 0

0 2 20.098010377644403 0
1 2 20.067219931698293 0
2 2 20.11404097006959 0
3 2 20.133548482929907 0

0 3 20.146604055797532 0
1 3 20.09290713656349 0
2 3 20.096120957879695 0
3 3 19.878152266888215 -1


# 20.839999999999982 20.0 1.5284097636671135
0 0 20.26053415885761 0
1 0 20.456977721655 0
2 0 20.881746323102078 0
3 0 20.54999784100828 0

0 1 20.144284355262887 0
1 1 20.19764058263727 0
2 1 20.376186528159586 0
3 1 20.28449437987387 0

0 2 20.103591241896442 0
1 2 20.070091534150777 0
2 2 20.11667837354369 0
3 2 20.13669134689052 0

0 3 20.15448429033034 0
1 3 20.09825339821615 0
2 3 20.098600886112525 0
3 3 19.836162292076274 -1


# 20.719999999999985 20.0 1.5284097636671135
0 0 20.26773007406175 0
1 0 20.458630061103104 0
2 0 20.866010750695043 0
3 0 20.55336398029881 0

0 1 20.14973195512499 0
1 1 20.20080951561314 0
2 1 20.375745491044636 0
3 1 20.290015225737974 0

0 2 20.108412103092064 0
1 2 20.07301698119712 0
2 2 20.119286468076528 0
3 2 20.138575878151805 0

0 3 20.160762841894147 0
1 3 20.10279532400152 0
2 3 20.09983857790565 0
3 3 19.794281423034217 -1


# 20.599999999999987 20.0 1.5284097636671135
0 0 20.273312135590263 0
1 0 20.459409187359554 0
2 0 20.850260523070286 0
3 0 20.55504618599375 0

0 1 20.154393618061288 0
1 1 20.20392144219566 0
2 1 20.37527151138346 0
3 1 20.29462130916333 0

0 2 20.11247687605603 0
1 2 20.075973927423615 0
2 2 20.12183663634723 0
3 2 20.139244563691967 0

0 3 20.16547864598665 0
1 3 20.106533414209245 0
2 3 20.099877175316703 0
3 3 19.75247675267309 -1


# 20.47999999999999 20.0 1.5284097636671135
0 0 20.277318532374064 0
1 0 20.459332007462134 0
2 0 20.834465377559408 0
3 0 20.555093563538648 0

0 1 20.158273688310224 0
1 1 20.20695942658522 0
2 1 20.374753071832917 0
3 1 20.29831630856723 0

0 2 20.11578956240232 0
1 2 20.07894060738181 0
2 2 20.124302262821242 0
3 2 20.138737435905643 0

0 3 20.16866929045047 0
1 3 20.109468855690245 0
2 3 20.098757308407617 0
3 3 19.710717526508617 -1


# 20.359999999999992 20.0 1.5284097636671135
0 0 20.279786333557865 0
1 0 20.458414596801155 0
2 0 20.818596966487984 0
3 0 20.55355315455192 0

0 1 20.16137661727174 0
1 1 20.20990719282858 0
2 1 20.374178397153397 0
3 1 20.301104651458736 0

0 2 20.11835423896267 0
1 2 20.081895848831117 0
2 2 20.126658582089394 0
3 2 20.137092232718288 0

0 3 20.170371073130088 0
1 3 20.11160345451568 0
2 3 20.09651725621186 0
3 3 19.66897500942147 -1


# 20.239999999999995 20.0 1.5284097636671135
0 0 20.280751520118656 0
1 0 20.45667225188873 0
2 0 20.80262873953862 0
3 0 20.55047004168002 0

0 1 20.163706954769243 0
1 1 20.212749089004518 0
2 1 20.37353552683513 0
3 1 20.30299142971227 0

0 2 20.120175047447002 0
1 2 20.084819082163904 0
2 2 20.128882539324255 0
3 2 20.134344546685615 0

0 3 20.170619056520955 0
1 3 20.112939574164784 0
2 3 20.093193096925887 0
3 3 19.627222360805636 -1


# 20.119999999999997 20.0 1.5284097636671135
0 0 20.28024901587428 0
1 0 20.454119539442413 0
2 0 20.78653583377349 0
3 0 20.545887447341368 0

0 1 20.165269340496845 0
1 1 20.21547005459956 0
2 1 20.37281237983596 0
3 1 20.303982322150713 0

0 2 20.12125618520441 0
1 2 20.087690346459553 0
2 2 20.130952661875575 0
3 2 20.1305279638628 0

0 3 20.16944711959863 0
1 3 20.113480078805672 0
2 3 20.088818848072844 0
3 3 19.58543451755986 -1


# 20.0 20.0 1.5284097636671135
0 0 20.278312717862075 0
1 0 20.450770342060654 0
2 0 20.77029497078586 0
3 0 20.539846826752317 0

0 1 20.16606849568797 0
1 1 20.218055590747312 0
2 1 20.37199681215055 0
3 1 20.30408352385357 0

0 2 20.121601896966776 0
1 2 20.090490292570237 0
2 2 20.132848941105426 0
3 2 20.125674193170788 0

0 3 20.16688800700235 0
1 3 20.113228281267578 0
2 3 20.083426597332977 0
3 3 19.543588084413752 -1


# 19.880000000000003 20.0 1.5284097636671135
0 0 20.274975526072023 0
1 0 20.44663790074537 0
2 0 20.75388436048863 0
3 0 20.53238795560134 0

0 1 20.16610921503451 0
1 1 20.22049173303745 0
2 1 20.371076667869144 0
3 1 20.303301681651416 0

0 2 20.121216467469456 0
1 2 20.093200183601425 0
2 2 20.13455272363606 0
3 2 20.119813186934028 0

0 3 20.16297337573511 0
1 3 20.112187895334372 0
2 3 20.077046624685604 0
3 3 19.501661231114294 -1


# 19.760000000000005 20.0 1.5284097636671135
0 0 20.27026937252279 0
1 0 20.44173485450665 0
2 0 20.737283611083832 0
3 0 20.523549012712515 0

0 1 20.165396358879416 0
1 1 20.22276502662993 0
2 1 20.37003982432744 0
3 1 20.301643835309743 0

0 2 20.12010421485433 0
1 2 20.095801893114015 0
2 2 20.13604661125026 0
3 2 20.11297325321489 0

0 3 20.15773383953091 0
1 3 20.110362992018295 0
2 3 20.069707516461403 0
3 3 19.459633596030294 -1


# 19.640000000000008 20.0 1.5284097636671135
0 0 20.264225249672602 0
1 0 20.436073277266004 0
2 0 20.720473644789983 0
3 0 20.51336665801606 0

0 1 20.163934845700364 0
1 1 20.224862503436587 0
2 1 20.36887423189716 0
3 1 20.299117363944273 0

0 2 20.11826948477059 0
1 2 20.09827790134225 0
2 2 20.137314368745237 0
3 2 20.105181160524502 0

0 3 20.151199011029263 0
1 3 20.107757959499523 0
2 3 20.061436271861325 0
3 3 19.417486195761832 -1


# 19.52000000000001 20.0 1.5284097636671135
0 0 20.256873238159987 0
1 0 20.42966471225747 0
2 0 20.70343661893485 0
3 0 20.501876106122033 0

0 1 20.161729644897356 0
1 1 20.226771661156363 0
2 1 20.367567948919465 0
3 1 20.295729937245405 0

0 2 20.11571664509745 0
1 2 20.100611289691805 0
2 2 20.13834083909743 0
3 2 20.096462235447728 0

0 3 20.143397541887374 0
1 3 20.10437746644183 0
2 3 20.05225840245876 0
3 3 19.375201340369284 -1


# 19.400000000000013 20.0 1.5284097636671135
0 0 20.248242533872084 0
1 0 20.422520204110217 0
2 0 20.68615585204941 0
3 0 20.489111195773177 0

0 1 20.15878576989318 0
1 1 20.228480443972234 0
2 1 20.366109172239703 0
3 1 20.291489471122624 0

0 2 20.112450081221027 0
1 2 20.10278573375539 0
2 2 20.139111865347573 0
3 2 20.086840453680995 0

0 3 20.13435716095138 0
1 3 20.10022642841726 0
2 3 20.042198025165103 0
3 3 19.332762553862143 -1


# 19.280000000000015 20.0 1.5284097636671135
0 0 20.238361474340728 0
1 0 20.414650328781935 0
2 0 20.668615754624874 0
3 0 20.475104455434312 0

0 1 20.155108271552074 0
1 1 20.229977224737517 0
2 1 20.36448626376219 0
3 1 20.286404087410002 0

0 2 20.10847419180485 0
1 2 20.104785495058817 0
2 2 20.139614218662896 0
3 2 20.076338524945616 0

0 3 20.1241047105998 0
1 3 20.09530997719362 0
2 3 20.031277949104794 0
3 3 19.29015449961171 -1


# 19.160000000000018 20.0 1.5284097636671135
0 0 20.22725756446847 0
1 0 20.406065221499063 0
2 0 20.650801764218976 0
3 0 20.459887165258227 0

0 1 20.150702231919016 0
1 1 20.231250788496986 0
2 1 20.36268777340707 0
3 1 20.280482077302114 0

0 2 20.103793384999978 0
1 2 20.106595411728236 0
2 2 20.139835532077306 0
3 2 20.064977972205792 0

0 3 20.112666181364528 0
1 3 20.08963343265786 0
2 3 20.019519756814557 0
3 3 19.247362910373933 -1


# 19.04000000000002 20.0 1.5284097636671135
0 0 20.21495750158862 0
1 0 20.396774602847756 0
2 0 20.632700284619936 0
3 0 20.443489415651996 0

0 1 20.145572758279446 0
1 1 20.23229031720428 0
2 1 20.360702458817975 0
3 1 20.273731868215535 0

0 2 20.098412075046447 0
1 2 20.10820088824911 0
2 2 20.139764239450646 0
3 2 20.05277920558963 0

0 3 20.100066744927858 0
1 3 20.083202277166126 0
2 3 20.006943880152235 0
3 3 19.204374522629376 -1


# 18.920000000000023 20.0 1.5284097636671135
0 0 20.201487199864957 0
1 0 20.386787803148422 0
2 0 20.61429862879732 0
3 0 20.42594016265268 0

0 1 20.139724977537096 0
1 1 20.233085375511507 0
2 1 20.35851930213841 0
3 1 20.266161993795052 0

0 2 20.092334679223065 0
1 2 20.10958788446937 0
2 2 20.13938951922521 0
3 2 20.03976159138266 0

0 3 20.086330785587126 0
1 3 20.076022132127655 0
2 3 19.99356967127363 0
3 3 19.161177014966594 -1


# 18.800000000000026 20.0 1.5284097636671135
0 0 20.186871814038046 0
1 0 20.376113785236353 0
2 0 20.595584965388163 0
3 0 20.407267280307384 0

0 1 20.13316403090581 0
1 1 20.233625897519953 0
2 1 20.35612752414691 0
3 1 20.257781066805702 0

0 2 20.085565615107242 0
1 2 20.1107429039826 0
2 2 20.138701242591832 0
3 2 20.025943516436957 0

0 3 20.07148193027281 0
1 3 20.068098736644643 0
2 3 19.979415469010576 0
3 3 19.117758950253165 -1


# 18.680000000000028 20.0 1.5284097636671135
0 0 20.171135762526383 0
1 0 20.36476116576164 0
2 0 20.57654826848445 0
3 0 20.3874976102398 0

0 1 20.12589506890961 0
1 1 20.233902174392604 0
2 1 20.353516596015155 0
3 1 20.248597754672165 0

0 2 20.078109298110718 0
1 2 20.111652982012313 0
2 2 20.137689925709125 0
3 2 20.011342448314217 0

0 3 20.055543077200053 0
1 3 20.059437928044243 0
2 3 19.96449866096021 0
3 3 19.074109721355345 -1


# 18.56000000000003 20.0 1.5284097636671135
0 0 20.15430274989149 0
1 0 20.352738235112874 0
2 0 20.55717827050452 0
3 0 20.366657008573288 0

0 1 20.117923246684146 0
1 1 20.23390484273965 0
2 1 20.350676248929933 0
3 1 20.238620757445744 0

0 2 20.069970139260825 0
1 2 20.112305672904768 0
2 2 20.136346685648398 0
3 2 19.995974991458414 0

0 3 20.03853642322851 0
1 3 20.050045624151508 0
2 3 19.948835741573745 0
3 3 19.030219500182938 -1


# 18.56000000000003 20.0 1.5284097636671135
0 0 20.13711578867696 0
1 0 20.340421616061185 0
2 0 20.537829841626102 0
3 0 20.345494763453512 0

0 1 20.109622359571542 0
1 1 20.233633721057757 0
2 1 20.34760096105063 0
3 1 20.228227534224573 0

0 2 20.06151696688033 0
1 2 20.112693516578194 0
2 2 20.134663307265207 0
3 2 19.980221365917235 0

0 3 20.021207863084665 0
1 3 20.040296553391983 0
2 3 19.93280679275773 0
3 3 18.986807936080453 -1


# 18.56000000000003 20.0 1.5284097636671135
0 0 20.120300147992182 0
1 0 20.328185072714728 0
2 0 20.518856357844435 0
3 0 20.324741958674014 0

0 1 20.1013636305007 0
1 1 20.233097420617117 0
2 1 20.344294250359617 0
3 1 20.21779306868655 0

0 2 20.053116434393317 0
1 2 20.11281831237045 0
2 2 20.13264115717334 0
3 2 19.964458974491993 0

0 3 20.004285335867042 0
1 3 20.030563023441463 0
2 3 19.91678905286225 0
3 3 18.944577826709807 -1


# 18.56000000000003 20.0 1.5284097636671135
0 0 20.10384392710305 0
1 0 20.316030872127484 0
2 0 20.500245195788903 0
3 0 20.304387707335454 0

0 1 20.093147051405033 0
1 1 20.232304230262645 0
2 1 20.34076393016529 0
3 1 20.20732108714563 0

0 2 20.044768552544507 0
1 2 20.112686356937733 0
2 2 20.130290761402506 0
3 2 19.948697973666427 0

0 3 19.98775504268766 0
1 3 20.020846141886775 0
2 3 19.900792489402026 0
3 3 18.903486910505077 -1


# 18.56000000000003 20.0 1.5284097636671135
0 0 20.08773568080973 0
1 0 20.303960996780464 0
2 0 20.481984249177145 0
3 0 20.284421413907253 0

0 1 20.084972576809424 0
1 1 20.231262233538352 0
2 1 20.33701756149252 0
3 1 20.19681524487431 0

0 2 20.036473241054857 0
1 2 20.11230388033931 0
2 2 20.12762254771399 0
3 2 19.932947755209558 0

0 3 19.971603693746204 0
1 3 20.01114700468938 0
2 3 19.88482628240204 0
3 3 18.863494670178234 -1


# 18.56000000000003 20.0 1.5284097636671135
0 0 20.071964399183656 0
1 0 20.291977165498476 0
2 0 20.464061904402485 0
3 0 20.264832768797913 0

0 1 20.07684012706875 0
1 1 20.2299793111413 0
2 1 20.333062466638463 0
3 1 20.186279120477337 0

0 2 20.028230337344404 0
1 2 20.111677044493693 0
2 2 20.124646828008643 0
3 2 19.91721699691473 0

0 3 19.955818488875746 0
1 3 20.001466692281685 0
2 3 19.86889887682678 0
3 3 18.824562252536715 -1


# 18.56000000000003 20.0 1.5284097636671135
0 0 20.05651948832385 0
1 0 20.28008085299395 0
2 0 20.446467017478746 0
3 0 20.24561174277666 0

0 1 20.068749591373578 0
1 1 20.228463143672514 0
2 1 20.328905741555463 0
3 1 20.175716211192253 0

0 2 20.020039604672856 0
1 2 20.110811941581623 0
2 2 20.121373782946772 0
3 2 19.90151371000442 0

0 3 19.940387098839675 0
1 3 19.99180626621283 0
2 3 19.85301803162041 0
3 3 18.78665239234489 -1


# 18.56000000000003 20.0 1.5284097636671135
0 0 20.0413907520766 0
1 0 20.26827330812694 0
2 0 20.429188892254146 0
3 0 20.226748581278056 0

0 1 20.060700830540952 0
1 1 20.22672121463789 0
2 1 20.324554267173173 0
3 1 20.165129929023646 0

0 2 20.011900739728144 0
1 2 20.109714592428013 0
2 2 20.11781344858004 0
3 2 19.885845283423617 0

0 3 19.92529764735274 0
1 3 19.982166766288707 0
2 3 19.83719086557892 0
3 3 18.749729340008507 -1


# 18.56000000000003 20.0 1.5284097636671135
0 0 20.02656837466586 0
1 0 20.256555570964302 0
2 0 20.412217259812458 0
3 0 20.20823379861808 0

0 1 20.052693679606616 0
1 1 20.224760813657337 0
2 1 20.320014719761744 0
3 1 20.154523597626294 0

0 2 20.00381337969221 0
1 2 20.108390944890086 0
2 2 20.113975704812052 0
3 2 19.870218525229188 0

0 3 19.91053869379981 0
1 3 19.972549208155808 0
2 3 19.82142390026032 0
3 3 18.713758792874074 -1


# 18.56000000000003 20.0 1.5284097636671135
0 0 20.012042904184742 0
1 0 20.244928488715654 0
2 0 20.39554225898548 0
3 0 20.190058172147168 0

0 1 20.04472795023355 0
1 1 20.222589039844998 0
2 1 20.315293580428406 0
3 1 20.143900449859647 0

0 2 19.99577710881222 0
1 2 20.10684687227486 0
2 2 20.109870265519387 0
3 2 19.8546397012686 0

0 3 19.896099216626634 0
1 3 19.962954581283206 0
2 3 19.80572310012551 0
3 3 18.67870782994734 -1


# 18.56000000000003 20.0 1.5284097636671135
0 0 19.99780523690148 0
1 0 20.23339273061838 0
2 0 20.379154417906417 0
3 0 20.172212736363065 0

0 1 20.036803432950446 0
1 1 20.2202128053277 0
2 1 20.3103971438312 0
3 1 20.133263625943098 0

0 2 19.98779146450433 0
1 2 20.105088171805285 0
2 2 20.105506670178823 0
3 2 19.83911457132815 0

0 3 19.881968597377526 0
1 3 19.953383847301012 0
2 3 19.790093910089364 0
3 3 18.644544849846245 -1


# 18.56000000000003 20.0 1.5284097636671135
0 0 19.983846602335856 0
1 0 20.221948801839247 0
2 0 20.36304463653875 0
3 0 20.154688777003777 0

0 1 20.02891989923254 0
1 1 20.21763883887247 0
2 1 20.3053315261857 0
3 1 20.122616172147698 0

0 2 19.979855943016133 0
1 2 20.10312056315105 0
2 2 20.10089427685929 0
3 2 19.823648422918605 0

0 3 19.86813660535574 0
1 3 19.943837938657524 0
2 3 19.774541290649967 0
3 3 18.611239511814603 -1


# 18.56000000000003 20.0 1.5284097636671135
0 0 19.970158549064628 0
1 0 20.210597056455708 0
2 0 20.347204170119863 0
3 0 20.137477825138852 0

0 1 20.021077103436212 0
1 1 20.214873689597336 0
2 1 20.300102672633475 0
3 1 20.111961039965784 0

0 2 19.971970004672773 0
1 2 20.100949687037243 0
2 2 20.096042256448914 0
3 2 19.808246102854774 0

0 3 19.854593382882896 0
1 3 19.93431775756075 0
2 3 19.75906975075256 0
3 3 18.578762679632565 -1


# 18.56000000000003 20.0 1.5284097636671135
0 0 19.956732931217005 0
1 0 20.19933770957578 0
2 0 20.331624613463006 0
3 0 20.120571651275 0

0 1 20.013274784597737 0
1 1 20.211923730742797 0
2 1 20.294716364034514 0
3 1 20.10130108570519 0

0 2 19.964133078730733 0
1 2 20.098581103941253 0
2 2 20.090959587998363 0
3 2 19.79291204677491 0

0 3 19.84132943113461 0
1 3 19.92482417517314 0
2 3 19.7436833785346 0
3 3 18.547086368269508 -1


# 18.56000000000003 20.0 1.5284097636671135
0 0 19.943561895623276 0
1 0 20.188170848651545 0
2 0 20.316297886065094 0
3 0 20.103962259490345 0

0 1 20.005512668105794 0
1 1 20.20879516348394 0
2 1 20.289178223239887 0
3 1 20.090639070459634 0

0 2 19.95634456786222 0
1 2 20.096020292886283 0
2 2 20.08565505507167 0
3 2 19.77765030673597 0

0 3 19.828335596530188 0
1 3 19.915358031031282 0
2 3 19.72838587008862 0
3 3 18.5161836931337 -1


# 18.56000000000003 20.0 1.5284097636671135
0 0 19.930637869581926 0
1 0 20.17709644403775 0
2 0 20.301216217971575 0
3 0 20.087641881609866 0

0 1 19.99779046725649 0
1 1 20.20549402076576 0
2 1 20.283493720895596 0
3 1 20.079977660411227 0

0 2 19.948603852292084 0
1 2 20.09327265033767 0
2 2 20.080137243004923 0
3 2 19.76246457701166 0

0 3 19.815603057654982 0
1 3 19.905920132664942 0
2 3 19.71318055637054 0
3 3 18.486028821781474 -1


# 18.56000000000003 20.0 1.5284097636671135
0 0 19.91795354921251 0
1 0 20.166114358843565 0
2 0 20.28637213635296 0
3 0 20.07160297143308 0

0 1 19.99010788469896 0
1 1 20.20202617114631 0
2 1 20.277668180823593 0
3 1 20.069319427425174 0

0 2 19.940910293608116 0
1 2 20.090343489206553 0
2 2 20.074414536981635 0
3 2 19.747358218211428 0

0 3 19.80312331269468 0
1 3 19.896511255392276 0
2 3 19.69807042837284 0
3 3 18.45659692795635 -1


# 18.56000000000003 20.0 1.543403072043649
0 0 19.905501888363368 0
1 0 20.15522435812249 0
2 0 20.271758452750685 0
3 0 20.0558381990236 0

0 1 19.98246461377902 0
1 1 20.198397322634467 0
2 1 20.271706785021564 0
3 1 20.058666849900398 0

0 2 19.93326323826474 0
1 2 20.087238037963917 0
2 2 20.068495120841355 0
3 2 19.732334279830926 0

0 3 19.790888167361555 0
1 3 19.887132142270183 0
2 3 19.683058160673998 0
3 3 18.427864147835983 -1


# 18.56000000000003 20.0 1.572135852164017
0 0 19.893276088045106 0
1 0 20.144426117442507 0
2 0 20.257368250953007 0
3 0 20.040340445068992 0

0 1 19.974860339787632 0
1 1 20.1946130265106 0
2 1 20.265614578318992 0
3 1 20.04802231384321 0

0 2 19.925662020798978 0
1 2 20.0839614398667 0
2 2 20.06238697654526 0
3 2 19.71739552133672 0

0 3 19.778889723293368 0
1 3 19.877783504180844 0
2 3 19.668146133468436 0
3 3 18.39980753837155 -1


# 18.56000000000003 20.0 1.600192461628449
0 0 19.881269586362244 0
1 0 20.133719230875833 0
2 0 20.243194875464148 0
3 0 20.025102795318197 0

0 1 19.967294741120615 0
1 1 20.190678681120275 0
2 1 20.259396472723356 0
3 1 20.037388114134334 0

0 2 19.91810596677679 0
1 2 20.080518752296577 0
2 2 20.056097884228986 0
3 2 19.702544431881396 0

0 3 19.767120366906298 0
1 3 19.868466020037303 0
2 3 19.653336453174415 0
3 3 18.372405037610847 -1


# 18.56000000000003 20.0 1.6275949623891535
0 0 19.86947604891716 0
1 0 20.123103218445067 0
2 0 20.229231920532495 0
3 0 20.010118535102745 0

0 1 19.95976749035532 0
1 1 20.186599535632347 0
2 1 20.253057251486972 0
3 1 20.026766455962346 0

0 2 19.91059439548686 0
1 2 20.076914946210966 0
2 2 20.04963542277904 0
3 2 19.687783248738604 0

0 3 19.75557275868396 0
1 3 19.859180337092567 0
2 3 19.638630971710878 0
3 3 18.345635426902252 -1


# 18.56000000000003 19.0 1.654364573097748
0 0 19.857889359661748 0
1 0 20.112577533060293 0
2 0 20.21547321970593 0
3 0 19.995381143947064 0

0 1 19.952278255249766 0
1 1 20.18238069375409 0
2 1 20.246601572922014 0
3 1 20.01615945639922 0

0 2 19.903126622398148 0
1 2 20.073154905705128 0
2 2 20.043006970874565 0
3 2 19.673113974541696 0

0 3 19.744239822885227 0
1 3 19.849927071338296 0
2 3 19.6240313045284 0
3 3 18.31947829488261 -1


# 18.56000000000003 19.0 1.654364573097748
0 0 19.846503612173645 0
1 0 20.102141566979366 0
2 0 20.201912835884464 0
3 0 19.980884290272375 0

0 1 19.944826699669186 0
1 1 20.178027117397203 0
2 1 20.24003397398842 0
3 1 20.005569146096082 0

0 2 19.89570196139654 0
1 2 20.06924342768336 0
2 2 20.03621970844149 0
3 2 19.658538393403987 0

0 3 19.733114737654176 0
1 3 19.840706807980478 0
2 3 19.609538847473864 0
3 3 18.293914003157372 -1


# 18.56000000000003 19.0 1.654364573097748
0 0 19.835313101335178 0
1 0 20.091794657821634 0
2 0 20.188545051842304 0
3 0 19.96662182619783 0

0 1 19.93741248444463 0
1 1 20.173543630289394 0
2 1 20.23335887367701 0
3 1 19.994997471079394 0

0 2 19.888319726815272 0
1 2 20.06518522163688 0
2 2 20.029280618470597 0
3 2 19.644058085993507 0

0 3 19.722190925516177 0
1 3 19.83152010198082 0
2 3 19.595154792563267 0
3 3 18.268923653586388 -1


# 18.56000000000003 19.0 1.654364573097748
0 0 19.824312315394305 0
1 0 20.081536094163436 0
2 0 20.175364361193388 0
3 0 19.95258778244198 0

0 1 19.93003526816794 0
1 1 20.168934921527246 0
2 1 20.22658057620776 0
3 1 19.984446294629777 0

0 2 19.880979235272882 0
1 2 20.060984909525327 0
2 2 20.022196489155487 0
3 2 19.62967444363024 0

0 3 19.71146204424464 0
1 3 19.822367478653625 0
2 3 19.580880142732358 0
3 3 18.24448905709363 -1


# 18.56000000000003 19.0 1.654364573097748
0 0 19.813495928388086 0
1 0 20.071365120741877 0
2 0 20.162365459775966 0
3 0 19.938776363326937 0

0 1 19.922694707927146 0
1 1 20.164205549066764 0
2 1 20.219703274061324 0
3 1 19.97391739922755 0

0 2 19.873679807331786 0
1 2 20.056647025758604 0
2 2 20.014973916310215 0
3 2 19.615388681469348 0

0 3 19.70092197808366 0
1 3 19.813249434309068 0
2 3 19.566715725630154 0
3 3 18.220592703923455 -1


# 18.56000000000003 19.0 1.654364573097748
0 0 19.802858792910143 0
1 0 20.061280943291752 0
2 0 20.149543237433537 0
3 0 19.9251819418871 0

0 1 19.91539045998591 0
1 1 20.15935994314873 0
2 1 20.21273105085982 0
3 1 19.96341248855059 0

0 2 19.86642076898979 0
1 2 20.052176017275286 0
2 2 20.00761930603014 0
3 2 19.601201850829685 0

0 3 19.690564829312233 0
1 3 19.8041664369347 0
2 3 19.552662206516345 0
3 3 18.197217735270364 -1


# 18.56000000000003 19.0 1.654364573097748
0 0 19.79239593320471 0
1 0 20.051282733038942 0
2 0 20.13689277017076 0
3 0 19.911799055083822 0

0 1 19.908122180410622 0
1 1 20.154402409656605 0
2 1 20.205667884111445 0
3 1 19.952933189511764 0

0 2 19.859201453016198 0
1 2 20.047576243713724 0
2 2 20.000138877562748 0
3 2 19.587114850722976 0

0 3 19.680384910136404 0
1 3 19.79511892690784 0
2 3 19.53872010031955 0
3 3 18.17434791621314 -1


# 18.56000000000003 19.0 1.654364573097748
0 0 19.782102538570733 0
1 0 20.041369630872083 0
2 0 20.124409312664397 0
3 0 19.898622399126918 0

0 1 19.9008895256483 0
1 1 20.149337133405233 0
2 1 20.198517647831824 0
3 1 19.94248105432445 0

0 2 19.852021200143497 0
1 2 20.0428519776717 0
2 2 19.99253866635829 0
3 2 19.57312843863536 0

0 3 19.67037673489611 0
1 3 19.78610731773236 0
2 3 19.524889782909774 0
3 3 18.151967609888008 -1


# 18.56000000000003 19.0 1.654364573097748
0 0 19.771973957060432 0
1 0 20.031540751213015 0
2 0 20.112088291110553 0
3 0 19.88564682490357 0

0 1 19.89369215305838 0
1 1 20.14416818135908 0
2 1 20.191284115053726 0
3 1 19.932057562585936 0

0 2 19.844879360124985 0
1 2 20.038007405050354 0
2 2 19.98482452727288 0
3 2 19.55924324060964 0

0 3 19.660535012574137 0
1 3 19.77713199679401 0
2 3 19.511171501635022 0
3 3 18.130061752838976 -1


# 18.56000000000003 19.0 1.654364573097748
0 0 19.762005689457514 0
1 0 20.021795185605196 0
2 0 20.09992529639066 0
3 0 19.872867333514762 0

0 1 19.886529721401228 0
1 1 20.13889950577917 0
2 1 20.18397096023549 0
3 1 19.921664123369645 0

0 2 19.837775292668045 0
1 2 20.033046625478107 0
2 2 19.97700213789928 0
3 2 19.545459760673328 0

0 3 19.650854639595014 0
1 3 19.76819332612916 0
2 3 19.497565385168762 0
3 3 18.10861583148688 -1


# 18.56000000000003 19.0 1.654364573097748
0 0 19.75219338352112 0
1 0 20.01213200603807 0
2 0 20.08791607753971 0
3 0 19.860279071919145 0

0 1 19.879401891285998 0
1 1 20.133534947298223 0
2 1 20.17658176157747 0
3 1 19.911302077318158 0

0 2 19.830708368252296 0
1 2 20.027973652810104 0
2 2 19.96907700200287 0
3 2 19.531778389654743 0

0 3 19.641330692902173 0
1 3 19.75929164320231 0
2 3 19.48407145271198 0
3 3 18.087615859661753 -1


# 18.56000000000003 19.0 1.654364573097748
0 0 19.68253282848225 -1
1 0 19.94183026802431 -1
2 0 20.075327895501292 0
3 0 19.84786858500389 0

0 1 19.87158832558038 0
1 1 20.127340957923817 0
2 1 20.169102412214706 0
3 1 19.900972382713277 0

0 2 19.823669328841213 0
1 2 20.02278346465886 0
2 2 19.961054134537616 0
3 2 19.518199405812197 0

0 3 19.631958319622218 0
1 3 19.75042715303173 0
2 3 19.47068961746485 0
3 3 18.067048356993254 -1


# 18.56000000000003 19.0 1.654364573097748
0 0 19.614442669780143 -1
1 0 19.873438735045752 -1
2 0 20.06220904067741 0
3 0 19.83562349302444 0

0 1 19.863127051384545 0
1 1 20.12037001190312 0
2 1 20.161520763266378 0
3 1 19.890675666584556 0

0 2 19.81664964305787 0
1 2 20.0174718696656 0
2 2 19.952938115954318 0
3 2 19.50472297644247 0

0 3 19.622732741668894 0
1 3 19.74159994334999 0
2 3 19.457419690526898 0
3 3 18.04690032814513 -1


# 18.56000000000003 19.0 1.654364573097748
0 0 19.54788152310522 -1
1 0 19.80687983508206 -1
2 0 20.048604550065434 0
3 0 19.82353240987536 0

0 1 19.85405452936319 0
1 1 20.112671375300298 0
2 1 20.153826443124448 0
3 1 19.880412270541314 0

0 2 19.80964146773781 0
1 2 20.01203543074976 0
2 2 19.944733140878633 0
3 2 19.491349160306665 0

0 3 19.61364925990187 0
1 3 19.73280999830343 0
2 3 19.444261385132695 0
3 3 18.02715924287718 -1


# 18.56000000000003 19.0 1.654364573097748
0 0 19.48280900064678 -1
1 0 19.742079901120764 -1
2 0 20.034556424012134 0
3 0 19.81158486745449 0

0 1 19.844405701254153 0
1 1 20.104291319000872 0
2 1 20.14601069170767 0
3 1 19.870182291812206 0

0 2 19.80263761079569 0
1 2 20.006471394901514 0
2 2 19.93644306170104 0
3 2 19.47807791073047 0

0 3 19.60470325785459 0
1 3 19.72405721082935 0
2 3 19.43121432114201 0
3 3 18.00781301691607 -1


# 18.56000000000003 19.0 1.654364573097748
0 0 19.419185703851994 -1
1 0 19.678968946636072 -1
2 0 20.020103828273204 0
3 0 19.799771245667152 0

0 1 19.83421403740526 0
1 1 20.095273316536638 0
2 1 20.13806620848558 0
3 1 19.859985619934694 0

0 2 19.795631495424207 0
1 2 20.000777628960137 0
2 2 19.92807142757121 0
3 2 19.464909079252855 0

0 3 19.59589020504687 0
1 3 19.715341393836308 0
2 3 19.41827802971393 0
3 3 17.988849993614693 -1


# 18.56000000000003 19.0 1.654364573097748
0 0 19.35697321432182 -1
1 0 19.617480455186936 -1
2 0 20.005283282397805 0
3 0 19.788082707651125 0

0 1 19.82351158414963 0
1 1 20.085658227864265 0
2 1 20.129987013171487 0
3 1 19.849821969498343 0

0 2 19.78861712563427 0
1 2 19.994952560868924 0
2 2 19.91962151924388 0
3 2 19.45184241971252 0

0 3 19.58720565989883 0
1 3 19.706662290300965 0
2 3 19.40545195810386 0
3 3 17.97025892637836 -1


# 18.56000000000003 19.0 1.654364573097748
0 0 19.29613408307827 -1
1 0 19.55755118318917 -1
2 0 19.99012883538524 0
3 0 19.776511139834287 0

0 1 19.81232901085427 0
1 1 20.075484470143785 0
2 1 20.12176831807051 0
3 1 19.83969090931082 0

0 2 19.781589053137097 0
1 2 19.988995125941123 0
2 2 19.91109638018211 0
3 2 19.43887759267505 0

0 3 19.57864527226373 0
1 3 19.69801958238403 0
2 3 19.392735474530834 0
3 3 17.95202896183521 -1


# 18.56000000000003 19.0 1.654364573097748
0 0 19.236631818415976 -1
1 0 19.499120974982564 -1
2 0 19.974672229493706 0
3 0 19.76504909646591 0

0 1 19.800695656498753 0
1 1 20.0647881764828 0
2 1 20.11340641114876 0
3 1 19.829591888323243 0

0 2 19.774542345561784 0
1 2 19.98290471771128 0
2 2 19.902498844286157 0
3 2 19.42601417011603 0

0 3 19.570204785597586 0
1 3 19.689412899657977 0
2 3 19.380127873069892 0
3 3 17.934149623727375 -1


# 18.56000000000003 19.0 1.654364573097748
0 0 19.178430872530775 -1
1 0 19.442132589375383 -1
2 0 19.95894305301885 0
3 0 19.75368974828924 0

0 1 19.78863957566071 0
1 1 20.05360334353838 0
2 1 20.104898548963618 0
3 1 19.819524258622092 0

0 2 19.767472555995823 0
1 2 19.976681142982876 0
2 2 19.89383156058201 0
3 2 19.413251640286333 0

0 3 19.56188003878392 0
1 3 19.680841826530383 0
2 3 19.367628378531034 0
3 3 17.916610797498997 -1


# 18.56000000000003 19.0 1.654364573097748
0 0 19.1214966271001 -1
1 0 19.386531536905505 -1
2 0 19.94296888280196 0
3 0 19.742426835047915 0

0 1 19.77618758380257 0
1 1 20.041961968800393 0
2 1 20.096242858663043 0
3 1 19.809487295767934 0

0 2 19.76037569383083 0
1 2 19.97032458071662 0
2 2 19.88509701517244 0
3 2 19.40058941269558 0

0 3 19.553666967632033 0
1 3 19.672305908938664 0
2 3 19.35523615129205 0
3 3 17.899402715556885 -1


# 18.56000000000003 19.0 1.654364573097748
0 0 19.065795377972993 -1
1 0 19.332265927110377 -1
2 0 19.926775417174134 0
3 0 19.731254621541495 0

0 1 19.763365301770115 0
1 1 20.029894178317097 0
2 1 20.027438248324398 -1
3 1 19.79876021673642 0

0 2 19.753248196891363 0
1 2 19.96383554443406 0
2 2 19.87557755072512 0
3 2 19.38800954315859 0

0 3 19.545561606067242 0
1 3 19.663804660384763 0
2 3 19.342941652057785 0
3 3 17.882515632139434 -1


# 18.56000000000003 19.0 1.654364573097748
0 0 19.011294319112533 -1
1 0 19.279286325146987 -1
2 0 19.909666599992974 0
3 0 19.720150576966756 0

0 1 19.75019719942762 0
1 1 20.016708345565874 0
2 1 19.96132976496107 -1
3 1 19.787406166254527 0

0 2 19.746086904821073 0
1 2 19.957197567839184 0
2 2 19.865343570626514 0
3 2 19.375496326774172 0

0 3 19.53756008703129 0
1 3 19.65533725633174 0
2 3 19.330736460180532 0
3 3 17.865939862825872 -1


# 18.56000000000003 19.0 1.654364573097748
0 0 18.957961525919377 -1
1 0 19.227528337148552 -1
2 0 19.891728706942185 0
3 0 19.709094774674313 0

0 1 19.736697998367337 0
1 1 20.002499388998505 0
2 1 19.897749670236802 -1
3 1 19.77548319653206 0

0 2 19.738888722657443 0
1 2 19.950396911846273 0
2 2 19.854459631664895 0
3 2 19.36303607334193 0

0 3 19.529658635646037 0
1 3 19.64690259565788 0
2 3 19.318613153934734 0
3 3 17.84966581849146 -1


# 18.56000000000003 19.0 1.654364573097748
0 0 18.90576562701247 -1
1 0 19.17693207166375 -1
2 0 19.87304141944951 0
3 0 19.69806965817782 0

0 1 19.72288252729993 0
1 1 19.98735495249914 0
2 1 19.836541756467184 -1
3 1 19.763044672133557 0

0 2 19.73165065320334 0
1 2 19.943422274073956 0
2 2 19.842984928438792 0
3 2 19.350616903290337 0

0 3 19.521853563749115 0
1 3 19.638499354541345 0
2 3 19.306565202687135 0
3 3 17.833684034297498 -1


# 18.56000000000003 19.0 1.654364573097748
0 0 18.854675839627586 -1
1 0 19.127441791192787 -1
2 0 19.853678318302684 0
3 0 19.687059826368653 0

0 1 19.708765638497294 0
1 1 19.971355972301954 0
2 1 19.777560518850883 -1
3 1 19.750139642886065 0

0 2 19.724369823484643 0
1 2 19.936264525863606 0
2 2 19.830973737682033 0
3 2 19.27822856233053 -1

0 3 19.51414126559046 0
1 3 19.630126033580304 0
2 3 19.294586869840995 0
3 3 17.817265194248847 -1


# 18.56000000000003 19.0 1.654364573097748
0 0 18.804661998557275 -1
1 0 19.079005591432633 -1
2 0 19.8337073401738 0
3 0 19.6760518364161 0

0 1 19.694362135212533 0
1 1 19.954577198887776 0
2 1 19.720670388981596 -1
3 1 19.736093187337588 0

0 2 19.71704350601829 0
1 2 19.928916474336173 0
2 2 19.817755825819166 0
3 2 19.208356333201515 -1

0 3 19.506518214504386 0
1 3 19.621780998874108 0
2 3 19.28265584553498 0
3 3 17.800455793400726 -1


# 18.56000000000003 19.0 1.654364573097748
0 0 18.755694579328956 -1
1 0 19.03157510601315 -1
2 0 19.81319119986343 0
3 0 19.665025382951534 0

0 1 19.679686708944427 0
1 1 19.937087677480466 0
2 1 19.665727744996488 -1
3 1 19.721006587003203 0

0 2 19.70966913553894 0
1 2 19.92136400722059 0
2 2 19.80344079335129 0
3 2 19.140864205292115 -1

0 3 19.498980960395183 0
1 3 19.613462206679205 0
2 3 19.270752605543684 0
3 3 17.78329878656833 -1


# 18.56000000000003 19.0 1.654364573097748
0 0 18.707744716252606 -1
1 0 18.985105234683758 -1
2 0 19.792187469820746 0
3 0 19.653962797847168 0

0 1 19.664753885520025 0
1 1 19.918950879430454 0
2 1 19.612599841991926 -1
3 1 19.704973432490643 0

0 2 19.702244218083937 0
1 2 19.91359571204454 0
2 2 19.788129383648894 0
3 2 19.07562472790234 -1

0 3 19.491526122918113 0
1 3 19.605167287284754 0
2 3 19.258860141600874 0
3 3 17.76583384868591 -1


# 18.56000000000003 19.0 1.654364573097748
0 0 18.660784215909956 -1
1 0 18.939553885608973 -1
2 0 19.770748994393653 0
3 0 19.642848806247283 0

0 1 19.649577974089276 0
1 1 19.900225166182608 0
2 1 19.561163973296903 -1
3 1 19.688080198415395 0

0 2 19.694766358633036 0
1 2 19.905602576215394 0
2 2 19.77191419026193 0
3 2 19.0125184281788 -1

0 3 19.484150386244075 0
1 3 19.59689361846752 0
2 3 19.24696371554262 0
3 3 17.748097615857876 -1


# 18.56000000000003 19.0 1.654364573097748
0 0 18.614785566453577 -1
1 0 18.894881739137755 -1
2 0 19.7489242708533 0
3 0 19.631670302853607 0

0 1 19.63417302427276 0
1 1 19.880964213960915 0
2 1 19.51130669706055 -1
3 1 19.670406775219064 0

0 2 19.687233283411235 0
1 2 19.897377716230274 0
2 2 19.754880307813504 0
3 2 18.951433270581976 -1

0 3 19.476850495161834 0
1 3 19.5886383896151 0
2 3 19.23505063524927 0
3 3 17.73012390855697 -1


# 18.680000000000028 19.0 1.654364573097748
0 0 18.570441943222175 -1
1 0 18.851420671230407 -1
2 0 19.727122223531197 0
3 0 19.62114051993588 0

0 1 19.618921430540436 0
1 1 19.86122624987153 0
2 1 19.462927602278867 -1
3 1 19.652395707373422 0

0 2 19.680007281211154 0
1 2 19.888920612593356 0
2 2 19.737106038486896 0
3 2 18.89262858107054 -1

0 3 19.470347625385923 0
1 3 19.580767403730007 0
2 3 19.223474476778087 0
3 3 17.7126726845431 -1


# 18.800000000000026 19.0 1.654364573097748
0 0 18.528430138487426 -1
1 0 18.80950234638141 -1
2 0 19.70574593576604 0
3 0 19.611957160935862 0

0 1 19.604202694492578 0
1 1 19.841074028946654 0
2 1 19.415942937896357 -1
3 1 19.63448143182257 0

0 2 19.67344862658995 0
1 2 19.880241176361917 0
2 2 19.718672394704807 0
3 2 18.836368098798424 -1

0 3 19.46534570323587 0
1 3 19.573643909049856 0
2 3 19.21258841661298 0
3 3 17.696483946084488 -1


# 18.920000000000023 19.0 1.654364573097748
0 0 18.488691113992367 -1
1 0 18.769089380777853 -1
2 0 19.684828480219185 0
3 0 19.604078422086673 0

0 1 19.59002474655824 0
1 1 19.820566054456346 0
2 1 19.370280257211768 -1
3 1 19.616721933023186 0

0 2 19.667551123787042 0
1 2 19.87135480168052 0
2 2 19.69966321865062 0
3 2 18.78255506782199 -1

0 3 19.46180759831342 0
1 3 19.567259874669045 0
2 3 19.202380587588085 0
3 3 17.68154975189037 -1


# 19.04000000000002 19.0 1.654364573097748
0 0 18.451167603416675 -1
1 0 18.730146372442288 -1
2 0 19.664399744670867 0
3 0 19.597465059023882 0

0 1 19.576395124582714 0
1 1 19.79975700251345 0
2 1 19.3258733076519 -1
3 1 19.599170333050186 0

0 2 19.662308666882907 0
1 2 19.86227763635245 0
2 2 19.680156423348365 0
3 2 18.73109827307293 -1

0 3 19.459697347272762 0
1 3 19.561607226787505 0
2 3 19.1928403637337 0
3 3 17.667861224463994 -1


# 19.160000000000018 19.0 1.654364573097748
0 0 18.415804067657973 -1
1 0 18.69263975457782 -1
2 0 19.644486692849732 0
3 0 19.59208020120982 0

0 1 19.56332096619489 0
1 1 19.778698006370128 0
2 1 19.28266152635203 -1
3 1 19.581875259069694 0

0 2 19.657715254271668 0
1 2 19.853026432736865 0
2 2 19.66022443417839 0
3 2 18.681911676616412 -1

0 3 19.458980112543653 0
1 3 19.5566778861706 0
2 3 19.18395823099464 0
3 3 17.655408659274624 -1


# 19.280000000000015 19.0 1.654364573097748
0 0 18.382546649871557 -1
1 0 18.656537661074648 -1
2 0 19.62511360441368 0
3 0 19.58788918032807 0

0 1 19.550809004540866 0
1 1 19.757436917560813 0
2 1 19.2405895756698 -1
3 1 19.564881183380137 0

0 2 19.653765000190116 0
1 2 19.843618414822693 0
2 2 19.63993459611507 0
3 2 18.634914079463762 -1

0 3 19.45962214312841 0
1 3 19.552463800418785 0
2 3 19.175725669962567 0
3 3 17.644181624533854 -1


# 19.400000000000013 19.0 1.654364573097748
0 0 18.35134313046357 -1
1 0 18.62180980313877 -1
2 0 19.606302295737947 0
3 0 19.584859371585676 0

0 1 19.538865566928724 0
1 1 19.736018545844615 0
2 1 19.199606915490584 -1
3 1 19.548228738076652 0

0 2 19.65045214368069 0
1 2 19.834071159943914 0
2 2 19.619349549399875 0
3 2 18.590028807070407 -1

0 3 19.46159073730498 0
1 3 19.548956971607733 0
2 3 19.168135049570637 0
3 3 17.63416905233033 -1


# 19.52000000000001 19.0 1.654364573097748
0 0 18.32214288220769 -1
1 0 18.588427356092424 -1
2 0 19.58807232303498 0
3 0 19.58296004694193 0

0 1 19.527496575978514 0
1 1 19.71448487973414 0
2 1 19.159667409429982 -1
3 1 19.53195500623874 0

0 2 19.647771055324828 0
1 2 19.824402493739406 0
2 2 19.598527576146406 0
3 2 18.547183416790038 -1

0 3 19.464854207085192 0
1 3 19.546149479804953 0
2 3 19.16117953078805 0
3 3 17.625359321817374 -1


# 19.640000000000008 19.0 1.654364573097748
0 0 18.294896825633064 -1
1 0 18.556362855477367 -1
2 0 19.5704411692097 0
3 0 19.5821622393574 0

0 1 19.516707552915722 0
1 1 19.692875289245652 0
2 1 19.120728962267428 -1
3 1 19.51609379139769 0

0 2 19.64571624204607 0
1 2 19.81463039708683 0
2 2 19.577522920174566 0
3 2 18.506309425685533 -1

0 3 19.46938184429234 0
1 3 19.544033502919152 0
2 3 19.154852979433887 0
3 3 17.61774033509338 -1


# 19.760000000000005 19.0 1.654364573097748
0 0 18.26955738481099 -1
1 0 18.525590101666513 -1
2 0 19.55342441574239 0
3 0 19.582438617226217 0

0 1 19.506503622686495 0
1 1 19.671226712366348 0
2 1 19.082753186154765 -1
3 1 19.500675866907784 0

0 2 19.644282350248922 0
1 2 19.80477292385517 0
2 2 19.55638608218774 0
3 2 18.467342057217007 -1

0 3 19.475143888135833 0
1 3 19.542601333293646 0
2 3 19.14914988730456 0
3 3 17.61129958636428 -1


# 19.880000000000003 19.0 1.654364573097748
0 0 18.24607844365003 -1
1 0 18.496084072257624 -1
2 0 19.537035900788876 0
3 0 19.58376336821843 0

0 1 19.496889520608846 0
1 1 19.64957382660728 0
2 1 19.045705093337236 -1
3 1 19.48572920672293 0

0 2 19.643464167529665 0
1 2 19.794848128425542 0
2 2 19.53516409223814 0
3 2 18.430220005437796 -1

0 3 19.482111494172823 0
1 3 19.54184539141415 0
2 3 19.14406530087797 0
3 3 17.606024224930955 -1


# 20.0 19.0 1.654364573097748
0 0 18.224415302793027 -1
1 0 18.467820841585073 -1
2 0 19.521287864593432 0
3 0 19.586112091818364 0

0 1 19.487869600306436 0
1 1 19.627949206893984 0
2 1 19.00955281330243 -1
3 1 19.47127919896727 0

0 2 19.643256623168277 0
1 2 19.784874002025692 0
2 2 19.51390076127044 0
3 2 18.394885215431433 -1

0 3 19.49025670455759 0
1 3 19.54175823706429 0
2 3 19.139594756920282 0
3 3 17.60190111250166 -1


# 20.119999999999997 19.0 1.654364573097748
0 0 18.204524637195174 -1
1 0 18.44077750674269 -1
2 0 19.50619108322287 0
3 0 19.589461699899186 0

0 1 19.479447842700655 0
1 1 19.60638347094033 0
2 1 18.974267332436725 -1
3 1 19.45734884358385 0

0 2 19.643654787586616 0
1 2 19.774868417010797 0
2 2 19.49263691339105 0
3 2 18.36128267881703 -1

0 3 19.49955241948933 0
1 3 19.542332578228635 0
2 3 19.135734224379085 0
3 3 17.598916875289955 -1


# 20.239999999999995 19.0 1.654364573097748
0 0 18.186364454449468 -1
1 0 18.41493211956285 -1
2 0 19.491754991550295 0
3 0 19.593790324724424 0

0 1 19.471627865862946 0
1 1 19.584905413153674 0
2 1 18.93982225441991 -1
3 1 19.443958935248865 0

0 2 19.644653870936335 0
1 2 19.764849078302795 0
2 2 19.471410600379304 0
3 2 18.329360243237733 -1

0 3 19.509972369777692 0
1 3 19.543561278012547 0
2 3 19.132480051999345 0
3 3 17.597057951322363 -1


# 20.359999999999992 19.0 1.654364573097748
0 0 18.169894053914398 -1
1 0 18.39026362404463 -1
2 0 19.47798779634345 0
3 0 19.599077233813453 0

0 1 19.464412935552755 0
1 1 19.56354212803014 0
2 1 18.906193579727773 -1
3 1 19.431128232649762 0

0 2 19.64624922096061 0
1 2 19.75483348127285 0
2 2 19.45025729983595 0
3 2 18.299068434827447 -1

0 3 19.521491090453374 0
1 3 19.545437359820728 0
2 3 19.12982892114712 0
3 3 17.59631063334645 -1


# 20.47999999999999 19.0 1.654364573097748
0 0 18.15507398668865 -1
1 0 18.3667517987675 -1
2 0 19.46489658024473 0
3 0 19.6053027511509 0

0 1 19.45780597628769 0
1 1 19.542319123917363 0
2 1 18.873359502740612 -1
3 1 19.4188736151431 0

0 2 19.64843632025643 0
1 2 19.74483887541772 0
2 2 19.42921009825342 0
3 2 18.27036029272561 -1

0 3 19.534083895357977 0
1 3 19.54795401101133 0
2 3 19.127777803370275 0
3 3 17.59666110769913 -1


# 20.599999999999987 19.0 1.654364573097748
0 0 18.14186601646852 -1
1 0 18.34437720386683 -1
2 0 19.452487397367552 0
3 0 19.6124481842596 0

0 1 19.451809582811315 0
1 1 19.521260427947368 0
2 1 18.8413002250736 -1
3 1 19.407210227731795 0

0 2 19.651210783048704 0
1 2 19.7348822332408 0
2 2 19.40829986019018 0
3 2 18.243191214778587 -1

0 3 19.54772685265381 0
1 3 19.551104585220035 0
2 3 19.126323922266035 0
3 3 17.5980954894665 -1


# 20.719999999999985 19.0 1.654364573097748
0 0 18.13023308131579 -1
1 0 18.323121132183992 -1
2 0 19.44076536117632 0
3 0 19.62049575669315 0

0 1 19.446426031840982 0
1 1 19.500388682873968 0
2 1 18.809997783853735 -1
3 1 19.396151615230966 0

0 2 19.654568351573484 0
1 2 19.724980223803534 0
2 2 19.387555384637473 0
3 2 18.217518813629905 -1

0 3 19.562396761199796 0
1 3 19.554882603528025 0
2 3 19.125464719262446 0
3 3 17.60059985424041 -1


# 20.839999999999982 18.0 1.654364573097748
0 0 18.120139256356723 -1
1 0 18.302965564237148 -1
2 0 19.429734725264325 0
3 0 19.62942854553814 0

0 1 19.441657293993313 0
1 1 19.47972523648667 0
2 1 18.779435893768188 -1
3 1 19.3857098464265 0

0 2 19.658504892155356 0
1 2 19.715149190462654 0
2 2 19.367003549580353 0
3 2 18.193302782460417 -1

0 3 19.578071127744803 0
1 3 19.559281754629488 0
2 3 19.125197822954828 0
3 3 17.60416026675274 -1


# 20.95999999999998 18.0 1.715149190462654
0 0 18.111549717426644 -1
1 0 18.283893126689318 -1
2 0 19.41939895759517 0
3 0 19.639230423547026 0

0 1 19.437505045798417 0
1 1 19.45929022421593 0
2 1 18.74959980180113 -1
3 1 19.37589562897029 0

0 2 19.663016391052903 0
1 2 19.70540513235419 0
2 2 19.346669445675342 0
3 2 18.17050476969386 -1

0 3 19.594728144894177 0
1 3 19.564295894137487 0
2 3 19.125521021669513 0
3 3 17.608762806646002 -1


