# 20.0 20.0 0.0
0 0 20.0 0
1 0 20.0 0
2 0 20.0 0
3 0 20.0 0

0 1 20.0 0
1 1 20.0 0
2 1 20.0 0
3 1 20.0 0

0 2 20.0 0
1 2 20.0 0
2 2 20.0 0
3 2 20.0 0

0 3 20.0 0
1 3 20.0 0
2 3 20.0 0
3 3 20.0 0


# 20.0 20.0 0.0
0 0 20.0 0
1 0 20.0 0
2 0 20.0 0
3 0 20.0 0

0 1 20.0 0
1 1 20.0 0
2 1 20.0 0
3 1 20.0 0

0 2 20.0 0
1 2 20.0 0
2 2 20.0 0
3 2 20.0 0

0 3 20.0 0
1 3 20.0 0
2 3 20.0 0
3 3 20.0 0


# 20.0 20.0 0.0
0 0 20.0 0
1 0 20.0 0
2 0 20.0 0
3 0 20.0 0

0 1 20.0 0
1 1 20.0 0
2 1 20.0 0
3 1 20.0 0

0 2 20.0 0
1 2 20.0 0
2 2 20.0 0
3 2 20.0 0

0 3 20.0 0
1 3 20.0 0
2 3 20.0 0
3 3 20.0 0


# 20.0 20.0 0.0
0 0 20.0 0
1 0 20.0 0
2 0 20.0 0
3 0 20.0 0

0 1 20.0 0
1 1 20.0 0
2 1 20.0 0
3 1 20.0 0

0 2 20.0 0
1 2 20.0 0
2 2 20.0 0
3 2 20.0 0

0 3 20.0 0
1 3 20.0 0
2 3 20.0 0
3 3 20.0 0


# 20.0 20.0 0.0
0 0 20.0 0
1 0 20.0 0
2 0 20.0 0
3 0 20.0 0

0 1 20.0 0
1 1 20.0 0
2 1 20.0 0
3 1 20.0 0

0 2 20.0 0
1 2 20.0 0
2 2 20.0 0
3 2 20.0 0

0 3 20.0 0
1 3 20.0 0
2 3 20.0 0
3 3 20.0 0


# 20.0 20.0 0.0
0 0 20.0 0
1 0 20.0 0
2 0 20.0 0
3 0 20.0 0

0 1 20.0 0
1 1 20.0 0
2 1 20.0 0
3 1 20.0 0

0 2 20.0 0
1 2 20.0 0
2 2 20.0 0
3 2 20.0 0

0 3 20.0 0
1 3 20.0 0
2 3 20.0 0
3 3 20.0 0


# 20.0 20.0 0.0
0 0 20.0 0
1 0 20.0 0
2 0 20.0 0
3 0 20.0 0

0 1 20.0 0
1 1 20.0 0
2 1 20.0 0
3 1 20.0 0

0 2 20.0 0
1 2 20.0 0
2 2 20.0 0
3 2 20.0 0

0 3 20.0 0
1 3 20.0 0
2 3 20.0 0
3 3 20.0 0


# 20.0 20.0 0.0
0 0 20.0 0
1 0 20.0 0
2 0 20.0 0
3 0 20.0 0

0 1 20.0 0
1 1 20.0 0
2 1 20.0 0
3 1 20.0 0

0 2 20.0 0
1 2 20.0 0
2 2 20.0 0
3 2 20.0 0

0 3 20.0 0
1 3 20.0 0
2 3 20.0 0
3 3 20.0 0


# 20.0 20.0 0.0
0 0 20.0 0
1 0 20.0 0
2 0 20.0 0
3 0 20.0 0

0 1 20.0 0
1 1 20.0 0
2 1 20.0 0
3 1 20.0 0

0 2 20.0 0
1 2 20.0 0
2 2 20.0 0
3 2 20.0 0

0 3 20.0 0
1 3 20.0 0
2 3 20.0 0
3 3 20.0 0


# 20.0 20.0 0.0
0 0 20.0 0
1 0 20.0 0
2 0 20.0 0
3 0 20.0 0

0 1 20.0 0
1 1 20.0 0
2 1 20.0 0
3 1 20.0 0

0 2 20.0 0
1 2 20.0 0
2 2 20.0 0
3 2 20.0 0

0 3 20.0 0
1 3 20.0 0
2 3 20.0 0
3 3 20.0 0


# 20.0 20.0 0.0
0 0 20.0 0
1 0 20.0 0
2 0 20.0 0
3 0 20.0 0

0 1 20.0 0
1 1 20.0 0
2 1 20.0 0
3 1 20.0 0

0 2 20.0 0
1 2 20.0 0
2 2 20.0 0
3 2 20.0 0

0 3 20.0 0
1 3 20.0 0
2 3 20.0 0
3 3 20.0 0


# 20.0 20.0 0.0
0 0 20.0 0
1 0 20.0 0
2 0 20.0 0
3 0 20.0 0

0 1 20.0 0
1 1 20.0 0
2 1 20.0 0
3 1 20.0 0

0 2 20.0 0
1 2 20.0 0
2 2 20.0 0
3 2 20.0 0

0 3 20.0 0
1 3 20.0 0
2 3 20.0 0
3 3 20.0 0


# 20.0 20.0 0.0
0 0 20.0 0
1 0 20.0 0
2 0 20.0 0
3 0 20.0 0

0 1 20.0 0
1 1 20.0 0
2 1 20.0 0
3 1 20.0 0

0 2 20.0 0
1 2 20.0 0
2 2 20.0 0
3 2 20.0 0

0 3 20.0 0
1 3 20.0 0
2 3 20.0 0
3 3 20.0 0


# 20.0 20.0 0.0
0 0 20.0 0
1 0 20.0 0
2 0 20.0 0
3 0 20.0 0

0 1 20.0 0
1 1 20.0 0
2 1 20.0 0
3 1 20.0 0

0 2 20.0 0
1 2 20.0 0
2 2 20.0 0
3 2 20.0 0

0 3 20.0 0
1 3 20.0 0
2 3 20.0 0
3 3 20.0 0


# 20.0 20.0 0.0
0 0 20.0 0
1 0 20.0 0
2 0 20.0 0
3 0 20.0 0

0 1 20.0 0
1 1 20.0 0
2 1 20.0 0
3 1 20.0 0

0 2 20.0 0
1 2 20.0 0
2 2 20.0 0
3 2 20.0 0

0 3 20.0 0
1 3 20.0 0
2 3 20.0 0
3 3 20.0 0


# 20.0 20.0 0.0
0 0 20.0 0
1 0 20.0 0
2 0 20.0 0
3 0 20.0 0

0 1 20.0 0
1 1 20.0 0
2 1 20.0 0
3 1 20.0 0

0 2 20.0 0
1 2 20.0 0
2 2 20.0 0
3 2 20.0 0

0 3 20.0 0
1 3 20.0 0
2 3 20.0 0
3 3 20.0 0


# 20.0 20.0 0.0
0 0 20.0 0
1 0 20.0 0
2 0 20.0 0
3 0 20.0 0

0 1 20.0 0
1 1 20.0 0
2 1 20.0 0
3 1 20.0 0

0 2 20.0 0
1 2 20.0 0
2 2 20.0 0
3 2 20.0 0

0 3 20.0 0
1 3 20.0 0
2 3 20.0 0
3 3 20.0 0


# 20.0 20.0 0.0
0 0 20.0 0
1 0 20.0 0
2 0 20.0 0
3 0 20.0 0

0 1 20.0 0
1 1 20.0 0
2 1 20.0 0
3 1 20.0 0

0 2 20.0 0
1 2 20.0 0
2 2 20.0 0
3 2 20.0 0

0 3 20.0 0
1 3 20.0 0
2 3 20.0 0
3 3 20.0 0


# 20.0 20.0 0.0
0 0 20.0 0
1 0 20.0 0
2 0 20.0 0
3 0 20.0 0

0 1 20.0 0
1 1 20.0 0
2 1 20.0 0
3 1 20.0 0

0 2 20.0 0
1 2 20.0 0
2 2 20.0 0
3 2 20.0 0

0 3 20.0 0
1 3 20.0 0
2 3 20.0 0
3 3 20.0 0


# 20.0 20.0 0.0
0 0 20.0 0
1 0 20.0 0
2 0 20.0 0
3 0 20.0 0

0 1 20.0 0
1 1 20.0 0
2 1 20.0 0
3 1 20.0 0

0 2 20.0 0
1 2 20.0 0
2 2 20.0 0
3 2 20.0 0

0 3 20.0 0
1 3 20.0 0
2 3 20.0 0
3 3 20.0 0


# 20.0 20.0 0.0
0 0 20.0 0
1 0 20.0 0
2 0 20.0 0
3 0 20.0 0

0 1 20.0 0
1 1 20.0 0
2 1 20.0 0
3 1 20.0 0

0 2 20.0 0
1 2 20.0 0
2 2 20.0 0
3 2 20.0 0

0 3 20.0 0
1 3 20.0 0
2 3 20.0 0
3 3 20.0 0


# 20.0 20.0 0.0
0 0 20.0 0
1 0 20.0 0
2 0 20.0 0
3 0 20.0 0

0 1 20.0 0
1 1 20.0 0
2 1 20.0 0
3 1 20.0 0

0 2 20.0 0
1 2 20.0 0
2 2 20.0 0
3 2 20.0 0

0 3 20.0 0
1 3 20.0 0
2 3 20.0 0
3 3 20.0 0


# 20.0 20.0 0.0
0 0 20.0 0
1 0 20.0 0
2 0 20.0 0
3 0 20.0 0

0 1 20.0 0
1 1 20.0 0
2 1 20.0 0
3 1 20.0 0

0 2 20.0 0
1 2 20.0 0
2 2 20.0 0
3 2 20.0 0

0 3 20.0 0
1 3 20.0 0
2 3 20.0 0
3 3 20.0 0


# 20.0 20.0 0.0
0 0 20.0 0
1 0 20.0 0
2 0 20.0 0
3 0 20.0 0

0 1 20.0 0
1 1 20.0 0
2 1 20.0 0
3 1 20.0 0

0 2 20.0 0
1 2 20.0 0
2 2 20.0 0
3 2 20.0 0

0 3 20.0 0
1 3 20.0 0
2 3 20.0 0
3 3 20.0 0


# 20.0 20.0 0.0
0 0 20.0 0
1 0 20.0 0
2 0 20.0 0
3 0 20.0 0

0 1 20.0 0
1 1 20.0 0
2 1 20.0 0
3 1 20.0 0

0 2 20.0 0
1 2 20.0 0
2 2 20.0 0
3 2 20.0 0

0 3 20.0 0
1 3 20.0 0
2 3 20.0 0
3 3 20.0 0


# 20.0 20.0 0.0
0 0 20.0 0
1 0 20.0 0
2 0 20.0 0
3 0 20.0 0

0 1 20.0 0
1 1 20.0 0
2 1 20.0 0
3 1 20.0 0

0 2 20.0 0
1 2 20.0 0
2 2 20.0 0
3 2 20.0 0

0 3 20.0 0
1 3 20.0 0
2 3 20.0 0
3 3 20.0 0


# 20.0 20.0 0.0
0 0 20.0 0
1 0 20.0 0
2 0 20.0 0
3 0 20.0 0

0 1 20.0 0
1 1 20.0 0
2 1 20.0 0
3 1 20.0 0

0 2 20.0 0
1 2 20.0 0
2 2 20.0 0
3 2 20.0 0

0 3 20.0 0
1 3 20.0 0
2 3 20.0 0
3 3 20.0 0


# 20.0 20.0 0.0
0 0 20.0 0
1 0 20.0 0
2 0 20.0 0
3 0 20.0 0

0 1 20.0 0
1 1 20.0 0
2 1 20.0 0
3 1 20.0 0

0 2 20.0 0
1 2 20.0 0
2 2 20.0 0
3 2 20.0 0

0 3 20.0 0
1 3 20.0 0
2 3 20.0 0
3 3 20.0 0


# 20.0 20.0 0.0
0 0 20.0 0
1 0 20.0 0
2 0 20.0 0
3 0 20.0 0

0 1 20.0 0
1 1 20.0 0
2 1 20.0 0
3 1 20.0 0

0 2 20.0 0
1 2 20.0 0
2 2 20.0 0
3 2 20.0 0

0 3 20.0 0
1 3 20.0 0
2 3 20.0 0
3 3 20.0 0


# 20.0 20.0 0.0
0 0 20.0 0
1 0 20.0 0
2 0 20.0 0
3 0 20.0 0

0 1 20.0 0
1 1 20.0 0
2 1 20.0 0
3 1 20.0 0

0 2 20.0 0
1 2 20.0 0
2 2 20.0 0
3 2 20.0 0

0 3 20.0 0
1 3 20.0 0
2 3 20.0 0
3 3 20.0 0


# 20.0 20.0 0.0
0 0 20.0 0
1 0 20.0 0
2 0 20.0 0
3 0 20.0 0

0 1 20.0 0
1 1 20.0 0
2 1 20.0 0
3 1 20.0 0

0 2 20.0 0
1 2 20.0 0
2 2 20.0 0
3 2 20.0 0

0 3 20.0 0
1 3 20.0 0
2 3 20.0 0
3 3 20.0 0


# 20.0 20.0 0.0
0 0 20.0 0
1 0 20.0 0
2 0 20.0 0
3 0 20.0 0

0 1 20.0 0
1 1 20.0 0
2 1 20.0 0
3 1 20.0 0

0 2 20.0 0
1 2 20.0 0
2 2 20.0 0
3 2 20.0 0

0 3 20.0 0
1 3 20.0 0
2 3 20.0 0
3 3 20.0 0


# 20.0 20.0 0.0
0 0 20.0 0
1 0 20.0 0
2 0 20.0 0
3 0 20.0 0

0 1 20.0 0
1 1 20.0 0
2 1 20.0 0
3 1 20.0 0

0 2 20.0 0
1 2 20.0 0
2 2 20.0 0
3 2 20.0 0

0 3 20.0 0
1 3 20.0 0
2 3 20.0 0
3 3 20.0 0


# 20.0 20.0 0.0
0 0 20.0 0
1 0 20.0 0
2 0 20.0 0
3 0 20.0 0

0 1 20.0 0
1 1 20.0 0
2 1 20.0 0
3 1 20.0 0

0 2 20.0 0
1 2 20.0 0
2 2 20.0 0
3 2 20.0 0

0 3 20.0 0
1 3 20.0 0
2 3 20.0 0
3 3 20.0 0


# 20.0 20.0 0.0
0 0 20.0 0
1 0 20.0 0
2 0 20.0 0
3 0 20.0 0

0 1 20.0 0
1 1 20.0 0
2 1 20.0 0
3 1 20.0 0

0 2 20.0 0
1 2 20.0 0
2 2 20.0 0
3 2 20.0 0

0 3 20.0 0
1 3 20.0 0
2 3 20.0 0
3 3 20.0 0


# 20.0 20.0 0.0
0 0 20.0 0
1 0 20.0 0
2 0 20.0 0
3 0 20.0 0

0 1 20.0 0
1 1 20.0 0
2 1 20.0 0
3 1 20.0 0

0 2 20.0 0
1 2 20.0 0
2 2 20.0 0
3 2 20.0 0

0 3 20.0 0
1 3 20.0 0
2 3 20.0 0
3 3 20.0 0


# 20.0 20.0 0.0
0 0 20.0 0
1 0 20.0 0
2 0 20.0 0
3 0 20.0 0

0 1 20.0 0
1 1 20.0 0
2 1 20.0 0
3 1 20.0 0

0 2 20.0 0
1 2 20.0 0
2 2 20.0 0
3 2 20.0 0

0 3 20.0 0
1 3 20.0 0
2 3 20.0 0
3 3 20.0 0


# 20.0 20.0 0.0
0 0 20.0 0
1 0 20.0 0
2 0 20.0 0
3 0 20.0 0

0 1 20.0 0
1 1 20.0 0
2 1 20.0 0
3 1 20.0 0

0 2 20.0 0
1 2 20.0 0
2 2 20.0 0
3 2 20.0 0

0 3 20.0 0
1 3 20.0 0
2 3 20.0 0
3 3 20.0 0


# 20.0 20.0 0.0
0 0 20.0 0
1 0 20.0 0
2 0 20.0 0
3 0 20.0 0

0 1 20.0 0
1 1 20.0 0
2 1 20.0 0
3 1 20.0 0

0 2 20.0 0
1 2 20.0 0
2 2 20.0 0
3 2 20.0 0

0 3 20.0 0
1 3 20.0 0
2 3 20.0 0
3 3 20.0 0


# 20.0 20.0 0.0
0 0 20.0 0
1 0 20.0 0
2 0 20.0 0
3 0 20.0 0

0 1 20.0 0
1 1 20.0 0
2 1 20.0 0
3 1 20.0 0

0 2 20.0 0
1 2 20.0 0
2 2 20.0 0
3 2 20.0 0

0 3 20.0 0
1 3 20.0 0
2 3 20.0 0
3 3 20.0 0


# 20.0 20.0 0.0
0 0 20.0 0
1 0 20.0 0
2 0 20.0 0
3 0 20.0 0

0 1 20.0 0
1 1 20.0 0
2 1 20.0 0
3 1 20.0 0

0 2 20.0 0
1 2 20.0 0
2 2 20.0 0
3 2 20.0 0

0 3 20.0 0
1 3 20.0 0
2 3 20.0 0
3 3 20.0 0


# 20.0 20.0 0.0
0 0 20.0 0
1 0 20.0 0
2 0 20.0 0
3 0 20.0 0

0 1 20.0 0
1 1 20.0 0
2 1 20.0 0
3 1 20.0 0

0 2 20.0 0
1 2 20.0 0
2 2 20.0 0
3 2 20.0 0

0 3 20.0 0
1 3 20.0 0
2 3 20.0 0
3 3 20.0 0


# 20.0 20.0 0.0
0 0 20.0 0
1 0 20.0 0
2 0 20.0 0
3 0 20.0 0

0 1 20.0 0
1 1 20.0 0
2 1 20.0 0
3 1 20.0 0

0 2 20.0 0
1 2 20.0 0
2 2 20.0 0
3 2 20.0 0

0 3 20.0 0
1 3 20.0 0
2 3 20.0 0
3 3 20.0 0


# 20.0 20.0 0.0
0 0 20.0 0
1 0 20.0 0
2 0 20.06 1
3 0 20.00072 0

0 1 20.0 0
1 1 20.0 0
2 1 20.00072 0
3 1 20.00001728 0

0 2 20.0 0
1 2 20.0 0
2 2 20.00000864 0
3 2 20.00000031104 0

0 3 20.0 0
1 3 20.0 0
2 3 20.00000010368 0
3 3 20.00000000497664 0


# 20.0 20.0 0.05999999999999872
0 0 20.0 0
1 0 20.00072 0
2 0 20.11750592 1
3 0 20.062104358400003 1

0 1 20.0 0
1 1 20.00001728 0
2 1 20.00209602944 0
3 1 20.000786962626563 0

0 2 20.0 0
1 2 20.00000031104 0
2 2 20.000033386342402 0
3 2 20.00001014222367 0

0 3 20.0 0
1 3 20.00000000497664 0
2 3 20.00000050008099 0
3 3 20.00000013250514 0


# 20.0 20.0 0.11750591999999926
0 0 20.00000864 0
1 0 20.00210014208 0
2 0 20.17336627771904 1
3 0 20.12195844038175 1

0 1 20.00000031104 0
1 1 20.0000668120832 0
2 1 20.004086461292136 0
3 1 20.00226657072302 0

0 2 20.00000000746496 0
1 2 20.000001498640486 0
2 2 20.000080967024815 0
3 2 20.00003788829331 0

0 3 20.0000000001493 0
1 3 20.000000028754073 0
2 3 20.000001452616996 0
3 3 20.000000599825878 0


# 20.0 20.0 0.17336627771904034
0 0 20.000033534397442 0
1 0 20.004093535603037 0
2 0 20.227646555302165 1
3 0 20.18032689404031 1

0 1 20.060001502223667 1
1 1 20.000881801076318 0
2 1 20.006660821879628 0
3 1 20.004415682003213 0

0 2 20.000720043163593 0
1 2 20.00002162078597 0
2 2 20.000157742010533 0
3 2 20.000091185271067 0

0 3 20.000008641006936 0
1 3 20.00000040811932 0
2 3 20.00000329660655 0
3 3 20.00000171201468 0


# 20.0 20.0 0.22764655530216515
0 0 20.000801467613055 0
1 0 20.00667356499561 0
2 0 20.28040933535046 1
3 0 20.2372530260631 1

0 1 20.11751027887251 1
1 1 20.06240987006306 1
2 1 20.070509813982532 1
3 1 20.00792447166288 0

0 2 20.002100287838708 0
1 2 20.000796602684623 0
2 2 20.001006981176566 0
3 2 20.00019455346793 0

0 3 20.00003353828218 0
1 3 20.00001039222919 0
2 3 20.00001538717412 0
3 3 20.000004169669854 0


# 20.0 20.0 0.2804093353504591
0 0 20.002262820905404 0
1 0 20.010534259581622 0
2 0 20.332451708461267 1
3 0 20.29279643128632 1

0 1 20.173376122905548 1
1 1 20.122476797889885 1
2 1 20.132691662421657 1
3 1 20.01269983561915 0

0 2 20.00410255091595 0
1 2 20.0022895264223 0
2 2 20.002580939633923 0
3 2 20.000369801561355 0

0 3 20.000081686221765 0
1 3 20.00003859495338 0
2 3 20.000046225363892 0
3 3 20.000009011884842 0


# 20.0 20.0 0.33245170846126726
0 0 20.004388283942657 0
1 0 20.01560362216272 0
2 0 20.383781837296343 1
3 0 20.347013539834997 1

0 1 20.227665937336496 1
1 1 20.181136920571287 1
2 1 20.193284857022867 1
3 1 20.018654460904173 0

0 2 20.066690689577246 1
1 2 20.005184994890858 0
2 2 20.004843685077564 0
3 2 20.000636355790178 0

0 3 20.00087949693215 0
1 3 20.00011030257158 0
2 3 20.000103839893015 0
3 3 20.000017569805188 0


# 20.0 20.0 0.3837818372963433
0 0 20.00714954043471 0
1 0 20.021813089611513 0
2 0 20.43440833796753 1
3 0 20.3999578059874 1

0 1 20.281163693775362 1
1 1 20.238459708007472 1
2 1 20.25236357818925 1
3 1 20.0257064664258 0

0 2 20.127336418842184 1
1 2 20.00938511651008 0
2 2 20.00776105487843 0
3 2 20.001011449940304 0

0 3 20.00237719569956 0
1 3 20.000248063688808 0
2 3 20.00019579887798 0
3 3 20.00003142427802 0


# 20.0 20.0 0.434408337967529
0 0 20.010527878379705 0
1 0 20.029097690940084 0
2 0 20.484340216674294 1
3 0 20.451679885169053 1

0 1 20.33387070669955 1
1 1 20.294510247131182 1
2 1 20.309997942257482 1
3 1 20.033779066164318 0

0 2 20.18613588547772 1
1 2 20.01479849393171 0
2 2 20.011300568464353 0
3 2 20.00151030174969 0

0 3 20.004528224044375 0
1 3 20.000471915216128 0
2 3 20.000329222220607 0
3 3 20.000052367291655 0


# 20.0 20.0 0.48434021667429406
0 0 20.01450449552971 0
1 0 20.037395847432624 0
2 0 20.533586811672283 1
3 0 20.502227799837005 1

0 1 20.38578994455583 1
1 1 20.349349542007015 1
2 1 20.366254232888817 1
3 1 20.042800253399122 0

0 2 20.243179578238042 1
1 2 20.081339785470096 1
2 2 20.016151343686015 0
3 2 20.062154916648723 1

0 3 20.067289025900227 1
1 3 20.002239591180142 0
2 3 20.000536714513235 0
3 3 20.0008027816431 0


# 20.0 20.0 0.5335868116722828
0 0 20.0190605631945 0
1 0 20.046649184842938 0
2 0 20.582157740192873 1
3 0 20.551647094965976 1

0 1 20.43692584308576 1
1 1 20.40375479254613 1
2 1 20.421212399268043 1
3 1 20.05342281568695 0

0 2 20.299992691805517 1
1 2 20.146101136798144 1
2 2 20.022936141195824 0
3 2 20.120470351011786 1

0 3 20.128493408363646 1
1 3 20.005447103466675 0
2 3 20.060864404819345 1
3 3 20.00294989857392 0


# 20.0 20.0 0.5821577401928728
0 0 20.024177283254645 0
1 0 20.05681099687146 0
2 0 20.630063160998038 1
3 0 20.59998963126742 1

0 1 20.487310054887434 1
1 1 20.45771177755782 1
2 1 20.47496381084844 1
3 1 20.06552414294563 0

0 2 20.356535853950277 1
1 2 20.20919985274588 1
2 2 20.03222118745153 0
3 2 20.176618939016944 1

0 3 20.18821144115156 1
1 3 20.010717633505678 0
2 3 20.118858764451307 1
3 3 20.00638943466688 0


# 20.0 20.0 0.6300631609980378
0 0 20.029836353678583 0
1 0 20.06783627050967 0
2 0 20.677313984787627 1
3 0 20.647304062074593 1

0 1 20.5369720404044 1
1 1 20.511209275929144 1
2 1 20.52760077102108 1
3 1 20.078990414207265 0

0 2 20.41277394809599 1
1 2 20.270761324353867 1
2 2 20.043800648039976 0
3 2 20.230751109541202 1

0 3 20.246517728249323 1
1 3 20.017901146703093 0
2 3 20.174683791097273 1
3 3 20.011024633826533 0


# 20.0 20.0 0.6773139847876273
0 0 20.036019944677122 0
1 0 20.07968166561299 0
2 0 20.72392183541105 1
3 0 20.693636062835328 1

0 1 20.585939252731844 1
1 1 20.564239026849183 1
2 1 20.57920735710616 1
3 1 20.093715951164352 0

0 2 20.468676061939977 1
1 2 20.330900183387268 1
2 2 20.057484726227642 0
3 2 20.283006266675095 1

0 3 20.303482016536066 1
1 3 20.02685809043381 0
2 3 20.228491481277043 1
3 3 20.016765719984203 0


# 20.0 20.0 0.7239218354110513
0 0 20.042710677688884 0
1 0 20.092305494136635 0
2 0 20.769898905292724 1
3 0 20.73902854285074 1

0 1 20.634237313314845 1
1 1 20.61679535773576 1
2 1 20.62986014325011 1
3 1 20.10960262064876 0

0 2 20.524215101497354 1
1 2 20.389721213895413 1
2 2 20.07309840862989 0
3 2 20.333513604465896 1

0 3 20.35916954224394 1
1 3 20.037458637484587 0
2 3 20.28042271225659 1
3 3 20.02352938986544 0


# 20.0 20.0 0.7698989052927239
0 0 20.049891606981504 0
1 0 20.105667693823015 0
2 0 20.815257827829516 1
3 0 20.783521840689854 1

0 1 20.681890170950197 1
1 1 20.668874851227468 1
2 1 20.679628860874132 1
3 1 20.126559282253872 0

0 2 20.57936743835954 1
1 2 20.44732018765685 1
2 2 20.090480309398696 0
3 2 20.382392860856545 1

0 3 20.413641351633288 1
1 3 20.049581985728796 0
2 3 20.33060805856173 1
3 3 20.031238342863304 0


# 20.0 20.0 0.815257827829516
0 0 20.05754620350745 0
1 0 20.119729797273223 0
2 0 20.860011565046722 1
3 0 20.827153904592627 1

0 1 20.728920245687423 1
1 1 20.720476047466448 1
2 1 20.72857700200216 1
3 1 20.144501277608626 0

0 2 20.634112587368172 1
1 2 20.503784629808866 1
2 2 20.109481605162312 0
3 2 20.42975501540818 1

0 3 20.466954597851654 1
1 3 20.063115709762855 0
2 3 20.379168547995597 1
3 3 20.03982084528107 0


# 20.0 20.0 0.8600115650467224
0 0 20.065658340696707 0
1 0 20.134454897226266 0
2 0 20.904173308960612 1
3 0 20.869960459066125 1

0 1 20.775348559074928 1
1 1 20.771599178245406 1
2 1 20.776762370345782 1
3 1 20.163349958086904 0

0 2 20.688432912139533 1
1 2 20.55919452044176 1
2 2 20.129965053564817 0
3 2 20.47570293504423 1

0 3 20.519162815791823 1
1 3 20.077955160563565 0
2 3 20.426216361692696 1
3 3 20.049210326411796 0


# 20.0 20.0 0.9041733089606119
0 0 20.07421228190724 0
1 0 20.14980760877212 0
2 0 20.947756395242475 1
3 0 20.911975158779697 1

0 1 20.821194852061286 1
1 1 20.822245929909077 1
2 1 20.824237584610824 1
3 1 20.18303224798847 0

0 2 20.74231335608921 1
1 2 20.613622937462075 1
2 2 20.151804088819425 0
3 2 20.520331971731007 1

0 3 20.57031617662315 1
1 3 20.09400290952923 0
2 3 20.471855482398727 1
3 3 20.05934500411053 0


# 20.0 20.0 0.9477563952424752
0 0 20.08319266928858 0
1 0 20.165754029136973 0
2 0 20.99077422791262 1
3 0 20.953229730774442 1

0 1 20.866477691738154 1
1 1 20.87241923218882 1
2 1 20.871050538112417 1
3 1 20.20348024046037 0

0 2 20.79574119680334 1
1 2 20.667136645591984 1
2 2 20.174881988210103 0
3 2 20.563730515711676 1

0 3 20.62046172354071 1
1 3 20.111168233547378 0
2 3 20.516182294848395 1
3 3 20.070167537689272 0


# 20.0 20.0 0.9907742279126204
0 0 20.09258451384469 0
1 0 20.182261695600573 0
2 0 21.03324021391414 1
3 0 20.993754105919056 1

0 1 20.911214567999195 1
1 1 20.922123070411406 1
2 1 20.917244818438974 1
3 1 20.22463082364187 0

0 2 20.848705821783184 1
1 2 20.719796635970994 1
2 2 20.19909110395566 0
3 2 20.605980507635227 1

0 3 20.66964359015721 1
1 3 20.129366637990106 0
2 3 20.559286141820383 1
3 3 20.081624706125925 0


# 20.0 20.0 1.0332402139141408
0 0 20.10237318650948 0
1 0 20.19929954203537 0
2 0 21.075167706526468 1
3 0 21.03357654046799 1

0 1 20.955421981087678 1
1 1 20.971362318762054 1
2 1 20.962860090588535 1
3 1 20.246425334713212 0

0 2 20.901198523754882 1
1 2 20.771658620457938 1
2 2 20.224332155291812 0
3 2 20.647157912668117 1

0 3 20.71790320285249 1
1 3 20.148519414776093 0
2 3 20.60124983917825 1
3 3 20.093667109727548 0


# 20.0 20.0 1.075167706526468
0 0 20.112544410072616 0
1 0 20.216837854494216 0
2 0 21.116569956678966 1
3 0 21.07272372850785 1

0 1 20.99911552091307 1
1 1 21.02014259249892 1
2 1 21.00793244671048 1
3 1 20.268809239709896 0

0 2 20.95321231388786 1
1 2 20.822773484393412 1
2 2 20.250513576033207 0
3 2 20.687333159441703 1

0 3 20.76527946829377 1
1 3 20.16855323285788 0
2 3 20.642150152956187 1
3 3 20.106248893526132 0


# 20.0 20.0 1.1165699566789655
0 0 20.123084251814888 0
1 0 20.234848226217373 0
2 0 21.15746007131568 1
3 0 21.111220906013873 1

0 1 21.04230993893314 1
1 1 21.068470117214027 1
2 1 21.05249472531965 1
3 1 20.291731837131383 0

0 2 21.004741751404016 1
1 2 20.873187701272638 1
2 2 20.277550913251496 0
3 2 20.72657154647206 1

0 3 20.811808947246337 1
1 3 20.189399758695554 0
2 3 20.682058241317705 1
3 3 20.11932749081267 0


# 20.0 20.0 1.157460071315679
0 0 20.133979116731357 0
1 0 20.253303512379375 0
2 0 21.197850978044976 1
3 0 21.14909194717949 1

0 1 21.08501921332214 1
1 1 21.11635161341528 1
2 1 21.096576802606425 1
3 1 20.31514598352696 0

0 2 21.05578278818714 1
1 2 20.922943712494146 1
2 2 20.305366273050108 0
3 2 20.764933618488907 1

0 3 20.85752601570806 1
1 3 20.21099530446458 0
2 3 20.72104006400229 1
3 3 20.13286338533331 0


# 20.0 20.0 1.1978509780449755
0 0 20.145215741237447 0
1 0 20.272177784851813 0
2 0 21.237755395382738 1
3 0 21.186359453627944 1

0 1 21.12725660807669 1
1 1 21.163794194867695 1
2 1 21.140205858243245 1
3 1 20.33900783938315 0

0 2 21.10633262711863 1
1 2 20.972080275088437 1
2 2 20.33388780973358 0
3 2 20.802475514925774 1

0 3 20.90246301432157 1
1 3 20.233280501918014 0
2 3 20.75915676167801 1
3 3 20.146819890780556 0


# 20.0 20.0 1.237755395382738
0 0 20.15678118726804 0
1 0 20.291446287218257 0
2 0 21.277185807965736 1
3 0 21.223044837065526 1

0 1 21.16903472664852 1
1 1 21.210805279280425 1
2 1 21.183406617883925 1
3 1 20.363276633767562 0

0 2 21.15638959297235 1
1 2 21.020632780091045 1
2 2 20.36304925496131 0
3 2 20.839249292653005 1

0 3 20.946650386944675 1
1 3 20.256199999982023 0
2 3 20.796465007436222 1
3 3 20.161162946313528 0


# 20.0 20.0 1.2771858079657363
0 0 20.168662836692793 0
1 0 20.311085390242358 0
2 0 21.316154446173478 1
3 0 21.25916839589046 1

0 1 21.210365560636628 1
1 1 21.257392510061212 1
2 1 21.22620157436506 1
3 1 20.387914446304226 0

0 2 21.20595301479958 1
1 2 21.068633544004324 1
2 2 20.39278948374467 0
3 2 20.87530322487793 1

0 3 20.990116809192045 1
1 3 20.27970218431037 0
2 3 20.833017332496322 1
3 3 20.17586092693473 0


# 20.0 20.0 1.3161544461734778
0 0 20.1808483859824 0
1 0 20.331072547958783 0
2 0 21.354673269652764 1
3 0 21.294749386229885 1

0 1 21.25126053402001 1
1 1 21.303563687982454 1
2 1 21.268611189447746 1
3 1 20.412886005166115 0

0 2 21.255023118824592 1
1 2 21.11611207559046 1
2 2 20.423052114393876 0
3 2 20.91068207799099 1

0 3 21.032889307698753 1
1 3 20.30373891715876 0
2 3 20.868862428033324 1
3 3 20.190884467637375 0


# 20.0 20.0 1.3546732696527641
0 0 20.19332584107078 0
1 0 20.351386254528986 0
2 0 21.392753954289827 1
3 0 21.32980608783908 1

0 1 21.291730543365702 1
1 1 21.34932671171449 1
2 1 21.310654077781027 1
3 1 20.438158499872472 0

0 2 21.30360093095382 1
1 2 21.163095320052772 1
2 2 20.453785139749268 0
3 2 20.94542736800248 1

0 3 21.07499337079895 1
1 3 20.328265296064714 0
2 3 20.90404542489734 1
3 3 20.206206300317227 0


# 20.0 20.0 1.3927539542898266
0 0 20.20608351236697 0
1 0 20.372006001979223 0
2 0 21.430407882220845 1
3 0 21.364355865261995 1

0 1 21.331785994404765 1
1 1 21.394689526282807 1
2 1 21.35234717462504 1
3 1 20.4637014077725 0

0 2 21.35168818807684 1
1 2 21.20960788249232 1
2 2 20.48494058724151 0
3 2 20.97957759809035 1

0 3 21.116453051259885 1
1 3 20.35323942993379 0
2 3 20.938608152861562 1
3 3 20.22180110251723 0


# 20.0 20.0 1.4304078822208446
0 0 20.219110009878367 0
1 0 20.39291223891668 0
2 0 21.467646134513213 1
3 0 21.398415224619992 1

0 1 21.37143683533062 1
1 1 21.43966007859761 1
2 1 21.393705888740538 1
3 1 20.489486333183468 0

0 2 21.399287257406606 1
1 2 21.255672232370845 1
2 2 20.516474205518676 0
3 2 21.01316847866519 1

0 3 21.157291061662615 1
1 3 20.378622231239312 0
2 3 20.97258938091268 1
3 3 20.237645357141545 0


# 20.0 20.0 1.4676461345132132
0 0 20.232394238413715 0
1 0 20.414086330300474 0
2 0 21.50447948618759 1
3 0 21.431999866366127 1

0 1 21.41069258713975 1
1 1 21.484246279287543 1
2 1 21.43474424173112 1
3 1 20.51548685823091 0

0 2 21.446401063169606 1
1 2 21.301308890567626 1
2 2 20.5483451755563 0
3 2 21.046233131252396 1

0 3 21.19752886297567 1
1 3 20.40437722314073 0
2 3 21.00602503998441 1
3 3 20.25371722233929 0


# 20.0 20.0 1.5044794861875914
0 0 20.245925392840103 0
1 0 20.435510518327636 0
2 0 21.54091840328481 1
3 0 21.465124734315136 1

0 1 21.449562371303447 1
1 1 21.5284559701449 1
2 1 21.47547499501463 1
3 1 20.5416784045122 0

0 2 21.493033020014643 1
1 2 21.346536600486658 1
2 2 20.580515844330453 0
3 2 21.07880227739398 1

0 3 21.23718674682641 1
1 3 20.43047036041639 0
2 3 21.0389484294301 1
3 3 20.269996410816965 0


# 20.0 20.0 1.5409184032848096
0 0 20.25969295337343 0
1 0 20.457167884479514 0
2 0 21.57697304171256 1
3 0 21.49780406123449 1

0 1 21.488054935031098 1
1 1 21.57229689655809 1
2 1 21.515909765499288 1
3 1 20.56803810477222 0

0 2 21.53918697256216 1
1 2 21.391372484549702 1
2 2 20.61295147928507 0
3 2 21.110904413681922 1

0 3 21.276283911936403 1
1 3 20.456869863189898 0
2 3 21.07139040843354 1
3 3 20.28646407789294 0


# 20.0 20.0 1.5769730417125594
0 0 20.273686680886115 0
1 0 20.479042312761255 0
2 0 21.612653247634572 1
3 0 21.53005141125893 1

0 1 21.52617867435987 1
1 1 21.615776684369344 1
2 1 21.556059130948057 1
3 1 20.594544683842454 0

0 2 21.5848671405647 1
1 2 21.435832187300225 1
2 2 20.645620041963753 0
3 2 21.142565973951672 1

0 3 21.314838535151747 1
1 3 20.483546062506548 0
2 3 21.10337957346769 1
3 3 20.303102717657826 0


# 20.0 20.0 1.6157766843693437
0 0 20.28789661221967 0
1 0 20.501118454155964 0
2 0 21.647968559190275 1
3 0 21.56187971937 1

0 1 21.563941655282598 1
1 1 21.658902820651857 1
2 1 21.595932725930332 1
3 1 20.621178348152096 0

0 2 21.630078069193797 1
1 2 21.479930006241606 1
2 2 20.67849197930459 0
3 2 21.173811479587076 1

0 3 21.35286783746669 1
1 3 20.510471256887385 0
2 3 21.134942422828246 1
3 3 20.31989606665113 0


# 20.0 20.0 1.658902820651857
0 0 20.302313055493023 0
1 0 20.523381692305435 0
2 0 21.682928209355552 1
3 0 21.593301328162774 1

0 1 21.60135163310479 1
1 1 21.701682637951553 1
2 1 21.63553932918284 1
3 1 20.6479206831729 0

0 2 21.674824584009414 1
1 2 21.523679011439842 1
2 2 20.711540031214426 0
3 2 21.204663678816882 1

0 3 21.39038814540865 1
1 3 20.537619579054237 0
2 3 21.166103509192496 1
3 3 20.3368290145078 0


# 20.0 20.0 1.7016826379515528
0 0 20.316926585400196 0
1 0 20.545818110421095 0
2 0 21.71754112977582 1
3 0 21.624328022104297 1

0 1 21.638416070202723 1
1 1 21.744123301584835 1
2 1 21.67488694313104 1
3 1 20.674754558208264 0

0 2 21.719111750205634 1
1 2 21.56709115483544 1
2 2 20.744739053147843 0
3 2 21.23514367581694 1

0 3 21.427414948125058 1
1 3 20.564966872079793 0
2 3 21.196885581083237 1
3 3 20.35388752106832 0


# 20.0 20.0 1.7441233015848354
0 0 20.331728038493274 0
1 0 20.568414459421657 0
2 0 21.75181595542112 1
3 0 21.654971059472096 1

0 1 21.675142152337614 1
1 1 21.786231799625472 1
2 1 21.71398286625758 1
3 1 20.701664037982077 0

0 2 21.762944835760575 1
1 2 21.610177370130703 1
2 2 20.778065852516207 0
3 2 21.265271050371428 1

0 3 21.46396295048664 1
1 3 20.592490574272848 0
2 3 21.22730971405203 1
3 3 20.37105853948294 0


# 20.0 20.0 1.7862317996254724
0 0 20.34670850844863 0
1 0 20.59115812728789 0
2 0 21.785761029929642 1
3 0 21.68524120214604 1

0 1 21.71153680366545 1
1 1 21.82801493525155 1
2 1 21.75283375894537 1
3 1 20.728634300524384 0

0 2 21.806329278150024 1
1 2 21.652947664046717 1
2 2 20.811499037844417 0
3 2 21.29506396879005 1

0 3 21.500046122498194 1
1 3 20.620169612160552 0
2 3 21.2573954323357 1
3 3 20.388329944875064 0


# 20.0 20.0 1.8280149352515487
0 0 20.361859341315917 0
1 0 20.614037109619765 0
2 0 21.81938441152113 1
3 0 21.71514874341333 1

0 1 21.74760670056811 1
1 1 21.869479321157634 1
2 1 21.791445703368563 1
3 1 20.755651560889223 0

0 2 21.849270654313077 1
1 2 21.695411199678183 1
2 2 20.845018879677955 0
3 2 21.324539286726175 1

0 3 21.53567774528594 1
1 3 20.647984300977406 0
2 3 21.287160821683965 1
3 3 20.405690468160483 0


# 20.0 20.0 1.869479321157634
0 0 20.377172130750797 0
1 0 20.63703998137689 0
2 0 21.85269387937515 1
3 0 21.744703533933624 1

0 1 21.783358284418906 1
1 1 21.91063137576818 1
2 1 21.829824257955398 1
3 1 20.78270300027526 0

0 2 21.891774653584523 1
1 2 21.737576372613727 1
2 2 20.878607182321165 0
3 2 21.35371264449276 1

0 3 21.57087045391039 1
1 3 20.675916252114853 0
2 3 21.316622634004396 1
3 3 20.42312963464867 0


# 20.0 20.0 1.9106313757681797
0 0 20.392638713233318 0
1 0 20.66015586977958 0
2 0 21.885696940381415 1
3 0 21.773915005999893 1

0 1 21.818797773384343 1
1 1 21.951477321016103 1
2 1 21.867974506901465 1
3 1 20.809776700152426 0

0 2 21.933847053332876 1
1 2 21.77945088043369 1
2 2 20.912247165559737 0
3 2 21.382598555428395 1

0 3 21.60563627723499 1
1 3 20.703948287026105 0
2 3 21.345796384423025 1
3 3 20.440637707079535 0


# 20.0 20.0 1.9514773210161032
0 0 20.408251163274887 0
1 0 20.683374428344905 0
2 0 21.91840083618035 1
3 0 21.80279219621989 1

0 1 21.853931173353686 1
1 1 21.992023181475734 1
2 1 21.905901105170614 1
3 1 20.83686158102785 0

0 2 21.975493697065165 1
1 2 21.82104178614639 1
2 2 20.945923355586892 0
3 2 21.411210487824732 1

0 3 21.639986675063625 1
1 3 20.732064357118606 0
2 3 21.37469644131468 1
3 3 20.458205632774344 0


# 20.0 20.0 1.9920231814757337
0 0 20.424001788617375 0
1 0 20.7066858120297 0
2 0 21.95081255042182 1
3 0 21.83134376673337 1

0 1 21.88876428807873 1
1 1 22.032274784662004 1
2 1 21.943608319382808 1
3 1 20.86394734551197 0

0 2 22.01672047477989 1
1 2 21.862355576077135 1
2 2 20.979621484413915 0
3 2 21.439560940888498 1

0 3 21.673932572744118 1
1 3 20.760249469201256 0
2 3 21.403336109816138 1
3 3 20.475824994602924 0


# 20.0 20.0 2.032274784662004
0 0 20.43988312542845 0
1 0 20.7300806534506 0
2 0 21.982938816178905 1
3 0 21.859578025071258 1

0 1 21.923302728597868 1
1 1 22.072237762328328 1
2 1 21.98110006495363 1
3 1 20.891024425371427 0

0 2 22.057533305368164 1
1 2 21.90339821268117 1
2 2 21.01332839710212 0
3 2 21.467661515176097 1

0 3 21.707484393420163 1
1 3 20.788489616085812 0
2 3 21.431727709297352 1
3 3 20.4934879654909 0


# 20.0 20.0 2.072237762328328
0 0 20.45588793349761 0
1 0 20.753550040149733 0
2 0 22.014786123461487 1
3 0 21.887502942754686 1

0 1 21.95755192201109 1
1 1 22.111917552614116 1
2 1 22.018379939818445 1
3 1 20.91808393227882 0

0 2 22.097938120880052 1
1 2 21.94417518271266 1
2 2 21.047031966205275 0
3 2 21.4955229779064 1

0 3 21.740652088100628 1
1 3 20.816771711971537 0
2 3 21.459882645230877 1
3 3 20.511187266210875 0


# 20.0 20.0 2.1119175526141163
0 0 20.472009191437625 0
1 0 20.777085492873603 0
2 0 22.046360726781465 1
3 0 21.915126172724243 1

0 1 21.991517119665804 1
1 1 22.151319402909486 1
2 1 22.05545125504526 1
3 1 20.94511761199122 0

0 2 22.13794085248884 1
1 2 21.984691541145352 1
2 2 21.080721012859357 0
3 2 21.523155323527067 1

0 3 21.77344516370253 1
1 3 20.845083532269676 0
2 3 21.487811475867257 1
3 3 20.528916126220015 0


# 20.0 20.0 2.151319402909486
0 0 20.488240091896344 0
1 0 20.800678944831958 0
2 0 22.077668652727862 1
3 0 21.9424550656828 1

0 1 22.025203404807378 1
1 1 22.19044837331979 1
2 1 22.092317062613866 1
3 1 20.972117801709473 0

0 2 22.17754741800017 1
1 2 22.024951951207765 1
2 2 21.1143852340007 0
3 2 21.55056782988209 1

0 3 21.805872709212476 1
1 3 20.8734136575498 0
2 3 21.51552397409408 1
3 3 20.546668247323808 0


# 20.0 20.0 2.1904483733197893
0 0 20.504574036783747 0
1 0 20.82432272190299 0
2 0 22.10871570751569 1
3 0 21.969496685428922 1

0 1 22.058615699742713 1
1 1 22.22930934062605 1
2 1 22.128980180614622 1
3 1 20.999077390388784 0

0 2 22.21676371076612 1
1 2 22.064960720865106 1
2 2 21.148015135234136 0
3 2 21.577769110302405 1

0 3 21.83794342010062 1
1 3 20.901751421313428 0
2 3 21.543029184828587 1
3 3 20.564437769961724 0


# 20.0 20.0 2.229309340626049
0 0 20.521004632519283 0
1 0 20.848009523751 0
2 0 22.139507484477566 1
3 0 21.996257823251877 1

0 1 22.091758772560457 1
1 1 22.267907002649494 1
2 1 22.16544321609812 1
3 1 21.025989781788283 0

0 2 22.255595589876258 1
1 2 22.10472183605246 1
2 2 21.181601968910275 0
3 2 21.60476716191763 1

0 3 21.869665621111274 1
1 3 20.93008686132217 0
2 3 21.570335478268117 1
3 3 20.58221924192533 0


# 20.0 20.0 2.267907002649494
0 0 20.537525685304328 0
1 0 20.871732405822634 0
2 0 22.17004937147158 1
3 0 22.022745011453928 1

0 1 22.12463724344688 1
1 1 22.306245882939358 1
2 1 22.201708585786722 1
3 1 21.052848860063076 0

0 2 22.29404887150878 1
1 2 22.144238990938106 1
2 2 21.215137677005508 0
3 2 21.631569410465016 1

0 3 21.90104728754524 1
1 3 20.958410674227657 0
2 3 21.597450599298757 1
3 3 20.600007589333185 0


# 20.0 20.0 2.3062458829393577
0 0 20.554131196424606 0
1 0 20.89548476218811 0
2 0 22.20034655818292 1
3 0 22.048964536060538 1

0 1 22.157255590632584 1
1 1 22.344330335712815 1
2 1 22.23777853484053 1
3 1 21.07964895771682 0

0 2 22.332129321334804 1
1 2 22.183515615472448 1
2 2 21.248614838430164 0
3 2 21.658182751851246 1

0 3 21.93209606514036 1
1 3 20.986714173269036 0
2 3 21.624381713340597 1
3 3 20.61779808969949 0


# 20.0 20.0 2.344330335712815
0 0 20.57081535758717 0
1 0 20.919260309194005 0
2 0 22.230404043300375 1
3 0 22.074922448774565 1

0 1 22.189618156001632 1
1 1 22.382164550984704 1
2 1 22.27365515385337 1
3 1 21.106384825746463 0

0 2 22.369842647878116 1
1 2 22.222554900456515 1
2 2 21.282026620419536 0
3 2 21.68461359070388 1

0 3 21.962819288649072 1
1 3 21.01498924882109 0
2 3 21.651135448887572 1
3 3 20.635586346945406 0


# 20.0 20.0 2.3821645509847045
0 0 20.58757254629638 0
1 0 20.943053069894834 0
2 0 22.260226641552034 1
3 0 22.100624578226263 1

0 1 22.221729150391475 1
1 1 22.41975255983259 1
2 1 22.309340394239015 1
3 1 21.13305160582314 0

0 2 22.407194496741198 1
1 2 22.261359820344374 1
2 2 21.315366733689498 0
3 2 21.710867876131815 1

0 3 21.993223999204453 1
1 3 21.04322833159184 0
2 3 21.677717936981015 1
3 3 20.653368268212724 0


# 20.0 20.0 2.4197525598325917
0 0 20.604397321273144 0
1 0 20.966857359231145 0
2 0 22.289818990587207 1
3 0 22.12607654056704 1

0 1 22.253592658609197 1
1 1 22.457098239749712 1
2 1 22.344836082153737 1
3 1 21.1596448043648 0

0 2 22.444190445615963 1
1 2 22.29993315397561 1
2 2 21.34862939106331 0
3 2 21.736951134897968 1

0 3 22.023316960559587 1
1 3 21.071424358283178 0
2 3 21.704134847838525 1
3 3 20.671140042349904 0


# 20.0 20.0 2.457098239749712
0 0 20.621284417921395 0
1 0 20.99066776992254 0
2 0 22.319185557694265 1
3 0 22.151283749451338 1

0 1 22.285212644187055 1
1 1 22.494205320044593 1
2 1 22.380143931088362 1
3 1 21.18616026836673 0

0 2 22.48083600000476 1
1 2 22.33827750341753 1
2 2 21.38180926929918 0
3 2 21.762868502192443 1

0 3 22.0531046742789 1
1 3 21.099570739541704 0
2 3 21.730391424843596 1
3 3 20.68889811994974 0


# 20.0 20.0 2.4942053200445926
0 0 20.638228743845538 0
1 0 21.014479159044804 0
2 0 22.34833064634612 1
3 0 22.176251425447642 1

0 1 22.31659295389794 1
1 1 22.531077387251838 1
2 1 22.415265553251288 1
3 1 21.212594162866026 0

0 2 22.517136589583693 1
1 2 22.376395311081605 1
2 2 21.414901473869246 0
3 2 21.78862475018058 1

0 3 22.08259339395436 1
1 3 21.12766133003951 0
2 3 21.756492516086468 1
3 3 20.706639194826753 0


# 20.0 20.0 2.5310773872518375
0 0 20.65522537442241 0
1 0 21.038286635261166 0
2 0 22.377258402567104 1
3 0 22.200984604916723 1

0 1 22.34773732204932 1
1 1 22.56771789052347 1
2 1 22.450202469853135 1
3 1 21.238942949925057 0

0 2 22.553097565146203 1
1 2 22.414288875264628 1
2 2 21.44790150646014 0
3 2 21.81422431448754 1

0 3 22.111789138514233 1
1 3 21.155690400536233 0
2 3 21.782442603632713 1
3 3 20.724360186830435 0


# 20.0 20.0 2.5677178905234683
0 0 20.67226954843093 0
1 0 21.062085546678453 0
2 0 22.405972821116666 1
3 0 22.225488148392223 1

0 1 22.378649374572454 1
1 1 22.604130146974764 1
2 1 22.484956120393903 1
3 1 21.26520336902749 0

0 2 22.588724196070277 1
1 2 22.45196036425242 1
2 2 21.480805234983254 0
3 2 21.839671318769156 1

0 3 22.140697704687 1
1 3 21.183652611784577 0
2 3 21.80824583068332 1
3 3 20.742058225897967 0


# 20.0 20.0 2.6041301469747644
0 0 20.689356663742426 0
1 0 21.085871469299963 0
2 0 22.4344777514868 1
3 0 22.249766748496274 1

0 1 22.40933263292186 1
1 1 22.640317346962394 1
2 1 22.519527871044517 1
3 1 21.291372418788054 0

0 2 22.62402166825766 1
1 2 22.48941182911216 1
2 2 21.513608865899368 0
3 2 21.864969597507876 1

0 3 22.169324678678773 1
1 3 21.211542990151315 0
2 3 21.833906026778003 1
3 3 20.75973063725707 0


# 20.0 20.0 2.6403173469623944
0 0 20.70648227307436 0
1 0 21.109640196047646 0
2 0 22.462776903711415 1
3 0 22.2738249374204 1

0 1 22.439790517798674 1
1 1 22.676282559276235 1
2 1 22.55391902220648 1
3 1 21.317447339884573 0

0 2 22.658995082497913 1
1 2 22.526645215288674 1
2 2 21.54630891867757 0
3 2 21.890122717162377 1

0 3 22.19767544711813 1
1 3 21.239356904835176 0
2 3 21.859426731182566 1
3 3 20.777374927695956 0


# 20.0 20.0 2.6762825592762347
0 0 20.72364207980984 0
1 0 21.133387726327214 0
2 0 22.490873853986983 1
3 0 22.297667093999724 1

0 1 22.470026352710136 1
1 1 22.712028736229364 1
2 1 22.58813081532591 1
3 1 21.34342559912728 0

0 2 22.693649453214405 1
1 2 22.563662373110297 1
2 2 21.578902202222423 0
3 2 21.915133995790104 1

0 3 22.22575520731847 1
1 3 21.267090046571436 0
2 3 21.884811214590776 1
3 3 20.794988772823473 0


# 20.0 20.0 2.712028736229364
0 0 20.740831933885133 0
1 0 21.21711025611069 1
2 0 22.399492050104765 -1
3 0 22.319866090406517 1

0 1 22.500043367376257 1
1 1 22.748278718633433 1
2 1 22.620741719031322 1
3 1 21.36927062562667 0

0 2 22.72798970755306 1
1 2 22.600473707300768 1
2 2 21.6113688241563 0
3 2 21.940005906638195 1

0 3 22.2535689769045 1
1 3 21.29473851140099 0
2 3 21.910062296878532 1
3 3 20.81256999544403 0


# 20.0 20.0 2.7482787186334328
0 0 20.75876782774711 0
1 0 21.296870088511863 1
2 0 22.31356311877576 -1
3 0 22.28054491608471 0

0 1 22.409861980993657 -1
1 1 22.78349671008908 1
2 1 22.651878507861593 1
3 1 21.394230411317363 0

0 2 22.76058099581822 1
1 2 22.637053189847908 1
2 2 21.643691119411514 0
3 2 21.964731556873467 1

0 3 22.281104327822568 1
1 3 21.322298131696737 0
2 3 21.93518239136826 1
3 3 20.830116442986945 0


# 20.0 20.0 2.7834967100890786
0 0 20.775932970782282 0
1 0 21.37287745839013 1
2 0 22.232057078375217 -1
3 0 22.241960748981974 0

0 1 22.3244879059122 -1
1 1 22.817724432748946 1
2 1 22.681640775986473 1
3 1 21.418332731024137 0

0 2 22.791548339076847 1
1 2 22.673377781010416 1
2 2 21.675853135742624 0
3 2 21.989304459201826 1

0 3 22.308350729670238 1
1 3 21.349764540990062 0
2 3 21.960173540367432 1
3 3 20.847625987034245 0


# 20.0 20.0 2.817724432748946
0 0 20.792367768205747 0
1 0 21.4453223964897 1
2 0 22.154737768140954 -1
3 0 22.204127008008605 0

0 1 22.243679100344266 -1
1 1 22.85100190062297 1
2 1 22.71012112516549 1
3 1 21.441605387429632 0

0 2 22.821008200167917 1
1 2 22.7094271808522 1
2 2 21.707840500894022 0
3 2 22.013718534419645 1

0 3 22.335299376296007 1
1 3 21.377133231438666 0
2 3 21.985037448304404 1
3 3 20.8650965232937 0


# 20.0 20.0 2.8510019006229683
0 0 20.808110546512346 0
1 0 21.514385058420448 1
2 0 22.08138238017817 -1
3 0 22.16705428893159 0

0 1 22.167206025897446 -1
1 1 22.763367482077093 -1
2 1 22.615965660164495 -1
3 1 21.402618822959777 -1

0 2 22.84906904675741 1
1 2 22.7437435993053 1
2 2 21.738165739757434 0
3 2 22.037212929006152 1

0 3 22.361943026087705 1
1 3 21.40438232460261 0
2 3 22.009757610527462 1
3 3 20.88251669492953 0


# 20.0 20.0 2.8510019006229683
0 0 20.823197659849715 0
1 0 21.57879625623205 1
2 0 22.010306114674624 -1
3 0 22.129995433781662 0

0 1 22.093410983073966 -1
1 1 22.6791088409227 -1
2 1 22.524361702696375 -1
3 1 21.364007673181277 -1

0 2 22.875797318095202 1
1 2 22.77641335721918 1
2 2 21.766906731442468 0
3 2 22.059811159182534 1

0 3 22.38827523286092 1
1 3 21.431491621376594 0
2 3 22.03431877145829 1
3 3 20.899875653079757 0


# 20.0 20.0 2.875797318095202
0 0 20.8376290309668 0
1 0 21.638811341309072 1
2 0 21.941391279591734 -1
3 0 22.0929803855988 0

0 1 22.022198144064674 -1
1 1 22.598053031101884 -1
2 1 22.435236645550756 -1
3 1 21.325775689191648 -1

0 2 22.90125647154494 1
1 2 22.80751801033825 1
2 2 21.79413782337159 0
3 2 22.081536560484583 1

0 3 22.414290301592985 1
1 3 21.458442498279453 0
2 3 22.05870685475381 1
3 3 20.917163050551746 0


# 20.0 20.0 2.90125647154494
0 0 20.85140649967648 0
1 0 21.69467147469853 1
2 0 21.87452750791906 -1
3 0 22.05603673008257 0

0 1 21.95347441404184 -1
1 1 22.520037292144547 -1
2 1 22.34851902631584 -1
3 1 21.287926218048195 -1

0 2 22.925507092451728 1
1 2 22.837134642316983 1
2 2 21.819929972856208 0
3 2 22.102412255841703 1

0 3 22.43998324582441 1
1 3 21.48521781026646 0
2 3 22.082908896858246 1
3 3 20.934369034564284 0


# 20.0 20.0 2.9255070924517277
0 0 20.86453361635301 0
1 0 21.74660445375819 1
2 0 21.809611275108338 -1
3 0 22.01918985771748 0

0 1 21.887149424663473 -1
1 1 22.444908392686262 -1
2 1 22.26413862335707 -1
3 1 21.250462205733164 -1

0 2 22.948607002322415 1
1 2 22.865336137623345 1
2 2 21.844350885123273 0
3 2 22.1224611266014 1

0 3 22.4653497467258 1
1 3 21.511801799609756 0
2 3 22.10691298382177 1
3 3 20.951484238645047 0


# 20.0 20.0 2.948607002322415
0 0 20.87701545270536 0
1 0 21.794825488146348 1
2 0 21.74654544918444 -1
3 0 21.98246311469866 0

0 1 21.823135519000175 -1
1 1 22.372522019054845 -1
2 1 22.18202653614508 -1
3 1 21.213386202421713 -1

0 2 22.850611365065067 -1
1 2 22.890751435843658 1
2 2 21.8674478676263 0
3 2 22.141705578988457 1

0 3 22.488946113819768 1
1 3 21.53814545042797 0
2 3 22.130707569181645 1
3 3 20.96849976383187 0


# 20.0 20.0 2.948607002322415
0 0 20.888858428493727 0
1 0 21.839537928404997 1
2 0 21.685238871269675 -1
3 0 21.945877943453805 0

0 1 21.759907728953532 -1
1 1 22.30270764569238 -1
2 1 22.10211462945424 -1
3 1 21.17670035974276 -1

0 2 22.756560951075738 -1
1 2 22.793573709901032 -1
2 2 21.82782758783054 -1
3 2 22.039430277207803 -1

0 3 22.5108805305403 1
1 3 21.56276528322547 0
2 3 22.15352696289467 1
3 3 20.98394925921515 0


# 20.0 20.0 2.948607002322415
0 0 20.900052872956255 0
1 0 21.880933328091007 1
2 0 21.62560594948834 -1
3 0 21.909454013200243 0

0 1 21.697503461974176 -1
1 1 22.23386718025219 -1
2 1 22.0235811401682 -1
3 1 21.13894852980048 -1

0 2 22.664808883559544 -1
1 2 22.698953399044196 -1
2 2 21.787077764966455 -1
3 2 21.94069391221286 -1

0 3 22.53121972144227 1
1 3 21.585733542330573 0
2 3 22.17535995725124 1
3 3 20.997919732316976 0


# 20.0 20.0 2.948607002322415
0 0 20.910592211010613 0
1 0 21.919174912400198 1
2 0 21.567557020399054 -1
3 0 21.873191735327428 0

0 1 21.635919535869128 -1
1 1 22.165973103449865 -1
2 1 21.94636392246352 -1
3 1 21.100235686388906 -1

0 2 22.57528002232631 -1
1 2 22.606772409086954 -1
2 2 21.745328314660238 -1
3 2 21.845306572700313 -1

0 3 22.43002797424623 -1
1 3 21.6056786576397 0
2 3 22.19618195950209 1
3 3 21.010492484339995 0


# 20.0 20.0 2.948607002322415
0 0 20.92047202479346 0
1 0 21.9544175918631 1
2 0 21.511007304538143 -1
3 0 21.837091748746765 0

0 1 21.57515161716946 -1
1 1 22.098998860971268 -1
2 1 21.87040529618397 -1
3 1 21.060659430972144 -1

0 2 22.486461685394637 -1
1 2 22.51688494367477 -1
2 2 21.70269790082128 -1
3 2 21.7530898944405 -1

0 3 22.331652651289776 -1
1 3 21.622776788672432 0
2 3 22.09597392328901 -1
3 3 21.02030352071651 0


# 20.0 20.0 2.948607002322415
0 0 20.929689862409287 0
1 0 21.986808405339872 1
2 0 21.45587666315079 -1
3 0 21.801154878921356 0

0 1 21.515177054153646 -1
1 1 22.032918224036873 -1
2 1 21.795651668594914 -1
3 1 21.020310492174797 -1

0 2 22.398394870397482 -1
1 2 22.42915591978552 -1
2 2 21.657854858455178 -1
3 2 21.663841745330156 -1

0 3 22.235967215752183 -1
1 3 21.63575332825411 0
2 3 21.99970995899998 -1
3 3 21.027535214422677 0


# 20.0 20.0 2.948607002322415
0 0 20.938244852876476 0
1 0 22.01648692919637 1
2 0 21.40208936501901 -1
3 0 21.765382101566512 0

0 1 21.455974313246923 -1
1 1 21.967705375252986 -1
2 1 21.72203590959318 -1
3 1 20.979272568581333 -1

0 2 22.311115455226204 -1
1 2 22.343425583842077 -1
2 2 21.611025983622515 -1
3 2 21.577374397225807 -1

0 3 22.142834821386867 -1
1 3 21.644883332838187 0
2 3 21.90712347509258 -1
3 3 21.032357921171283 0


# 20.0 20.0 2.948607002322415
0 0 20.946137573082243 0
1 0 22.043585665930372 1
2 0 21.34957365581329 -1
3 0 21.729774500602854 0

0 1 21.39752289293329 -1
1 1 21.90333435786843 -1
2 1 21.649496664723337 -1
3 1 20.93762286745154 -1

0 2 22.224654005684652 -1
1 2 22.259547927977824 -1
2 2 21.562419245988867 -1
3 2 21.493513472957662 -1

0 3 22.052127215879214 -1
1 3 21.650423816286377 0
2 3 21.817966700940048 -1
3 3 21.03493079809589 0


# 20.0 20.0 2.948607002322415
0 0 20.953369923157645 0
1 0 22.06823040320337 1
2 0 21.298261581091488 -1
3 0 21.694333231963668 0

0 1 21.33980323087062 -1
1 1 21.839779247412046 -1
2 1 21.577977820119944 -1
3 1 20.895432601319072 -1

0 2 22.13903627794263 -1
1 2 22.177389530486447 -1
2 2 21.51222529247545 -1
3 2 21.412096971396124 -1

0 3 21.96372415723831 -1
1 3 21.65261498066633 0
2 3 21.73200935235542 -1
3 3 21.035402565249456 0


# 20.0 20.0 2.948607002322415
0 0 20.95994500953286 0
1 0 22.090540556325266 1
2 0 21.248088813986552 -1
3 0 21.659059492596644 0

0 1 21.282796621592702 -1
1 1 21.777014297878562 -1
2 1 21.507428016822104 -1
3 1 20.85276744583345 -1

0 2 22.054283677980848 -1
1 2 22.096828492011113 -1
2 2 21.460618832427645 -1
3 2 21.332974364719615 -1

0 3 21.877512871481496 -1
1 3 21.65168136006852 0
2 3 21.64903739264944 -1
3 3 21.033912213988906 0


# 20.0 20.0 2.948607002322415
0 0 20.965867035324692 0
1 0 22.11062949472588 1
2 0 21.198994487848854 -1
3 0 21.623954494067352 0

0 1 21.226485143620017 -1
1 1 21.71501406534654 -1
2 1 21.43780020999212 -1
3 1 20.809687961933793 -1

0 2 21.970413681591005 -1
1 2 22.017753459667784 -1
2 2 21.407759913595466 -1
3 2 21.25600576247561 -1

0 3 21.793387548608077 -1
1 3 21.647832883756745 0
2 3 21.568851882294258 -1
3 3 20.970589666022544 -1


# 20.0 20.0 2.948607002322415
0 0 20.971141197713155 0
1 0 22.128604852958297 1
2 0 21.150921034043414 -1
3 0 21.589019440232654 0

0 1 21.170851594923786 -1
1 1 21.653753511620412 -1
2 1 21.369051268966814 -1
3 1 20.766249985192676 -1

0 2 21.887440218202578 -1
1 2 21.94006273192983 -1
2 2 21.35379509749088 -1
3 2 21.18034113743611 -1

0 3 21.711248874081697 -1
1 3 21.64126586449863 0
2 3 21.490547910774044 -1
3 3 20.907699106624253 -1


# 20.0 20.0 2.948607002322415
0 0 20.975773591970068 0
1 0 22.144568826785655 1
2 0 21.103814025045413 -1
3 0 21.554255508507136 0

0 1 21.115879435798504 -1
1 1 21.5932080902244 -1
2 1 21.30114161443185 -1
3 1 20.722496344939085 -1

0 2 21.80537402153979 -1
1 2 21.863663437682245 -1
2 2 21.29884126201521 -1
3 2 21.105915250226737 -1

0 3 21.631003593247218 -1
1 3 21.63215527749013 0
2 3 21.41400924627509 -1
3 3 20.845261032743803 -1


# 20.0 20.0 2.948607002322415
0 0 20.979771121810156 0
1 0 22.158618454905618 1
2 0 21.057622022927642 -1
3 0 21.51966373061528 0

0 1 21.06155273829786 -1
1 1 21.53335381683744 -1
2 1 21.234034578299752 -1
3 1 20.678466861161343 -1

0 2 21.724222949865847 -1
1 2 21.788470472348 -1
2 2 21.243006036004275 -1
3 2 21.032667616876125 -1

0 3 21.552564002618592 -1
1 3 21.620665280490446 0
2 3 21.339128046122397 -1
3 3 20.783293183521007 -1


# 20.0 20.0 2.948607002322415
0 0 20.983141415743432 0
1 0 22.170845886865685 1
2 0 21.01229642831405 -1
3 0 21.485244995786836 0

0 1 21.007856141478708 -1
1 1 21.474167318577148 -1
2 1 21.167696158270047 -1
3 1 20.634198558243764 -1

0 2 21.643992273368827 -1
1 2 21.714405860576584 -1
2 2 21.186388518458212 -1
3 2 20.960542140090006 -1

0 3 21.475847589170634 -1
1 3 21.606949916660284 0
2 3 21.26580424760893 -1
3 3 20.72181078556664 -1


# 20.0 20.0 2.948607002322415
0 0 20.9858927491168 0
1 0 22.18133863756942 1
2 0 20.967791335824373 -1
3 0 21.45100005466733 0

0 1 20.954774811629356 -1
1 1 21.41562587290199 -1
2 1 21.102094794098225 -1
3 1 20.58972586266379 -1

0 2 21.564684937023856 -1
1 2 21.64139817020944 -1
2 2 21.1290799417963 -1
3 2 20.889486769286545 -1

0 3 21.4007766942047 -1
1 3 21.591153769504828 0
2 3 21.19394500317177 -1
3 3 20.66082677855574 -1


# 20.0 20.0 2.948607002322415
0 0 20.988033971538982 0
1 0 22.19017982895469 1
2 0 20.924063395852393 -1
3 0 21.4169295238015 0

0 1 20.9022944069185 -1
1 1 21.357707437404866 -1
2 1 21.03720116363412 -1
3 1 20.545080785912578 -1

0 2 21.486301800924846 -1
1 2 21.569381973434954 -1
2 2 21.071164283504405 -1
3 2 20.819453187152185 -1

0 3 21.327278200058487 -1
1 3 21.573412573305607 0
2 3 21.123464156662944 -1
3 3 20.600352022653517 -1


# 20.0 20.0 2.948607002322415
0 0 20.989574439394058 0
1 0 22.19744841941041 1
2 0 20.881071682508743 -1
3 0 21.383033890565702 0

0 1 20.85040104596061 -1
1 1 21.300390671638713 -1
2 1 20.972987996862454 -1
3 1 20.500293093799215 -1

0 2 21.408841859919452 -1
1 2 21.498297351370493 -1
2 2 21.01271883020077 -1
3 2 20.750396520651634 -1

0 3 21.255283238055082 -1
1 3 21.553853782179832 0
2 3 21.05428175770351 -1
3 3 20.540395489178252 -1


# 20.0 20.0 2.948607002322415
0 0 20.990523953160324 0
1 0 22.203219421482867 1
2 0 20.83877756755031 -1
3 0 21.34931351844153 0

0 1 20.799081279846884 -1
1 1 21.243654951994806 -1
2 1 20.909429906335596 -1
3 1 20.455390463204793 -1

0 2 21.332302444234106 -1
1 2 21.428089438608023 -1
2 2 20.95381469783072 -1
3 2 20.68227507458683 -1

0 3 21.184726916202067 -1
1 3 21.53259710067844 0
2 3 20.98632361133221 -1
3 3 20.480964435798864 -1


# 20.0 20.0 2.948607002322415
0 0 20.99089269926251 0
1 0 22.207564108406277 1
2 0 20.797144600111398 -1
3 0 21.31576865253743 0

0 1 20.74832206723921 -1
1 1 21.187480380546123 -1
2 1 20.846503232531806 -1
3 1 20.410398627266066 -1

0 2 21.256679402640867 -1
1 2 21.358708004535192 -1
2 2 20.894517311410677 -1
3 2 20.61505008594789 -1

0 3 21.115548065258626 -1
1 3 21.50975497862346 0
2 3 20.919520860366255 -1
3 3 20.422064567465874 -1


# 20.0 20.0 2.948607002322415
0 0 20.990691196196806 0
1 0 22.210550209975466 1
2 0 20.756138392047255 -1
3 0 21.28239942527784 0

0 1 20.69811075216777 -1
1 1 21.13184778867043 -1
2 1 20.784185902803014 -1
3 1 20.365341509889237 -1

0 2 21.18196726959349 -1
1 2 21.29010706849708 -1
2 2 20.834886847474337 -1
3 2 20.548685497436033 -1

0 3 21.047689001887917 -1
1 3 21.485433072690288 0
2 3 20.85380959808244 -1
3 3 20.363700184183323 -1


# 20.0 20.0 2.948607002322415
0 0 20.98993024467944 0
1 0 22.21224209826126 1
2 0 20.715726508697376 -1
3 0 21.249205862190877 0

0 1 20.648435044212047 -1
1 1 21.076738736179532 -1
2 1 20.722457302695354 -1
3 1 20.320241350421757 -1

0 2 21.108159417645727 -1
1 2 21.222244546097098 -1
2 2 20.7749786421273 -1
3 2 20.483147748664507 -1

0 3 20.981095307703985 -1
1 3 21.4597306770599 0
2 3 20.78913050900342 -1
3 3 20.305874316644736 -1


# 20.0 20.0 2.948607002322415
0 0 20.98862088158066 0
1 0 22.212700963651777 1
2 0 20.675878364874542 -1
3 0 21.21618788773556 0

0 1 20.599283000780012 -1
1 1 21.022135506601604 -1
2 1 20.66129815853428 -1
3 1 20.275118819243254 -1

0 2 21.03524819635958 -1
1 2 21.155081924150217 -1
2 2 20.71484356738942 -1
3 2 20.418405583659926 -1

0 3 20.915715623107676 -1
1 3 21.43274112529852 0
2 3 20.72542853573727 -1
3 3 20.248588850678292 -1


# 20.0 20.0 2.948607002322415
0 0 20.986774337416936 0
1 0 22.21198498168512 1
2 0 20.63656512588527 -1
3 0 21.183345331118623 0

0 1 20.550643011231788 -1
1 1 20.968021099191944 -1
2 1 20.600690430265153 -1
3 1 20.22999312497556 -1

0 2 20.963225058814352 -1
1 2 21.088583961999337 -1
2 2 20.654528378294668 -1
3 2 20.354429873393592 -1

0 3 20.851501454885156 -1
1 3 21.404552165467443 0
2 3 20.662652569969588 -1
3 3 20.19184464137423 -1


# 20.0 20.0 2.948607002322415
0 0 20.98440199718493 0
1 0 22.21014947112149 1
2 0 20.597759613388153 -1
3 0 21.150677932058716 0

0 1 20.502503782622348 -1
1 1 20.91437921818283 -1
2 1 20.540617213630522 -1
3 1 20.18488211395558 -1

0 2 20.89208067673823 -1
1 2 21.022718417087567 -1
2 2 20.594076033025498 -1
3 2 20.291193452171324 -1

0 3 20.78840699661576 -1
1 3 21.375246310321884 0
2 3 20.600755165847524 -1
3 3 20.135641617700987 -1


# 20.0 20.0 2.948607002322415
0 0 20.981515364331198 0
1 0 22.207247043685214 1
2 0 20.559436215898344 -1
3 0 21.118185346462848 0

0 1 20.454854326863238 -1
1 1 20.861194259725252 -1
2 1 20.481062650847512 -1
3 1 20.139802362563227 -1

0 2 20.821805045202026 -1
1 2 20.95745579284666 -1
2 2 20.53352598818083 -1
3 2 20.22867096680147 -1

0 3 20.726388961003877 -1
1 3 21.344901164324742 0
2 3 20.539692274124405 -1
3 3 20.07997887835486 -1


# 20.119999999999997 20.0 2.948607002322415
0 0 20.978126027661855 0
1 0 22.20332774588986 1
2 0 20.521570803749018 -1
3 0 21.085867151985934 0

0 1 20.407683949126053 -1
1 1 20.80845129692296 -1
2 1 20.422011849023825 -1
3 1 20.094769262949306 -1

0 2 20.75238757773926 -1
1 2 20.89276910711603 -1
2 2 20.47291447111294 -1
3 2 20.166838737544815 -1

0 3 20.665406423312504 -1
1 3 21.313589729077737 0
2 3 20.479422995553726 -1
3 3 20.024854779531267 -1


# 20.239999999999995 20.0 2.948607002322415
0 0 20.97568563100622 0
1 0 22.199176473342625 1
2 0 20.48486949568379 -1
3 0 21.05517159961804 0

0 1 20.36171951733078 -1
1 1 20.75615375803242 -1
2 1 20.363459764124023 -1
3 1 20.05053459512088 -1

0 2 20.684546040047323 -1
1 2 20.828642637953706 -1
2 2 20.412274946121634 -1
3 2 20.106403482417218 -1

0 3 20.606869421302754 -1
1 3 21.282118181114196 0
2 3 20.420638204621675 -1
3 3 19.971724507712608 -1


# 20.359999999999992 20.0 2.948607002322415
0 0 20.974171700178076 0
1 0 22.194833400908966 1
2 0 20.44930655404088 -1
3 0 21.02606351582173 0

0 1 20.31694575558198 -1
1 1 20.704304956349688 -1
2 1 20.30541074806567 -1
3 1 20.00710667508146 -1

0 2 20.618264600143398 -1
1 2 20.765071343536675 -1
2 2 20.35165603405149 -1
3 2 20.04734038275784 -1

0 3 20.550706715510945 -1
1 3 21.25054621267143 0
2 3 20.36329852108079 -1
3 3 19.92055009228102 -1


# 20.47999999999999 20.0 2.948607002322415
0 0 20.973562868849555 0
1 0 22.19033649062167 1
2 0 20.414857407825274 -1
3 0 20.998508798247027 0

0 1 20.273347622951647 -1
1 1 20.652908312907012 -1
2 1 20.2478693733169 -1
3 1 19.9644928173799 -1

0 2 20.553526995121366 -1
1 2 20.70205156970393 -1
2 2 20.291103262579334 -1
3 2 19.989625840748896 -1

0 3 20.496850152246065 -1
1 3 21.218929674655598 0
2 3 20.307366979549588 -1
3 3 19.871294202802485 -1


# 20.599999999999987 20.0 2.948607002322415
0 0 20.973838814933853 0
1 0 22.185721612443555 1
2 0 20.381498594104702 -1
3 0 20.97247437844795 0

0 1 20.230910312263223 -1
1 1 20.601967348300207 -1
2 1 20.190840387666057 -1
3 1 19.9226994063323 -1

0 2 20.490316605736826 -1
1 2 20.639580897053403 -1
2 2 20.23065927523574 -1
3 2 19.93323739004989 -1

0 3 20.445234502129914 -1
1 3 21.187320816864858 0
2 3 20.252808857947343 -1
3 3 19.823920166477563 -1


# 20.719999999999985 20.0 2.948607002322415
0 0 20.974980200692716 0
1 0 22.181022658438096 1
2 0 20.34920770224693 -1
3 0 20.947928186126774 0

0 1 20.189619249004924 -1
1 1 20.551485673887747 -1
2 1 20.13432867375052 -1
3 1 19.88173196226547 -1

0 2 20.428616524074137 -1
1 2 20.57765800147559 -1
2 2 20.170364025103105 -1
3 2 19.87815361351395 -1

0 3 20.395797308144505 -1
1 3 21.15576851256734 0
2 3 20.19959151836333 -1
3 3 19.7783919820669 -1


# 20.839999999999982 20.0 2.948607002322415
0 0 20.976968616357095 0
1 0 22.176271650693597 1
2 0 20.317963320879407 -1
3 0 20.92483911482395 0

0 1 20.149460090318545 -1
1 1 20.501466982535995 -1
2 1 20.078339212899902 -1
3 1 19.84159520314517 -1

0 2 20.368409614862287 -1
1 2 20.516282527025588 -1
2 2 20.11025495435979 -1
3 2 19.824354067421226 -1

0 3 20.348478742580458 -1
1 3 21.124318468495147 0
2 3 20.147684259451133 -1
3 3 19.73467433063496 -1


# 20.95999999999998 20.0 2.948607002322415
0 0 20.979786527060384 0
1 0 22.171498843330173 1
2 0 20.28774498745512 -1
3 0 20.903176988977492 0

0 1 20.11041872401867 -1
1 1 20.451915039061557 -1
2 1 20.022877052888965 -1
3 1 19.802293101924526 -1

0 2 20.309678570961566 -1
1 2 20.455454970122897 -1
2 2 20.05036716074913 -1
3 2 19.771819211709236 -1

0 3 20.30322147232104 -1
1 3 21.093013421241093 0
2 3 20.097058179505687 -1
3 3 19.69273258342668 -1


# 21.079999999999977 20.0 2.948607002322415
0 0 20.983417222894396 0
1 0 22.166732818903238 1
2 0 20.25853314031124 -1
3 0 20.882912532281132 0

0 1 20.072481267604893 -1
1 1 20.402833670500844 -1
2 1 19.967947279232124 -1
3 1 19.763828939922366 -1

0 2 20.252405963501765 -1
1 2 20.395176574148913 -1
2 2 19.990733551968322 -1
3 2 19.720530345721254 -1

0 3 20.2599705319344 -1
1 3 21.061893320976036 0
2 3 20.047686049442902 -1
3 3 19.652532807165286 -1


# 21.079999999999977 20.0 2.948607002322415
0 0 20.987844771908296 0
1 0 22.162000579501946 1
2 0 20.23030907311035 -1
3 0 20.864017337275403 0

0 1 20.03563406723642 -1
1 1 20.354226756318237 -1
2 1 19.913554989684812 -1
3 1 19.726205356517806 -1

0 2 20.196574287114526 -1
1 2 20.33544923358629 -1
2 2 19.931384988895065 -1
3 2 19.6704695490319 -1

0 3 20.21867320408185 -1
1 3 21.030995503340375 0
2 3 19.99954219495911 -1
3 3 19.61404176703523 -1


# 21.079999999999977 20.0 2.948607002322415
0 0 20.99161397588046 0
1 0 22.156590352826573 1
2 0 20.202326044197157 -1
3 0 20.845015089942066 0

0 1 19.99912641664425 -1
1 1 20.306080523927864 -1
2 1 19.859696313142397 -1
3 1 19.688686902969454 -1

0 2 20.141437153307464 -1
1 2 20.276266448407796 -1
2 2 19.872350203494594 -1
3 2 19.62089077445455 -1

0 3 20.177830160614675 -1
1 3 20.999617357847857 0
2 3 19.951873534711357 -1
3 3 19.57576943513195 -1


# 21.079999999999977 20.0 2.948607002322415
0 0 20.99474447398241 0
1 0 22.150531370513146 1
2 0 20.17457126362405 -1
3 0 20.825913644703274 0

0 1 19.962950252959804 -1
1 1 20.258381991399606 -1
2 1 19.806358774449414 -1
3 1 19.651280011368023 -1

0 2 20.086981355212338 -1
1 2 20.217613629779674 -1
2 2 19.813638234287595 -1
3 2 19.57178161409691 -1

0 3 20.13742745938927 -1
1 3 20.96779640430481 0
2 3 19.904661295138173 -1
3 3 19.53771905037802 -1


# 21.079999999999977 20.0 2.948607002322415
0 0 20.99725545240072 0
1 0 22.143851557440687 1
2 0 20.14703275827096 -1
3 0 20.806720506729622 0

0 1 19.927097767923645 -1
1 1 20.211118716567547 -1
2 1 19.75353038992177 -1
3 1 19.613990641019544 -1

0 2 20.03319380457853 -1
1 2 20.15947714146711 -1
2 2 19.755257004329277 -1
3 2 19.523130386653563 -1

0 3 20.097451953357854 -1
1 3 20.935568040003567 0
2 3 19.8578880498789 -1
3 3 19.4998933858028 -1


# 21.079999999999977 20.0 2.948607002322415
0 0 20.999165648018664 0
1 0 22.136577597502463 1
2 0 20.119699324353427 -1
3 0 20.78744284807183 0

0 1 19.891561399700826 -1
1 1 20.16427877651541 -1
2 1 19.701199640160137 -1
3 1 19.57682430859535 -1

0 2 19.980061550720542 -1
1 2 20.101844223135515 -1
2 2 19.69721341571941 -1
3 2 19.474926083735525 -1

0 3 20.05789123812566 -1
1 3 20.9029656644571 0
2 3 19.811537621375738 -1
3 3 19.462294788375235 -1


# 21.079999999999977 20.0 2.948607002322415
0 0 21.00049335265643 0
1 0 22.128734995849662 1
2 0 20.09256048253956 -1
3 0 20.76808752303486 0

0 1 19.8563338250721 -1
1 1 20.11785074745328 -1
2 1 19.64935544488414 -1
3 1 19.5397861162542 -1

0 2 19.92757179702628 -1
1 2 20.044702919920883 -1
2 2 19.639513436603874 -1
3 2 19.42715832031343 -1

0 3 20.018733603090936 -1
1 3 20.870020796282553 0
2 3 19.765594989533096 -1
3 3 19.424925215711884 -1


# 21.079999999999977 20.0 2.948607002322415
0 0 21.00125641781186 0
1 0 22.12034813779763 1
2 0 20.0656064355415 -1
3 0 20.748661082827155 0

0 1 19.821407951966567 -1
1 1 20.071823685030353 -1
2 1 19.59798713961086 -1
3 1 19.50288077788454 -1

0 2 19.875711915250914 -1
1 2 19.988042017762695 -1
2 2 19.58216218125353 -1
3 2 19.379817288958467 -1

0 3 19.979967985918066 -1
1 3 20.836763182757252 0
2 3 19.72004620692938 -1
3 3 19.38778626989691 -1


# 20.95999999999998 20.0 2.948607002322415
0 0 21.0014722598478 0
1 0 22.111440344575165 1
2 0 20.038828028052915 -1
3 0 20.729169789516625 0

0 1 19.78677691230552 -1
1 1 20.026187105119945 -1
2 1 19.54708445401727 -1
3 1 19.466112643603296 -1

0 2 19.82446945780221 -1
1 2 19.93185098403328 -1
2 2 19.52516398376062 -1
3 2 19.332893717589343 -1

0 3 19.94158393011173 -1
1 3 20.803220902534342 0
2 3 19.674878320112647 -1
3 3 19.350879228633044 -1


# 20.839999999999982 20.0 2.948607002322415
0 0 20.99971786557585 0
1 0 22.10129664608799 1
2 0 20.011487861550155 -1
3 0 20.70817088315587 0

0 1 19.751696775130664 -1
1 1 19.980913270385418 -1
2 1 19.496628533336036 -1
3 1 19.428748230180933 -1

0 2 19.773103320845824 -1
1 2 19.876110954529995 -1
2 2 19.468522250846927 -1
3 2 19.28564997796652 -1

0 3 19.90212279930827 -1
1 3 20.76868296951531 0
2 3 19.62935044405586 -1
3 3 19.31274758146652 -1


# 20.719999999999985 20.0 2.948607002322415
0 0 20.996043943469743 0
1 0 22.08994352785716 1
2 0 19.983582286697235 -1
3 0 20.685704697564795 0

0 1 19.716166236991587 -1
1 1 19.935975624439497 -1
2 1 19.446592304441882 -1
3 1 19.390796168273013 -1

0 2 19.72160578126026 -1
1 2 19.820795068225298 -1
2 2 19.41222183634255 -1
3 2 19.23808186592491 -1

0 3 19.861609843542478 -1
1 3 20.73317934906555 0
2 3 19.583455510608008 -1
3 3 19.273427117052123 -1


# 20.599999999999987 20.0 2.948607002322415
0 0 20.99049967868302 0
1 0 22.077406590764994 1
2 0 19.955108273769213 -1
3 0 20.66181018175697 0

0 1 19.680184228050532 -1
1 1 19.891348532764194 -1
2 1 19.39694957156246 -1
3 1 19.35226482863648 -1

0 2 19.669969408125148 -1
1 2 19.765877534466053 -1
2 2 19.356247561988845 -1
3 2 19.190185701648193 -1

0 3 19.820069674261237 -1
1 3 20.69673864903682 0
2 3 19.537187339099404 -1
3 3 19.232952217327217 -1


# 20.47999999999999 20.0 2.948607002322415
0 0 20.983132780076215 0
1 0 22.06371058899218 1
2 0 19.926063370378646 -1
3 0 20.6365249536019 0

0 1 19.643749899123996 -1
1 1 19.847007254321248 -1
2 1 19.347674988311365 -1
3 1 19.313162333556484 -1

0 2 19.618187058278107 -1
1 2 19.711333579095182 -1
2 2 19.30058425831123 -1
3 2 19.14195828788931 -1

0 3 19.777526274475612 -1
1 3 20.659388192089317 0
2 3 19.490540566869964 -1
3 3 19.191355923760547 -1


# 20.359999999999992 20.0 2.948607002322415
0 0 20.973989525850865 0
1 0 22.048879466061116 1
2 0 19.896445661718435 -1
3 0 20.60988535121553 0

0 1 19.60686260942219 -1
1 1 19.802927913828505 -1
2 1 19.298744030881394 -1
3 1 19.273496567586946 -1

0 2 19.566251871386342 -1
1 2 19.657139394126 -1
2 2 19.24521680126949 -1
3 2 19.093396871309363 -1

0 3 19.734003009356197 -1
1 3 20.62115408366579 0
2 3 19.443510584765775 -1
3 3 19.14866999997807 -1


# 20.239999999999995 20.0 2.948607002322415
0 0 20.963114807826035 0
1 0 22.032936389087023 1
2 0 19.866253733180468 -1
3 0 20.581926482180982 0

0 1 19.56952191494295 -1
1 1 19.759087474713183 -1
2 1 19.25013297232009 -1
3 1 19.23327518765802 -1

0 2 19.514157264609217 -1
1 2 19.603272090699043 -1
2 2 19.190130145037685 -1
3 2 19.044499106706454 -1

0 3 19.689522637198674 -1
1 3 20.58206127590379 0
2 3 19.39609347725665 -1
3 3 19.104924990986415 -1


# 20.119999999999997 20.0 2.948607002322415
0 0 20.95055217439266 0
1 0 22.015903781332803 1
2 0 19.835486635216895 -1
3 0 20.552682270696966 0

0 1 19.531727557479925 -1
1 1 19.71546371274893 -1
2 1 19.20181885781666 -1
3 1 19.192505632599023 -1

0 2 19.46189692692016 -1
1 2 19.549709655072817 -1
2 2 19.135309351238107 -1
3 2 18.995263023922664 -1

0 3 19.644107320693408 -1
1 3 20.542133627752104 0
2 3 19.348285966851588 -1
3 3 19.060150279200194 -1


# 20.0 20.0 2.948607002322415
0 0 20.936343872180277 0
1 0 21.997803353158577 1
2 0 19.804143850317853 -1
3 0 20.52218550274688 0

0 1 19.49347945420796 -1
1 1 19.672035190380054 -1
2 1 19.15377948093588 -1
3 1 19.151195132121128 -1

0 2 19.409464813149206 -1
1 2 19.496430907419555 -1
2 2 19.080739614928234 -1
3 2 18.945686997232908 -1

0 3 19.597778638439262 -1
1 3 20.50139396153904 0
2 3 19.30008536251183 -1
3 3 19.014374137465925 -1


# 19.880000000000003 20.0 2.948607002322415
0 0 20.920530886470186 0
1 0 21.978656131451935 1
2 0 19.77222526198612 -1
3 0 20.49046786937728 0

0 1 19.45477768781122 -1
1 1 19.628781231733235 -1
2 1 19.105993360740182 -1
3 1 19.109350715300245 -1

0 2 19.35685513780098 -1
1 2 19.443415463215434 -1
2 2 19.026406287616084 -1
3 2 18.895769717033712 -1

0 3 19.55055759664753 -1
1 3 20.4598641162229 0
2 3 19.25148951178199 -1
3 3 18.96762377926294 -1


# 19.760000000000005 20.0 2.948607002322415
0 0 20.843152980388417 -1
1 0 21.957762487620247 1
2 0 19.739722485595554 -1
3 0 20.45755990449045 0

0 1 19.41490249712222 -1
1 1 19.585664618314418 -1
2 1 19.05843940870657 -1
3 1 19.066979213620403 -1

0 2 19.304053728697163 -1
1 2 19.3906433859913 -1
2 2 18.972294890092673 -1
3 2 18.845510163514007 -1

0 3 19.502464537307258 -1
1 3 20.417564992562504 0
2 3 19.202496756230165 -1
3 3 18.919925406246403 -1


# 19.640000000000008 20.0 2.948607002322415
0 0 20.766391452911343 -1
1 0 21.935197805822053 1
2 0 19.706628506628768 -1
3 0 20.423491040571783 0

0 1 19.373909909842162 -1
1 1 19.54265100275967 -1
2 1 19.011096960445872 -1
3 1 19.024087264622725 -1

0 2 19.25104768608957 -1
1 2 19.33809520632177 -1
2 2 18.918391124406366 -1
3 2 18.794907582189726 -1

0 3 19.453519166108023 -1
1 3 20.374516596418797 0
2 3 19.153105889993356 -1
3 3 18.87130425328773 -1


# 19.52000000000001 20.0 2.948607002322415
0 0 20.690190653194506 -1
1 0 21.791033139928523 -1
2 0 19.671497563041715 -1
3 0 20.388272381043173 0

0 1 19.331852365733315 -1
1 1 19.49826868669636 -1
2 1 18.963911242009676 -1
3 1 18.980680693971482 -1

0 2 19.197825284131767 -1
1 2 19.285734656718166 -1
2 2 18.86468026288579 -1
3 2 18.743961446259497 -1

0 3 19.40374057869474 -1
1 3 20.33073787287408 0
2 3 19.103316111282204 -1
3 3 18.82178463085987 -1


# 19.400000000000013 20.0 2.948607002322415
0 0 20.613058415747446 -1
1 0 21.65032364403735 -1
2 0 19.694444752599047 0
3 0 20.352636080684466 0

0 1 19.288744395011424 -1
1 1 19.452616356988255 -1
2 1 18.917552567190548 -1
3 1 18.936781905954295 -1

0 2 19.144375257763325 -1
1 2 19.23352831020183 -1
2 2 18.811155911486484 -1
3 2 18.692671734896205 -1

0 3 19.35314727542938 -1
1 3 20.28624678257633 0
2 3 19.053127082507423 -1
3 3 18.77138996995776 -1


# 19.280000000000015 20.0 2.948607002322415
0 0 20.53505712924912 -1
1 0 21.51359546985382 -1
2 0 19.713083482402634 0
3 0 20.31653956644011 0

0 1 19.30460171534895 0
1 1 19.46652210860396 0
2 1 18.87264056486677 -1
3 1 18.89241928829865 -1

0 2 19.09140682454903 -1
1 2 19.18218293083873 -1
2 2 18.757827895492444 -1
3 2 18.64103916787555 -1

0 3 19.301765816799424 -1
1 3 20.241069327669873 0
2 3 19.002539191359553 -1
3 3 18.720142871350102 -1


# 19.160000000000018 20.0 2.948607002322415
0 0 20.456973438818586 -1
1 0 21.38134340847786 -1
2 0 19.727660258619142 0
3 0 20.27994509661128 0

0 1 19.317667271767956 0
1 1 19.477175057502386 0
2 1 18.829014807752117 -1
3 1 18.847617667056976 -1

0 2 19.038867130150845 -1
1 2 19.131617423088258 -1
2 2 18.704702683589712 -1
3 2 18.58906508148874 -1

0 3 19.249621484888493 -1
1 3 20.195229753099774 0
2 3 18.951553449018927 -1
3 3 18.66806515034759 -1


# 19.04000000000002 20.0 2.948607002322415
0 0 20.378830523184067 -1
1 0 21.25329097539346 -1
2 0 19.738405538314222 0
3 0 20.242819351597728 0

0 1 19.32802371888375 0
1 1 19.484774017843684 0
2 1 18.84652809586167 0
3 1 18.863118675387962 0

0 2 18.986705862206836 -1
1 2 19.081756734580903 -1
2 2 18.65250379510881 -1
3 2 18.537488599516347 -1

0 3 19.196738338816186 -1
1 3 20.148750685738577 0
2 3 18.900180039734472 -1
3 3 18.615186828606088 -1


# 18.920000000000023 20.0 2.948607002322415
0 0 20.300648400680767 -1
1 0 21.129178689908997 -1
2 0 19.746254819353446 0
3 0 20.20587033687711 0

0 1 19.33575226205941 0
1 1 19.490223454376117 0
2 1 18.86291995619103 0
3 1 18.876383037732683 0

0 2 18.934875184019628 -1
1 2 19.032548648751938 -1
2 2 18.60118125987391 -1
3 2 18.486267091851214 -1

0 3 19.1431392690559 -1
1 3 20.101653572428063 0
2 3 18.84842873799652 -1
3 3 18.56153645273444 -1


# 18.800000000000026 20.0 2.948607002322415
0 0 20.22244422967988 -1
1 0 21.008780254973733 -1
2 0 19.751362963517103 0
3 0 20.16903195676453 0

0 1 19.34094118146982 0
1 1 19.493635009062704 0
2 1 18.878170545536097 0
3 1 18.887496585277734 0

0 2 18.883329975482134 0
1 2 18.983943911414006 -1
2 2 18.55068628284154 -1
3 2 18.435360505843708 -1

0 3 19.08884605794481 -1
1 3 20.053958746874347 0
2 3 18.79630890879007 -1
3 3 18.507141173411608 -1


# 18.680000000000028 20.0 2.948607002322415
0 0 20.144232894648727 -1
1 0 20.89188225467158 -1
2 0 19.753874736133053 0
3 0 20.132243262177937 0

0 1 19.34367602639841 0
1 1 19.495112601483935 0
2 1 18.8922644018192 0
3 1 18.89654014673416 0

0 2 18.892027708460972 0
1 2 18.936616027742062 -1
2 2 18.500979939395485 -1
3 2 18.38473129971277 -1

0 3 19.03459943732282 -1
1 3 20.005702771991885 0
2 3 18.743829821238474 -1
3 3 18.452026824620205 -1


# 18.56000000000003 20.0 2.948607002322415
0 0 20.066027209814212 -1
1 0 20.778283374544547 -1
2 0 19.753925489677965 0
3 0 20.095448092376476 0

0 1 19.344759643526785 0
1 1 19.494770277984298 0
2 1 18.90519030077738 0
3 1 18.903589896885727 0

0 2 18.898434246008712 0
1 2 18.950457105235007 0
2 2 18.512743404628065 0
3 2 18.33507290663844 -1

0 3 18.980363501795207 -1
1 3 19.95763906070745 0
2 3 18.691737880225926 -1
3 3 18.39623558837625 -1


# 18.56000000000003 20.0 2.948607002322415
0 0 19.987846746477757 -1
1 0 20.667793982983355 -1
2 0 19.751641807625138 0
3 0 20.058594741505054 0

0 1 19.34421235374431 0
1 1 19.493433149553933 0
2 1 18.91767806544438 0
3 1 18.90873526977958 0

0 2 18.903360403205642 0
1 2 18.96324127640087 0
2 2 18.523024482750433 0
3 2 18.286295788650502 -1

0 3 18.926122409297538 -1
1 3 19.90975143894883 0
2 3 18.639993027377344 -1
3 3 18.33980657298704 -1


# 18.56000000000003 20.0 2.948607002322415
0 0 19.91114833964529 -1
1 0 20.560981315259948 -1
2 0 19.747879901171395 0
3 0 20.023084712862286 0

0 1 19.342810737595908 0
1 1 19.49116489511176 0
2 1 18.929679172888807 0
3 1 18.912797104541657 0

0 2 18.90756535935054 0
1 2 18.974983769247565 0
2 2 18.531890728676384 0
3 2 18.359045298401643 1

0 3 18.933309804142418 0
1 3 19.863481317722187 0
2 3 18.709295463660123 1
3 3 18.287113625504247 -1


# 18.56000000000003 20.0 2.948607002322415
0 0 19.83591250405233 -1
1 0 20.457679587623055 -1
2 0 19.742754267002685 0
3 0 19.988840279657776 0

0 1 19.340588399719056 0
1 1 19.488024151300134 0
2 1 18.941160167608395 0
3 1 18.91728817509892 0

0 2 18.911794197935123 0
1 2 18.985726833071286 0
2 2 18.542302706852816 0
3 2 18.428285849958247 1

0 3 18.93973395738118 0
1 3 19.820192177427206 0
2 3 18.77466035630381 1
3 3 18.29793288946124 0


# 18.56000000000003 20.0 2.948607002322415
0 0 19.762118869754552 -1
1 0 20.357731812399575 -1
2 0 19.73637137490456 0
3 0 19.95580594419014 0

0 1 19.337586933558732 0
1 1 19.484065460997385 0
2 1 18.952144812177437 0
3 1 18.922156911020675 0

0 2 18.91601541430998 0
1 2 18.995562854198912 0
2 2 18.554080023395542 0
3 2 18.49494788214653 1

0 3 18.945458026016304 0
1 3 19.779692280813492 0
2 3 18.83706508366309 1
3 3 18.30991146103035 0


# 18.56000000000003 20.0 2.948607002322415
0 0 19.68974641539489 -1
1 0 20.260989275294353 -1
2 0 19.728831057538514 0
3 0 19.923928785822003 0

0 1 19.33384620983769 0
1 1 19.479340836687612 0
2 1 18.962654767136627 0
3 1 18.92736469797907 0

0 2 18.920201171989596 0
1 2 19.004575608952 0
2 2 18.567075102375334 0
3 2 18.559172286232993 1

0 3 18.950540258513353 0
1 3 19.741811376432867 0
2 3 18.896693925427304 1
3 3 18.32294504297318 0


# 18.56000000000003 20.0 2.948607002322415
0 0 19.61877357026226 -1
1 0 20.16731107130585 -1
2 0 19.72022688861307 0
3 0 19.893158448571516 0

0 1 19.329404455971783 0
1 1 19.473899827367003 0
2 1 18.97271013651008 0
3 1 18.932875871119723 0

0 2 18.92432696664728 0
1 2 19.01284133899617 0
2 2 18.581152509707316 0
3 2 18.62109073129681 1

0 3 18.955034469323834 0
1 3 19.706390135427654 0
2 3 18.953718632816656 1
3 3 18.336936733795508 0


# 18.56000000000003 20.0 2.948607002322415
0 0 19.54917830806015 -1
1 0 20.076563666599487 -1
2 0 19.710646546311494 0
3 0 19.863447013432115 0

0 1 19.324298330045863 0
1 1 19.467789597319207 0
2 1 18.98232962425109 0
3 1 18.938657492960456 0

0 2 18.928371323708483 0
1 2 19.020429397518306 0
2 2 18.59618800987196 0
3 2 18.680826307421878 1

0 3 18.95899036593781 0
1 3 19.673279410494967 0
2 3 19.008299300088307 1
3 3 18.35179651866899 0


# 18.56000000000003 20.0 2.948607002322415
0 0 19.480938232929727 -1
1 0 19.988620485121032 -1
2 0 19.70017215684006 0
3 0 19.834748876746165 0

0 1 19.318562990031428 0
1 1 19.46105500661095 0
2 1 18.991530674282437 0
3 1 18.944679148557523 0

0 2 18.932315521154578 0
1 2 19.027402841815018 0
2 2 18.612067694881397 0
3 2 18.738494122855453 1

0 3 18.962453851943845 0
1 3 19.642339547180345 0
2 3 19.06058517461337 1
3 3 18.367440795566534 0


# 18.56000000000003 20.0 2.948607002322415
0 0 19.414030658246087 -1
1 0 19.903361518606314 -1
2 0 19.688880619088398 0
3 0 19.807020634395055 0

0 1 19.312232158682246 0
1 1 19.453738692614255 0
2 1 19.000329595778577 0
3 1 18.950912756554455 0

0 2 18.93614333549538 0
1 2 19.033818976649954 0
2 2 18.62868717996586 0
3 2 18.794201858480566 1

0 3 18.965467307865975 0
1 3 19.613439743708323 0
2 3 19.110715409910497 1
3 3 18.38379193414683 0


# 18.56000000000003 20.0 2.948607002322415
0 0 19.34843267867669 -1
1 0 19.8206729587094 -1
2 0 19.67684391135328 0
3 0 19.780220971571726 0

0 1 19.30533818449903 0
1 1 19.445881151956414 0
2 1 19.008741675179166 0
3 1 18.957332394841945 0

0 2 18.939840809032756 0
1 2 19.039729852386717 0
2 2 18.64595086087898 0
3 2 18.848050282702797 1

0 3 18.96806985141569 0
1 3 19.586457455837127 0
2 3 19.158819765704614 1
3 3 18.400777865098433 0


# 18.56000000000003 20.0 2.948607002322415
0 0 19.284121235962832 -1
1 0 19.74044685003488 -1
2 0 19.664129381037874 0
3 0 19.7543105579057 0

0 1 19.297912099113493 0
1 1 19.437520822383078 0
2 1 19.01678127628027 0
3 1 18.96391413966125 0

0 2 18.94339603668837 0
1 2 19.045182721581604 0
2 2 18.66377122811202 0
3 2 18.90013372962374 1

0 3 18.970297578675034 0
1 3 19.561277843483502 0
2 3 19.20501925878535 1
3 3 18.4183316978158 0


# 18.56000000000003 20.0 2.948607002322415
0 0 19.22107317885795 -1
1 0 19.66258076292076 -1
2 0 19.650800018199565 0
3 0 19.729251947715426 0

0 1 19.289983671405878 0
1 1 19.428694164094953 0
2 1 19.02446192961963 0
3 1 18.970635917078983 0

0 2 18.946798970807407 0
1 2 19.050220457423663 0
2 2 18.68206823366807 0
3 2 18.950540543162298 1

0 3 18.972183787614224 0
1 3 19.537793256103075 0
2 3 19.249426768167407 1
3 3 18.436391364430385 0


# 18.56000000000003 20.0 2.948607002322415
0 0 19.159265317630982 -1
1 0 19.586977484877195 -1
2 0 19.63691471378173 0
3 0 19.705009485168 0

0 1 19.28158145863723 0
1 1 19.419435740185087 0
2 1 19.031796412254455 0
3 1 18.97747736584868 0

0 2 18.950041242477596 0
1 2 19.054881937136532 0
2 2 18.70076870638065 0
3 2 18.9993534895894 1

0 3 18.97375918524308 0
1 3 19.51590275403331 0
2 3 19.292147597802508 1
3 3 18.454899288359595 0


# 18.56000000000003 20.0 2.948607002322415
0 0 19.09867447351844 -1
1 0 19.513544729642177 -1
2 0 19.622528503327676 0
3 0 19.68154921413207 0

0 1 19.27273285484864 0
1 1 19.409778295862782 0
2 1 19.038796818923277 0
3 1 18.984419710754775 0

0 2 18.953115998020277 0
1 2 19.059202393205542 0
2 2 18.71980581206863 0
3 2 19.04665014076084 1

0 3 18.97505207959897 0
1 3 19.495511663211193 0
2 3 19.333279999858476 1
3 3 18.473802075666082 0


# 18.56000000000003 20.0 2.948607002322415
0 0 19.039277523485666 -1
1 0 19.442194862869318 -1
2 0 19.60769279693901 0
3 0 19.658838792515642 0

0 1 19.263464136753424 0
1 1 19.39975283620239 0
2 1 19.045474625486538 0
3 1 18.99144564560823 0

0 2 18.95601774941812 0
1 2 19.06321373506248 0
2 2 18.739118555103353 0
3 2 19.092503230165416 1

0 3 18.97608855768496 0
1 3 19.476531160867594 0
2 3 19.372915661364065 1
3 3 18.493050227640456 0


# 18.56000000000003 20.0 2.948607002322415
0 0 18.981051440635657 -1
1 0 19.37284464351413 -1
2 0 19.592455596205767 0
3 0 19.636847410886848 0

0 1 19.253800507324854 0
1 1 19.38938870220133 0
2 1 19.05184074545261 0
3 1 18.998539225130745 0

0 2 18.958742237543426 0
1 2 19.06694484364807 0
2 2 18.758651318225954 0
3 2 19.136980983750433 1

0 3 18.976892650389235 0
1 3 19.458877889975973 0
2 3 19.411140156816884 1
3 3 18.512597873132208 0


# 18.56000000000003 20.0 2.948607002322415
0 0 18.923973330582843 -1
1 0 19.305414980034417 -1
2 0 19.57686169880161 0
3 0 19.615545715182108 0

0 1 19.24376613726114 0
1 1 19.37871364497242 0
2 1 19.05790558031645 0
3 1 19.005685765026243 0

0 2 18.961286307142185 0
1 2 19.07042184107676 0
2 2 18.778353437694633 0
3 2 19.18014742734315 1

0 3 18.97748648534064 0
1 3 19.442473600395793 0
2 3 19.44803336916525 1
3 3 18.53240251925755 0


# 18.56000000000003 20.0 2.948607002322415
0 0 18.86802046408941 -1
1 0 19.23983070056733 -1
2 0 19.560952891404735 0
3 0 19.594905733312725 0

0 1 19.23338420449062 0
1 1 19.36775389793116 0
2 1 19.063679064365942 0
3 1 19.0128717495954 0

0 2 18.96364779261311 0
1 2 19.073668337448694 0
2 2 18.798178811065167 0
3 2 19.222062672353758 1

0 3 18.977890428584484 0
1 3 19.42724481480155 0
2 3 19.4836698814018 1
3 3 18.552424819209342 0


# 18.56000000000003 20.0 2.948607002322415
0 0 18.813170306242885 -1
1 0 19.17602033629045 -1
2 0 19.544768131573367 0
3 0 19.57490080548749 0

0 1 19.22267693186346 0
1 1 19.356534246870087 0
2 1 19.069170704545627 0
3 1 19.020084746301038 0

0 2 18.96582541369812 0
1 2 19.076705656688375 0
2 2 18.818085535113912 0
3 2 19.26278318132239 1

0 3 18.97812321589744 0
1 3 19.413122517627738 0
2 3 19.518119340846336 1
3 3 18.57262835598383 0


# 18.56000000000003 20.0 2.948607002322415
0 0 18.759400542435987 -1
1 0 19.113915917216804 -1
2 0 19.528343719174284 0
3 0 19.555505518075645 0

0 1 19.211665623161245 0
1 1 19.345078097839668 0
2 1 19.074389615908583 0
3 1 19.027313326740074 0

0 2 18.967818680271765 0
1 2 19.07955304313757 0
2 2 18.838035571603022 0
3 2 19.302362014758774 1

0 3 18.978202074499926 0
1 3 19.400041865389177 0
2 3 19.551446798046502 1
3 3 18.592979440922075 0


# 18.56000000000003 19.0 2.948607002322415
0 0 18.70668910139283 -1
1 0 19.05345277971458 -1
2 0 19.51171345793335 0
3 0 19.536695640841003 0

0 1 19.200370697542525 0
1 1 19.333407542779003 0
2 1 19.079344553133637 0
3 1 19.034546993521793 0

0 2 18.96962780548251 0
1 2 19.08222785049001 0
2 2 18.857994438763225 0
3 2 19.34084906061739 1

0 3 18.97814283586839 0
1 3 19.38794191685569 0
2 3 19.583713022087043 1
3 3 18.613446926041334 0


# 18.56000000000003 19.0 2.948607002322415
0 0 18.655014175469773 -1
1 0 18.99456938508075 -1
2 0 19.494908807648816 0
3 0 19.518448067384774 0

0 1 19.188811722530513 0
1 1 19.32154342286043 0
2 1 19.084043938536755 0
3 1 19.041776112592345 0

0 2 18.971253626558912 0
1 2 19.08474571452695 0
2 2 18.877930926531807 0
3 2 19.378291247653447 1

0 3 18.977960040298104 0
1 3 19.376765381670698 0
2 3 19.614974793970312 1
3 3 18.63400202920333 0


# 18.56000000000003 19.0 2.948607002322415
0 0 18.6043542384442 -1
1 0 18.937207148534803 -1
2 0 19.477959027581043 0
3 0 19.500740758641005 0

0 1 19.177007445638594 0
1 1 19.309505389529974 0
2 1 19.088495886961812 0
3 1 19.048991850582542 0

0 2 18.972697532649 0
1 2 19.087120710994235 0
2 2 18.897816833733238 0
3 2 19.41473274381423 1

0 3 18.97766703381921 0
1 3 19.366458386105933 0
2 3 19.64528517961207 1
3 3 18.654618171233125 0


# 18.56000000000003 19.0 2.948607002322415
0 0 18.554688060990287 -1
1 0 18.881310278033556 -1
2 0 19.460891311506277 0
3 0 19.483552689274994 0

0 1 19.164975824719804 0
1 1 19.297311963241047 0
2 1 19.092708227896402 0
3 1 19.056186116789902 0

0 2 18.97396139911214 0
1 2 19.08936549985282 0
2 2 18.917626725528148 0
3 2 19.450215140736645 1

0 3 18.977276058024334 0
1 3 19.356970254739355 0
2 3 19.674693783886372 1
3 3 18.67527082416421 0


# 18.56000000000003 19.0 2.948607002322415
0 0 18.505994724027676 -1
1 0 18.826825622341445 -1
2 0 19.443730914897166 0
3 0 19.466863796841338 0

0 1 19.152734057118142 0
1 1 19.284980589891983 0
2 1 19.096688525122662 0
3 1 19.063351509437133 0

0 2 18.975047527729377 0
1 2 19.091491457034554 0
2 2 18.93733770958416 0
3 2 19.484777625343934 1

0 3 18.976798333325082 0
1 3 19.348253306931255 0
2 3 19.7032469870513 1
3 3 18.69593736984304 0


# 18.56000000000003 19.0 2.948607002322415
0 0 18.458253630116197 -1
1 0 18.773702527821968 -1
2 0 19.42650127466892 0
3 0 19.450654933564323 0

0 1 19.14029860769203 0
1 1 19.272527694989222 0
2 1 19.10044409418093 0
3 1 19.070481265877845 0

0 2 18.975958592341364 0
1 2 19.093508794743048 0
2 2 18.956929229539952 0
3 2 19.51845713946262 1

0 3 18.97624413611665 0
1 3 19.340262667055075 0
2 3 19.730988164792404 1
3 3 18.71659696817975 0


# 18.56000000000003 19.0 2.948607002322415
0 0 18.411444513058182 -1
1 0 18.72189270344604 -1
2 0 19.40922412190712 0
3 0 19.43490782060943 0

0 1 19.127685235773633 0
1 1 19.259968735567462 0
2 1 19.103982017894953 0
3 1 19.07756921644658 0

0 2 18.976697589462628 0
1 2 19.095426671254884 0
2 2 18.976382874442894 0
3 2 19.55128852831402 1

0 3 18.975622870294664 0
1 3 19.332956087514866 0
2 3 19.757957893032774 1
3 3 18.73723043438144 0


# 18.56000000000003 19.0 2.948607002322415
0 0 18.365547445858724 -1
1 0 18.671350093541307 -1
2 0 19.391919587971568 0
3 0 19.419605004720506 0

0 1 19.114909021121807 0
1 1 19.24731824990598 0
2 1 19.1073091601812 0
3 1 19.084609741674413 0

0 2 18.977267793457255 0
1 2 19.0972532910985 0
2 2 18.995682202941154 0
3 2 19.583304678672796 1

0 3 18.97494313353572 0
1 3 19.326293783651245 0
2 3 19.784194138577085 1
3 3 18.757820124550708 0


# 18.56000000000003 19.0 2.948607002322415
0 0 18.320542847183766 -1
1 0 18.622030757833308 -1
2 0 19.374606304349584 0
3 0 19.404729817102854 0

0 1 19.101984388921256 0
1 1 19.234589905086903 0
2 1 19.110432178341124 0
3 1 19.09159773261349 0

0 2 18.977672715894716 0
1 2 19.09899599641666 0
2 2 19.01481258110407 0
3 2 19.61453664742776 1

0 3 18.974212778722986 0
1 3 19.320238279702494 0
2 3 19.809732436581136 1
3 3 18.77834982907499 0


# 18.56000000000003 19.0 2.948607002322415
0 0 18.276411486446207 -1
1 0 18.5738927583549 -1
2 0 19.35730149661249 0
3 0 19.390266334437865 0

0 1 19.088925133875698 0
1 1 19.221796542446594 0
2 1 19.11335753401407 0
3 1 19.09852855403428 0

0 2 18.977916068735322 0
1 2 19.100661350252523 0
2 2 19.03376103283038 0
3 2 19.645013781227068 1

0 3 18.973438970870212 0
1 3 19.314754265047437 0
2 3 19.834606055768162 1
3 3 18.798804673272233 0


# 18.56000000000003 19.0 2.948607002322415
0 0 18.23313448764091 -1
1 0 18.526896052824394 -1
2 0 19.34002107281008 0
3 0 19.376199341920234 0

0 1 19.075744443438793 0
1 1 19.208950220975513 0
2 1 19.1160915029492 0
3 1 19.105398010277998 0

0 2 18.978001731023177 0
1 2 19.10225521243892 0
2 2 19.05251610188312 0
3 2 19.67476382784073 1

0 3 18.97262823987173 0
1 3 19.30980846001239 0
2 3 19.858846152247914 1
3 3 18.819171024795498 0


# 18.56000000000003 19.0 2.948607002322415
0 0 18.190693332040997 -1
1 0 18.481002394115688 -1
2 0 19.32277970661988 0
3 0 19.36251429821388 0

0 1 19.06245492022284 0
1 1 19.19606225872541 0
2 1 19.118640183737714 0
3 1 19.11220231356383 0

0 2 18.977933718790606 0
1 2 19.10378280871479 0
2 2 19.071067724663227 0
3 2 19.703813039827693 1

0 3 18.971786529381987 0
1 3 19.30536949057601 0
2 3 19.88248191273392 1
3 3 18.8394364073336 0


# 18.56000000000003 19.0 2.948607002322415
0 0 18.149069859859583 -1
1 0 18.43617523546529 -1
2 0 19.305590915550848 0
3 0 19.34919730222756 0

0 1 19.04906860362199 0
1 1 19.183143272285065 0
2 1 19.121009505631058 0
3 1 19.118938054566385 0

0 2 18.977716157902027 0
1 2 19.105248793641596 0
2 2 19.0894071129014 0
3 2 19.732186271052548 1

0 3 18.97091924210597 0
1 3 19.301407771353595 0
2 3 19.905540687898156 1
3 3 18.859589420177 0


# 18.56000000000003 19.0 2.948607002322415
0 0 18.108246270973687 -1
1 0 18.39237964108146 -1
2 0 19.288467134484993 0
3 0 19.336235061615984 0

0 1 19.035596990683796 0
1 1 19.170203214387836 0
2 1 19.123205235556853 0
3 1 19.125602175093302 0

0 2 18.977353259587318 0
1 2 19.106657307845563 0
2 2 19.107526645510372 0
3 2 19.75990706655771 1

0 3 18.970031281761447 0
1 3 19.29789539628681 0
2 3 19.928048116550123 1
3 3 18.879619663247922 0


# 18.56000000000003 19.0 2.948607002322415
0 0 18.068205124799817 -1
1 0 18.34958220184011 -1
2 0 19.27141978482478 0
3 0 19.323614862916827 0

0 1 19.022051056260377 0
1 1 19.157251409715254 0
2 1 19.125232984431847 0
3 1 19.13219194270626 0

0 2 18.97684929843506 0
1 2 19.108012030068345 0
2 2 19.12541976889717 0
3 2 19.7869977462605 1

0 3 18.969127091954697 0
1 3 19.29480603650564 0
2 3 19.950028241278826 1
3 3 18.89951766722147 0


# 18.56000000000003 19.0 2.948607002322415
0 0 18.02892933940423 -1
1 0 18.307750955770157 -1
2 0 19.254459339499565 0
3 0 19.311324543238293 0

0 1 19.008441272468097 0
1 1 19.144296588961783 0
2 1 19.127098212859895 0
3 1 19.138704927140903 0

0 2 18.97620859263468 0
1 2 19.109316224469055 0
2 2 19.143080905088524 0
3 2 19.81347948291097 1

0 3 18.968210692194013 0
1 3 19.292114844867708 0
2 3 19.97150361615125 1
3 3 18.919274828390243 0


# 18.56000000000003 19.0 2.948607002322415
0 0 17.990402189924538 -1
1 0 18.266855313048442 -1
2 0 19.237595384070342 0
3 0 19.29935246341625 0

0 1 18.99477762748269 0
1 1 19.131346921225937 0
2 1 19.128806236292927 0
3 1 19.145138978392428 0

0 2 18.975435486273774 0
1 2 19.11057278358401 0
2 2 19.160505367071544 0
3 2 19.839372374714962 1

0 3 18.967285711248728 0
1 3 19.289798366715072 0
2 3 19.99249540701902 1
3 3 18.938883347949 0


# 18.56000000000003 19.0 2.948607002322415
0 0 17.95260730637363 -1
1 0 18.226865985240448 -1
2 0 19.220836674158782 0
3 0 19.28768748256388 0

0 1 18.981069643694898 0
1 1 19.11841004479284 0
2 1 19.130362229723854 0
3 1 19.151492206343978 0

0 2 18.974534333512608 0
1 2 19.111784267317084 0
2 2 19.17768928079741 0
3 2 19.86469551299802 1

0 3 18.966355418046508 0
1 3 19.28783445642163 0
2 3 20.01302348494624 1
3 3 18.95833617539817 0


# 18.56000000000003 19.0 2.948607002322415
0 0 17.9155286708914 -1
1 0 18.187754918538467 -1
2 0 19.20419118941403 0
3 0 19.276318933940676 0

0 1 18.967326395250076 0
1 1 19.105493096372737 0
2 1 19.131771231972248 0
3 1 19.157762961824464 0

0 2 18.973509484472444 0
1 2 19.112952938302634 0
2 2 19.194629513337762 0
3 2 19.889467045258826 1

0 3 18.965422750287562 0
1 3 19.28620219933436 0
2 3 20.03310651323534 1
3 3 18.977626955785766 0


# 18.56000000000003 19.0 2.948607002322415
0 0 17.879150614504773 -1
1 0 18.14949523076335 -1
2 0 19.187666184218756 0
3 0 19.26523660207133 0

0 1 18.953556524993772 0
1 1 19.092602738859227 0
2 1 19.133038149616464 0
3 1 19.163949818991195 0

0 2 18.97236527268761 0
1 2 19.114080793954734 0
2 2 19.211323606722335 0
3 2 19.913704233935945 1

0 3 18.964490340941474 0
1 3 19.284881838739896 0
2 3 20.05276202849443 1
3 3 18.996749980526644 0


# 18.56000000000003 19.0 2.948607002322415
0 0 17.84345781345169 -1
1 0 18.112061151909646 -1
2 0 19.17126823532474 0
3 0 19.254430701048552 0

0 1 18.939768260844016 0
1 1 19.079745187669882 0
2 1 19.134167760619373 0
3 1 19.170051558940813 0

0 2 18.971106003983614 0
1 2 19.115169595490297 0
2 2 19.22776971702214 0
3 2 19.937423511188513 1

0 3 18.963560542780264 0
1 3 19.283854707514 0
2 3 20.072006516158417 1
3 3 19.015700141555847 0


# 18.56000000000003 19.0 2.948607002322415
0 0 17.808435285120474 -1
1 0 18.075427968026823 -1
2 0 19.155003286597438 0
3 0 19.243891853957262 0

0 1 18.925969431609854 0
1 1 19.066926235730683 0
2 1 19.135164717689136 0
3 1 19.176067154459318 0

0 2 18.96973594665487 0
1 2 19.116220894189823 0
2 2 19.24396655827579 0
3 2 19.960640529970085 1

0 3 18.9626354510902 0
1 3 19.283103164135674 0
2 3 20.09085548084737 1
3 3 19.034472888589647 0


# 18.56000000000003 19.0 2.948607002322415
0 0 17.774068383651777 -1
1 0 18.039571968241454 -1
2 0 19.138876691039 0
3 0 19.23361107336078 0

0 1 18.91216748227469 0
1 1 19.05415127716435 0
2 1 19.13603355141132 0
3 1 19.181995755828932 0

0 2 18.96825932282602 0
1 2 19.117236055137532 0
2 2 19.259913350886947 0
3 2 19.983370211655007 1

0 3 18.961716924694493 0
1 3 19.28261053277013 0
2 3 20.109323511918742 1
3 3 19.053064189283305 0


# 18.56000000000003 19.0 2.948607002322415
0 0 17.740342795246505 -1
1 0 18.00447039473671 -1
2 0 19.122893250249465 0
3 0 19.223579742792733 0

0 1 18.898369488761997 0
1 1 19.04142532974103 0
2 1 19.136778673184054 0
3 1 19.1878366776157 0

0 2 18.966680300890456 0
1 2 19.118216278662395 0
2 2 19.275609774149416 0
3 2 20.005626790458077 1

0 3 18.960806605409417 0
1 3 19.28236104714567 0
2 3 20.127424344545094 1
3 3 19.071470492089144 0


# 18.56000000000003 19.0 2.948607002322415
0 0 17.707244533219615 -1
1 0 17.97010139551629 -1
2 0 19.107057251476906 0
3 0 19.213789599201306 0

0 1 18.884582172200208 0
1 1 19.02875305614822 0
2 1 19.137404377983902 0
3 1 19.19358938636756 0

0 2 18.965002988928322 0
1 2 19.11916261968306 0
2 2 19.291055922582284 0
3 2 20.027423854871305 1

0 3 18.959905936047566 0
1 3 19.28233979796886 0
2 3 20.145170916625883 1
3 3 19.089688691631903 0


# 18.56000000000003 19.0 2.948607002322415
0 0 17.674759932836306 -1
1 0 17.936443979790145 -1
2 0 19.09137250239858 0
3 0 19.20423271629525 0

0 1 18.870811912702752 0
1 1 19.016138784135023 0
2 1 19.137914846986476 0
3 1 19.199253489157957 0

0 2 18.963231429014535 0
1 2 19.120076005142682 0
2 2 19.30625226578185 0
3 2 20.048774386325572 1

0 3 18.959016177073654 0
1 3 19.282532683640273 0
2 3 20.162575421820243 1
3 3 19.107716096430906 0


# 18.56000000000003 19.0 2.948607002322415
0 0 17.642875645964114 -1
1 0 17.90347797582893 -1
2 0 19.07584236376717 0
3 0 19.194901488743724 0

0 1 18.8570647626786 0
1 1 19.003586525584183 0
2 1 19.13831415006262 0
3 1 19.204828722914908 0

0 2 18.961369592334663 0
1 2 19.120957249703924 0
2 2 19.32119961151927 0
3 2 20.06969079527028 1

0 3 18.958138422010702 0
1 3 19.2829263640498 0
2 3 20.179649358967794 1
3 3 19.12555039881025 0


# 18.56000000000003 19.0 2.948607002322415
0 0 17.611578635571497 -1
1 0 17.87118399114319 -1
2 0 19.060469780048344 0
3 0 19.18578861718451 0

0 1 18.843346459687982 0
1 1 18.991099994563314 0
2 1 19.138606248168163 0
3 1 19.210314944479958 0

0 2 18.95942137503344 0
1 2 19.121807069860125 0
2 2 19.33589907183354 0
3 2 20.090184954850415 1

0 3 18.957273611687317 0
1 3 19.283508217245892 0
2 3 20.196403578145823 1
3 3 19.143189646849038 0


# 18.56000000000003 19.0 2.948607002322415
0 0 17.580856170100898 -1
1 0 17.83954337485173 -1
2 0 19.045257308168765 0
3 0 19.176887093997653 0

0 1 18.829662438857458 0
1 1 18.978682624405124 0
2 1 19.13879499564274 0
3 1 19.21571212134569 0

0 2 18.957390594726895 0
1 2 19.122626096605376 0
2 2 19.350352031888463 0
3 2 20.110268232347696 1

0 3 18.95642254741025 0
1 3 19.2842662987875 0
2 3 20.212848323594 1
3 3 19.160632218233772 0


# 18.56000000000003 19.0 2.948607002322415
0 0 17.550695817741776 -1
1 0 17.808538182111743 -1
2 0 19.030207144486702 0
3 0 19.168190189803727 0

0 1 18.81601784486793 0
1 1 18.966337583864412 0
2 1 19.13888414243091 0
3 1 19.22102032302416 0

0 2 18.95528098761497 0
1 2 19.123414886794183 0
2 2 19.364560121379817 0
3 2 20.129951518540746 1

0 3 18.95558590314031 0
1 3 19.285189303600767 0
2 3 20.228993273721624 1
3 3 19.177876795884504 0


# 18.56000000000003 19.0 2.948607002322415
0 0 17.521085440626827 -1
1 0 17.778151140490785 -1
2 0 19.015321150090966 0
3 0 19.159691440648174 0

0 1 18.80241754352875 0
1 1 18.954067792397854 0
2 1 19.13887733623694 0
3 1 19.226239713002254 0

0 2 18.9530962061367 0
1 2 19.124173933310246 0
2 2 19.3785251882953 0
3 2 20.14924525512822 1

0 3 18.954764236744108 0
1 3 19.286266530174846 0
2 3 20.24484757839757 1
3 3 19.19492234523497 0


# 18.680000000000028 19.0 2.948607002322415
0 0 17.492013188972496 -1
1 0 17.748365618167707 -1
2 0 19.00060087452778 0
3 0 19.1513846358352 0

0 1 18.788866132950627 0
1 1 18.941875934610742 0
2 1 19.1387781246228 0
3 1 19.231370541243194 0

0 2 18.950839817115018 0
1 2 19.124903674153703 0
2 2 19.39224927484475 0
3 2 20.16815946034871 1

0 3 18.9539580003888 0
1 3 19.287487846942785 0
2 3 20.260419893709145 1
3 3 19.211768093055205 0


# 18.800000000000026 19.0 2.948607002322415
0 0 17.464907495182906 -1
1 0 17.71990287385652 -1
2 0 18.98677642540939 0
3 0 19.144712552544963 0

0 1 18.776105234329606 0
1 1 18.92978216863298 0
2 1 19.13859891556247 0
3 1 19.237150629652454 0

0 2 18.949244147702654 0
1 2 19.125613459051802 0
2 2 19.405734810396268 0
3 2 20.187432605411313 1

0 3 18.954616296310547 0
1 3 19.289581153160047 0
2 3 20.2764472668527 1
3 3 19.229871000172388 0


# 18.920000000000023 19.0 2.948607002322415
0 0 17.439722922654557 -1
1 0 17.692742331354907 -1
2 0 18.97384446113574 0
3 0 19.139634841742804 0

0 1 18.764133805355645 0
1 1 18.917805686674495 0
2 1 19.138360594669777 0
3 1 19.243575439708938 0

0 2 18.948308256227758 0
1 2 19.12632117189482 0
2 2 19.41900227916319 0
3 2 20.207069820612574 1

0 3 18.95670478255602 0
1 3 19.292532423382966 0
2 3 20.292933350077508 1
3 3 19.249195682214463 0


# 19.04000000000002 19.0 2.948607002322415
0 0 17.41641541107952 -1
1 0 17.66686394014468 -1
2 0 18.961801306286727 0
3 0 19.13611250839201 0

0 1 18.75295053777849 0
1 1 18.90596496864797 0
2 1 19.13808341405131 0
3 1 19.250640460157832 0

0 2 18.948031027372945 0
1 2 19.12704412402667 0
2 2 19.432071738268576 0
3 2 20.227075782714536 1

0 3 18.960190171793073 0
1 3 19.29632807335165 0
2 3 20.30988129530027 1
3 3 19.26970812259092 0


# 19.160000000000018 19.0 2.948607002322415
0 0 17.394942230015737 -1
1 0 17.642248156718008 -1
2 0 18.95064298037262 0
3 0 19.134107859376265 0

0 1 18.74255387390423 0
1 1 18.89427780497727 0
2 1 19.13778700598216 0
3 1 19.25834120860808 0

0 2 18.94841118225997 0
1 2 19.12779907165968 0
2 2 19.444962812699565 0
3 2 20.247454745567307 1

0 3 18.96504019667586 0
1 3 19.300954941034508 0
2 3 20.327293791413556 1
3 3 19.29137561262142 0


# 19.280000000000015 19.0 2.948607002322415
0 0 17.37526193410264 -1
1 0 17.61887592676928 -1
2 0 18.940365224702504 0
3 0 19.133584453638445 0

0 1 18.73294202225633 0
1 1 18.88276131865837 0
2 1 19.13749039647104 0
3 1 19.266673232994663 0

0 2 18.949447288092156 0
1 2 19.12860223254583 0
2 2 19.457694691681958 0
3 2 20.268210568701058 1

0 3 18.97122357634505 0
1 3 19.30640026871471 0
2 3 20.345173099050402 1
3 3 19.314166694580067 0


# 19.400000000000013 19.0 2.948607002322415
0 0 17.357334319863252 -1
1 0 17.59672866820366 -1
2 0 18.930963527484757 0
3 0 19.134507054433215 0

0 1 18.72411297244093 0
1 1 18.871431986598708 0
2 1 19.13721201870555 0
3 1 19.275632112910966 0

0 2 18.951137767368266 0
1 2 19.129469301955993 0
2 2 19.47028612634218 0
3 2 20.28934674402161 1

0 3 18.978709984029624 0
1 3 19.312651686049126 0
2 3 20.363521082973943 1
3 3 19.33805110749913 0


# 19.52000000000001 19.0 2.948607002322415
0 0 17.34112038403591 -1
1 0 17.57578825491654 -1
2 0 18.92243314726706 0
3 0 19.136841583595757 0

0 1 18.716064509254448 0
1 1 18.86030566025996 0
2 1 19.136969726369045 0
3 1 19.285213460816543 0

0 2 18.95348090668168 0
1 2 19.1304154680141 0
2 2 19.4827554285343 0
3 2 20.310866420734904 1

0 3 18.987470015717328 0
1 3 19.319697194035527 0
2 3 20.382339242249866 1
3 3 19.362999735584978 0


# 19.640000000000008 19.0 2.948607002322415
0 0 17.32658228338067 -1
1 0 17.556037001300936 -1
2 0 18.914769134817032 0
3 0 19.140555077733914 0

0 1 18.708794226069628 0
1 1 18.849397585628527 0
2 1 19.136780806820887 0
3 1 19.295412923125724 0

0 2 18.95647486511866 0
1 2 19.131455426429227 0
2 2 19.495120470719474 0
3 2 20.3327724286172 1

0 3 18.997475159861356 0
1 3 19.32752514982852 0
2 3 20.40162873834897 1
3 3 19.388984559107513 0


# 19.760000000000005 19.0 2.948607002322415
0 0 17.313683295907413 -1
1 0 17.537457647442533 -1
2 0 18.907966353538686 0
3 0 19.145615646255468 0

0 1 18.702299537534557 0
1 1 18.838722422537085 0
2 1 19.136661994132535 0
3 1 19.306226181182506 0

0 2 18.96011768226958 0
1 2 19.13260339466488 0
2 2 19.5073986867941 0
3 2 20.355067299740288 1

0 3 19.008697768091523 0
1 3 19.336124252348988 0
2 3 20.42139042131732 1
3 3 19.415978607632333 0


# 19.880000000000003 19.0 2.948607002322415
0 0 17.302387783474472 -1
1 0 17.52003334496455 -1
2 0 18.902019498514292 0
3 0 19.15199243114663 0

0 1 18.69657769161748 0
1 1 18.828294263359858 0
2 1 19.13662948197238 0
3 1 19.31764895212715 0

0 2 18.964407285866745 0
1 2 19.133873125581403 0
2 2 19.519607073771322 0
3 2 20.377753288753567 1

0 3 19.021111026898815 0
1 3 19.3454835286359 0
2 3 20.441624854142468 1
3 3 19.443955915472323 0


# 20.0 19.0 2.948607002322415
0 0 17.292661155708377 -1
1 0 17.503747643487028 -1
2 0 18.896923114255966 0
3 0 19.15965556842195 0

0 1 18.691625781028765 0
1 1 18.81812665110342 0
2 1 19.136698936332802 0
3 1 19.32967698965991 0

0 2 18.96934149906245 0
1 2 19.13527792058437 0
2 2 19.531762194228058 0
3 2 20.40083239181824 1

0 3 19.03468893026284 0
1 3 19.355592320893066 0
2 3 20.462332335435605 1
3 3 19.472891479242364 0


# 20.119999999999997 19.0 2.948607002322415
0 0 17.284469835197065 -1
1 0 17.48858447766725 -1
2 0 18.89267161124628 0
3 0 19.168576151169635 0

0 1 18.687440754049913 0
1 1 18.808232596914067 0
2 1 19.136885508093407 0
3 1 19.342306084707168 0

0 2 18.974918047360593 0
1 2 19.13683064230907 0
2 2 19.543880179436986 0
3 2 20.424306364282515 1

0 3 19.04940625319242 0
1 3 19.366440274186804 0
2 3 20.483512920541703 1
3 3 19.502761217407528 0


# 20.239999999999995 19.0 2.948607002322415
0 0 17.277781223910576 -1
1 0 17.474528154790075 -1
2 0 18.88925928134257 0
3 0 19.178726194120124 0

0 1 18.684019424798038 0
1 1 18.79862459702208 0
2 1 19.13720384541503 0
3 1 19.35553206599528 0

0 2 18.981134565215044 0
1 2 19.138543726868566 0
2 2 19.555976733109304 0
3 2 20.448176737180795 1

0 3 19.065238526150313 0
1 3 19.378017324753685 0
2 3 20.505166441182197 1
3 3 19.533541931721214 0


# 20.359999999999992 19.0 2.948607002322415
0 0 17.272563670804853 -1
1 0 17.461563342878925 -1
2 0 18.886680312115153 0
3 0 19.190078599669125 0

0 1 18.681358482953023 0
1 1 18.78931464914241 0
2 1 19.137668105959456 0
3 1 19.36935080053719 0

0 2 18.987988602307674 0
1 2 19.140429195690633 0
2 2 19.568067135680213 0
3 2 20.472444832634466 1

0 3 19.08216201033364 0
1 3 19.390313688880507 0
2 3 20.52729252372793 1
3 3 19.5652112704556 0


# 20.47999999999999 19.0 2.948607002322415
0 0 17.26878644056586 -1
1 0 17.449675059299892 -1
2 0 18.88492880018546 0
3 0 19.20260712528971 0

0 1 18.679454502973186 0
1 1 18.78031426835065 0
2 1 19.138291968930446 0
3 1 19.383758194036883 0

0 2 18.99547762951872 0
1 2 19.14249866696664 0
2 2 19.580166249074676 0
3 2 20.497111778226625 1

0 3 19.10015367378242 0
1 3 19.40331985232125 0
2 3 20.549890606193575 1
3 3 19.59774769333224 0


# 20.599999999999987 19.0 2.948607002322415
0 0 17.266419683452767 -1
1 0 17.438848659833162 -1
2 0 18.88399876362631 0
3 0 19.21628635227124 0

0 1 18.678303952824177 0
1 1 18.77163450245247 0
2 1 19.13908864693207 0
3 1 19.398750191216493 0

0 2 19.003599044601813 0
1 2 19.144763366733645 0
2 2 19.592288521896123 0
3 2 20.522178520418446 1

0 3 19.11919116828933 0
1 3 19.417026560218357 0
2 3 20.572959954038804 1
3 3 19.631130438065767 0


# 20.719999999999985 19.0 2.948607002322415
0 0 17.265434406200356 -1
1 0 17.42906982818752 -1
2 0 18.883884153482693 0
3 0 19.231091655725866 0

0 1 18.677903202244618 0
1 1 18.763285946863927 0
2 1 19.14007089764084 0
3 1 19.414322776070822 0

0 2 19.012350177575748 0
1 2 19.14723413960908 0
2 2 19.604447994985595 0
3 2 20.547645837070338 1

0 3 19.139252807084443 0
1 3 19.431424807497972 0
2 3 20.596499674855767 1
3 3 19.665339488438512 0


# 20.839999999999982 18.0 2.948607002322415
0 0 17.265802443942327 -1
1 0 17.42032456593511 -1
2 0 18.884578864468043 0
3 0 19.246999175806202 0

0 1 18.67824853057093 0
1 1 18.755278759019532 0
2 1 19.141251035288608 0
3 1 19.43047197205383 0

0 2 19.02172829584474 0
1 2 19.14992145919602 0
2 2 19.616658307303215 0
3 2 20.57351434912693 1

0 3 19.160317543269514 0
1 3 19.44650582971091 0
2 3 20.620508732017257 1
3 3 19.700355543828454 0


# 20.95999999999998 18.0 2.948607002322415
0 0 17.267496433118477 -1
1 0 17.41259918284511 -1
2 0 18.886076744887664 0
3 0 19.263985790080476 0

0 1 18.679336134142744 0
1 1 18.747622672324265 0
2 1 19.142640941953584 0
3 1 19.4471938422015 0

0 2 19.03173060905856 0
1 2 19.152835438175373 0
2 2 19.628932702087937 0
3 2 20.599784531521014 1

0 3 19.182364948977046 0
1 3 19.46226109429309 0
2 3 20.644985957355047 1
3 3 19.73615999011714 0


