# 20.0 20.0 0.0
0 0 20.0 0
1 0 20.0 0
2 0 20.0 0
3 0 20.0 0

0 1 20.0 0
1 1 20.0 0
2 1 20.0 0
3 1 20.0 0

0 2 20.0 0
1 2 20.0 0
2 2 20.0 0
3 2 20.0 0

0 3 20.0 0
1 3 20.0 0
2 3 20.0 0
3 3 20.0 0


# 20.0 20.0 0.0
0 0 20.0 0
1 0 20.0 0
2 0 20.0 0
3 0 20.0 0

0 1 20.0 0
1 1 20.0 0
2 1 20.0 0
3 1 20.0 0

0 2 20.0 0
1 2 20.0 0
2 2 20.0 0
3 2 20.0 0

0 3 20.0 0
1 3 20.0 0
2 3 20.0 0
3 3 20.0 0


# 20.0 20.0 0.0
0 0 20.0 0
1 0 20.0 0
2 0 20.0 0
3 0 20.0 0

0 1 20.0 0
1 1 20.0 0
2 1 20.0 0
3 1 20.0 0

0 2 20.0 0
1 2 20.0 0
2 2 20.06 1
3 2 20.00072 0

0 3 20.0 0
1 3 20.0 0
2 3 20.00072 0
3 3 20.00001728 0


# 20.0 20.0 0.05999999999999872
0 0 20.0 0
1 0 20.0 0
2 0 20.0 0
3 0 20.0 0

0 1 20.0 0
1 1 20.0 0
2 1 20.00072 0
3 1 20.00001728 0

0 2 20.0 0
1 2 20.00072 0
2 2 20.11715456 1
3 2 20.00209602944 0

0 3 20.0 0
1 3 20.00001728 0
2 3 20.00209602944 0
3 3 20.000066962626562 0


# 20.0 20.0 0.11715455999999946
0 0 20.0 0
1 0 20.0 0
2 0 20.00000864 0
3 0 20.00000031104 0

0 1 20.0 0
1 1 20.00001728 0
2 1 20.00209181312 0
3 1 20.0000668120832 0

0 2 20.00000864 0
1 2 20.00209181312 0
2 2 20.17163164934144 1
3 2 20.004069181292135 0

0 3 20.00000031104 0
1 3 20.0000668120832 0
2 3 20.004069181292135 0
3 3 20.000162212323016 0


# 20.0 20.0 0.17163164934143893
0 0 20.0 0
1 0 20.00000031104 0
2 0 20.000033386342402 0
3 0 20.000001502223668 0

0 1 20.00000031104 0
1 1 20.00006666153984 0
2 1 20.004052988201924 0
3 1 20.00016149003632 0

0 2 20.000033386342402 0
1 2 20.004052988201924 0
2 2 20.223588262240906 1
3 2 20.00658521925307 0

0 3 20.000001502223668 0
1 3 20.00016149003632 0
2 3 20.00658521925307 0
3 3 20.06031441794146 1


# 20.0 20.0 0.22358826224090578
0 0 20.00000000746496 0
1 0 20.000001498640486 0
2 0 20.000080655984814 0
3 0 20.00000435389587 0

0 1 20.000001498640486 0
1 1 20.000160769470146 0
2 1 20.006546338901018 0
3 1 20.06031233839939 1

0 2 20.000080655984814 0
1 2 20.006546338901018 0
2 2 20.27317118304904 1
3 2 20.011034215317117 0

0 3 20.00000435389587 0
1 3 20.000312338399393 0
2 3 20.01031421531712 0
3 3 20.118399280063176 1


# 20.0 20.0 0.2731711830490404
0 0 20.000000043163592 0
1 0 20.00000433332101 0
2 0 20.000155928746867 0
3 0 20.000729816361375 0

0 1 20.00000433332101 0
1 1 20.00031026866891 0
2 1 20.01023951126014 0
3 1 20.11804326270188 1

0 2 20.000155928746867 0
1 2 20.00951951126014 0
2 2 20.32055225570054 1
3 2 20.017254715855387 0

0 3 20.000009816361374 0
1 3 20.000537342701882 0
2 3 20.015154884815388 0
3 3 20.17452582118895 1


# 20.0 20.0 0.3205522557005409
0 0 20.000000145609405 0
1 0 20.00000974743783 0
2 0 20.00028112864021 0
3 0 20.00212343566847 0

0 1 20.00000974743783 0
1 1 20.000532717981553 0
2 1 20.015020927099943 0
3 1 20.173498234611888 1

0 2 20.000263848640213 0
1 2 20.012925208699944 0
2 2 20.36589001626456 1
3 2 20.025096986654244 0

0 3 20.00001907726847 0
1 3 20.00085196435781 0
2 3 20.021013593274876 0
3 3 20.2287962185853 1


# 20.0 20.0 0.3658900162645615
0 0 20.000000374305976 0
1 0 20.000019108696574 0
2 0 20.0004752828949 0
3 0 20.004134674194486 0

0 1 20.000018901336574 0
1 1 20.000842957268436 0
2 1 20.02078840049162 0
3 1 20.226811549494272 1

0 2 20.000408325244983 0
1 2 20.016720717839977 0
2 2 20.40933073186299 1
3 2 20.034422175214075 0

0 3 20.000033513962038 0
1 3 20.001269395755706 0
2 3 20.027803778511778 0
3 3 20.28130626616094 1


# 20.0 20.0 0.4093307318629904
0 0 20.00000081695136 0
1 0 20.000034134816694 0
2 0 20.000754807527347 0
3 0 20.006716622207744 0

0 1 20.000033132674016 0
1 1 20.001253411949417 0
2 1 20.027448363278033 0
3 1 20.278108510343912 1

0 2 20.000592623958408 0
1 2 20.020867477345977 0
2 2 20.451009358265765 1
3 2 20.04510153347233 0

0 3 20.000054651695972 0
1 3 20.00180079202461 0
2 3 20.0354454168117 0
3 3 20.332145803982552 1


# 20.0 20.0 0.4510093582657646
0 0 20.000001594750998 0
1 0 20.000056818925128 0
2 0 20.00113376726413 0
3 0 20.00982573113956 0

0 1 20.000053912669614 0
1 1 20.00177436704247 0
2 1 20.034915153875684 0
3 1 20.32750606193132 1

0 2 20.000819446252695 0
1 2 20.025330685996398 0
2 2 20.49105042255088 1
3 2 20.05701569652807 0

0 3 20.000084127094244 0
1 3 20.002455481518407 0
2 3 20.04386452980223 0
3 3 20.381399117755144 1


# 20.0 20.0 0.49105042255088094
0 0 20.0000028661191 0
1 0 20.00008936453538 0
2 0 20.001624112033642 0
3 0 20.013421566906118 0

0 1 20.00008280849046 0
1 1 20.002414213579204 0
2 1 20.04311036421079 0
3 1 20.375113378861943 1

0 2 20.001091000969055 0
1 2 20.03007894649198 0
2 2 20.529568836712837 1
3 2 20.07005401327385 0

0 3 20.000123656308702 0
1 3 20.003241156885867 0
2 3 20.052992728886785 0
3 3 20.429145310421887 1


# 20.0 20.0 0.529568836712837
0 0 20.000004829015122 0
1 0 20.00013412908043 0
2 0 20.002235892050596 0
3 0 20.017466581748447 0

0 1 20.00012145105662 0
1 1 20.00317967001748 0
2 1 20.051962240060387 0
3 1 20.421032410970735 1

0 2 20.00140906757464 0
1 2 20.035083941834653 0
2 2 20.566670647639288 1
3 2 20.08411392514473 0

0 3 20.000175007375116 0
1 3 20.004164048433818 0
2 3 20.06276679435148 0
3 3 20.475458647880654 1


# 20.0 20.0 0.5666706476392882
0 0 20.00000772213222 0
1 0 20.000193575069456 0
2 0 20.00297745334701 0
3 0 20.021925903177316 0

0 1 20.000171507628934 0
1 1 20.004075981031765 0
2 1 20.061405130453355 0
3 1 20.465358389215268 1

0 2 20.001775052218573 0
1 2 20.040320141378473 0
2 2 20.602453728448538 1
3 2 20.099100389475186 0

0 3 20.00023997631744 0
1 3 20.005229081344165 0
2 3 20.073128286480795 0
3 3 20.520408880668423 1


# 20.0 20.0 0.6024537284485376
0 0 20.000011825127842 0
1 0 20.00027022803062 0
2 0 20.003855615446373 0
3 0 20.02676713871887 0

0 1 20.000234658609056 0
1 1 20.005107095843897 0
2 1 20.071378982139045 0
3 1 20.508180294992226 1

0 2 20.00219003734105 0
1 2 20.045764533908038 0
2 2 20.637008415787044 1
3 2 20.1149253442146 0

0 3 20.000320366594238 0
1 3 20.006440018171507 0
2 3 20.084023186224126 0
3 3 20.564061543329625 1


# 20.0 20.0 0.6370084157870437
0 0 20.000017458062917 0
1 0 20.00036664048557 0
2 0 20.004875832733745 0
3 0 20.031960195257703 0

0 1 20.00031257804245 0
1 1 20.006275828058293 0
2 1 20.081828875455226 0
3 1 20.54958129558168 1

0 2 20.002654825515265 0
1 2 20.051396385330836 0
2 2 20.670418097323964 1
3 2 20.13150721099241 0

0 3 20.000417971521088 0
1 3 20.007799587925216 0
2 3 20.095401563145657 0
3 3 20.606478233059416 1


# 20.0 20.0 0.6704180973239637
0 0 20.00002498019499 0
1 0 20.000485361277022 0
2 0 20.00604234094281 0
3 0 20.03747711186672 0

0 1 20.00040691736989 0
1 1 20.00758399878469 0
2 1 20.092704598224973 0
3 1 20.58963914822026 1

0 2 20.003169978134284 0
1 2 20.057197018780975 0
2 2 20.702759753346143 1
3 2 20.14877043374624 0

0 3 20.000534559339044 0
1 3 20.009309602927544 0
2 3 20.107217268565538 0
3 3 20.647716869097017 1


# 20.0 20.0 0.7027597533461432
0 0 20.00003478825173 0
1 0 20.000628909639136 0
2 0 20.00735829005998 0
3 0 20.043291905098883 0

0 1 20.000519292022403 0
1 1 20.009032564667034 0
2 1 20.103960254585694 0
3 1 20.62842657511618 1

0 2 20.003735849494355 0
1 2 20.063149615124708 0
2 2 20.734104456049796 1
3 2 20.166645050332054 0

0 3 20.0006718606319 0
1 3 20.010971064536452 0
2 3 20.119427651961985 0
3 3 20.687831934237053 1


# 20.0 20.0 0.7341044560497956
0 0 20.00004731429461 0
1 0 20.00079975346255 0
2 0 20.008825864835227 0
3 0 20.04938042579474 0

0 1 20.000651270498935 0
1 1 20.010621732287078 0
2 1 20.11555390590504 0
3 1 20.66601161154568 1

0 2 20.004352616770657 0
1 2 20.06923903203445 0
2 2 20.76451782984221 1
3 2 20.18506629472561 0

0 3 20.00083155782484 0
1 3 20.012784258727777 0
2 3 20.131993298853267 0
3 3 20.726874699727464 1


# 20.0 20.0 0.7645178298422088
0 0 20.00006302326754 0
1 0 20.001000291261803 0
2 0 20.010446393987685 0
3 0 20.055720226532532 0

0 1 20.000804365605884 0
1 1 20.012351060274984 0
2 1 20.127447241169403 0
3 1 20.702457929009892 1

0 2 20.005020306331872 0
1 2 20.075451639958917 0
2 2 20.79406047570627 1
3 2 20.203974227600455 0

0 3 20.00101527652386 0
1 3 20.014748842445243 0
2 3 20.144877788515977 0
3 3 20.764893434730674 1


# 20.0 20.0 0.7940604757062708
0 0 20.00008241031232 0
1 0 20.00123283740371 0
2 0 20.01222044910147 0
3 0 20.062290438914697 0

0 1 20.000980027573465 0
1 1 20.01421955033505 0
2 1 20.139605274443102 0
3 1 20.737825135282975 1

0 2 20.005738816794608 0
1 2 20.081775173464262 0
2 2 20.822788362440654 1
3 2 20.223313393230686 0

0 3 20.001224578479878 0
1 3 20.016863921548065 0
2 3 20.15804747002294 0
3 3 20.801933601439412 1


# 20.0 20.0 0.8227883624406545
0 0 20.0001059979208 0
1 0 20.00149961020104 0
2 0 20.014147934121915 0
3 0 20.069071659946626 0

0 1 20.001179638795985 0
1 1 20.01622572828182 0
2 1 20.151996067191362 0
3 1 20.772169053045513 1

0 2 20.006507939178118 0
1 2 20.08819859655536 0
2 2 20.850753187367506 1
3 2 20.243032500817225 0

0 3 20.001460955983315 0
1 3 20.019128121113788 0
2 3 20.171471255201023 0
3 3 20.838038036859814 1


# 20.0 20.0 0.8507531873675056
0 0 20.000134332983617 0
1 0 20.001802722517244 0
2 0 20.01622816628466 0
3 0 20.07604584682051 0

0 1 20.001404509971877 0
1 1 20.018367716079123 0
2 1 20.1645904734395 0
3 1 20.80554197867053 1

0 2 20.007327374482763 0
1 2 20.094711980709224 0
2 2 20.87800270889587 1
3 2 20.263084128476017 0

0 3 20.001725827515074 0
1 3 20.021539648788114 0
2 3 20.185120427217107 0
3 3 20.873247122201178 1


# 20.0 20.0 0.8780027088958704
0 0 20.000167983786078 0
1 0 20.002144174565316 0
2 0 20.018459949238608 0
3 0 20.08319621946988 0

0 1 20.001655877445234 0
1 1 20.020643295781237 0
2 1 20.17736190590544 0
3 1 20.83799292261258 1

0 2 20.00819674898252 0
1 2 20.101306394464554 0
2 2 20.904581053141627 1
3 2 20.283424448255488 0

0 3 20.002020534497778 0
1 3 20.024096351813167 0
2 3 20.19896846359986 0
3 3 20.9075989407442 1


# 20.0 20.0 0.9075989407442009
0 0 20.000207536993905 0
1 0 20.002525848617736 0
2 0 20.020841639058503 0
3 0 20.090507170309017 0

0 1 20.001934901573627 0
1 1 20.023049966190474 0
2 1 20.190286121394017 0
3 1 20.869567832742355 1

0 2 20.009115627491685 0
1 2 20.1079738035139 0
2 2 20.93052899663199 1
3 2 20.30401297067018 0

0 3 20.002346339007516 0
1 3 20.02679576831047 0
2 3 20.212990872596908 0
3 3 20.941129424996614 1


# 20.0 20.0 0.941129424996614
0 0 20.00025359466442 0
1 0 20.00294950537475 0
2 0 20.02337120378298 0
3 0 20.097964180616195 0

0 1 20.002242665967692 0
1 1 20.025584992968334 0
2 1 20.20334102388061 0
3 1 20.90030980186918 1

0 2 20.010083524838905 0
1 2 20.11470698033823 0
2 2 20.955884226963484 1
3 2 20.324812307347983 0

0 3 20.002704422321038 0
1 3 20.029635173344506 0
2 3 20.227165041851492 0
3 3 20.97387249388713 1


# 20.0 20.0 0.9738724938871286
0 0 20.000306771312612 0
1 0 20.00341678176578 0
2 0 20.026046277059244 0
3 0 20.105553743061154 0

0 1 20.002580177466488 0
1 1 20.028245452867267 0
2 1 20.216506483839453 0
3 1 20.93025926060166 1

0 2 20.01109991575718 0
1 2 20.121499422509185 0
2 2 20.980681583135812 1
3 2 20.345787950490863 0

0 3 20.003095884186703 0
1 3 20.032611620246605 0
2 3 20.241470098460965 0
3 3 21.005860180694615 1


# 20.0 20.0 1.005860180694615
0 0 20.000367691056145 0
1 0 20.00392918998341 0
2 0 20.028864206425364 0
3 0 20.113263289915277 0

0 1 20.00294836672906 0
1 1 20.03102827268637 0
2 1 20.22976417248935 0
3 1 20.959454156611134 1

0 2 20.012164243376475 0
1 2 20.12834527886209 0
2 2 21.004953277148932 1
3 2 20.3669080679437 0

0 3 20.003521742719457 0
1 3 20.035721977636758 0
2 3 20.255886779551368 0
3 3 21.03712275235955 1


# 20.0 20.0 1.0371227523595508
0 0 20.000436984858673 0
1 0 20.00448811757175 0
2 0 20.031822096715217 0
3 0 20.121081126518245 0

0 1 20.0033480893375 0
1 1 20.033930263496554 0
2 1 20.243097409737523 0
3 1 20.98793012128386 1

0 2 20.01327592648569 0
1 2 20.135239282813924 0
2 2 21.02872909832634 1
3 2 20.3881433127537 0

0 3 20.003982934831026 0
1 3 20.03896296254237 0
2 3 20.27039731256895 0
3 3 21.06768882077848 1


# 20.0 20.0 1.0676888207784785
0 0 20.00051528788667 0
1 0 20.00509482841092 0
2 0 20.034916849029177 0
3 0 20.128996369607343 0

0 1 20.00378012731975 0
1 1 20.036948150628106 0
2 1 20.256491024701333 0
3 1 21.015720624674685 1

0 2 20.014434365712866 0
1 2 20.14217669216537 0
2 2 21.05203660171295 1
3 2 20.40946664618404 0

0 3 20.004480317116172 0
1 3 20.042331169977796 0
2 3 20.284985304550684 0
3 3 21.09758544663927 1


# 20.0 20.0 1.0975854466392683
0 0 20.00060323699152 0
1 0 20.005750464457446 0
2 0 20.038145195675146 0
3 0 20.136998890145676 0

0 1 20.00424519101231 0
1 1 20.040078599865996 0
2 1 20.269931227778816 0
3 1 21.04285711960765 1

0 2 20.01563894875645 0
1 2 20.149153234785192 0
2 2 21.07490128179031 1
3 2 20.430853173220758 0

0 3 20.0050146671248 0
1 3 20.045823099316255 0
2 3 20.299635639692504 0
3 3 21.126838236315212 1


# 20.0 20.0 1.126838236315212
0 0 20.000701468325463 0
1 0 20.006456048116632 0
2 0 20.041503731449282 0
3 0 20.145079260313114 0

0 1 20.004743921193167 0
1 1 20.043318240254916 0
2 1 20.283405493322658 0
3 1 21.069369175706406 1

0 2 20.016889054785917 0
1 2 20.15616505962927 0
2 2 21.097346732654756 1
3 2 20.452279989681603 0

0 3 20.005586684957535 0
1 3 20.049435177756322 0
2 3 20.314334384586132 0
3 3 21.155471432299077 1


# 20.0 20.0 1.155471432299077
0 0 20.000810615097464 0
1 0 20.007212485137355 0
2 0 20.04498894159369 0
3 0 20.153228704349445 0

0 1 20.005276891424714 0
1 1 20.046663683876847 0
2 1 20.29690245204915 0
3 1 21.095284604079698 1

0 2 20.018184058117047 0
1 2 20.163208692595926 0
2 2 21.119394795714282 1
3 2 20.473726040100093 0

0 3 20.006196995129546 0
1 3 20.053163781158297 0
2 3 20.329068700543576 0
3 3 21.183507997624034 1


# 20.0 20.0 1.1835079976240337
0 0 20.0009313054727 0
1 0 20.008020567932906 0
2 0 20.048597226738732 0
3 0 20.161439052962685 0

0 1 20.005844610554476 0
1 1 20.05011154292835 0
2 1 20.310411792384322 0
3 1 21.120629573333716 1

0 2 20.019523331255492 0
1 2 20.170280996764 0
2 2 21.1410656958775 1
3 2 20.49517198561791 0

0 3 20.006846148653846 0
1 3 20.057005252501185 0
2 3 20.34382676247278 0
3 3 21.210969694686657 1


# 20.0 20.0 1.210969694686657
0 0 20.00106416061753 0
1 0 20.008880979243138 0
2 0 20.05232492511079 0
3 0 20.169702701037362 0

0 1 20.006447525328806 0
1 1 20.053658444392433 0
2 1 20.323924170014447 0
3 1 21.145428717533736 1

0 2 20.02090624739172 0
1 2 20.17737913660128 0
2 2 21.16237816713186 1
3 2 20.516600081174186 0

0 3 20.007534625301023 0
1 3 20.060955918188636 0
2 3 20.35859768380901 0
3 3 21.237877158857735 1


# 20.0 20.0 1.237877158857735
0 0 20.00120979289016 0
1 0 20.009794296063646 0
2 0 20.05616833226152 0
3 0 20.17801256839756 0

0 1 20.007086023081087 0
1 1 20.05730104257072 0
2 1 20.33743112496773 0
3 1 21.169705236691794 1

0 2 20.02233218242107 0
1 2 20.184500545768167 0
2 2 21.18334956833816 1
3 2 20.537994061331524 0

0 3 20.008262835997503 0
1 3 20.06501210241161 0
2 3 20.37337144704432 0
3 3 21.264249967239365 1


# 20.0 20.0 1.2642499672393654
0 0 20.001368804175854 0
1 0 20.01076099377707 0
2 0 20.060123718552244 0
3 0 20.186362063398175 0

0 1 20.007760434461694 0
1 1 20.061036029715023 0
2 1 20.350925005608843 0
3 1 21.1934809903148 1

0 2 20.023800516554115 0
1 2 20.191642898175523 0
2 2 21.20399599000385 1
3 2 20.559339034126296 0

0 3 20.00903112532918 0
1 3 20.069170139756913 0
2 3 20.38813883943246 0
3 3 21.290106702901454 1


# 20.0 20.0 1.2901067029014541
0 0 20.001541784364388 0
1 0 20.01178145043001 0
2 0 20.064187344606296 0
3 0 20.194745049134895 0

0 1 20.008471036181906 0
1 1 20.06486014497346 0
2 1 20.3643988989784 0
3 1 21.216776584508455 1

0 2 20.02531063557508 0
1 2 20.19880408198681 0
2 2 21.224332352737953 1
3 2 20.580621382374765 0

0 3 20.009839774121314 0
1 3 20.07342638623361 0
2 3 20.402891393478775 0
3 3 21.315465014907243 1


# 20.0 20.0 1.315465014907243
0 0 20.001729309966613 0
1 0 20.012855951106506 0
2 0 20.068355474923468 0
3 0 20.20315581207922 0

0 1 20.009218053748448 0
1 1 20.068770181844574 0
2 1 20.37784656695561 0
3 1 21.239611453096014 1

0 2 20.026861931799207 0
1 2 20.205982176282827 0
2 2 21.244372498035634 1
3 2 20.60182867190749 0

0 3 20.01068900206934 0
1 3 20.07777722887377 0
2 3 20.417621331854466 0
3 3 21.340341674415725 1


# 20.0 20.0 1.3403416744157255
0 0 20.001931942866076 0
1 0 20.013984692355642 0
2 0 20.07262438983337 0
3 0 20.21158903295952 0

0 1 20.01000166416913 0
1 1 20.072762994313194 0
2 1 20.39126238776508 0
3 1 21.262003933177567 1

0 2 20.028453804773896 0
1 2 20.21317543013321 0
2 2 21.264129271989848 1
3 2 20.622949566242372 0

0 3 20.011578970398617 0
1 3 20.08221909404971 0
2 3 20.43232151640204 0
3 3 21.364752627128492 1


# 20.0 20.0 1.3647526271284924
0 0 20.002150229201195 0
1 0 20.015167786636876 0
2 0 20.076990395948705 0
3 0 20.220039759722493 0

0 1 20.010821998613487 0
1 1 20.076835501823943 0
2 1 20.40464130238764 0
3 1 21.28397133552434 1

0 2 20.030085661763135 0
1 2 20.220382243842334 0
2 2 21.283614602480828 1
3 2 20.643973747241798 0

0 3 20.01250978453402 0
1 3 20.08674845463696 0
2 3 20.44698540092411 0
3 3 21.388713042329858 1


# 20.0 20.0 1.388713042329858
0 0 20.002384698372957 0
1 0 20.016405266751875 0
2 0 20.081449835265204 0
3 0 20.22850338242196 0

0 1 20.01167914501524 0
1 1 20.08098469323236 0
2 1 20.417978765471066 0
3 1 21.305530010173936 1

0 2 20.031756918049783 0
1 2 20.2276011521587 0
2 2 21.302839570351296 1
3 2 20.664891841331904 0

0 3 20.01348149676304 0
1 3 20.091361836140358 0
2 3 20.461606987471153 0
3 3 21.41223735875162 1


# 20.0 20.0 1.4122373587516215
0 0 20.002635862172735 0
1 0 20.01769709023634 0
2 0 20.085999093041618 0
3 0 20.236975609893356 0

0 1 20.01257315060606 0
1 1 20.08520762985887 0
2 1 20.431270700369563 0
3 1 21.32669540756577 1

0 2 20.033466997086027 0
1 2 20.234830809256323 0
2 2 21.32181447503558 1
3 2 20.6856953508922 0

0 3 20.014494108878285 0
1 3 20.09605582188973 0
2 3 20.476180785865488 0
3 3 21.435339327477656 1


# 20.0 20.0 1.4353393274776565
0 0 20.002904214024625 0
1 0 20.019043143689515 0
2 0 20.0906346045813 0
3 0 20.24545244808296 0

0 1 20.01350402437224 0
1 1 20.089501447757897 0
2 1 20.44451345797111 0
3 1 21.34748213553136 1

0 2 20.035215330518497 0
1 2 20.24206997531444 0
2 2 21.34054889507439 1
3 2 20.70637659045173 0

0 3 20.015547574787565 0
1 3 20.100827057401972 0
2 3 20.490701776218586 0
3 3 21.458032052088505 1


# 20.0 20.0 1.4580320520885053
0 0 20.00319022833648 0
1 0 20.020443247022662 0
2 0 20.095352861025805 0
3 0 20.25393017991066 0

0 1 20.014471739427957 0
1 1 20.09386335930235 0
2 1 20.4577037789997 0
3 1 21.36790401243139 1

0 2 20.03700135811108 0
1 2 20.249317504538023 0
2 2 21.359051743913316 1
3 2 20.726928627353956 0

0 3 20.01664180308137 0
1 3 20.105672253997145 0
2 3 20.50516537421739 0
3 3 21.480328026232176 1


# 20.0 20.0 1.4803280262321756
0 0 20.003494359953773 0
1 0 20.021897157611093 0
2 0 20.10015041426098 0
3 0 20.262405346554186 0

0 1 20.01547623530039 0
1 1 20.098290654173226 0
2 1 20.47083875950506 0
3 1 21.38797411671023 1

0 2 20.03882452758545 0
1 2 20.25657233447623 0
2 2 21.37733132135211 1
3 2 20.747345226576623 0

0 3 20.017776659549433 0
1 3 20.11058819174818 0
2 3 20.51956739897225 0
3 3 21.502239168794404 1


# 20.0 20.0 1.5022391687944037
0 0 20.003817043710374 0
1 0 20.023404574337164 0
2 0 20.105023881026778 0
3 0 20.27087473005108 0

0 1 20.016517420123403 0
1 1 20.102780699834213 0
2 1 20.483915819275897 0
3 1 21.407704833119244 1

0 2 20.04068429439665 0
1 2 20.263833476509344 0
2 2 21.39539536098322 1
3 2 20.767620799415166 0

0 3 20.018951969639392 0
1 3 20.11557172183621 0
2 3 20.53390404323478 0
3 3 21.523776856829606 1


# 20.0 20.0 1.5237768568296062
0 0 20.004158694070327 0
1 0 20.02496514151418 0
2 0 20.109969946313747 0
3 0 20.279335337122436 0

0 1 20.017595172737835 0
1 1 20.10733094156262 0
2 1 20.4969326729344 0
3 1 21.4271078958419 1

0 2 20.04258012145863 0
1 2 20.271100007386984 0
2 2 21.41325107393168 1
3 2 20.787750355758966 0

0 3 20.020167520851913 0
1 3 20.120619768376773 0
2 3 20.548171845808575 0
3 3 21.54495195640255 1


# 20.0 20.0 1.5449519564025493
0 0 20.06451970485482 1
1 0 20.027298452683358 0
2 0 20.114994006121453 0
3 0 20.28778448780959 0

0 1 20.019429344697357 0
1 1 20.111956182100037 0
2 1 20.50988761452949 0
3 1 21.446194433713718 1

0 2 20.044520118832605 0
1 2 20.2783713727513 0
2 2 21.43090519664914 1
3 2 20.807729459858276 0

0 3 20.021423168747756 0
1 3 20.12572933475264 0
2 3 20.562367666138268 0
3 3 21.565774851484015 1


# 20.0 20.0 1.565774851484015
0 0 20.122757729048615 1
1 0 20.0303484126779 0
2 0 20.120100504044554 0
3 0 20.296219785501542 0

0 1 20.021964120579845 0
1 1 20.116669143605698 0
2 1 20.522779440368232 0
3 1 21.464975011726477 1

0 2 20.046511377786583 0
1 2 20.285647327492768 0
2 2 21.448364033936272 1
3 2 20.82755418930999 0

0 3 20.022718823223308 0
1 3 20.130897508495284 0
2 3 20.57648866088745 0
3 3 21.58625547103296 1


# 20.0 20.0 1.5862554710329597
0 0 20.17896620120196 1
1 0 20.034062609531652 0
2 0 20.1252930248995 0
3 0 20.364639089662997 1

0 1 20.02514738818662 0
1 1 20.121480665899576 0
2 1 20.5356073800681 0
3 1 21.484179669142456 1

0 2 20.04856006238638 0
1 2 20.292927883021726 0
2 2 21.46563349766678 1
3 2 20.847229737013077 0

0 3 20.024054436437847 0
1 3 20.136121464902647 0
2 3 20.590532262333404 0
3 3 21.60640341806793 1


# 20.0 20.0 1.6064034180679307
0 0 20.233233937931306 1
1 0 20.03839207147609 0
2 0 20.131294380348205 0
3 0 20.430897771029016 1

0 1 20.02893049387739 0
1 1 20.126399887877717 0
2 1 20.548388315045255 0
3 1 21.503762312915523 1

0 2 20.050671493526195 0
1 2 20.300213260764362 0
2 2 21.482719452680648 1
3 2 20.866760710262497 0

0 3 20.02542999222723 0
1 3 20.141398469560635 0
2 3 20.604496163399112 0
3 3 21.626227977501426 1


# 20.0 20.0 1.6262279775014257
0 0 20.28564538695002 1
1 0 20.043299680336204 0
2 0 20.138051045570506 0
3 0 20.495087211573804 1

0 1 20.033268014354785 0
1 1 20.131434724505596 0
2 1 20.56113728635115 0
3 1 21.52368011827132 1

0 2 20.052850226006253 0
1 2 20.30750385872071 0
2 2 21.499627695176777 1
3 2 20.886151189922867 0

0 3 20.026845496853852 0
1 3 20.14672588006677 0
2 3 20.61837830316929 0
3 3 21.64573812422848 1


# 20.0 20.0 1.6457381242284796
0 0 20.33628096535611 1
1 0 20.048750294587272 0
2 0 20.145512599166693 0
3 0 20.557294384566404 1

0 1 20.0381175487423 0
1 1 20.136591965590146 0
2 1 20.573867645144755 0
3 1 21.54389331193953 1

0 2 20.055100119365793 0
1 2 20.314800221424512 0
2 2 21.51636393412423 1
3 2 20.905404784389614 0

0 3 20.028300970960306 0
1 3 20.152101147050615 0
2 3 20.63217685290102 0
3 3 21.664942531403742 1


# 20.0 20.0 1.6649425314037423
0 0 20.385217264723245 1
1 0 20.054710644168367 0
2 0 20.153631542088245 0
3 0 20.617602084970347 1

0 1 20.043439523891273 0
1 1 20.201877367657367 1
2 1 20.58731119204752 0
3 1 21.56437360957496 1

0 2 20.057424402947742 0
1 2 20.322823013017494 0
2 2 21.532951055394534 1
3 2 20.92452498980173 0

0 3 20.029796442605715 0
1 3 20.15753045457678 0
2 3 20.645890513575676 0
3 3 21.683849586313737 1


# 20.0 20.0 1.6838495863137375
0 0 20.432527245209926 1
1 0 20.06186923097276 0
2 0 20.162380407416425 0
3 0 20.67608945811531 1

0 1 20.04991701207762 0
1 1 20.2644502993872 1
2 1 20.601410119290517 0
3 1 21.585094212779303 1

0 2 20.059843015636346 0
1 2 20.331504806292592 0
2 2 21.549409369883122 1
3 2 20.94351517825777 0

0 3 20.031332252314467 0
1 3 20.163018906350747 0
2 3 20.659518446356067 0
3 3 21.70246740470181 1


# 20.0 20.0 1.7024674047018102
0 0 20.478297699298974 1
1 0 20.070132264145137 0
2 0 20.171732012403545 0
3 0 20.732832152325354 1

0 1 20.057451589742232 0
1 1 20.32448267037026 1
2 1 20.616111052749808 0
3 1 21.606029756442567 1

0 2 20.06237307275981 0
1 2 20.400783983822915 1
2 2 21.44647686406297 -1
3 2 20.96094722907343 0

0 3 20.032908994980474 0
1 3 20.16929064938593 0
2 3 20.67163749062692 0
3 3 21.72076959476895 1


# 20.0 20.0 1.7207695947689494
0 0 20.52260998837086 1
1 0 20.07941260510478 0
2 0 20.181659537604755 0
3 0 20.78790246637021 1

0 1 20.06595221175107 0
1 1 20.38285462043363 1
2 1 20.629941971560346 0
3 1 21.627122006676025 1

0 2 20.06574914599055 0
1 2 20.466318807957894 1
2 2 21.34979212057857 -1
3 2 20.97695965011663 0

0 3 20.034544748705695 0
1 3 20.176250454679206 0
2 3 20.682390462060912 0
3 3 21.7387340907034 1


# 20.0 20.0 1.7387340907033995
0 0 20.56554040659178 1
1 0 20.08963793046594 0
2 0 20.192119625446114 0
3 0 20.841368877166346 1

0 1 20.07535194893372 0
1 1 20.43961260655983 1
2 1 20.643008513236577 0
3 1 21.648318926881867 1

0 2 20.069902267926118 0
1 2 20.52836219457284 1
2 2 21.25897074863064 -1
3 2 20.991679630006324 0

0 3 20.036254970423553 0
1 3 20.18381202710737 0
2 3 20.69190826505165 0
3 3 21.75634271817877 1


# 20.0 20.0 1.7563427181787716
0 0 20.607160830507272 1
1 0 20.10073985413653 0
2 0 20.20307200811185 0
3 0 20.893296288808283 1

0 1 20.085587275538423 0
1 1 20.49480357549477 1
2 1 20.655406087710652 0
3 1 21.669574116031132 1

0 2 20.074768825959637 0
1 2 20.58714907135965 1
2 2 21.17365386934591 -1
3 2 21.005223933988727 0

0 3 20.03805276172511 0
1 3 20.191897243146496 0
2 3 20.700310843887536 0
3 3 21.71358079765885 0


# 20.0 20.0 1.7563427181787716
0 0 20.64753896616511 1
1 0 20.11265375486006 0
2 0 20.2144792573477 0
3 0 20.943746262891732 1

0 1 20.096597946377244 0
1 1 20.548474686194712 1
2 1 20.667220778647575 0
3 1 21.690846294864162 1

0 2 20.080290132622878 0
1 2 20.64289770711011 1
2 2 21.09350632278091 -1
3 2 21.016979729744847 0

0 3 20.039949110812238 0
1 3 20.20043545087606 0
2 3 20.70698805930005 0
3 3 21.67257950241167 0


# 20.0 20.0 1.7563427181787716
0 0 20.686738583798014 1
1 0 20.125318607484022 0
2 0 20.226306556327376 0
3 0 20.992777231641927 1

0 1 20.108326873460786 0
1 1 20.600673068857795 1
2 1 20.678530168186455 0
3 1 21.712090196034747 1

0 2 20.086412031349315 0
1 2 20.695810939655193 1
2 2 21.018197726050065 -1
3 2 21.02710099018952 0

0 3 20.0419531126097 0
1 3 20.209354187278045 0
2 3 20.712096137798323 0
3 3 21.633237005860703 0


# 20.0 20.0 1.7563427181787716
0 0 20.724819740552622 1
1 0 20.138676818358547 0
2 0 20.23852149157987 0
3 0 21.040444591554195 1

0 1 20.12072000286455 0
1 1 20.651445616701398 1
2 1 20.6894037804779 0
3 1 21.733265800147947 1

0 2 20.093084534694196 0
1 2 20.746076999328427 1
2 2 20.94742037009319 -1
3 2 21.035729826714782 0

0 3 20.044072065219417 0
1 3 20.218588253840522 0
2 3 20.715779047568326 0
3 3 21.595458580141116 0


# 20.0 20.0 1.7563427181787716
0 0 20.761838991747403 1
1 0 20.15267406518783 0
2 0 20.251093858180155 0
3 0 21.08680090215818 1

0 1 20.133726192461957 0
1 1 20.700838799549203 1
2 1 20.699903824950606 0
3 1 21.754337851187618 1

0 2 20.100261487321156 0
1 2 20.793870610290313 1
2 2 20.880887592043006 -1
3 2 21.04299738227322 0

0 3 20.04631166776546 0
1 3 20.22807908308671 0
2 3 20.718169430633704 0
3 3 21.559156073010918 0


# 20.0 20.0 1.7563427181787716
0 0 20.797849591136295 1
1 0 20.16725914143633 0
2 0 20.26399548255913 0
3 0 21.131896069685446 1

0 1 20.147297090914634 0
1 1 20.748898505181945 1
2 1 20.710085874524637 0
3 1 21.775275413355537 1

0 2 20.10790025728131 0
1 2 20.839354006247493 1
2 2 20.818332267949092 -1
3 2 21.04902465726953 0

0 3 20.048676199810316 0
1 3 20.237774157237364 0
2 3 20.719389464525456 0
3 3 21.524247423844066 0


# 20.0 20.0 1.775275413355537
0 0 20.832901680643598 1
1 0 20.18238380551662 0
2 0 20.27720006128837 0
3 0 21.175777516872497 1

0 1 20.161387018413503 0
1 1 20.795669905389637 1
2 1 20.719999484323246 0
3 1 21.796051465896188 1

0 2 20.115961453169152 0
1 2 20.882677867352555 1
2 2 20.759505416769183 -1
3 2 21.053923273342324 0

0 3 20.051168683942024 0
1 3 20.247626474823235 0
2 3 20.719551658800626 0
3 3 21.490656215771395 0


# 20.0 20.0 1.7960514658961877
0 0 20.86704247002759 1
1 0 20.198002634925388 0
2 0 20.29068301434771 0
3 0 21.218490340028012 1

0 1 20.175952849583172 0
1 1 20.841197343965145 1
2 1 20.72968875596747 0
3 1 21.8166425327606 1

0 2 20.124408664946582 0
1 2 20.923982184525684 1
2 2 20.704174907235895 -1
3 2 21.05779617973116 0

0 3 20.05379103299735 0
1 3 20.257594061396542 0
2 3 20.718759591343844 0
3 3 21.458311261256526 0


# 20.0 20.0 1.8166425327606
0 0 20.9003164069207 1
1 0 20.214072885441325 0
2 0 20.304421351522347 0
3 0 21.2600774543984 1

0 1 20.19095389889067 0
1 1 20.88552424415272 1
2 1 20.73919285210909 0
3 1 21.83702834421952 1

0 2 20.13320822641579 0
1 2 20.963397056938863 1
2 2 20.652124259850048 -1
3 2 21.060738306566364 0

0 3 20.056544183263192 0
1 3 20.26763952079644 0
2 3 20.717108589010238 0
3 3 21.42714621859821 0


# 20.0 20.0 1.8370283442195188
0 0 20.93276533768354 1
1 0 20.230554355453094 0
2 0 20.318393550701934 0
3 0 21.300579728779113 1

0 1 20.206351808836285 0
1 1 20.928693033313436 1
2 1 20.748546465464873 0
3 1 21.857191527772024 1

0 2 20.142328997494786 0
1 2 21.001043427943255 1
2 2 20.60315153684506 -1
3 2 21.06283716908916 0

0 3 20.059428214885212 0
1 3 20.277729623705053 0
2 3 20.714686356821588 0
3 3 21.397099237039605 0


# 20.0 20.0 1.8571915277720237
0 0 20.964428659498406 1
1 0 20.24740925544623 0
2 0 20.332579446968737 0
3 0 21.340036110239954 1

0 1 20.22211044114884 0
1 1 20.97074508279443 1
2 1 20.757780246255123 0
3 1 21.87711732591261 1

0 2 20.151742164607732 0
1 2 21.037033764297405 1
2 2 20.55706831351406 -1
3 2 21.06417342650501 0

0 3 20.0624424606091 0
1 3 20.287834930490177 0
2 3 20.711573559607608 0
3 3 21.36811262833953 0


# 20.0 20.0 1.8771173259126108
0 0 20.995343464115603 1
1 0 20.264602082644032 0
2 0 20.346960131465718 0
3 0 21.378483739759854 1

0 1 20.2381957711588 0
1 1 21.011720661192562 1
2 1 20.766921191619897 0
3 1 21.896793338518897 1

0 2 20.16142105764699 0
1 2 21.071472683165254 1
2 2 20.513698724796157 -1
3 2 21.064821398891656 0

0 3 20.065585603884816 0
1 3 20.297929445569483 0
2 3 20.70784435968855 0
3 3 21.34013256282227 0


# 20.0 20.0 1.896793338518897
0 0 21.025544673653076 1
1 0 20.28209950076872 0
2 0 20.36151785912994 0
3 0 21.415958059500287 1

0 1 20.254575785480043 0
1 1 21.051658899387725 1
2 1 20.775993000284135 0
3 1 21.916209287805216 1

0 2 20.17134098209618 0
1 2 21.104457530995518 1
2 2 20.47287858148426 -1
3 2 21.064849545323547 0

0 3 20.06885576727695 0
1 3 20.307990300751097 0
2 3 20.703566913922323 0
3 3 21.313108788071617 0


# 20.0 20.0 1.9162092878052164
0 0 21.05506516883655 1
1 0 20.299870224864684 0
2 0 20.37623596446227 0
3 0 21.452492912385488 1

0 1 20.271220383093727 0
1 1 21.09059776588797 1
2 1 20.785016395466172 0
3 1 21.9353568039555 1

0 2 20.181479065024533 0
1 2 21.136078918065508 1
2 2 20.434454550846347 -1
3 2 21.06432090613444 0

0 3 20.072250592044288 0
1 3 20.317997465207938 0
2 3 20.698803833187096 0
3 3 21.2869943685729 0


# 20.0 20.0 1.9353568039555
0 0 21.083935910053935 1
1 0 20.317884911105217 0
2 0 20.39109878458234 0
3 0 21.488120634602065 1

0 1 20.288101279895386 0
1 1 21.128574051179736 1
2 1 20.794009418770564 0
3 1 21.954229229703454 1

0 2 20.191814113773564 0
1 2 21.166421212170455 1
2 2 20.39828339684887 -1
3 2 21.063293512018298 0

0 3 20.075767309678472 0
1 3 20.327933479929637 0
2 3 20.693612607137457 0
3 3 21.261745444734142 0


# 20.0 20.0 1.9542292297034543
0 0 21.112186051584 1
1 0 20.33611605148695 0
2 0 20.406091588888195 0
3 0 21.52287214157949 1

0 1 20.305191916738227 0
1 1 21.165623359913102 1
2 1 20.80298769757382 0
3 1 21.972821442269968 1

0 2 20.20232648625812 0
1 2 21.19556299466167 1
2 2 20.36423127553682 -1
3 2 21.06182076246402 0

0 3 20.0794028061243 0
1 3 20.337783214667674 0
2 3 20.688045996856946 0
3 3 21.237321009835565 0


# 20.0 20.0 1.972821442269968
0 0 21.13984304934568 1
1 0 20.354537873302263 0
2 0 20.421200514704356 0
3 0 21.55677700796632 1

0 1 20.322467370981425 0
1 1 21.201780109875504 1
2 1 20.811964688198916 0
3 1 21.99112969119818 1

0 2 20.21299797189649 0
1 2 21.22357748178163 1
2 2 20.33217308146267 -1
3 2 21.059951775830488 0

0 3 20.083153679342594 0
1 3 20.347533645547404 0
2 3 20.682152397831103 0
3 3 21.213682703565425 0


# 20.0 20.0 1.9911296911981786
0 0 21.16693276250064 1
1 0 20.373126243268533 0
2 0 20.43641250835998 0
3 0 21.58986354207423 1

0 1 20.339904271531477 0
1 1 21.237077536818845 1
2 1 20.820951896979444 0
3 1 22.009151450746465 1

0 2 20.223811682268703 0
1 2 21.25053291400928 1
2 2 20.301991841368267 -1
3 2 21.057731713193768 0

0 3 20.087016290820053 0
1 3 20.35717365166634 0
2 3 20.6759761754814 0
3 3 21.190794620901173 0


# 20.0 20.0 2.009151450746465
0 0 21.19347954922822 1
1 0 20.391858576184138 0
2 0 20.451715271191713 0
3 0 21.622158855222818 1

0 1 20.357480717346945 0
1 1 21.271547704305778 1
2 1 20.82995908113578 0
3 1 22.02688528560974 1

0 2 20.234751950679534 0
1 2 21.276492915913074 1
2 2 20.27357815161128 -1
3 2 21.055202077937096 0

0 3 20.09098681157868 0
1 3 20.366693829132032 0
2 3 20.669557975330914 0
3 3 21.168623135187946 0


# 20.0 20.0 2.0268852856097404
0 0 21.219506356978375 1
1 0 20.410713747974114 0
2 0 20.46709721001365 0
3 0 21.653688926382276 1

0 1 20.37517619936194 0
1 1 21.30522151783172 1
2 1 20.83899443122206 0
3 1 22.044330728840627 1

0 2 20.245804239873237 0
1 2 21.301516828810627 1
2 2 20.246829656093546 -1
3 2 21.052400992905202 0

0 3 20.095061263189912 0
1 3 20.376086321116464 0
2 3 20.662935009715792 0
3 3 21.14713673435263 0


# 20.0 20.0 2.0443307288406274
0 0 21.245034807495188 1
1 0 20.42967201298329 0
2 0 20.48254739164013 0
3 0 21.684478662478284 1

0 1 20.392971525771138 0
1 1 21.338128742561242 1
2 1 20.848064736753027 0
3 1 22.061488170934958 1

0 2 20.256955057211822 0
1 2 21.325660018351513 1
2 2 20.22165056169376 -1
3 2 21.049363456806958 0

0 3 20.099235554255014 0
1 3 20.38534466261744 0
2 3 20.656141322811695 0
3 3 21.12630586927136 0


# 20.0 20.0 2.0614881709349575
0 0 21.270085276890413 1
1 0 20.448714925371092 0
2 0 20.498055501086473 0
3 0 21.714551954693324 1

0 1 20.41084875060871 0
1 1 21.370298024091316 1
2 1 20.85717553648256 0
3 1 22.078358759131483 1

0 2 20.26819187668751 0
1 2 21.34897415897172 1
2 2 20.197951188433336 -1
3 2 21.0461215814231 0

0 3 20.10350551277349 0
1 3 20.394463638722193 0
2 3 20.649208035610727 0
3 3 21.106102813381995 0


# 20.0 20.0 2.0783587591314827
0 0 21.294676971034114 1
1 0 20.46782526446005 0
2 0 20.51361180310847 0
3 0 21.743931731071243 1

0 1 20.4287911055449 0
1 1 21.401756911720444 1
2 1 20.866331254680123 0
3 1 22.094944306054053 1

0 2 20.279503067194117 0
1 2 21.37150749701392 1
2 2 20.17564755181327 -1
3 2 21.04270481105832 0

0 3 20.10786691478464 0
1 3 20.403439155264774 0
2 3 20.642163572360598 0
3 3 21.08650153270127 0


# 20.0 20.0 2.094944306054053
0 0 21.318827996516944 1
1 0 20.486986963888878 0
2 0 20.529207106773598 0
3 0 21.77264000570661 1

0 1 20.446782934817193 0
1 1 21.432531883762664 1
2 1 20.87553532463632 0
3 1 22.111247206896596 1

0 2 20.290877826531354 0
1 2 21.393305094165715 1
2 2 20.154660974952886 -1
3 2 21.03914012556848 0

0 3 20.112315509633948 0
1 3 20.412268120857576 0
2 3 20.635033869863594 0
3 3 21.067477565469208 0


# 20.0 20.0 2.1112472068965964
0 0 21.342555427426806 1
1 0 20.506185044421102 0
2 0 20.544832732786276 0
3 0 21.800697924777367 1

0 1 20.464809633207523 0
1 1 21.462648374499224 1
2 1 20.8847903005234 0
3 1 22.12727036441737 1

0 2 20.30230612066112 0
1 2 21.414409052737412 1
2 2 20.134917728339463 -1
3 2 21.035452228193318 0

0 3 20.116847042185352 0
1 3 20.420948339358993 0
2 3 20.627842570927335 0
3 3 21.049007910701764 0


# 20.0 20.0 2.1272703644173703
0 0 21.365875368170986 1
1 0 20.525405550260892 0
2 0 20.56048048331599 0
3 0 21.828125809658182 1

0 1 20.482857586972784 0
1 1 21.492130802409196 1
2 1 20.89409795864006 0
3 1 22.14301712106974 1

0 2 20.313778627776102 0
1 2 21.43485872418062 1
2 2 20.116348695162465 -1
3 2 21.031663719332407 0

0 3 20.121457272272302 0
1 3 20.429478411914477 0
2 3 20.620611203161733 0
3 3 21.03107092498643 0


# 20.0 20.0 2.1430171210697395
0 0 21.388803012563635 1
1 0 20.5446354887294 0
2 0 20.57614261410105 0
3 0 21.85494319733254 1

0 1 20.500914117632913 0
1 1 21.52100259936375 1
2 1 20.9034593889817 0
3 1 22.15849119765257 1

0 2 20.325286686778536 0
1 2 21.454690902138584 1
2 2 20.09888906035804 -1
3 2 21.02779525731641 0

0 3 20.126141991654816 0
1 3 20.43785764777753 0
2 3 20.613359344226403 0
3 3 21.013646226905433 0


# 20.0 20.0 2.1584911976525696
0 0 21.41135269938769 1
1 0 20.563862773156995 0
2 0 20.591811808622463 0
3 0 21.881168878303868 1

0 1 20.51896742851869 0
1 1 21.549286240507843 1
2 1 20.912875077996272 0
3 1 22.17369663791456 1

0 2 20.336822249801582 0
1 2 21.473940001217272 1
2 2 20.08247802162993 -1
3 2 21.02386570714652 0

0 3 20.130897038726193 0
1 3 20.44608598318091 0
2 3 20.60610477454949 0
3 3 20.996714608517188 0


# 20.0 20.0 2.17369663791456
0 0 21.433537964629842 1
1 0 20.583076168849523 0
2 0 20.607481154162116 0
3 0 21.90682093218985 1

0 1 20.537006553980174 0
1 1 21.577003274587987 1
2 1 20.922344983311987 0
3 1 22.188637758593927 1

0 2 20.348377838437 0
1 2 21.49263822257287 1
2 2 20.067058520842664 -1
3 2 21.01989227810181 0

0 3 20.135718311191464 0
1 3 20.454163907587077 0
2 3 20.598863618461774 0
3 3 20.980257953369332 0


# 20.0 20.0 2.188637758593927
0 0 21.455371590577123 1
1 0 20.60226524198977 0
2 0 20.623144119577205 0
3 0 21.931916761169067 1

0 1 20.55502131115623 0
1 1 21.604174354516136 1
2 1 20.931868601155372 0
3 1 22.203319104418096 1

0 2 20.35994650336169 0
1 2 21.510815707325065 1
2 2 20.052576994302743 -1
3 2 21.015890651046618 0

0 3 20.140601776919958 0
1 3 20.4620923967009 0
2 3 20.591650474618856 0
3 3 20.964259160556022 0


# 20.0 20.0 2.203319104418096
0 0 21.4768656519541 1
1 0 20.621420311338767 0
2 0 20.638794534638922 0
3 0 21.956473121435664 1

0 1 20.573002254205655 0
1 1 21.63081926798766 1
2 1 20.941445027116085 0
3 1 22.217745407627717 1

0 2 20.371521787081907 0
1 2 21.528500678726342 1
2 2 20.038983140554308 -1
3 2 21.01187509620752 0

0 3 20.14554348315623 0
1 3 20.46987285167748 0
2 3 20.58447853651832 0
3 3 20.948702074368715 0


# 20.0 20.0 2.217745407627717
0 0 21.498031559270284 1
1 0 20.640532402605302 0
2 0 20.654426570797973 0
3 0 21.980506152805088 1

0 1 20.590940630901095 0
1 1 21.65695696799644 1
2 1 20.95107301085823 0
3 1 22.231921551625803 1

0 2 20.38309768953787 0
1 2 21.54571957394467 1
2 2 20.026229704418046 -1
3 2 21.007858582131753 0

0 3 20.15053956425719 0
1 3 20.477507044003666 0
2 3 20.577359703858033 0
3 3 20.933571419123318 0


# 20.0 20.0 2.2319215516258026
0 0 21.51888009953863 1
1 0 20.659593205355876 0
2 0 20.670034723252687 0
3 0 22.004031406602646 1

0 1 20.608828341488124 0
1 1 21.682605603112375 1
2 1 20.960751005325942 0
3 1 22.24585253838624 1

0 2 20.39466863633356 0
1 2 21.562497166249738 1
2 2 20.014272276096765 -1
3 2 21.003852876485496 0

0 3 20.15558624810798 0
1 3 20.484997065574102 0
2 3 20.570304685425526 0
3 3 20.91885273877781 0


# 20.0 20.0 2.2458525383862415
0 0 21.53942147451737 1
1 0 20.67859503234152 0
2 0 20.685613794207317 0
3 0 22.027063871956074 1

0 1 20.626657899713184 0
1 1 21.707782547406545 1
2 1 20.97047721094346 0
3 1 22.25954345928664 1

0 2 20.4062294493764 0
1 2 21.578856678331196 1
2 2 20.003069104258348 -1
3 2 20.999868639300978 0

0 3 20.160679861355497 0
1 3 20.492345283521338 0
2 3 20.563323094156345 0
3 3 20.904532340983298 0


# 20.0 20.0 2.2595434592866397
0 0 21.5596653366194 1
1 0 20.697530781121973 0
2 0 20.701158877218866 0
3 0 22.049618000603722 1

0 1 20.644422395926057 0
1 1 21.7325044299269 1
2 1 20.980249615266462 0
3 1 22.272999469058654 1

0 2 20.417775319729945 0
1 2 21.594819887420538 1
2 2 19.99258092208768 -1
3 2 20.995915509235893 0

0 3 20.165816833585716 0
1 3 20.499554299395392 0
2 3 20.556423534951374 0
3 3 20.890597245238148 0


# 20.0 20.0 2.2729994690586537
0 0 21.579620822625678 1
1 0 20.716393897872106 0
2 0 20.71666534254058 0
3 0 22.07170773032118 1

0 1 20.662115462164554 0
1 1 21.756787163643093 1
2 1 20.990066028501634 0
3 1 22.286225762574894 1

0 2 20.429301782499337 0
1 2 21.610407222835857 1
2 2 19.982770785373766 -1
3 2 20.99200218336623 0

0 3 20.170993700559368 0
1 3 20.506626912320943 0
2 3 20.54961368579861 0
3 3 20.877035134839552 0


# 20.0 20.0 2.286225762574894
0 0 21.599296585331594 1
1 0 20.735178343259662 0
2 0 20.732128823378865 0
3 0 22.093346507061064 1

0 1 20.679731239131332 0
1 1 21.780645973792968 1
2 1 20.999924115275 0
3 1 22.299227554215175 1

0 2 20.440804693584685 0
1 2 21.625637856520605 1
2 2 19.97360392176735 -1
3 2 20.988136490994712 0

0 3 20.1762071066101 0
1 3 20.513566085790615 0
2 3 20.54290037270384 0
3 3 20.86383431234971 0


# 20.0 20.0 2.299227554215175
0 0 21.61870082324835 1
1 0 20.7538785602878 0
2 0 20.747545202988437 0
3 0 22.114547305893307 1

0 1 20.697264344975327 0
1 1 21.80409542557561 1
2 1 21.00982142299636 0
3 1 22.31201005957675 1

0 2 20.4522802081514 0
1 2 21.640529787103034 1
2 2 19.96504759040809 -1
3 2 20.98432546192095 0

0 3 20.18145380629944 0
1 3 20.520374917780686 0
2 3 20.53628963889674 0
3 3 20.85098365831493 0


# 20.0 20.0 2.3120100595767497
0 0 21.637841308474567 1
1 0 20.772489444000175 0
2 0 20.762910602537602 0
3 0 22.13532265082652 1

0 1 20.714709845792783 0
1 1 21.82714945114669 1
2 1 21.019755407136564 0
3 1 22.324578479313136 1

0 2 20.463724760679384 0
1 2 21.655099917962268 1
2 2 19.9570709511795 -1
3 2 20.98057538958596 0

0 3 20.18673066541418 0
1 3 20.527056613901173 0
2 3 20.529786808743825 0
3 3 20.83847259299555 0


# 20.0 20.0 2.3245784793131357
0 0 21.596725412846997 0
1 0 20.790286312950542 0
2 0 20.778212729681986 0
3 0 22.155684529904708 1

0 1 20.731343227765564 0
1 1 21.849804095881428 1
2 1 21.029723142666683 0
3 1 22.33693797992787 1

0 2 20.475126406464554 0
1 2 21.6693638187092 1
2 2 19.949644935439352 -1
3 2 20.976891889323703 0

0 3 20.19203455770366 0
1 3 20.533614458339205 0
2 3 20.523396546617874 0
3 3 20.82629104087901 0


# 20.0 20.0 2.336937979927871
0 0 21.5575028524731 0
1 0 20.80732052394306 0
2 0 20.793440533393515 0
3 0 22.175644428987994 1

0 1 20.74721601245724 0
1 1 21.872056981252435 1
2 1 21.03972139697884 0
3 1 22.349093677354386 1

0 2 20.486474470059484 0
1 2 21.683335845552243 1
2 2 19.942742126679935 -1
3 2 20.973279952111067 0

0 3 20.197362380767114 0
1 3 20.540051788364206 0
2 3 20.517122911131 0
3 3 20.814429397766272 0


# 20.0 20.0 2.349093677354386
0 0 21.52008718822087 0
1 0 20.823640078371852 0
2 0 20.808584101843053 0
3 0 22.195213362894794 1

0 1 20.76237636360843 0
1 1 21.893907130366454 1
2 1 21.04974669435878 0
3 1 22.361050623017878 1

0 2 20.49775943739612 0
1 2 21.697029250759417 1
2 2 19.936336650299623 -1
3 2 20.969743994175406 0

0 3 20.202711069768622 0
1 3 20.54637197203282 0
2 3 20.51096940510468 0
3 3 20.802878500238048 0


# 20.0 20.0 2.361050623017878
0 0 21.484396246748684 0
1 0 20.839289844827732 0
2 0 20.82363456839062 0
3 0 22.214401904127484 1

0 1 20.77686931011101 0
1 1 21.915354809309548 1
2 1 21.059795372841773 0
3 1 22.372813792104864 1

0 2 20.50897285659315 0
1 2 21.710456282181788 1
2 2 19.930404071736884 -1
3 2 20.966287902788995 0

0 3 20.208077609200462 0
1 3 20.552578388765284 0
2 3 20.50493902161917 0
3 3 20.791629597322377 0


# 20.0 20.0 2.372813792104864
0 0 21.450351891724996 0
1 0 20.854311766578068 0
2 0 20.83858402504078 0
3 0 22.233220209384644 1

0 1 20.79073695377788 0
1 1 21.936401382967244 1
2 1 21.069863634207564 0
3 1 22.384388073793033 1

0 2 20.52010724675816 0
1 2 21.723628273719793 1
2 2 19.92492130228154 -1
3 2 20.96291507855262 0

0 3 20.213459042895526 0
1 3 20.558674412495954 0
2 3 20.49903428645636 0
3 3 20.78067432419888 0


# 20.0 20.0 2.3843880737930334
0 0 21.417879808267166 0
1 0 20.86874505497709 0
2 0 20.8534254427719 0
3 0 22.251678044045576 1

0 1 20.80401866297512 0
1 1 21.95704918409537 1
2 1 21.079947587800902 0
3 1 22.275778263218516 -1

0 2 20.5311560141494 0
1 2 21.73655572753751 1
2 2 19.919866511936196 -1
3 2 20.958188474445652 0

0 3 20.218852482471032 0
1 3 20.5646633971287 0
2 3 20.49325729722436 0
3 3 20.769987397787762 0


# 20.0 20.0 2.3843880737930334
0 0 21.386909299784975 0
1 0 20.88262636978788 0
2 0 20.868152598195092 0
3 0 22.2683448047969 1

0 1 20.816751253106524 0
1 1 21.97730139451759 1
2 1 21.08860328880087 0
3 1 22.171977214979858 -1

0 2 20.542113375112507 0
1 2 21.74924838876005 1
2 2 19.91518448875403 -1
3 2 20.952230347737196 0

0 3 20.22425511436897 0
1 3 20.570548664053536 0
2 3 20.48760913734808 0
3 3 20.759545925288425 0


# 20.0 20.0 2.3843880737930334
0 0 21.357373096467448 0
1 0 20.89598998732695 0
2 0 20.882725446041995 0
3 0 22.283340823756475 1

0 1 20.82896915486922 0
1 1 21.99714465741783 1
2 1 21.095954712624753 0
3 1 22.072732482560124 -1

0 2 20.55297428525376 0
1 2 21.76171469124532 1
2 2 19.9108257399613 -1
3 2 20.945153922905952 0

0 3 20.229664205643374 0
1 3 20.576333476574128 0
2 3 20.482090015281347 0
3 3 20.74932919923629 0


# 20.0 20.0 2.3843880737930334
0 0 21.329207174700976 0
1 0 20.908867335197147 0
2 0 20.89710893176717 0
3 0 22.29677865107317 1

0 1 20.840704363773185 0
1 1 22.01656860709586 1
2 1 21.102115715555378 0
3 1 21.977806297767014 -1

0 2 20.563734364401046 0
1 2 21.653961932321934 -1
2 2 19.905305963475932 -1
3 2 20.937046755669652 0

0 3 20.235077108331915 0
1 3 20.580581019229236 0
2 3 20.476664828822827 0
3 3 20.739317887077693 0


# 20.0 20.0 2.3843880737930334
0 0 21.302350576799384 0
1 0 20.921287244506814 0
2 0 20.911272535966575 0
3 0 22.30876356563934 1

0 1 20.851986623074268 0
1 1 22.03412553214076 1
2 1 21.107156285160922 0
3 1 21.88697403253844 -1

0 2 20.57294982906094 0
1 2 21.551687307697364 -1
2 2 19.958721939357297 0
3 2 20.928710958239208 0

0 3 20.240456702611446 0
1 3 20.583422322491188 0
2 3 20.472022451799383 0
3 3 20.72951124406336 0


# 20.0 20.0 2.3843880737930334
0 0 21.27674524244558 0
1 0 20.933258899964162 0
2 0 20.92518923446515 0
3 0 22.319394036480364 1

0 1 20.862809032148917 0
1 1 22.04994644489766 1
2 1 21.1118627632883 0
3 1 21.80004073626792 -1

0 2 20.58074537274987 0
1 2 21.455280349881843 -1
2 2 20.00831780454665 0
3 2 20.920159535411695 0

0 3 20.245770273660327 0
1 3 20.584995461850657 0
2 3 20.468071402949338 0
3 3 20.719907610537412 0


# 20.0 20.0 2.3843880737930334
0 0 21.252335228902894 0
1 0 20.944791677064856 0
2 0 20.938843868339617 0
3 0 22.32876246642236 1

0 1 20.873167377357266 0
1 1 22.06417024155368 1
2 1 21.116229822458955 0
3 1 21.716820847236185 -1

0 2 20.58724468310517 0
1 2 21.36436363138019 -1
2 2 20.05434444263481 0
3 2 20.851405709729306 -1

0 3 20.250989425548024 0
1 3 20.58542674597146 0
2 3 20.46472854961519 0
3 3 20.7097845476702 0


# 20.0 20.0 2.3843880737930334
0 0 21.229066669315454 0
1 0 20.955895395978636 0
2 0 20.952223078087673 0
3 0 22.336955544735044 1

0 1 20.883060126635954 0
1 1 22.076924657676546 1
2 1 21.120254547288546 0
3 1 21.6364177612733 -1

0 2 20.592561364617524 0
1 2 21.278585263604747 -1
2 2 20.096315598231193 0
3 2 20.78495688480677 -1

0 3 20.256089663555365 0
1 3 20.584831664361964 0
2 3 20.461901132254514 0
3 3 20.69919460015881 0


# 20.0 20.0 2.3843880737930334
0 0 21.206887735491474 0
1 0 20.9665802150026 0
2 0 20.965315192492305 0
3 0 22.34404594056977 1

0 1 20.89248808641067 0
1 1 22.088327171455752 1
2 1 21.123918837700128 0
3 1 21.558723275256742 -1

0 2 20.596799743466438 0
1 2 21.197608461081902 -1
2 2 20.134513073306216 0
3 2 20.720697867029546 -1

0 3 20.261050012561313 0
1 3 20.583315449729533 0
2 3 20.45950556217816 0
3 3 20.688186035703584 0


# 20.0 20.0 2.3843880737930334
0 0 21.18574859663074 0
1 0 20.976856537499437 0
2 0 20.97810981019686 0
3 0 22.350102283734703 1

0 1 20.901454092920055 0
1 1 22.098485522376293 1
2 1 21.127208713664157 0
3 1 21.4836330040691 -1

0 2 20.600055505039606 0
1 2 21.12111968955539 -1
2 2 20.169198827776643 0
3 2 20.658520771024897 -1

0 3 20.265852663566335 0
1 3 20.580973935824492 0
2 3 20.457466634158333 0
3 3 20.676803187280452 0


# 20.0 20.0 2.3843880737930334
0 0 21.16560137471707 0
1 0 20.986734923411944 0
2 0 20.99059774921832 0
3 0 22.355189370559703 1

0 1 20.90996272984301 0
1 1 22.107498529979924 1
2 1 21.130113832740804 0
3 1 21.411046305590105 -1

0 2 20.602416394823518 0
1 2 21.048826996717587 -1
2 2 20.200616422859063 0
3 2 20.598324489630606 -1

0 3 20.27048265164572 0
1 3 20.577894345910124 0
2 3 20.455716802996278 0
3 3 20.66508676804988 0


# 20.0 20.0 2.3843880737930334
0 0 21.146400097066316 0
1 0 20.99622601314382 0
2 0 21.002770994348484 0
3 0 22.359368360818817 1

0 1 20.91802007545204 0
1 1 22.11545684355754 1
2 1 21.132627055565507 0
3 1 21.3408661996275 -1

0 2 20.603962862926714 0
1 2 20.980458466578185 -1
2 2 20.228992356339074 0
3 2 20.540014204954318 -1

0 3 20.27492756269252 0
1 3 20.574156017369102 0
2 3 20.45419551897153 0
3 3 20.653074161087194 0


# 20.0 20.0 2.3843880737930334
0 0 21.12810064663508 0
1 0 21.00534046240627 0
2 0 21.014622643131336 0
3 0 22.362696965942444 1

0 1 20.92563347652049 0
1 1 22.122443628599623 1
2 1 21.134744054830733 0
3 1 21.272999281951872 -1

0 2 20.604768656753286 0
1 2 20.915760788091166 -1
2 2 20.254537298036972 0
3 2 20.48350093723915 -1

0 3 20.279177266525057 0
1 3 20.569831067522653 0
2 3 20.45284861749449 0
3 3 20.64079968594486 0


# 20.0 20.0 2.3843880737930334
0 0 21.11066071062334 0
1 0 21.014088886773457 0
2 0 21.02614685101038 0
3 0 22.365229628764062 1

0 1 20.932811346458344 0
1 1 22.128535195340685 1
2 1 21.136462963714937 0
3 1 21.207355634466513 -1

0 2 20.604901365982542 0
1 2 20.854497929385385 -1
2 2 20.277447233105203 0
3 2 20.428701128517304 -1

0 3 20.283223674132216 0
1 3 20.564985005338848 0
2 3 20.451627758652386 0
3 3 20.62829484389688 0


# 20.0 20.0 2.3843880737930334
0 0 21.09403972783968 0
1 0 21.022481814819262 0
2 0 21.037338776155526 0
3 0 22.36701769505602 1

0 1 20.939562985377048 0
1 1 22.133801574283893 1
2 1 21.137784060072754 0
3 1 21.143848732422672 -1

0 2 20.604422923678012 0
1 2 20.79644990961176 -1
2 2 20.297904520198404 0
3 2 20.375536258277794 -1

0 3 20.28706051701166 0
1 3 20.559677293337927 0
2 3 20.450489912678183 0
3 3 20.615588543568066 0


# 20.0 20.0 2.3843880737930334
0 0 21.078198835239807 0
1 0 21.030529648825002 0
2 0 21.04819452440444 0
3 0 22.36810957711593 1

0 1 20.945898419989632 0
1 1 22.138307043180255 1
2 1 21.138709483031732 0
3 1 21.082395349482024 -1

0 2 20.60339006704289 0
1 2 20.74141166103551 -1
2 2 20.31607887100916 0
3 2 20.32393248859884 -1

0 3 20.29068314672381 0
1 3 20.553961863662984 0
2 3 20.449396887684582 0
3 3 20.602707308515015 0


# 20.0 20.0 2.3843880737930334
0 0 21.06310081399695 0
1 0 21.03824263215333 0
2 0 21.058711094687066 0
3 0 22.368550909669786 1

0 1 20.95182826144071 0
1 1 22.142110609559538 1
2 1 21.139242978943063 0
3 1 21.022915461330317 -1

0 2 20.601854761057492 0
1 2 20.689191974569276 -1
2 2 20.33212825715827 0
3 2 20.27382033640173 -1

0 3 20.2940883529384 0
1 3 20.547887591971445 0
2 3 20.448314896293567 0
3 3 20.589675468200817 0


# 20.0 20.0 2.3843880737930334
0 0 21.04871003541619 0
1 0 21.045630822478845 0
2 0 21.06888632524331 0
3 0 22.368384698360558 1

0 1 20.957363579332597 0
1 1 22.145266452564567 1
2 1 21.139389673909353 0
3 1 20.965332148458504 -1

0 2 20.599864587975162 0
1 2 20.639612522465985 -1
2 2 20.34619974996352 0
3 2 20.225134370672333 -1

0 3 20.297274198391975 0
1 3 20.541498732514462 0
2 3 20.447214158057385 0
3 3 20.576515333690345 0


# 20.0 20.0 2.3843880737930334
0 0 21.034992406962942 0
1 0 21.052704070151982 0
2 0 21.07871884089215 0
3 0 22.367651461091786 1

0 1 20.96251579037066 0
1 1 22.147824327524244 1
2 1 21.139155870363766 0
3 1 20.90957149864878 -1

0 2 20.59746310541495 0
1 2 20.592506952372624 -1
2 2 20.358430298182864 0
3 2 20.17781293267036 -1

0 3 20.300239869305017 0
1 3 20.534835317505674 0
2 3 20.44606853481152 0
3 3 20.563247359287274 0


# 20.0 20.0 2.3843880737930334
0 0 21.02191531863855 0
1 0 21.05947200105026 0
2 0 21.08820800156475 0
3 0 22.366389362495045 1

0 1 20.967296560194026 0
1 1 22.14982993641085 1
2 1 21.13854886540399 0
3 1 20.855562509632364 -1

0 2 20.59469017556998 0
1 2 20.54772004739077 -1
2 2 20.368947448433406 0
3 2 20.13179787730644 -1

0 3 20.302985539926944 0
1 3 20.527933523635987 0
2 3 20.444855196325715 0
3 3 20.54989029123652 0


# 20.0 20.0 2.3843880737930334
0 0 21.009447589902493 0
1 0 21.065944003340686 0
2 0 21.09735385227391 0
3 0 22.3646343417881 1

0 1 20.971717717088477 0
1 1 22.151325267061814 1
2 1 21.137576788793417 0
3 1 20.80323699232246 -1

0 2 20.591582267848914 0
1 2 20.505106947199774 -1
2 2 20.377870012624108 0
3 2 20.087034334013765 -1

0 3 20.30551224998739 0
1 3 20.52082600836543 0
2 3 20.44355431382675 0
3 3 20.53646130452609 0


# 20.0 20.0 2.3843880737930334
0 0 20.99755941731115 0
1 0 21.07212921764014 0
2 0 21.106157074657062 0
3 0 22.362420234287484 1

0 1 20.975791176397426 0
1 1 22.152348903803215 1
2 1 21.136248458732215 0
3 1 20.752529474969318 -1

0 2 20.588172737082274 0
1 2 20.464532425676687 -1
2 2 20.385308686405143 0
3 2 20.043470485575995 -1

0 3 20.30782179393322 0
1 3 20.51354221841532 0
2 3 20.442148779158185 0
3 3 20.52297612873996 0


# 20.0 20.0 2.3843880737930334
0 0 20.986222323016403 0
1 0 21.078036530116975 0
2 0 21.114618940199104 0
3 0 22.359778886835155 1

0 1 20.979528874555555 0
1 1 22.15293631188964 1
2 1 21.134573253674628 0
3 1 20.703377108533637 -1

0 2 20.584492079254805 0
1 2 20.425870220795783 -1
2 2 20.39136662232815 0
3 2 20.001057363497022 -1

0 3 20.309916620923666 0
1 3 20.50610867269241 0
2 3 20.440623947518667 0
3 3 20.50944916383751 0


# 20.0 20.0 2.3843880737930334
0 0 20.975409104243884 0
1 0 21.083674568128053 0
2 0 21.122741265214398 0
3 0 22.356740267394066 1

0 1 20.98294271176888 0
1 1 22.153120097971346 1
2 1 21.132560998626815 0
3 1 20.65571957352944 -1

0 2 20.580568166567964 0
1 2 20.389002412912305 -1
2 2 20.396139961127055 0
3 2 19.959748658612074 -1

0 3 20.311799744641537 0
1 3 20.4985492217002 0
2 3 20.43896740188286 0
3 3 20.495893586665296 0


# 20.0 20.0 2.3843880737930334
0 0 20.965093783849866 0
1 0 21.089051698031103 0
2 0 21.130526367644016 0
3 0 22.353332569061962 1

0 1 20.986044502455258 0
1 1 22.15293024861303 1
2 1 21.13022186450369 0
3 1 20.609498988547333 -1

0 2 20.57642646349222 0
1 2 20.353818847831704 -1
2 2 20.39971832426692 0
3 2 19.91950054574412 -1

0 3 20.313474662056752 0
1 3 20.490885285330044 0
2 3 20.437168737358927 0
3 3 20.48232144894258 0


# 20.0 20.0 2.3843880737930334
0 0 20.95525156203711 0
1 0 21.094176024853326 0
2 0 21.137977025703997 0
3 0 22.349582308746747 1

0 1 20.988845932641844 0
1 1 22.15239434871757 1
2 1 21.127566279254342 0
3 1 20.56465982063329 -1

0 2 20.57209022533591 0
1 2 20.320216601339588 -1
2 2 20.40218527066647 0
3 2 19.880271521305776 -1

0 3 20.3149452803507 0
1 3 20.483136070774773 0
2 3 20.43521936387446 0
3 3 20.468743767402813 0


# 20.0 20.0 2.3843880737930334
0 0 20.945858769293714 0
1 0 21.09905539353407 0
2 0 21.14509643840285 0
3 0 22.345514420740297 1

0 1 20.991358523591053 0
1 1 22.151537781551756 1
2 1 21.124604849585186 0
3 1 20.521148797666264 -1

0 2 20.567580680735176 0
1 2 20.288099482120025 -1
2 2 20.403618720277105 0
3 2 19.842022252835086 -1

0 3 20.316215851276194 0
1 3 20.47531877216948 0
2 3 20.433112325709924 0
3 3 20.455170606718852 0


# 20.0 20.0 2.3843880737930334
0 0 20.93689282060464 0
1 0 21.10369739149235 0
2 0 21.151888187931743 0
3 0 22.341152345420824 1

0 1 20.993593600994927 0
1 1 22.15038391192758 1
2 1 21.12134829221873 0
3 1 20.478914822849976 -1

0 2 20.562917199356992 0
1 2 20.25737757022304 -1
2 2 20.404091346995646 0
3 2 19.804715439534785 -1

0 3 20.31729091228857 0
1 3 20.46744875343702 0
2 3 20.430842136515924 0
3 3 20.44161115578958 0


# 20.0 20.0 2.3843880737930334
0 0 20.92833217097272 0
1 0 21.108109352299657 0
2 0 21.15835620391788 0
3 0 22.336518113306887 1

0 1 20.995562269140226 0
1 1 22.148954253961637 1
2 1 21.117807373724933 0
3 1 20.437908891409077 -1

0 2 20.55811744600382 0
1 2 20.22796678845711 -1
2 2 20.403670943198648 0
3 2 19.76831568295909 -1

0 3 20.318175233839472 0
1 3 20.459539715698416 0
2 3 20.428404628558496 0
3 3 20.428073797919367 0


# 20.0 20.0 2.3843880737930334
0 0 20.92015627227498 0
1 0 21.112298360264926 0
2 0 21.16450472952089 0
3 0 22.331632424679 1

0 1 20.997275389503223 0
1 1 22.14726862471488 1
2 1 21.113992858052256 0
3 1 20.39808400955818 -1

0 2 20.553197522213257 0
1 2 20.19978850428107 -1
2 2 20.402420758011324 0
3 2 19.732789367060676 -1

0 3 20.31887377227619 0
1 3 20.451603850500472 0
2 3 20.425796815036215 0
3 3 20.414566175379434 0


# 20.0 20.0 2.3843880737930334
0 0 20.912345531470297 0
1 0 21.11627125576227 0
2 0 21.170338289342933 0
3 0 22.32651472497737 1

0 1 20.99874356328487 0
1 1 22.14534528490513 1
2 1 21.10991546096756 0
3 1 20.359395115792804 -1

0 2 20.548172096358407 0
1 2 20.172769159952882 -1
2 2 20.40039981126299 0
3 2 19.69810454687335 -1

0 3 20.319391627836556 0
1 3 20.44365198001336 0
2 3 20.42301676440456 0
3 3 20.40109524880111 0


# 20.0 20.0 2.3843880737930334
0 0 20.904881270165934 0
1 0 21.120034641153225 0
2 0 21.175861659115707 0
3 0 22.321183276177084 1

0 1 20.999977117444057 0
1 1 22.143201067783895 1
2 1 21.10558581068858 0
3 1 20.321799004534373 -1

0 2 20.543054523174156 0
1 2 20.146839928861958 -1
2 2 20.397663184932306 0
3 2 19.664230845163882 -1

0 3 20.31973400727269 0
1 3 20.43569368525927 0
2 3 20.420063485727482 0
3 3 20.387667351814965 0


# 20.0 20.0 2.3843880737930334
0 0 20.89774568554313 0
1 0 21.123594887174104 0
2 0 21.181079837121324 0
3 0 22.315655224334577 1

0 1 21.00098609382942 0
1 1 22.140851497176918 1
2 1 21.101014414060707 0
3 1 20.28525425214664 -1

0 2 20.53785695356041 0
1 2 20.12193639612773 -1
2 2 20.39426229374851 0
3 2 19.63113935643952 -1

0 3 20.319906190676708 0
1 3 20.427737423348763 0
2 3 20.416936824153876 0
3 3 20.374288241316748 0


# 20.0 20.0 2.3843880737930334
0 0 20.890921812635618 0
1 0 21.126958139676 0
2 0 21.185998017299084 0
3 0 22.309946663491882 1

0 1 21.00178024104906 0
1 1 22.13831089560339 1
2 1 21.096211627691364 0
3 1 20.249721145327953 -1

0 2 20.532590435445115 0
1 2 20.097998261691348 -1
2 2 20.390245136488296 0
3 2 19.598802557746655 -1

0 3 20.319913502117874 0
1 3 20.419790634623673 0
2 3 20.413637365688558 0
3 3 20.360963143710567 0


# 20.0 20.0 2.3843880737930334
0 0 20.884393487949435 0
1 0 21.13013032661983 0
2 0 21.19062156398616 0
3 0 22.304072696117945 1

0 1 21.002369008752975 0
1 1 22.13559248331149 1
2 1 21.091187633511545 0
3 1 20.21516161187269 -1

0 2 20.527265006427168 0
1 2 20.074969064260372 -1
2 2 20.385656529391344 0
3 2 19.56719422574099 -1

0 3 20.31976128373424 0
1 3 20.411859840533676 0
2 3 20.410166350493267 0
3 3 20.347696797451796 0


# 20.0 20.0 2.3843880737930334
0 0 20.87814531440773 0
1 0 21.13311716524226 0
2 0 21.1949559882372 0
3 0 22.29804749025902 1

0 1 21.002761544035106 0
1 1 22.13270846899713 1
2 1 21.085952418284972 0
3 1 20.181539153785458 -1

0 2 20.521889778861585 0
1 2 20.05279592458928 -1
2 2 20.380538323009862 0
3 2 19.536289359550835 -1

0 3 20.31945487295255 0
1 3 20.403950733007683 0
2 3 20.40652559401418 0
3 3 20.33449349218631 0


# 20.0 20.0 2.3843880737930334
0 0 20.872162627600378 0
1 0 21.135924169320102 0
2 0 21.199006925665607 0
3 0 22.291884333563107 1

0 1 21.002966689691142 0
1 1 22.129670132907894 1
2 1 21.08051575663172 0
3 1 20.148818782723417 -1

0 2 20.516473017996194 0
1 2 20.031429306692054 -1
2 2 20.374929603708054 0
3 2 19.506064108993115 -1

0 3 20.318999582538307 0
1 3 20.396068256020296 0
2 3 20.40271741528856 0
3 3 20.321357104758984 0


# 20.0 20.0 2.3843880737930334
0 0 20.8664314633149 0
1 0 21.13855665647132 0
2 0 21.202780115747647 0
3 0 22.28559568433649 1

0 1 21.002992984094742 0
1 1 22.126487902974993 1
2 1 21.074887197175247 0
3 1 20.11696695773509 -1

0 2 20.511022213720256 0
1 2 20.01082279568792 -1
2 2 20.368866880935805 0
3 2 19.476495707736564 -1

0 3 20.318400683203816 0
1 3 20.38821667999761 0
2 3 20.39874457183475 0
3 3 20.308291132342518 0


# 20.0 20.0 2.3843880737930334
0 0 20.860938526322357 0
1 0 21.141019755440063 0
2 0 21.206281382529667 0
3 0 22.27919321978355 1

0 1 21.002848662478975 0
1 1 22.12317142456158 1
2 1 21.06907605145998 0
3 1 20.08595152525798 -1

0 2 20.505544146440453 0
1 2 19.990932891078124 -1
2 2 20.362384261316198 0
3 2 19.44756241103863 -1

0 3 20.317663388525734 0
1 3 20.380399669654974 0
2 3 20.394610200577457 0
3 3 20.29529872291758 0


# 20.0 20.0 2.3843880737930334
0 0 20.855671160389782 0
1 0 21.143318413321353 0
2 0 21.2095166166782 0
3 0 22.272687881574576 1

0 1 21.00254165943156 0
1 1 22.119729624366116 1
2 1 21.06309138532132 0
3 1 20.05574166133236 -1

0 2 20.50004494755838 0
1 2 19.971718814341124 -1
2 2 20.355513610508364 0
3 2 19.419243437712105 -1

0 3 20.316792841945368 0
1 3 20.372620345811832 0
2 3 20.390317764304058 0
3 3 20.28238270331674 0


# 20.0 20.0 2.3843880737930334
0 0 20.850617319488784 0
1 0 21.145457402688255 0
2 0 21.212491758812725 0
3 0 22.266089918879633 1

0 1 21.002079612432393 0
1 1 22.11617076897394 1
2 1 21.056942012421427 0
3 1 20.02630781598456 -1

0 2 20.494530154985554 0
1 2 19.953142329816107 -1
2 2 20.348284703735008 0
3 2 19.39151891600463 -1

0 3 20.315794105644905 0
1 3 20.364881341684917 0
2 3 20.38587100318813 0
3 3 20.26954560502765 0


# 20.0 20.0 2.3843880737930334
0 0 20.845765540168635 0
1 0 21.147441328590812 0
2 0 21.215212784061293 0
3 0 22.259408929000518 1

0 1 21.00146986627977 0
1 1 22.11250251850849 1
2 1 21.05063648969267 0
3 1 19.99762165972958 -1

0 2 20.48900476409705 0
1 2 19.935167577921238 -1
2 2 20.340725365797407 0
3 2 19.364369833099094 -1

0 3 20.314672151111072 0
1 3 20.357184854120796 0
2 3 20.381273890953576 0
3 3 20.256789687935285 0


# 20.0 20.0 2.3843880737930334
0 0 20.84110491506101 0
1 0 21.149274635401568 0
2 0 21.217685687779856 0
3 0 22.252653895726613 1

0 1 21.000719478268017 0
1 1 22.108731975795482 1
2 1 21.04418311445665 0
3 1 19.96965603214033 -1

0 2 20.483473274492578 0
1 2 19.917760919823493 -1
2 2 20.332861601339125 0
3 2 19.337777987965907 -1

0 3 20.313431851214435 0
1 3 20.34953269019162 0
2 3 20.376530595287118 0
3 3 20.24411696216865 0


# 20.0 20.0 2.3843880737930334
0 0 20.83662506748285 0
1 0 21.1509616134874 0
2 0 21.21991647237715 0
3 0 22.245833225534664 1

0 1 20.999835223994012 0
1 1 22.10486573141844 1
2 1 21.03758992301003 0
3 1 19.94238489242856 -1

0 2 20.47793973290427 0
1 2 19.900890792742207 -1
2 2 20.32471771606291 0
3 2 19.31172594731926 -1

0 3 20.312077973647867 0
1 3 20.341926309543698 0
2 3 20.371645442138362 0
3 3 20.23152920820407 0


# 20.0 20.0 2.3843880737930334
0 0 20.832316127103244 0
1 0 21.152506405691714 0
2 0 21.221911135188147 0
3 0 22.238954781746816 1

0 1 20.998823603683373 0
1 1 22.100909905011882 1
2 1 21.03086469048985 0
3 1 19.915783271981233 -1

0 2 20.472407772563173 0
1 2 19.88452757512876 -1
2 2 20.316316429552806 0
3 2 19.28619700444871 -1

0 3 20.310615175581827 0
1 3 20.33436686285705 0
2 3 20.366622883575918 0
3 3 20.219027995365018 0


# 20.0 20.0 2.3843880737930334
0 0 20.828168706640028 0
1 0 21.153913013614744 0
2 0 21.22367565734046 0
3 0 22.23202591675579 1

0 1 20.997690848939254 0
1 1 22.096870183109385 1
2 1 21.024014931850143 0
3 1 19.889827228794676 -1

0 2 20.466880649311317 0
1 2 19.868643461020547 -1
2 2 20.307678980305017 0
3 2 19.26117514071544 -1

0 3 20.3090479994069 0
1 3 20.326855226745092 0
2 3 20.36146746889471 0
3 3 20.206614698847197 0


# 20.0 20.0 2.3843880737930334
0 0 20.824173879551633 0
1 0 21.15518530368294 0
2 0 21.22521599355963 0
3 0 22.225053502420835 1

0 1 20.996442929827474 0
1 1 22.092751853836706 1
2 1 21.017047903799288 0
3 1 19.864493803748527 -1

0 2 20.461361274723302 0
1 2 19.853212342918884 -1
2 2 20.298825223526315 0
3 2 19.236644989518858 -1

0 3 20.307380869445872 0
1 3 20.319392035396913 0
2 3 20.356183818694376 0
3 3 20.194290515387255 0


# 20.0 20.0 2.3843880737930334
0 0 20.8203231586899 0
1 0 21.15632701300129 0
2 0 21.226538062860783 0
3 0 22.218043958732995 1

0 1 20.995085562221718 0
1 1 22.088559838715838 1
2 1 21.00997060756314 0
3 1 19.83976097866087 -1

0 2 20.45585224647996 0
1 2 19.838209702588205 -1
2 2 20.289773722217426 0
3 2 19.212591802554254 -1

0 3 20.305618089528345 0
1 3 20.311977709239972 0
2 3 20.35077660167135 0
3 3 20.18205647768402 0


# 20.0 20.0 2.3843880737930334
0 0 20.81660847587974 0
1 0 21.157341754984714 0
2 0 21.227647740076 0
3 0 22.21100328084345 1

0 1 20.993624215341313 0
1 1 22.084298721823206 1
2 1 21.00278979235344 0
3 1 19.815607636066126 -1

0 2 20.450355876217298 0
1 2 19.823612509217945 -1
2 2 20.280541832020553 0
3 2 19.189001418196224 -1

0 3 20.303763841330813 0
1 3 20.304612480878536 0
2 3 20.34525051388815 0
3 3 20.16991346767241 0


# 20.0 20.0 2.3843880737930334
0 0 20.81302216239198 0
1 0 21.15823302476685 0
2 0 21.228550848168375 0
3 0 22.2039370645439 1

0 1 20.992064119422167 0
1 1 22.079972776524816 1
2 1 20.995511959433834 0
3 1 19.792013520657438 -1

0 2 20.444874215055822 0
1 2 19.80939912442924 -1
2 2 20.271145780274935 0
3 2 19.16586023185524 -1

0 3 20.301822183394115 0
1 3 20.297296418542174 0
2 3 20.33961026030272 0
3 3 20.157862228742097 0


# 20.0 20.0 2.3843880737930334
0 0 20.809556930276138 0
1 0 21.159004204386274 0
2 0 21.28925315128567 1
3 0 22.077570530283637 -1

0 1 20.99041027346872 0
1 1 22.07558598999224 1
2 1 20.988863366687532 0
3 1 19.767536482335743 -1

0 2 20.439409076998984 0
1 2 19.79554921364634 -1
2 2 20.26160937969164 0
3 2 19.143138199206554 -1

0 3 20.29979705073842 0
1 3 20.290029447259652 0
2 3 20.333860642038328 0
3 3 20.14590317460232 0


# 20.0 20.0 2.3843880737930334
0 0 20.806205854520456 0
1 0 21.160378567751632 0
2 0 21.345826268508347 1
3 0 21.956138344203556 -1

0 1 20.988667453041174 0
1 1 21.951159365686134 -1
2 1 20.981311503041194 0
3 1 19.742267006635057 -1

0 2 20.43396206037414 0
1 2 19.780603974427454 -1
2 2 20.251919101291005 0
3 2 19.120807466230218 -1

0 3 20.29769225500344 0
1 3 20.282794092932377 0
2 3 20.328005891498627 0
3 3 20.134036420609384 0


# 20.0 20.0 2.3843880737930334
0 0 20.802970996007232 0
1 0 21.160842147468482 0
2 0 21.398481069167556 1
3 0 21.839406340721858 -1

0 1 20.985400529078255 0
1 1 21.832401613981386 -1
2 1 20.972909376388117 0
3 1 19.716289270556466 -1

0 2 20.428500014940536 0
1 2 19.764682361532678 -1
2 2 20.242063845576833 0
3 2 19.09884222708946 -1

0 3 20.29551086311779 0
1 3 20.275575130423007 0
2 3 20.322049748814994 0
3 3 20.122261813178298 0


# 20.0 20.0 2.3843880737930334
0 0 20.799818952269533 0
1 0 21.16045519689983 0
2 0 21.447418115230636 1
3 0 21.727152201085318 -1

0 1 20.980742353831268 0
1 1 21.718991807974103 -1
2 1 20.963706882793545 0
3 1 19.749681536924715 0

0 2 20.422994241254813 0
1 2 19.747893108481854 -1
2 2 20.232034684595302 0
3 2 19.07793858996808 -1

0 3 20.293255304505685 0
1 3 20.268359352886872 0
2 3 20.31599552957269 0
3 3 20.11058759733837 0


# 20.0 20.0 2.3843880737930334
0 0 20.7967198405966 0
1 0 21.159273635795653 0
2 0 21.492828147027044 1
3 0 21.619884838053668 -1

0 1 20.97481564564826 0
1 1 21.61062847246398 -1
2 1 20.954471026511587 0
3 1 19.780022445828276 0

0 2 20.41742005182574 0
1 2 19.79033555001599 0
2 2 20.22256190808755 0
3 2 19.11802323260447 0

0 3 20.29092746640003 0
1 3 20.26185536261749 0
2 3 20.309863775747157 0
3 3 20.099741087934408 0


# 20.0 20.0 2.3843880737930334
0 0 20.79364699771245 0
1 0 21.157349386498677 0
2 0 21.534909827864677 1
3 0 21.517348171168052 -1

0 1 20.967733734795058 0
1 1 21.507756982159563 -1
2 1 20.945199431206312 0
3 1 19.808228353123233 0

0 2 20.41247637066359 0
1 2 19.82925525109756 0
2 2 20.21430703678721 0
3 2 19.156533574569224 0

0 3 20.288546058409004 0
1 3 20.2559894184106 0
2 3 20.303689947683363 0
3 3 20.0896730910358 0


# 20.0 20.0 2.3843880737930334
0 0 20.790576703250327 0
1 0 21.154739634425027 0
2 0 21.573851061935954 1
3 0 21.419308589986713 -1

0 1 20.959618638606546 0
1 1 21.41005040247993 -1
2 1 20.935907100760325 0
3 1 19.834423753475853 0

0 2 20.408081402473076 0
1 2 19.864912138166687 0
2 2 20.20715281215558 0
3 2 19.193534160317324 0

0 3 20.286127250156884 0
1 3 20.25069461486944 0
2 3 20.29750521609739 0
3 3 20.080337332275487 0


# 20.0 20.0 2.3843880737930334
0 0 20.787488241209694 0
1 0 21.151497246246684 0
2 0 21.60982987257857 1
3 0 21.325544524259843 -1

0 1 20.950582096339023 0
1 1 21.317202766139044 -1
2 1 20.926606870376016 0
3 1 19.858726182489306 0

0 2 20.40416144138516 0
1 2 19.897546895149276 0
2 2 20.200991794875392 0
3 2 19.229086389299678 0

0 3 20.28368494182629 0
1 3 20.2459102856818 0
2 3 20.291336869975293 0
3 3 20.07169026742487 0


# 20.0 20.0 2.3843880737930334
0 0 20.784363616637172 0
1 0 21.14767111696858 0
2 0 21.643014888069523 1
3 0 21.235845814233194 -1

0 1 20.94072638218272 0
1 1 21.228927648540488 -1
2 1 20.917309666765664 0
3 1 19.88124658526834 0

0 2 20.400650159476882 0
1 2 19.927382402845005 0
2 2 20.195725572668 0
3 2 19.263248710053425 0

0 3 20.28123100926245 0
1 3 20.241581457068158 0
2 3 20.285208689002264 0
3 3 20.063690906586242 0


# 20.0 20.0 2.3843880737930334
0 0 20.78118729642805 0
1 0 21.143306488052357 0
2 0 21.673565806399218 1
3 0 21.15001311362081 -1

0 1 20.93014505538439 0
1 1 21.144956844767112 -1
2 1 20.908024740470143 0
3 1 19.902089667456803 0

0 2 20.397487954388755 0
1 2 19.954625069455147 0
2 2 20.19126403168771 0
3 2 19.29607679949995 0

0 3 20.278775525866482 0
1 3 20.237658347283183 0
2 3 20.279141283490855 0
3 3 20.056300650945026 0


# 20.0 20.0 2.3843880737930334
0 0 20.777945972277884 0
1 0 21.138445239035487 0
2 0 21.701633839647968 1
3 0 21.067857323615716 -1

0 1 20.91892365231545 0
1 1 21.065039140633605 -1
2 1 20.89875987308069 0
3 1 19.92135422937797 0

0 2 20.394621351276072 0
1 2 19.979466060571866 0
2 2 20.18752468636642 0
3 2 19.327623728721225 0

0 3 20.276326963318 0
1 3 20.234095908385857 0
2 3 20.273152404532606 0
3 3 20.049483141110052 0


# 20.0 20.0 2.3843880737930334
0 0 20.77462834397209 0
1 0 21.13312615488704 0
2 0 21.727362138601755 1
3 0 20.989199056381306 -1

0 1 20.90714032494878 0
1 1 20.988939170845054 -1
2 1 20.88952156187511 0
3 1 19.939133483907828 0

0 2 20.392002454708543 0
1 2 20.002082436308086 0
2 2 20.184432062998077 0
3 2 19.357940116371125 0

0 3 20.273892372995682 0
1 3 20.23085340679969 0
2 3 20.26725722687313 0
3 3 20.04320411614902 0


# 20.0 20.0 2.3843880737930334
0 0 20.771224921347123 0
1 0 21.127385171151314 0
2 0 21.750886198253376 1
3 0 20.913868126537512 -1

0 1 20.89486642986374 0
1 1 20.916436357834872 -1
2 1 20.880315184141036 0
3 1 19.955515358708293 0

0 2 20.389588446480793 0
1 2 20.022638202654658 0
2 2 20.18191713273465 0
3 2 19.38707427077464 0

0 3 20.271477549807205 0
1 3 20.227894039466122 0
2 3 20.261468606804655 0
3 3 20.037431282498606 0


# 20.0 20.0 2.3843880737930334
0 0 20.76772784339081 0
1 0 21.121255598756708 0
2 0 21.772334244839957 1
3 0 20.841703069224742 -1

0 1 20.88216707158194 0
1 1 20.84732392534441 -1
2 1 20.871145143241794 0
3 1 19.97058278344144 0

0 2 20.387341125617127 0
1 2 20.04128528360518 0
2 2 20.179916790016502 0
3 2 19.415072321673584 0

0 3 20.269087179995143 0
1 3 20.225184582653405 0
2 3 20.255797317180882 0
3 3 20.03213419199491 0


# 20.0 20.0 2.3843880737930334
0 0 20.764130713072802 0
1 0 21.114768330208012 0
2 0 21.791827605068775 1
3 0 20.772550683394773 -1

0 1 20.86910160374391 0
1 1 20.781407981257463 -1
2 1 20.8620149982836 0
3 1 19.984413962577122 0

0 2 20.38522648714934 0
1 2 20.058164420085053 0
2 2 20.17837337278239 0
3 2 19.441978342491545 0

0 3 20.26672497435295 0
1 3 20.22269507072139 0
2 3 20.25025226148527 0
3 3 20.027284128330816 0


# 20.0 20.0 2.3843880737930334
0 0 20.760428446609605 0
1 0 21.107952028734505 0
2 0 21.80948105818084 1
3 0 20.706265599041657 -1

0 1 20.855724091366863 0
1 1 20.718506664618744 -1
2 1 20.852927579063895 0
3 1 19.997082634396047 0

0 2 20.383214336518726 0
1 2 20.073406001256664 0
2 2 20.177234221100402 0
3 2 19.467834463912826 0

0 3 20.264393788163126 0
1 3 20.220398502361952 0
2 3 20.244840668724404 0
3 3 20.022854001302555 0


# 19.880000000000003 20.0 2.3843880737930334
0 0 20.755897135972877 0
1 0 21.100464661832927 0
2 0 21.825038747816507 1
3 0 20.64198549406271 -1

0 1 20.841715097174777 0
1 1 20.658440504788985 -1
2 1 20.84388060856605 0
3 1 20.008289570549913 0

0 2 20.380913513024076 0
1 2 20.087126354091648 0
2 2 20.17645116363112 0
3 2 19.49231655325429 0

0 3 20.261371355973885 0
1 3 20.21790182580823 0
2 3 20.23920384452688 0
3 3 20.01808950202904 0


# 19.760000000000005 20.0 2.3843880737930334
0 0 20.749830996185946 0
1 0 21.091964869021442 0
2 0 21.838241092068017 1
3 0 20.578872384227868 -1

0 1 20.826753283261425 0
1 1 20.6010320619384 -1
2 1 20.834862506013128 0
3 1 20.01773402590876 0

0 2 20.37793815739699 0
1 2 20.099424167600546 0
2 2 20.175971192633565 0
3 2 19.515100794664466 0

0 3 20.25695206695729 0
1 3 20.214816910073303 0
2 3 20.23298381431358 0
3 3 20.01225529526373 0


# 19.640000000000008 20.0 2.3843880737930334
0 0 20.742261698150646 0
1 0 21.08248076274843 0
2 0 21.849189554037032 1
3 0 20.516836061355015 -1

0 1 20.810884428374276 0
1 1 20.546114345342193 -1
2 1 20.825857215139557 0
3 1 20.0254827256745 0

0 2 20.374271882741503 0
1 2 20.110385899525205 0
2 2 20.175736508070866 0
3 2 19.53622825563667 0

0 3 20.251170858060604 0
1 3 20.211129086713015 0
2 3 20.226187944792983 0
3 3 20.005363099039393 0


# 19.52000000000001 20.0 2.3843880737930334
0 0 20.733220659310696 0
1 0 21.072038865417273 0
2 0 21.85798037847042 1
3 0 20.455791520395973 -1

0 1 20.794150565031288 0
1 1 20.49353004730713 -1
2 1 20.816848824727135 0
3 1 20.03159887440529 0

0 2 20.369900951537765 0
1 2 20.12009093547154 0
2 2 20.175693427211005 0
3 2 19.555738533707796 0

0 3 20.24406106762943 0
1 3 20.206825744445798 0
2 3 20.21882263836003 0
3 3 19.997424761538788 0


# 19.400000000000013 20.0 2.3843880737930334
0 0 20.722738988740893 0
1 0 21.06066422604397 0
2 0 21.864704857428666 1
3 0 20.395658670443726 -1

0 1 20.776590281151 0
1 1 20.44313093624511 -1
2 1 20.807821618283715 0
3 1 20.03614234754949 0

0 2 20.3648140189842 0
1 2 20.12861214009154 0
2 2 20.175792081870195 0
3 2 19.573669825583572 0

0 3 20.23565454635593 0
1 3 20.201896135076765 0
2 3 20.21089344329074 0
3 3 19.988452229349882 0


# 19.280000000000015 20.0 2.3843880737930334
0 0 20.710847439232563 0
1 0 21.048380527345 0
2 0 21.869449583209533 1
3 0 20.336362061476862 -1

0 1 20.7582389980762 0
1 1 20.394777290710906 -1
2 1 20.79876011624618 0
3 1 20.03916987299209 0

0 2 20.35900189840115 0
1 2 20.136016366239854 0
2 2 20.175986138956752 0
3 2 19.590058991804646 0

0 3 20.225981759088853 0
1 3 20.196331196226975 0
2 3 20.202405153446932 0
3 3 19.978457518836304 0


# 19.160000000000018 20.0 2.3843880737930334
0 0 20.697576365725244 0
1 0 21.03521018407226 0
2 0 21.872296689056277 1
3 0 20.277830626008274 -1

0 1 20.73912922681505 0
1 1 20.34833737147726 -1
2 1 20.78964911153615 0
3 1 20.04073520307861 0

0 2 20.352457346894028 0
1 2 20.142364925303003 0
2 2 20.176232542471915 0
3 2 19.604941617321494 0

0 3 20.215071878279108 0
1 3 20.19012338946979 0
2 3 20.193361898411496 0
3 3 19.96745269034699 0


# 19.04000000000002 20.0 2.3843880737930334
0 0 20.682955689489784 0
1 0 21.021174433341503 0
2 0 21.873324078166544 1
3 0 20.219997434846917 -1

0 1 20.71929080418315 0
1 1 20.303686928938717 -1
2 1 20.780473699214284 0
3 1 20.040889277565903 0

0 2 20.34517486961766 0
1 2 20.147714021654437 0
2 2 20.176491275272483 0
3 2 19.618352068312216 0

0 3 20.202952869770108 0
1 3 20.18326655259009 0
2 3 20.183767224896727 0
3 3 19.95544982501301 0


# 18.920000000000023 20.0 2.3843880737930334
0 0 20.667014867518446 0
1 0 21.006293417636645 0
2 0 21.872605641503924 1
3 0 20.162799466221266 -1

0 1 20.698751110400355 0
1 1 20.260708743336526 -1
2 1 20.771219300904143 0
3 1 20.039680377933387 0

0 2 20.33715054111562 0
1 2 20.1521151539628 0
2 2 20.176725139036314 0
3 2 19.630323545546897 0

0 3 20.189651571582854 0
1 3 20.175755764786615 0
2 3 20.173624170197094 0
3 3 19.942461003901467 0


# 18.800000000000026 20.0 2.3843880737930334
0 0 20.649782866624225 0
1 0 20.99058626111348 0
2 0 21.870211464899626 1
3 0 20.1061773875513 -1

0 1 20.677535269576456 0
1 1 20.219292195483057 -1
2 1 20.76187168458897 0
3 1 20.03715427347243 0

0 2 20.328381842330227 0
1 2 20.15561548587222 0
2 2 20.17689955099703 0
3 2 19.64088813457438 0

0 3 20.175193766291272 0
1 3 20.167587223733904 0
2 3 20.162935328392404 0
3 3 19.928498289316614 0


# 18.680000000000028 20.0 2.3843880737930334
0 0 20.631288141794034 0
1 0 20.974071139772835 0
2 0 21.866208025916798 1
3 0 20.050075349192124 -1

0 1 20.65566633440953 0
1 1 20.179332865835594 -1
2 1 20.752416980323364 0
3 1 20.033354359555666 0

0 2 20.318867511991233 0
1 2 20.158258188381048 0
2 2 20.17698235612923 0
3 2 19.650076852982274 0

0 3 20.159604247533487 0
1 3 20.158758133508762 0
2 3 20.151702909947378 0
3 3 19.913573708056372 0


# 18.56000000000003 20.0 2.3843880737930334
0 0 20.611558618379636 0
1 0 20.95676534602396 0
2 0 21.860658380934765 1
3 0 19.99444078950709 -1

0 1 20.63316545631881 0
1 1 20.140732159928053 -1
2 1 20.742841692346413 0
3 1 20.028321788472358 0

0 2 20.3086074111944 0
1 2 20.160082756067883 0
2 2 20.176943653571154 0
3 2 19.657919694958217 0

0 3 20.14290688115872 0
1 3 20.14926660246748 0
2 3 20.13992879529873 0
3 3 19.897699236449427 0


# 18.440000000000033 20.0 2.3843880737930334
0 0 20.590621677746082 0
1 0 20.938685348114262 0
2 0 21.853622342895118 1
3 0 19.939224250661248 -1

0 1 20.61005204213984 0
1 1 20.10339695831553 -1
2 1 20.733132708032837 0
3 1 20.022095593200348 0

0 2 20.297602400076634 0
1 2 20.161125299149795 0
2 2 20.176755636169013 0
3 2 19.664445673359797 0

0 3 20.125124661467535 0
1 3 20.13911155023484 0
2 3 20.127614582970423 0
3 3 19.88088678701321 0


# 18.320000000000036 20.0 2.3843880737930334
0 0 20.56850414603027 0
1 0 20.919846844860356 0
2 0 21.845156650136175 1
3 0 19.884379204557483 -1

0 1 20.58634389842304 0
1 1 20.067239289321975 -1
2 1 20.723277304073193 0
3 1 20.01471280446982 0

0 2 20.2858542255819 0
1 2 20.161418813206296 0
2 2 20.176392442116217 0
3 2 19.669682859481878 0

0 3 20.106279762964505 0
1 3 20.12829262303467 0
2 3 20.114761632711634 0
3 3 19.86314819658706 0


# 18.20000000000004 20.0 2.3843880737930334
0 0 20.54523228569258 0
1 0 20.900264816078028 0
2 0 21.83531512672696 1
3 0 19.829861888367777 -1

0 1 20.56205736429643 0
1 1 20.032176023006368 -1
2 1 20.713263150233512 0
3 1 20.006208561459086 0

0 2 20.273365419393066 0
1 2 20.160993428262998 0
2 2 20.175830017742918 0
3 2 19.67365842069311 0

0 3 20.086393588006917 0
1 3 20.116810116654992 0
2 3 20.101371104109564 0
3 3 19.844495215807555 0


# 18.08000000000004 20.0 2.3843880737930334
0 0 20.520831789572142 0
1 0 20.879953569074416 0
2 0 21.824148834696537 1
3 0 19.775631149140406 -1

0 1 20.53720743377964 0
1 1 19.99812858487827 -1
2 1 20.703078311007626 0
3 1 19.996616216447897 0

0 2 20.26013920517915 0
1 2 20.159876638799837 0
2 2 20.17504599058658 0
3 2 19.6763986560981 0

0 3 20.06548681070068 0
1 3 20.104664906398803 0
2 3 20.087443991090478 0
3 3 19.824939499804746 0


# 17.960000000000043 20.0 2.3843880737930334
0 0 20.495327777181796 0
1 0 20.85892678153437 0
2 0 21.81170621853947 1
3 0 19.7216482969912 -1

0 1 20.511807868367764 0
1 1 19.965022688000627 -1
2 1 20.692711245442155 0
3 1 19.985967433739464 0

0 2 20.246179414376044 0
1 2 20.15809351612979 0
2 2 20.174019551943548 0
3 2 19.677929030367835 0

0 3 20.043579417364754 0
1 3 20.091858383425073 0
2 3 20.072981152686758 0
3 3 19.80449260000843 0


# 17.840000000000046 20.0 2.3843880737930334
0 0 20.468744793002077 0
1 0 20.837197541104434 0
2 0 21.798033242363267 1
3 0 19.667876966412752 -1

0 1 20.485871300640863 0
1 1 19.932788082216405 -1
2 1 20.682150805384083 0
3 1 19.974292283148383 0

0 2 20.231490409781877 0
1 2 20.15566690448396 0
2 2 20.17273134816533 0
3 2 19.678274205868252 0

0 3 20.020690743858108 0
1 3 20.078392396933566 0
2 3 20.057983340415202 0
3 3 19.78316595696353 0


# 17.72000000000005 20.0 2.3843880737930334
0 0 20.441106806554945 0
1 0 20.814778381951662 0
2 0 21.783173520028992 1
3 0 19.614282985260022 -1

0 1 20.459409329596586 0
1 1 19.901358319327013 -1
2 1 20.671386232373685 0
3 1 19.961619328338173 0

0 2 20.2160770163063 0
1 2 20.15261760203752 0
2 2 20.171163380021728 0
3 2 19.677458073205667 0

0 3 19.996839510038093 0
1 3 20.064269201692245 0
2 3 20.042451222581892 0
3 3 19.760970894062293 0


# 17.60000000000005 20.0 2.3843880737930334
0 0 20.412437214057547 0
1 0 20.791681318550655 0
2 0 21.767168438621987 1
3 0 19.560834250994183 -1

0 1 20.43243260834982 0
1 1 19.870670533135055 -1
2 1 20.66040715338115 0
3 1 19.947975710278943 0

0 2 20.19994445826654 0
1 2 20.148964528017107 0
2 2 20.169298909506914 0
3 2 19.675503780297205 0

0 3 19.97204385159623 0
1 3 20.049491410447512 0
2 3 20.026385405801655 0
3 3 19.737918612109237 0


# 17.480000000000054 20.0 2.3843880737930334
0 0 20.38275884147428 0
1 0 20.767917876930305 0
2 0 21.750057275575532 1
3 0 19.507500613788647 -1

0 1 20.40495092479364 0
1 1 19.84066523334204 -1
2 1 20.6492035755633 0
3 1 19.933387226083017 0

0 2 20.183098302672228 0
1 2 20.14472487694391 0
2 2 20.167122373513855 0
3 2 19.672433760065196 0

0 3 19.946321349496202 0
1 3 20.034061950795618 0
2 3 20.00978645399501 0
3 3 19.714020184642028 0


# 17.360000000000056 20.0 2.3843880737930334
0 0 20.352093948801894 0
1 0 20.743499123591867 0
2 0 21.731877309756687 1
3 0 19.45425376612233 -1

0 1 20.3769732757701 0
1 1 19.81128611236405 -1
2 1 20.63776588019687 0
3 1 19.917878403464144 0

0 2 20.165544407986516 0
1 2 20.139914260986526 0
2 2 20.164619303848113 0
3 2 19.66826975684591 0

0 3 19.919689057219724 0
1 3 20.017984026128616 0
2 3 19.992654905102643 0
3 3 19.6892865539383 0


# 17.24000000000006 20.0 2.3843880737930334
0 0 20.32046423543737 0
1 0 20.718435692291706 0
2 0 21.712663926810237 1
3 0 19.40106713850522 -1

0 1 20.348507935257214 0
1 1 19.782479864195366 -1
2 1 20.626084815927236 0
3 1 19.90147257105399 0

0 2 20.147288877892645 0
1 2 20.13454684132395 0
2 2 20.1617762530938 0
3 2 19.663032851595414 0

0 3 19.89216352600807 0
1 3 20.00126108030043 0
2 3 19.974991285736323 0
3 3 19.6637285276445 0


# 17.12000000000006 20.0 2.3843880737930334
0 0 20.287890846492214 0
1 0 20.692737808865427 0
2 0 21.69245071904378 1
3 0 19.347915801000205 -1

0 1 20.319562517039373 0
1 1 19.754196014511862 -1
2 1 20.614151491455168 0
3 1 19.884191924798333 0

0 2 20.12833801963361 0
1 2 20.128635449350877 0
2 2 20.158580725882953 0
3 2 19.656743485968317 0

0 3 19.863760828270987 0
1 3 19.98389676568811 0
2 3 19.956796123965983 0
3 3 19.637356775968513 0


# 17.000000000000064 20.0 2.3843880737930334
0 0 20.25439437992935 0
1 0 20.6664153142549 0
2 0 21.671269580124466 1
3 0 19.29477637022327 -1

0 1 20.290144032292616 0
1 1 19.726386761263537 -1
2 1 20.60195736777015 0
3 1 19.866057590644346 0

0 2 20.108698306527973 0
1 2 20.122191698494387 0
2 2 20.155021115154955 0
3 2 19.649421485338863 0

0 3 19.834496579319826 0
1 3 19.965894914350574 0
2 3 19.9380699604251 0
3 3 19.610181829382814 0


# 16.880000000000067 20.0 2.3843880737930334
0 0 20.219994894410465 0
1 0 20.639477685885776 0
2 0 21.649150794845788 1
3 0 19.241626921521117 -1

0 1 20.26025894248275 0
1 1 19.699006825058483 -1
2 1 20.589494250025627 0
3 1 19.84708968371991 0

0 2 20.088376344297362 0
1 2 20.115226087352994 0
2 2 20.151086643025227 0
3 2 19.641086080828167 0

0 3 19.804385957568087 0
1 3 19.947259512012003 0
2 3 19.918813357900287 0
3 3 19.582214076789775 0


# 16.76000000000007 20.0 2.3843880737930334
0 0 20.18471191775211 0
1 0 20.61193405753045 0
2 0 21.62612312421119 1
3 0 19.18844690604153 -1

0 1 20.22991320794377 0
1 1 19.67201330868991 -1
2 1 20.57675427914015 0
3 1 19.827307364195793 0

0 2 20.067378840871253 0
1 2 20.107748094815232 0
2 2 20.14676730591222 0
3 2 19.631755930396157 0

0 3 19.773443723330235 0
1 3 19.92799467462005 0
2 3 19.89902690955634 0
3 3 19.553463764104773 0


# 16.64000000000007 20.0 2.3843880737930334
0 0 20.148564455898725 0
1 0 20.58379323777977 0
2 0 21.60221388606986 1
3 0 19.135217072427224 -1

0 1 20.19911233247565 0
1 1 19.645365565203324 -1
2 1 20.563729923197997 0
3 1 19.806728890011826 0

0 2 20.045712579362114 0
1 2 20.099766267765272 0
2 2 20.142053823599422 0
3 2 19.62144913905211 0

0 3 19.741684236338134 0
1 3 19.908104627249923 0
2 3 19.878711245934426 0
3 3 19.52394099321684 0


# 16.520000000000074 20.0 2.3843880737930334
0 0 20.111571002329438 0
1 0 20.555063727236252 0
2 0 21.577449031529262 1
3 0 19.081919392878337 -1

0 1 20.16786140427441 0
1 1 19.619025073943252 -1
2 1 20.5504139687135 0
3 1 19.785371666639058 0

0 2 20.02338439392944 0
1 2 20.091288301937205 0
2 2 20.1369375919343 0
3 2 19.610183278233404 0

0 3 19.709121472084114 0
1 3 19.887593685144896 0
2 3 19.85786704084873 0
3 3 19.493655721290022 0


# 16.400000000000077 20.0 2.3843880737930334
0 0 20.073749547823706 0
1 0 20.525753734531886 0
2 0 21.55185321735852 1
3 0 19.028536993342687 -1

0 1 20.136165133483242 0
1 1 19.592955324057964 -1
2 1 20.53679951181513 0
3 1 19.763252294040914 0

0 2 20.00040114827446 0
1 2 20.082321116437157 0
2 2 20.131410638889466 0
3 2 19.597975404398245 0

0 3 19.67576903709012 0
1 3 19.866466236701324 0
2 3 19.836495016295654 0
3 3 19.46261776037191 0


# 16.28000000000008 20.0 2.3843880737930334
0 0 20.035117590518237 0
1 0 20.495871191264765 0
2 0 21.525449874586535 1
3 0 18.97505408760588 -1

0 1 20.104027886631155 0
1 1 19.56712170497696 -1
2 1 20.52287994939793 0
3 1 19.740386610988022 0

0 2 19.976769716528835 0
1 2 20.072870922413333 0
2 2 20.125465583732833 0
3 2 19.584842076874633 0

0 3 19.641640183193637 0
1 3 19.8447267282227 0
2 3 19.814595946479166 0
3 3 19.430836777278767 0


# 16.160000000000082 20.0 2.3843880737930334
0 0 19.995692146194333 0
1 0 20.465423765940738 0
2 0 21.498261273489234 1
3 0 18.921455915065795 -1

0 1 20.07145371820505 0
1 1 19.541491403409548 -1
2 1 20.508648970286263 0
3 1 19.716789736873245 0

0 2 19.952496966320368 0
1 2 20.06294328631772 0
2 2 20.11909559907315 0
3 2 19.5707993750046 0

0 3 19.606747820933183 0
1 3 19.82237965028211 0
2 3 19.79217066104665 0
3 3 19.398322293729347 0


# 16.040000000000084 20.0 2.3843880737930334
0 0 19.955489758741088 0
1 0 20.434418876998905 0
2 0 21.4703085851509 1
3 0 18.867728681987717 -1

0 1 20.03844639958209 0
1 1 19.51603330644411 -1
2 1 20.49410054644302 0
3 1 19.692476111165792 0

0 2 19.92758974381691 0
1 2 20.052543188169864 0
2 2 20.11229437556561 0
3 2 19.555862914619937 0

0 3 19.571104532108777 0
1 3 19.799429525546163 0
2 3 19.769220047620784 0
3 3 19.36508368670198 0


# 15.920000000000083 20.0 2.3843880737930334
0 0 19.914526510745382 0
1 0 20.402863704993035 0
2 0 21.441611939775647 1
3 0 18.813859506047457 -1

0 1 20.00500944553172 0
1 1 19.490717910356445 -1
2 1 20.479228924256116 0
3 1 19.667459530635913 0

0 2 19.902054860566324 0
1 2 20.041675075202125 0
2 2 20.10505608907885 0
3 2 19.5400478638829 0

0 3 19.534722581586212 0
1 3 19.775880897926132 0
2 3 19.745745053705196 0
3 3 19.331130188991764 0


# 15.800000000000082 20.0 2.3843880737930334
0 0 19.872818034164847 0
1 0 20.370765203994893 0
2 0 21.292190481916652 -1
3 0 18.81839636398038 0

0 1 19.97114613848044 0
1 1 19.465517234762537 -1
2 1 20.46258861592855 0
3 1 19.642438624474707 0

0 2 19.875899081965763 0
1 2 20.030342911237224 0
2 2 20.097358090140112 0
3 2 19.5233769764431 0

0 3 19.497613928407812 0
1 3 19.751738322933438 0
2 3 19.721746480674362 0
3 3 19.296470983673473 0


# 15.800000000000082 20.0 2.3843880737930334
0 0 19.831099521044617 0
1 0 20.337058752279795 0
2 0 21.148135006462418 -1
3 0 18.820020978448333 0

0 1 19.937228190717537 0
1 1 19.440379029135894 -1
2 1 20.444324091366536 0
3 1 19.617708866801866 0

0 2 19.84949354088755 0
1 2 20.018554079295 0
2 2 20.089180921346735 0
3 2 19.506235472694353 0

0 3 19.460514609350984 0
1 3 19.727375095402078 0
2 3 19.69758945249111 0
3 3 19.261843927363454 0


# 15.800000000000082 20.0 2.3843880737930334
0 0 19.79007138160298 0
1 0 20.30224530969046 0
2 0 21.00951242074506 -1
3 0 18.819626878674757 0

0 1 19.90362393412692 0
1 1 19.41526580471112 -1
2 1 20.4245765511442 0
3 1 19.593570361226348 0

0 2 19.82320712364355 0
1 2 20.006323830830084 0
2 2 20.080516940808007 0
3 2 19.489004757593964 0

0 3 19.4241430700429 0
1 3 19.70316201763556 0
2 3 19.673636970116167 0
3 3 19.22796924671089 0


# 15.800000000000082 20.0 2.3843880737930334
0 0 19.749699242791085 0
1 0 20.26644473630243 0
2 0 20.876040677067227 -1
3 0 18.81735564350199 0

0 1 19.870329794947338 0
1 1 19.390145145043675 -1
2 1 20.40348015417902 0
3 1 19.569958492718143 0

0 2 19.797041984800366 0
1 2 19.993670680009693 0
2 2 20.07136963839201 0
3 2 19.47169812630887 0

0 3 19.388476367550588 0
1 3 19.679098621106984 0
2 3 19.649885467445806 0
3 3 19.194821356954357 0


# 15.800000000000082 20.0 2.3843880737930334
0 0 19.709951364425603 0
1 0 20.229767703616165 0
2 0 20.74745421064597 -1
3 0 18.81333979277629 0

0 1 19.837341605490785 0
1 1 19.364989299801127 -1
2 1 20.381158366477116 0
3 1 19.54681459145073 0

0 2 19.771000085275364 0
1 2 19.980611979104133 0
2 2 20.061744143021226 0
3 2 19.454327366101012 0

0 3 19.353492402795357 0
1 3 19.655184357212637 0
2 3 19.626331276099343 0
3 3 19.162375691810404 0


# 15.800000000000082 20.0 2.3843880737930334
0 0 19.670798427015566 0
1 0 20.19231636331384 0
2 0 20.623502908069646 -1
3 0 18.807703370230588 0

0 1 19.804654711805277 0
1 1 19.33977471045908 -1
2 1 20.357724801122224 0
3 1 19.524085445059246 0

0 2 19.745083190818256 0
1 2 19.96716404092527 0
2 2 20.051646993967182 0
3 2 19.436902914294812 0

0 3 19.319169886871094 0
1 3 19.631418596656456 0
2 3 19.602970657892378 0
3 3 19.130608649771478 0


# 15.800000000000082 20.0 2.3843880737930334
0 0 19.632213336544435 0
1 0 20.154184967515537 0
2 0 20.503951143597142 -1
3 0 18.800562487966165 0

0 1 19.772264068763317 0
1 1 19.31448157889696 -1
2 1 20.333283992606603 0
3 1 19.501722849105168 0

0 2 19.719292872762605 0
1 2 19.953342247468253 0
2 2 20.041085936003903 0
3 2 19.419434001112997 0

0 3 19.285488308576763 0
1 3 19.607800630164135 0
2 3 19.579799832852174 0
3 3 19.099497544387287 0


# 15.800000000000082 20.0 2.3843880737930334
0 0 19.594171044864183 0
1 0 20.115460444088185 0
2 0 20.388576878661993 -1
3 0 18.79202583513259 0

0 1 19.740164323833543 0
1 1 19.289093475205863 -1
2 1 20.30793211062921 0
3 1 19.479683192805247 0

0 2 19.69363051066512 0
1 2 19.999161146214245 1
2 2 20.03078973616542 0
3 2 19.401937418746545 0

0 3 19.25242790315795 0
1 3 19.585049670283933 0
2 3 19.55683228328242 0
3 3 19.06902086921369 0


# 15.800000000000082 20.0 2.3843880737930334
0 0 19.556648384464133 0
1 0 20.076222930296467 0
2 0 20.27717082027089 -1
3 0 18.782195153224734 0

0 1 19.708349890676555 0
1 1 19.26431698132978 -1
2 1 20.281774898085864 0
3 1 19.457927388348114 0

0 2 19.66881729649777 0
1 2 20.041789095407285 1
2 2 20.020699833175748 0
3 2 19.44442782424804 1

0 3 19.219986902245648 0
1 3 19.563100883503232 0
2 3 19.534079186415273 0
3 3 19.03987820204996 0


# 15.800000000000082 20.0 2.3843880737930334
0 0 19.5196239164751 0
1 0 20.036554907840927 0
2 0 20.16953594532933 -1
3 0 18.771165687712774 0

0 1 19.676832293599773 0
1 1 19.240073180565158 -1
2 1 20.25490853914676 0
3 1 19.437140462650785 0

0 2 19.644790269539897 0
1 2 20.081407188829143 1
2 2 20.011484114046983 0
3 2 19.484423888974597 1

0 3 19.188162067601322 0
1 3 19.541894427710247 0
2 3 19.511566941511518 0
3 3 19.011994476741993 0


# 15.800000000000082 20.0 2.3843880737930334
0 0 19.483078101899288 0
1 0 19.996531848445134 0
2 0 20.065486708529154 -1
3 0 18.759035249009273 0

0 1 19.645620635892634 0
1 1 19.216291286445795 -1
2 1 20.22743776012779 0
3 1 19.41723132599679 0

0 2 19.6214913569271 0
1 2 20.118193577986904 1
2 2 20.003032342595937 0
3 2 19.52206518338168 1

0 3 19.156948862583324 0
1 3 19.461375374331396 -1
2 3 19.488597956292068 0
3 3 18.985290633255367 0


# 15.800000000000082 20.0 2.3843880737930334
0 0 19.44699312004297 0
1 0 19.956222764190652 0
2 0 19.964848616050862 -1
3 0 18.745894939349512 0

0 1 19.614721878346135 0
1 1 19.192908216464215 -1
2 1 20.199456993654948 0
3 1 19.39811661570156 0

0 2 19.598867091763157 0
1 2 20.151594482545388 1
2 2 19.995227365541822 0
3 2 19.557482061053637 1

0 3 19.12562161312346 0
1 3 19.38398737723301 -1
2 3 19.465250906640165 0
3 3 18.959692966070502 0


# 15.800000000000082 20.0 2.3843880737930334
0 0 19.411352703431863 0
1 0 19.91569072252601 0
2 0 19.86745748604309 -1
3 0 18.731829610753866 0

0 1 19.58414109559551 0
1 1 19.169859221605794 -1
2 1 20.171050986226216 0
3 1 19.3797200697385 0

0 2 19.57685096020428 0
1 2 20.181829046478228 1
2 2 19.987963808000593 0
3 2 19.5907963366151 1

0 3 19.094229295100263 0
1 3 19.309555618367845 -1
2 3 19.441596917270545 0
3 3 18.93513273833859 0


# 15.800000000000082 20.0 2.3843880737930334
0 0 19.376141987925774 0
1 0 19.874993216526814 0
2 0 19.773158757391364 -1
3 0 18.716918290692288 0

0 1 19.553881395617328 0
1 1 19.1470870347069 -1
2 1 20.142295694925405 0
3 1 19.361971950676278 0

0 2 19.55538249672205 0
1 2 20.20910111974084 1
2 2 19.98114702603919 0
3 2 19.622121911057913 1

0 3 19.062816297857733 0
1 3 19.237916454414826 -1
2 3 19.417700201370693 0
3 3 18.911545825107545 0


# 15.800000000000082 20.0 2.3843880737930334
0 0 19.341347371706178 0
1 0 19.83418261939834 0
2 0 19.68180684884112 -1
3 0 18.701234577821577 0

0 1 19.523944179839024 0
1 1 19.12454114040781 -1
2 1 20.11325910516056 0
3 1 19.344808515876355 0

0 2 19.534406771028976 0
1 2 20.23360040269597 1
2 2 19.97469214823273 0
3 2 19.651565348664082 1

0 3 19.03142278984018 0
1 3 19.168916644056285 -1
2 3 19.393618648321883 0
3 3 18.888872383367506 0


# 15.800000000000082 20.0 2.3843880737930334
0 0 19.306956387915605 0
1 0 19.793306601909585 0
2 0 19.593264564608493 -1
3 0 18.68484700998582 0

0 1 19.494329375878014 0
1 1 19.102177111495966 -1
2 1 20.084001976195413 0
3 1 19.328171530227692 0

0 2 19.51387391746673 0
1 2 20.255503501221582 1
2 2 19.968523198810395 0
3 2 19.679226409369058 1

0 3 19.00008505614421 0
1 3 19.102412631474174 -1
2 3 19.36940436365619 0
3 3 18.86705654684258 0


# 15.800000000000082 19.0 2.3843880737930334
0 0 19.272957589684097 0
1 0 19.752408515818846 0
2 0 19.50740254291894 -1
3 0 18.66781940650409 0

0 1 19.4650356455149 0
1 1 19.07995600580917 -1
2 1 20.054578520671228 0
3 1 19.312007817996662 0

0 2 19.493738703367693 0
1 2 20.274974899636483 1
2 2 19.962572295587492 0
3 2 19.705198540100678 1

0 3 18.968835810141123 0
1 3 19.038269881833465 -1
2 3 19.345104165073792 0
3 3 18.84604614361834 0


# 15.800000000000082 19.0 2.3843880737930334
0 0 19.239340446391477 0
1 0 19.71152774609589 0
2 0 19.4240987441956 -1
3 0 18.65021118661625 0

0 1 19.436060570270094 0
1 1 19.057843818370415 -1
2 1 20.025037023792812 0
3 1 19.296268850646918 0

0 2 19.47396013318682 0
1 2 20.29216785800167 1
2 2 19.95677891644292 0
3 2 19.729569328344947 1

0 3 18.93770448115629 0
1 3 18.97636226484724 -1
2 3 19.320760038039595 0
3 3 18.825792434844697 0


# 15.800000000000082 19.0 2.3843880737930334
0 0 19.206095250117777 0
1 0 19.67070003451207 0
2 0 19.343237975878438 -1
3 0 18.63207766581637 0

0 1 19.40740081673885 0
1 1 19.03581098388518 -1
2 1 19.995420407373 0
3 1 19.28091036773816 0

0 2 19.454501085463736 0
1 2 20.307225239825257 1
2 2 19.951089228616656 0
3 2 19.752420920928856 1

0 3 18.906717480038395 0
1 3 18.916571482818494 -1
2 3 19.29640955419729 0
3 3 18.806249872891804 0


# 15.800000000000082 19.0 2.3843880737930334
0 0 19.173213031328547 0
1 0 19.62995777695567 0
2 0 19.264711451093284 -1
3 0 18.61347033167296 0

0 1 19.379052283643947 0
1 1 19.013831925152267 -1
2 1 19.9657667434903 0
3 1 19.265892028246263 0

0 2 19.43532797991635 0
1 2 20.32028027571169 1
2 2 19.945455475574995 0
3 2 19.7738304107704 1

0 3 18.875898444309833 0
1 3 18.858786539830742 -1
2 3 19.272086255580575 0
3 3 18.787375877463912 0


# 15.800000000000082 19.0 2.3843880737930334
0 0 19.140685482927918 0
1 0 19.589330296633616 0
2 0 19.188416378608927 -1
3 0 18.594437100614996 0

0 1 19.35101023238686 0
1 1 18.99188464332363 -1
2 1 19.936109722111812 0
3 1 19.251177089861887 0

0 2 19.416410472188765 0
1 2 20.331457268048545 1
2 2 19.93983541662553 0
3 2 19.79387019412546 1

0 3 18.845268464458915 0
1 3 18.802903249014907 -1
2 3 19.247820007363444 0
3 3 18.76913062829308 0


# 15.800000000000082 19.0 2.3843880737930334
0 0 19.10850489189076 0
1 0 19.548844095140883 0
2 0 19.114255581721764 -1
3 0 18.575022557051863 0

0 1 19.32326940271545 0
1 1 18.969950346300294 -1
2 1 19.90647907666456 0
3 1 19.23673211402179 0

0 2 19.397721173979512 0
1 2 20.34087224141326 1
2 2 19.934191814862306 0
3 2 19.81260830065832 1

0 3 18.814846292814327 0
1 3 18.748823775055374 -1
2 3 19.223637321672708 0
3 3 18.751476873142504 0


