# 20.0 20.0 0.0
0 0 20.0 0
1 0 20.0 0
2 0 20.0 0
3 0 20.0 0

0 1 20.0 0
1 1 20.0 0
2 1 20.0 0
3 1 20.0 0

0 2 20.0 0
1 2 20.0 0
2 2 20.06 1
3 2 20.00072 0

0 3 20.0 0
1 3 20.0 0
2 3 20.00072 0
3 3 20.06001728 1


# 20.0 20.0 0.060017280000000284
0 0 20.0 0
1 0 20.0 0
2 0 20.0 0
3 0 20.0 0

0 1 20.0 0
1 1 20.0 0
2 1 20.00072 0
3 1 20.00001728 0

0 2 20.0 0
1 2 20.00072 0
2 2 20.11715456 1
3 2 20.00281602944 0

0 3 20.0 0
1 3 20.00001728 0
2 3 20.00281602944 0
3 3 20.11792424262656 1


# 20.0 20.0 0.11792424262656098
0 0 20.0 0
1 0 20.0 0
2 0 20.00000864 0
3 0 20.00000031104 0

0 1 20.0 0
1 1 20.00001728 0
2 1 20.00209181312 0
3 1 20.000075452083202 0

0 2 20.00000864 0
1 2 20.00209181312 0
2 2 20.17164892934144 1
3 2 20.006173539692135 0

0 3 20.00000031104 0
1 3 20.000075452083202 0
2 3 20.006173539692135 0
3 3 20.173827134844615 1


# 20.0 20.0 0.17382713484461476
0 0 20.0 0
1 0 20.00000031104 0
2 0 20.000033386342402 0
3 0 20.00000160590367 0

0 1 20.00000031104 0
1 1 20.00006666153984 0
2 1 20.00405329924192 0
3 1 20.00019502443376 0

0 2 20.000033386342402 0
1 2 20.00405329924192 0
2 2 20.223655224867468 1
3 2 20.010686379634816 0

0 3 20.00000160590367 0
1 3 20.00019502443376 0
2 3 20.010686379634816 0
3 3 20.227825831101445 1


# 20.0 20.0 0.22782583110144472
0 0 20.00000000746496 0
1 0 20.000001498640486 0
2 0 20.000080660961455 0
3 0 20.00000485631588 0

0 1 20.000001498640486 0
1 1 20.000160776935104 0
2 1 20.006547841124682 0
3 1 20.00039370233245 0

0 2 20.000080660961455 0
1 2 20.006547841124682 0
2 2 20.273333395372056 1
3 2 20.016256186835825 0

0 3 20.00000485631588 0
1 3 20.00039370233245 0
2 3 20.016256186835825 0
3 3 20.280014249665854 1


# 20.0 20.0 0.28001424966585375
0 0 20.000000043163592 0
1 0 20.000004333470308 0
2 0 20.000155957572005 0
3 0 20.00001127740736 0

0 1 20.000004333470308 0
1 1 20.0003103118325 0
2 1 20.009523865156005 0
3 1 20.000686662787277 0

0 2 20.000155957572005 0
1 2 20.009523865156005 0
2 2 20.320832113642002 1
3 2 20.022791823301862 0

0 3 20.00001127740736 0
1 3 20.000686662787277 0
2 3 20.022791823301862 0
3 3 20.330480740437128 1


# 20.0 20.0 0.33048074043712816
0 0 20.00000014561299 0
1 0 20.000009748444764 0
2 0 20.00026394604608 0
3 0 20.000022278726696 0

0 1 20.000009748444764 0
1 1 20.000524223590958 0
2 1 20.012934402981312 0
3 1 20.00108680501033 0

0 2 20.00026394604608 0
1 2 20.012934402981312 0
2 2 20.366289601617982 1
3 2 20.03020885248797 0

0 3 20.000022278726696 0
1 3 20.00108680501033 0
2 3 20.03020885248797 0
3 3 20.379308446241104 1


# 20.0 20.0 0.3793084462411045
0 0 20.000000374333595 0
1 0 20.00001880153773 0
2 0 20.000408566111094 0
3 0 20.000039421145992 0

0 1 20.00001880153773 0
1 1 20.00080993776705 0
2 1 20.016736690564287 0
3 1 20.001604978770278 0

0 2 20.000408566111094 0
1 2 20.016736690564287 0
2 2 20.409834393773572 1
3 2 20.038429054508896 0

0 3 20.000039421145992 0
1 3 20.001604978770278 0
2 3 20.038429054508896 0
3 3 20.42657563948464 1


# 20.0 20.0 0.42657563948463917
0 0 20.00000081209449 0
1 0 20.000032643664817 0
2 0 20.000593111398928 0
3 0 20.000064379066767 0

0 1 20.000032643664817 0
1 1 20.00117352477573 0
2 1 20.020891801521824 0
3 1 20.002250192483096 0

0 2 20.000593111398928 0
1 2 20.020891801521824 0
2 2 20.451586043417176 1
3 2 20.04737997672414 0

0 3 20.000064379066767 0
1 3 20.002250192483096 0
2 3 20.04737997672414 0
3 3 20.47235603590457 1


# 20.0 20.0 0.4723560359045713
0 0 20.000001566307045 0
1 0 20.000052491060675 0
2 0 20.000820304779964 0
3 0 20.00009890738752 0

0 1 20.000052491060675 0
1 1 20.001619858608475 0
2 1 20.025364311840242 0
3 1 20.00302980275023 0

0 2 20.000820304779964 0
1 2 20.025364311840242 0
2 2 20.491655776258696 1
3 2 20.05699451708069 0

0 3 20.00009890738752 0
1 3 20.00302980275023 0
2 3 20.05699451708069 0
3 3 20.516719087021944 1


# 20.0 20.0 0.5167190870219436
0 0 20.000002769705446 0
1 0 20.000079601633253 0
2 0 20.00109236582954 0
3 0 20.000144812744526 0

0 1 20.000079601633253 0
1 1 20.002152759318633 0
2 1 20.030121993321796 0
3 1 20.003949686912485 0

0 2 20.00109236582954 0
1 2 20.030121993321796 0
2 2 20.530147095247937 1
3 2 20.06721053779349 0

0 3 20.000144812744526 0
1 3 20.003949686912485 0
2 3 20.06721053779349 0
3 3 20.559730252796196 1


# 20.0 20.0 0.5597302527961965
0 0 20.00000458043525 0
1 0 20.00011525483166 0
2 0 20.001411071195474 0
3 0 20.00020392858302 0

0 1 20.00011525483166 0
1 1 20.00277512082702 0
2 1 20.035135533332543 0
3 1 20.00501440005867 0

0 2 20.001411071195474 0
1 2 20.035135533332543 0
2 2 20.56715634038306 1
3 2 20.077970507125016 0

0 3 20.00020392858302 0
1 3 20.00501440005867 0
2 3 20.077970507125016 0
3 3 20.601451255866532 1


# 20.0 20.0 0.6014512558665324
0 0 20.00000718165554 0
1 0 20.000160734612866 0
2 0 20.001777808563606 0
3 0 20.0002780936575 0

0 1 20.000160734612866 0
1 1 20.003489025458013 0
2 1 20.04037827862614 0
3 1 20.00622731780911 0

0 2 20.001777808563606 0
1 2 20.04037827862614 0
2 2 20.6027732069027 1
3 2 20.089221167192704 0

0 3 20.0002780936575 0
1 3 20.00622731780911 0
2 3 20.089221167192704 0
3 3 20.641940318667963 1


# 20.0 20.0 0.6419403186679631
0 0 20.00001078074665 0
1 0 20.000217315136343 0
2 0 20.002193624852975 0
3 0 20.000369133597776 0

0 1 20.000217315136343 0
1 1 20.00429584648633 0
2 1 20.0458260012047 0
3 1 20.00759076608507 0

0 2 20.002193624852975 0
1 2 20.0458260012047 0
2 2 20.63708122501291 1
3 2 20.1009132258878 0

0 3 20.000369133597776 0
1 3 20.00759076608507 0
2 3 20.1009132258878 0
3 3 20.681252384617224 1


# 20.0 20.0 0.681252384617224
0 0 20.000015608203043 0
1 0 20.000286248855126 0
2 0 20.00265926921304 0
3 0 20.000478845211834 0

0 1 20.000286248855126 0
1 1 20.005196339856422 0
2 1 20.05145668434888 0
3 1 20.00910613897488 0

0 2 20.00265926921304 0
1 2 20.05145668434888 0
2 2 20.67015820405797 1
3 2 20.113001071132313 0

0 3 20.000478845211834 0
1 3 20.00910613897488 0
2 3 20.113001071132313 0
3 3 20.71943932447818 1


# 20.0 20.0 0.7194393244781807
0 0 20.000021916280257 0
1 0 20.000368756707406 0
2 0 20.00317523134131 0
3 0 20.000608983228002 0

0 1 20.000368756707406 0
1 1 20.006190726128665 0
2 1 20.057250327106168 0
3 1 20.010774005715533 0

0 2 20.00317523134131 0
1 2 20.057250327106168 0
2 2 20.70207664382091 1
3 2 20.125442505832932 0

0 3 20.000608983228002 0
1 3 20.010774005715533 0
2 3 20.125442505832932 0
3 3 20.756550128936958 1


# 20.0 20.0 0.7565501289369578
0 0 20.000029977455146 0
1 0 20.000466020144795 0
2 0 20.003741775590722 0
3 0 20.000761249207468 0

0 1 20.000466020144795 0
1 1 20.00727876360851 0
2 1 20.0631887656699 0
3 1 20.012594207724003 0

0 2 20.003741775590722 0
1 2 20.0631887656699 0
2 2 20.732904115433573 1
3 2 20.138198502013083 0

0 3 20.000761249207468 0
1 3 20.012594207724003 0
2 3 20.138198502013083 0
3 3 20.79263108834354 1


# 20.0 20.0 0.7926310883435406
0 0 20.000040082750235 0
1 0 20.00057917476211 0
2 0 20.004358971291584 0
3 0 20.000937282384186 0

0 1 20.00057917476211 0
1 1 20.008459813525672 0
2 1 20.06925551021344 0
3 1 20.014565946534923 0

0 2 20.004358971291584 0
1 2 20.06925551021344 0
2 2 20.762703614186197 1
3 2 20.15123297271731 0

0 3 20.000937282384186 0
1 3 20.014565946534923 0
2 3 20.15123297271731 0
3 3 20.82772596050839 1


# 20.0 20.0 0.8277259605083884
0 0 20.000052539965516 0
1 0 20.000709305319493 0
2 0 20.005026719672344 0
3 0 20.00113865221284 0

0 1 20.000709305319493 0
1 1 20.00973289804923 0
2 1 20.07543559586451 0
3 1 20.016687863429993 0

0 2 20.005026719672344 0
1 2 20.07543559586451 0
2 2 20.791533886351225 1
3 2 20.164512560386658 0

0 3 20.00113865221284 0
1 3 20.016687863429993 0
2 3 20.164512560386658 0
3 3 20.861876127379364 1


# 20.0 20.0 0.8618761273793645
0 0 20.000067671854424 0
1 0 20.000857441970986 0
2 0 20.005744777726687 0
3 0 20.001366852427058 0

0 1 20.000857441970986 0
1 1 20.011096751850918 0
2 1 20.081715446615316 0
3 1 20.018958111479083 0

0 2 20.005744777726687 0
1 2 20.081715446615316 0
2 2 20.819449731974412 1
3 2 20.17800644050041 0

0 3 20.001366852427058 0
1 3 20.018958111479083 0
2 3 20.17800644050041 0
3 3 20.895120741365716 1


# 20.0 20.0 0.8951207413657158
0 0 20.000085814274968 0
1 0 20.001024557534436 0
2 0 20.006512779341087 0
3 0 20.001623296429525 0

0 1 20.001024557534436 0
1 1 20.01254986786167 0
2 1 20.088082751065656 0
3 1 20.021374420652908 0

0 2 20.006512779341087 0
1 2 20.088082751065656 0
2 2 20.846502285437225 1
3 2 20.191686139368866 0

0 3 20.001623296429525 0
1 3 20.021374420652908 0
2 3 20.191686139368866 0
3 3 20.927496862021403 1


# 20.0 20.0 0.9274968620214032
0 0 20.000107314341896 0
1 0 20.001211565656526 0
2 0 20.007330253966582 0
3 0 20.001909313853496 0

0 1 20.001211565656526 0
1 1 20.01409053780564 0
2 1 20.094526348988854 0
3 1 20.02393415661202 0

0 2 20.007330253966582 0
1 2 20.094526348988854 0
2 2 20.872739275456823 1
3 2 20.205525365044455 0

0 3 20.001909313853496 0
1 3 20.02393415661202 0
2 3 20.205525365044455 0
3 3 20.9590395837497 1


# 20.0 20.0 0.9590395837496999
0 0 20.000132528601345 0
1 0 20.001419319743434 0
2 0 20.008196643091015 0
3 0 20.002226148151205 0

0 1 20.001419319743434 0
1 1 20.015716888040544 0
2 1 20.101036127795794 0
3 1 20.026634373726214 0

0 2 20.008196643091015 0
1 2 20.101036127795794 0
2 2 20.898205266063062 1
3 2 20.219499850395056 0

0 3 20.002226148151205 0
1 3 20.026634373726214 0
2 3 20.219499850395056 0
3 3 20.98978215514419 1


# 20.0 20.0 0.9897821551441908
0 0 20.000161821245538 0
1 0 20.001648612542734 0
2 0 20.00911131474307 0
3 0 20.002574955079393 0

0 1 20.001648612542734 0
1 1 20.01742691118272 0
2 1 20.107602928050177 0
3 1 20.029471862832008 0

0 2 20.00911131474307 0
1 2 20.107602928050177 0
2 2 20.922941879974722 1
3 2 20.233587207453876 0

0 3 20.002574955079393 0
1 3 20.029471862832008 0
2 3 20.233587207453876 0
3 3 21.019756090537893 1


# 20.0 20.0 1.0197560905378928
0 0 20.000195562381723 0
1 0 20.00190017627563 0
2 0 20.010073576236724 0
3 0 20.00295680196536 0

0 1 20.00190017627563 0
1 1 20.01921849394977 0
2 1 20.11421845725969 0
3 1 20.03244319419321 0

0 2 20.010073576236724 0
1 2 20.11421845725969 0
2 2 20.94698800568906 1
3 2 20.247766792225857 0

0 3 20.00295680196536 0
1 3 20.03244319419321 0
2 3 20.247766792225857 0
3 3 21.04899127429195 1


# 20.0 20.0 1.04899127429195
0 0 20.000234126366596 0
1 0 20.00217468323069 0
2 0 20.011082685344252 0
3 0 20.003372667649057 0

0 1 20.00217468323069 0
1 1 20.02108944161195 0
2 1 20.120875211233287 0
3 1 20.035544756090392 0

0 2 20.011082685344252 0
1 2 20.120875211233287 0
2 2 20.970379989499005 1
3 2 20.262019579190948 0

0 3 20.003372667649057 0
1 3 20.035544756090392 0
2 3 20.262019579190948 0
3 3 21.07751605831802 1


# 20.0 20.0 1.0775160583180217
0 0 20.060277890214934 1
1 0 20.003192746741057 0
2 0 20.012146500067274 0
3 0 20.00382354668758 0

0 1 20.003192746741057 0
1 1 20.02305477940596 0
2 1 20.12756671339484 0
3 1 20.038772794405876 0

0 2 20.012146500067274 0
1 2 20.12756671339484 0
2 2 20.993151821025112 1
3 2 20.276328044949917 0

0 3 20.00382354668758 0
1 3 20.038772794405876 0
2 3 20.276328044949917 0
3 3 21.10535735329737 1


# 20.0 20.0 1.1053573532973715
0 0 20.11818451208898 1
1 0 20.00489928087668 0
2 0 20.013271821555957 0
3 0 20.00431043439837 0

0 1 20.00489928087668 0
1 1 20.02512733385699 0
2 1 20.134287396402016 0
3 1 20.042123447549834 0

0 2 20.013271821555957 0
1 2 20.134287396402016 0
2 2 21.015335304208353 1
3 2 20.29067606032269 0

0 3 20.00431043439837 0
1 3 20.042123447549834 0
2 3 20.29067606032269 0
3 3 21.132540714026412 1


# 20.0 20.0 1.1325407140264119
0 0 20.174047452394817 1
1 0 20.007242870373553 0
2 0 20.014464493464693 0
3 0 20.064834314052202 1

0 1 20.007242870373553 0
1 1 20.02731794823447 0
2 1 20.14103249569621 0
3 1 20.046312777193595 0

0 2 20.014464493464693 0
1 2 20.14103249569621 0
2 2 21.036960214950806 1
3 2 20.305057430263187 0

0 3 20.004834314052204 0
1 3 20.045592777193594 0
2 3 20.305048790263186 0
3 3 21.159090522967777 1


# 20.0 20.0 1.1590905229677766
0 0 20.22795557299757 1
1 0 20.010175525994224 0
2 0 20.01644949276809 0
3 0 20.12325342598586 1

0 1 20.010175525994224 0
1 1 20.089635679239784 1
2 1 20.148535233872618 0
3 1 20.051289793632925 0

0 2 20.015729492768088 0
1 2 20.148517953872616 0
2 2 21.058072037532426 1
3 2 20.31946644644173 0

0 3 20.005396145985863 0
1 3 20.04918543523292 0
2 3 20.31943291702093 0
3 3 21.185030056502487 1


# 20.0 20.0 1.1850300565024874
0 0 20.279993384993517 1
1 0 20.014381096586483 0
2 0 20.01919265114917 0
3 0 20.179662091987755 1

0 1 20.014372456586482 0
1 1 20.149242847527294 1
2 1 20.156739110604835 0
3 1 20.057006034088754 0

0 2 20.01708829274917 0
1 2 20.156672155443232 0
2 2 21.078712307285 1
3 2 20.33389783646569 0

0 3 20.005997169466156 0
1 3 20.052904873856303 0
2 3 20.333816501357777 0
3 3 21.210381546522278 1


# 20.0 20.0 1.210381546522278
0 0 20.330258665771826 1
1 0 20.01976142050323 0
2 0 20.022660511278055 0
3 0 20.234150255220598 1

0 1 20.01972789108243 0
1 1 20.20631399777759 1
2 1 20.165591947500957 0
3 1 20.123415461127273 1

0 2 20.018559351045607 0
1 2 20.16542977834153 0
2 2 21.09891894929931 1
3 2 20.349066718817518 0

0 3 20.0066388420642 0
1 3 20.0567534906155 0
2 3 20.348188856137995 0
3 3 21.235174877746942 1


# 20.0 20.0 1.2351748777469425
0 0 20.37884322554307 1
1 0 20.026225253657277 0
2 0 20.026820379280924 0
3 0 20.287523676117555 1

0 1 20.026143918549362 0
1 1 20.261011616660852 1
2 1 20.17576553089733 0
3 1 20.187980282869916 1

0 2 20.020158408769152 0
1 2 20.174731258565274 0
2 2 21.05874386810596 0
3 2 20.364188704971856 0

0 3 20.007322786542503 0
1 3 20.060732758824596 0
2 3 20.36182074223633 0
3 3 21.25942069551455 1


# 20.0 20.0 1.2594206955145495
0 0 20.425833299489998 1
1 0 20.033687776548852 0
2 0 20.03165764715389 0
3 0 20.33980847893761 1

0 1 20.03352991386933 0
1 1 20.313495632819702 1
2 1 20.18643131458565 0
3 1 20.25077025297132 1

0 2 20.021898763108574 0
1 2 20.183802610428447 0
2 2 21.02107908290354 0
3 2 20.379268019739712 0

0 3 20.00805074449017 0
1 3 20.06482607211982 0
2 3 20.37476818126886 0
3 3 21.283129984888127 1


# 20.0 20.0 1.2831299848881272
0 0 20.471309912993377 1
1 0 20.042070448249405 0
2 0 20.0371477488747 0
3 0 20.391030389718008 1

0 1 20.041802109193878 0
1 1 20.363897120233844 1
2 1 20.19755734194534 0
3 1 20.311852171363363 1

0 2 20.023782880627365 0
1 2 20.192663106998495 0
2 2 20.9857983667236 0
3 2 20.394308129186346 0

0 3 20.00882422512149 0
1 3 20.069018443251455 0
2 3 20.387083279193924 0
3 3 21.30631400233272 1


# 20.0 20.0 1.3063140023327193
0 0 20.515349226814934 1
1 0 20.05130021857401 0
2 0 20.04326619882481 0
3 0 20.441214716130418 1

0 1 20.050882771339847 0
1 1 20.412338899728912 1
2 1 20.209113657171653 0
3 1 20.371290018195964 1

0 2 20.025812440882532 0
1 2 20.201330895669606 0
2 2 20.952782076655524 0
3 2 20.409311820926728 0

0 3 20.009644523626726 0
1 3 20.073296373016777 0
2 3 20.39881449089184 0
3 3 21.328984213990566 1


# 20.0 20.0 1.3289842139905659
0 0 20.558022850528562 1
1 0 20.06130914478289 0
2 0 20.04998866869119 0
3 0 20.49038633059237 1

0 1 20.060699785237254 0
1 1 20.45893607433626 1
2 1 20.22107216368196 0
3 1 20.429145081214145 1

0 2 20.02798842081987 0
1 2 20.209823048015405 0
2 2 20.921916795258248 0
3 2 20.42428127753336 0

0 3 20.010512738302204 0
1 3 20.077647728676585 0
2 3 20.41000686712949 0
3 3 21.23115224002286 -1


# 20.0 20.0 1.3289842139905659
0 0 20.599398135069777 1
1 0 20.072034035239174 0
2 0 20.05729105496032 0
3 0 20.538569656325137 1

0 1 20.07118626582 0
1 1 20.5037965289212 1
2 1 20.233406493349474 0
3 1 20.485476076929647 1

0 2 20.030311171771086 0
1 2 20.218155608406192 0
2 2 20.893094992042876 0
3 2 20.437778143584904 0

0 3 20.011429786528698 0
1 3 20.08206163121694 0
2 3 20.419262285069443 0
3 3 21.137115244525887 -1


# 20.0 20.0 1.3289842139905659
0 0 20.639538445819976 1
1 0 20.083416118115547 0
2 0 20.06514953786547 0
3 0 20.585788656074975 1

0 1 20.082280196413706 0
1 1 20.5470213965284 1
2 1 20.246091885709095 0
3 1 20.54032198592303 1

0 2 20.032780489652882 0
1 2 20.22634364131599 0
2 2 20.866180143892972 0
3 2 20.44991487004644 0

0 3 20.012396419664103 0
1 3 20.086511070858425 0
2 3 20.426730946607854 0
3 3 21.04669884552281 -1


# 20.0 20.0 1.3289842139905659
0 0 20.678503417544807 1
1 0 20.095400733377957 0
2 0 20.073540632577064 0
3 0 20.632066615878276 1

0 1 20.093924091809043 0
1 1 20.588705493721584 1
2 1 20.259104454268435 0
3 1 20.59372149379658 1

0 2 20.03539567892093 0
1 2 20.23440065518155 0
2 2 20.84104530809936 0
3 2 20.460796033273517 0

0 3 20.013413029553547 0
1 3 20.090972141458487 0
2 3 20.432552842391292 0
3 3 20.959737873591965 -1


# 20.0 20.0 1.3289842139905659
0 0 20.71634919241544 1
1 0 20.107937046400654 0
2 0 20.082441223407397 0
3 0 20.677426170313105 1

0 1 20.10606468433376 0
1 1 20.62893771210516 1
2 1 20.272421189312453 0
3 1 20.645712911771913 1

0 2 20.03815560083508 0
1 2 20.242338752882812 0
2 2 20.817572439124913 0
3 2 20.470518878569894 0

0 3 20.014479693397142 0
1 3 20.095423766981284 0
2 3 20.436858431967234 0
3 3 20.8760758378691 -1


# 20.0 20.0 1.3289842139905659
0 0 20.753128642257295 1
1 0 20.120977781385065 0
2 0 20.091828593716414 0
3 0 20.72188932624769 1

0 1 20.11865263105411 0
1 1 20.667801386179725 1
2 1 20.28601995619497 0
3 1 20.696334107409644 1

0 2 20.041058718528014 0
1 2 20.250168768474204 0
2 2 20.795651754469393 0
3 2 20.479173826066937 0

0 3 20.015596214260956 0
1 3 20.099847449744498 0
2 3 20.439769278329607 0
3 3 20.79556442495857 -1


# 20.0 20.0 1.3289842139905659
0 0 20.7888915760853 1
1 0 20.134478973238668 0
2 0 20.1016804518485 0
3 0 20.76547748521387 1

0 1 20.131642240719355 0
1 1 20.705374638906626 1
2 1 20.29987948972922 0
3 1 20.74562244451056 1

0 2 20.044103139031293 0
1 2 20.257900391373262 0
2 2 20.77518114608085 0
3 2 20.486844941558726 0

0 3 20.01676215761287 0
1 3 20.10422703878302 0
2 3 20.441398639957633 0
3 3 20.71806302863826 -1


# 20.0 20.0 1.3289842139905659
0 0 20.82368493391373 1
1 0 20.14839973665867 0
2 0 20.111974953410087 0
3 0 20.80821146452122 1

0 1 20.14499121915136 0
1 1 20.74173070628206 1
2 1 20.313979385225622 0
3 1 20.79361473133678 1

0 2 20.04728665240963 0
1 2 20.26554227911001 0
2 2 20.756065634019194 0
3 2 20.49361037474119 0

0 3 20.017976884233118 0
1 3 20.108548516793743 0
2 3 20.441852023232826 0
3 3 20.64343830838297 -1


# 20.0 20.0 1.3289842139905659
0 0 20.857552967762555 1
1 0 20.162702051248463 0
2 0 20.122690720178806 0
3 0 20.850111517216643 1

0 1 20.158660431864455 0
1 1 20.776938242149903 1
2 1 20.328300086667006 0
3 1 20.840347176364133 1

0 2 20.050606768150914 0
1 2 20.273102159646097 0
2 2 20.738216859317717 0
3 2 20.49954276713084 0

0 3 20.019239579820063 0
1 3 20.112799804240794 0
2 3 20.441227697920347 0
3 3 20.571563774861797 -1


# 20.0 20.0 1.3289842139905659
0 0 20.89053741072046 1
1 0 20.177350561572617 0
2 0 20.13380685591677 0
3 0 20.891197350984214 1

0 1 20.172613682778405 0
1 1 20.81106160441468 1
2 1 20.34282287245915 0
3 1 20.88585535084373 1

0 2 20.05406074895551 0
1 2 20.280586924186228 0
2 2 20.721552613210825 0
3 2 20.50470963177834 0

0 3 20.020549281584895 0
1 3 20.11697057930698 0
2 3 20.43961717821625 0
3 3 20.50231940068671 -1


# 20.0 20.0 1.3289842139905659
0 0 20.922677634866734 1
1 0 20.192312391128944 0
2 0 20.145302959343134 0
3 0 20.931488146071025 1

0 1 20.186817507960555 0
1 1 20.844161123751594 1
2 1 20.3575298391469 0
3 1 20.930174157512248 1

0 2 20.05764564206416 0
1 2 20.28800271132529 0
2 2 20.705996400102308 0
3 2 20.509173706743265 0

0 3 20.021904902104293 0
1 3 20.121052112475837 0
2 3 20.437105671690343 0
3 3 20.43559125480319 -1


# 20.0 20.0 1.3289842139905659
0 0 20.954010798800606 1
1 0 20.207556969284273 0
2 0 20.15715913450475 0
3 0 20.97100257231667 1

0 1 20.201240983401608 0
1 1 20.876293355849413 1
2 1 20.37240388344347 0
3 1 20.973337804846775 1

0 2 20.06135830825944 0
1 2 20.29535498330192 0
2 2 20.691477031839543 0
3 2 20.512993284157922 0

0 3 20.02330525067736 0
1 3 20.125037114619886 0
2 3 20.433772498294502 0
3 3 20.371271159019702 -1


# 20.0 20.0 1.3289842139905659
0 0 20.984571985476016 1
1 0 20.223055870284295 0
2 0 20.169355998768083 0
3 0 21.00975880535665 1

0 1 20.21585554589376 0
1 1 20.90751131816372 1
2 1 20.387428682881602 0
3 1 21.015379786311964 1

0 2 20.06519544867102 0
1 2 20.30264859506296 0
2 2 20.677928251036008 0
3 2 20.516222516579703 0

0 3 20.024749052412467 0
1 3 20.12891959755509 0
2 3 20.429691481457464 0
3 3 20.309256365271438 -1


# 20.0 20.0 1.3289842139905659
0 0 21.014394330993017 1
1 0 20.238782663507454 0
2 0 20.18187468864077 0
3 0 21.047774542063244 1

0 1 20.230634826140154 0
1 1 20.937864712102968 1
2 1 20.402588675360384 0
3 1 21.0563328640949 1

0 2 20.069153629510225 0
1 2 20.30988785678239 0
2 2 20.66528838134844 0
3 2 20.518911702211934 0

0 3 20.026234965250403 0
1 3 20.13269474609966 0
2 3 20.424931313148885 0
3 3 20.249449252305997 -1


# 20.0 20.0 1.3289842139905659
0 0 21.04350914495304 1
1 0 20.2547127741885 0
2 0 20.194696863617203 0
3 0 21.085067015281513 1

0 1 20.245554493281062 0
1 1 20.967400131517373 1
2 1 20.41786903783002 0
3 1 21.096229056866797 1

0 2 20.07322930485456 0
1 2 20.317076590422676 0
2 2 20.653500002767075 0
3 2 20.52110755046231 0

0 3 20.02776159511284 0
1 3 20.136358800747686 0
2 3 20.41955589466648 0
3 3 20.191757040564525 -1


# 20.0 20.0 1.3289842139905659
0 0 21.071946022944363 1
1 0 20.270823353889533 0
2 0 20.207804708229293 0
3 0 21.12165300791253 1

0 1 20.260592110075052 0
1 1 20.996161258311147 1
2 1 20.43325566432827 0
3 1 21.13509963115083 1

0 2 20.077418837597996 0
1 2 20.324218180875473 0
2 2 20.642509650118246 0
3 2 20.522853429204897 0

0 3 20.029327509348924 0
1 3 20.139908950134974 0
2 3 20.4136246547803 0
3 3 20.136091524112025 -1


# 20.0 20.0 1.3289842139905659
0 0 21.09973295168594 1
1 0 20.28709316004489 0
2 0 20.221180932471093 0
3 0 21.157548866391142 1

0 1 20.275726998023043 0
1 1 21.024189045951474 1
2 1 20.448735143556814 0
3 1 21.172975095912328 1

0 2 20.08171851867785 0
1 2 20.331315622172042 0
2 2 20.63226753310914 0
3 2 20.524189595015894 0

0 3 20.030931248638115 0
1 3 20.14334323253639 0
2 3 20.40719284675662 0
3 3 20.082368818545262 -1


# 20.0 20.0 1.3289842139905659
0 0 21.12689640732206 1
1 0 20.30350244395194 0
2 0 20.234808770754107 0
3 0 21.192770513601058 1

0 1 20.29094011176949 0
1 1 21.051521891603205 1
2 1 20.464294736162632 0
3 1 21.209885200021365 1

0 2 20.086124584684335 0
1 2 20.33837155921098 0
2 2 20.622727276365655 0
3 2 20.525153407564414 0

0 3 20.032571337493792 0
1 3 20.1466604456914 0
2 3 20.40031182568007 0
3 3 20.030509123876566 -1


# 20.0 20.0 1.3289842139905659
0 0 21.153461447327125 1
1 0 20.32003284662217 0
2 0 20.248671979539065 0
3 0 21.227333461266145 1

0 1 20.30621392215855 0
1 1 21.078195797576104 1
2 1 20.47992235186885 0
3 1 21.24585893226886 1

0 2 20.09063323395395 0
1 2 20.3453883254119 0
2 2 20.613845678026408 0
3 2 20.52577952925677 0

0 3 20.03424629349976 0
1 3 20.14986006430746 0
2 3 20.393029307396034 0
3 3 19.980436501456843 -1


# 20.0 20.0 1.3289842139905659
0 0 21.179451796448717 1
1 0 20.336667301946804 0
2 0 20.262754833779407 0
3 0 21.261252821853144 1

0 1 20.321532307363636 0
1 1 21.104244522731545 1
2 1 20.495606526580822 0
3 1 21.280924523645858 1

0 2 20.09524064124319 0
1 2 20.352367976667832 0
2 2 20.605582485559957 0
3 2 20.526100111155937 0

0 3 20.035954635400376 0
1 3 20.15294216464012 0
2 3 20.385389610305285 0
3 3 19.932078664061933 -1


# 20.0 20.0 1.3289842139905659
0 0 21.20488992708829 1
1 0 20.35338994666823 0
2 0 20.2770421223019 0
3 0 21.294543320017805 1

0 1 20.33688045154712 0
1 1 21.129699724458 1
2 1 20.511336399576532 0
3 1 21.315109451621737 1

0 2 20.09994297107436 0
1 2 20.359312321936564 0
2 2 20.597900187568772 0
3 2 20.526144966126417 0

0 3 20.037694890154537 0
1 3 20.155907355593992 0
2 3 20.37743388115916 0
3 3 19.88536677832313 -1


# 20.0 20.0 1.3289842139905659
0 0 21.229797134491694 1
1 0 20.370186036683183 0
2 0 20.29151914224055 0
3 0 21.32721930362351 1

0 1 20.35224475054243 0
1 1 21.15459109178888 1
2 1 20.527101690875497 0
3 1 21.34844044618113 1

0 2 20.104736389840838 0
1 2 20.36622295078112 0
2 2 20.590763820432777 0
3 2 20.525941730088352 0

0 3 20.039465599054193 0
1 3 20.15875671583098 0
2 3 20.369200305925517 0
3 3 19.840235278735666 -1


# 20.0 20.0 1.3484404461811295
0 0 21.2541936070967 1
1 0 20.387041869236004 0
2 0 20.306171692631267 0
3 0 21.359294754358814 1

0 1 20.367612724084363 0
1 1 21.17894647020274 1
2 1 20.54289267886685 0
3 1 21.38094349740129 1

0 2 20.10961707675456 0
1 2 20.373101258142277 0
2 2 20.58414078872828 0
3 2 20.525516012203024 0

0 3 20.04126532299927 0
1 3 20.161491736410884 0
2 3 20.360724306723142 0
3 3 19.796621692528294 -1


# 20.0 20.0 1.3809434974012902
0 0 21.278098492361064 1
1 0 20.403944710590434 0
2 0 20.320986067266546 0
3 0 21.39078329797791 1

0 1 20.38297293414464 0
1 1 21.202791978613938 1
2 1 20.55870017826536 0
3 1 21.41264386437179 1

0 2 20.114581233714304 0
1 2 20.379948466601057 0
2 2 20.578000698434835 0
3 2 20.524891534754516 0

0 3 20.0430926470128 0
1 3 20.164114268525672 0
2 3 20.352038725754635 0
3 3 19.754466474723387 -1


# 20.0 20.0 1.4126438643717911
0 0 21.301529958372885 1
1 0 20.420882728796677 0
2 0 20.33594904690183 0
3 0 21.42169821418599 1

0 1 20.398314908958977 0
1 1 21.226152119031934 1
2 1 20.57451551845351 0
3 1 21.443566085276903 1

0 2 20.119625094169177 0
1 2 20.386765646366147 0
2 2 20.572315202013908 0
3 2 20.524090263438996 0

0 3 20.044946184072675 0
1 3 20.166626475921916 0
2 3 20.343173997104852 0
3 3 19.713712852759873 -1


# 20.0 20.0 1.4435660852769026
0 0 21.324505251524528 1
1 0 20.437844931196715 0
2 0 20.351047890897988 0
3 0 21.452052446189395 1

0 1 20.413629072359406 0
1 1 21.24904987933891 1
2 1 20.590330522258075 0
3 1 21.47373398847791 1

0 2 20.12474493104765 0
1 2 20.39355373320044 0
2 2 20.56705785450927 0
3 2 20.523132528723522 0

0 3 20.046824578329694 0
1 3 20.169030791636814 0
2 3 20.33415830721332 0
3 3 19.67430668009176 -1


# 20.0 20.0 1.4737339884779104
0 0 21.347040750512317 1
1 0 20.454821106335444 0
2 0 20.366270328377666 0
3 0 21.481858609928842 1

0 1 20.428906678051096 0
1 1 21.271506829608782 1
2 1 20.60613748520137 0
3 1 21.503170704448085 1

0 2 20.129937063818623 0
1 2 20.4003135444817 0
2 2 20.562203979880262 0
3 2 20.522037138890177 0

0 3 20.048726507775292 0
1 3 20.171329878701712 0
2 3 20.325017744774442 0
3 3 19.636196298212433 -1


# 20.0 20.0 1.5031707044480846
0 0 21.36915201690651 1
1 0 20.47180176996807 0
2 0 20.381604548966983 0
3 0 21.511129003012385 1

0 1 20.44413974849696 0
1 1 21.29354321236534 1
2 1 20.621929155259632 0
3 1 21.53189867842721 1

0 2 20.135197864747287 0
1 2 20.407045793574916 0
2 2 20.557730546836 0
3 2 20.520821485338498 0

0 3 20.05065068641677 0
1 3 20.173526594493435 0
2 3 20.315776440768417 0
3 3 19.59933240659007 -1


# 20.0 20.0 1.5318986784272113
0 0 21.39085384251946 1
1 0 20.488778114875632 0
2 0 20.397039193188142 0
3 0 21.539875613363325 1

0 1 20.45932101809567 0
1 1 21.315178027153472 1
2 1 20.63769871315443 0
3 1 21.559939683675545 1

0 2 20.14052376440495 0
1 2 20.413751102677974 0
2 2 20.553616053491144 0
3 2 20.519501640679362 0

0 3 20.052595866012545 0
1 3 20.17562395843822 0
2 3 20.306456699278378 0
3 3 19.563667940032317 -1


# 20.0 20.0 1.5599396836755446
0 0 21.412160293784414 1
1 0 20.50574196422037 0
2 0 20.412563342563097 0
3 0 21.56811012759711 1

0 1 20.474443880359768 0
1 1 21.336429109775057 1
2 1 20.653439753197073 0
3 1 21.587314835218855 1

0 2 20.145911256488546 0
1 2 20.420430014287746 0
2 2 20.54984042021288 0
3 2 20.5180924501164 0

0 3 20.054560837415217 0
1 3 20.17762512279559 0
2 3 20.297079119705177 0
3 3 19.529157953029014 -1


# 20.0 20.0 1.587314835218855
0 0 21.433084753343138 1
1 0 20.52268572819129 0
2 0 20.428166509483273 0
3 0 21.59584393914004 1

0 1 20.48950233881994 0
1 1 21.35731320651981 1
2 1 20.66914626470083 0
3 1 21.61404460398715 1

0 2 20.151356902002302 0
1 2 20.4270830014203 0
2 2 20.546384890073977 0
3 2 20.516607616576593 0

0 3 20.056544431565843 0
1 3 20.17953334627047 0
2 3 20.28766271095004 0
3 3 19.495759510650288 -1


# 20.0 20.0 1.6140446039871499
0 0 21.45363995902692 1
1 0 20.539602363707615 0
2 0 20.443838626895555 0
3 0 21.62308815610159 1

0 1 20.50449096140009 0
1 1 21.377846043701606 1
2 1 20.68481261397109 0
3 1 21.64014883125948 1

0 2 20.15685733285084 0
1 2 20.43371047670689 0
2 2 20.54323193636888 0
3 2 20.51505978001972 0

0 3 20.058545520178928 0
1 3 20.18135197022114 0
2 3 20.278224998097024 0
3 3 19.46343158560428 -1


# 20.0 20.0 1.6401488312594807
0 0 21.473838040403244 1
1 0 20.5564853369639 0
2 0 20.45957003785038 0
3 0 21.649853608911254 1

0 1 20.519404838024755 0
1 1 21.39804239279193 1
2 1 20.700433526879724 0
3 1 21.66564674333631 1

0 2 20.162409254890033 0
1 2 20.44031280047622 0
2 2 20.540365176688844 0
3 2 20.513460591326442 0

0 3 20.06056301615382 0
1 3 20.183084397248578 0
2 3 20.268782122091448 0
3 3 19.43213496108354 -1


# 20.0 20.0 1.6656467433363105
0 0 21.49369055304859 1
1 0 20.573328588615706 0
2 0 20.475351484953546 0
3 0 21.676150857729926 1

0 1 20.53423954123648 0
1 1 21.417916131424413 1
2 1 20.716004072026333 0
3 1 21.69055696636918 1

0 2 20.16800945047905 0
1 2 20.446890287923452 0
2 2 20.537769293088193 0
3 2 20.511820781137224 0

0 3 20.062595873745014 0
1 3 20.184734071969256 0
2 3 20.259348932877298 0
3 3 19.401832139052708 -1


# 20.0 20.0 1.6905569663691793
0 0 21.51320851069707 1
1 0 20.590126501418748 0
2 0 20.491174099759597 0
3 0 21.701990199645195 1

0 1 20.548991089615754 0
1 1 21.437480300527852 1
2 1 20.731519644486006 0
3 1 21.714897541284895 1

0 2 20.173654780574342 0
1 2 20.453443215457042 0
2 2 20.53542995790745 0
3 2 20.5101502239884 0

0 3 20.064643088520718 0
1 3 20.186304463788808 0
2 3 20.249939076425438 0
3 3 19.372487253651776 -1


# 20.0 20.0 1.7148975412848948
0 0 21.532402415404388 1
1 0 20.606873870147464 0
2 0 20.50702939214104 0
3 0 21.72738167565908 1

0 1 20.56365591380997 0
1 1 21.45674715782932 1
2 1 20.74697595014063 0
3 1 21.738685938748386 1

0 2 20.179342186403673 0
1 2 20.459971826306255 0
2 2 20.53333376485022 0
3 2 20.508457998067893 0

0 3 20.066703697136283 0
1 3 20.187799051508094 0
2 3 20.24056507605569 0
3 3 19.344065989409795 -1


# 20.0 20.0 1.738685938748386
0 0 21.55128228585732 1
1 0 20.623565873631204 0
2 0 20.522909239664287 0
3 0 21.752335077476303 1

0 1 20.578230824991035 0
1 1 21.47572822795434 1
2 1 20.762368990588488 0
3 1 21.761939074114547 1

0 2 20.185068690755923 0
1 2 20.466476335464378 0
2 2 20.531468164939525 0
3 2 20.506752440890608 0

0 3 20.068776776946546 0
1 3 20.189221309606353 0
2 3 20.23123840842882 0
3 3 19.316535503982877 -1


# 20.0 20.0 1.7619390741145473
0 0 21.569857683949923 1
1 0 20.640198048757515 0
2 0 20.538805877000254 0
3 0 21.776859954100534 1

0 1 20.592712985573336 0
1 1 21.494434349337137 1
2 1 20.77769504862494 0
3 1 21.78467332232513 1

0 2 20.190831398919986 0
1 2 20.472956934035725 0
2 2 20.52982140700619 0
3 2 20.505041201172972 0

0 3 20.070861445478787 0
1 3 20.190574696058206 0
2 3 20.221969574559377 0
3 3 19.289864355148282 -1


# 20.0 20.0 1.7846733223251299
0 0 21.588137739739697 1
1 0 20.656766266302625 0
2 0 20.554711885394582 0
3 0 21.800965618245552 1

0 1 20.607099882035218 0
1 1 21.512875718140936 1
2 1 20.792950674285343 0
3 1 21.806904532711922 1

0 2 20.196627499303943 0
1 2 20.47941379304812 0
2 2 20.528382482386682 0
3 2 20.50333128716667 0

0 3 20.072956859785897 0
1 3 20.191862641552483 0
2 3 20.212768166176932 0
3 3 19.264022431803067 -1


# 20.0 20.0 1.806904532711922
0 0 21.60613117488912 1
1 0 20.67326670845901 0
2 0 20.570620182219887 0
3 0 21.824661152567895 1

0 1 20.621389299697746 0
1 1 21.531061929376055 1
2 1 20.80813267143998 0
3 1 21.828648043672114 1

0 2 20.20245426376356 0
1 2 20.485847066786757 0
2 2 20.527141073530967 0
3 2 20.501629111693745 0

0 3 20.075062215697397 0
1 3 20.193088539991212 0
2 3 20.203642927741406 0
3 3 19.23898088873138 -1


# 20.0 20.0 1.8286480436721142
0 0 21.623846324690994 1
1 0 20.689695847939177 0
2 0 20.586524010630015 0
3 0 21.847955415727075 1

0 1 20.63557929932441 0
1 1 21.54900201539189 1
2 1 20.823238084929564 0
3 1 21.84991869718609 1

0 2 20.208309047667193 0
1 2 20.492256895699967 0
2 2 20.526087506242256 0
3 2 20.499940534108525 0

0 3 20.07717674698419 0
1 3 20.194255740156688 0
2 3 20.19460181439783 0
3 3 19.214712084919125 -1


# 20.0 20.0 1.8499186971860908
0 0 21.52129115876928 -1
1 0 20.704610428543226 0
2 0 20.602399649333954 0
3 0 21.870856840919142 1

0 1 20.648228195414724 0
1 1 21.566669921908126 1
2 1 20.83826356614899 0
3 1 21.870730843198395 1

0 2 20.214172009722358 0
1 2 20.498642786842723 0
2 2 20.525212690360604 0
3 2 20.498270899097705 0

0 3 20.079299517091307 0
1 3 20.195367528490088 0
2 3 20.18565204583836 0
3 3 19.19118952520127 -1


# 20.0 20.0 1.8708568409191422
0 0 21.42275874054108 -1
1 0 20.71811873028581 0
2 0 20.618225733710176 0
3 0 21.893373473568957 1

0 1 20.659445819273365 0
1 1 21.584043416487148 1
2 1 20.853205467178913 0
3 1 21.891098345862208 1

0 2 20.220025442792508 0
1 2 20.505003722011836 0
2 2 20.524508066832816 0
3 2 20.496625072590355 0

0 3 20.081429450131413 0
1 3 20.196427114909284 0
2 3 20.17680015639647 0
3 3 19.168387805041867 -1


# 20.0 20.0 1.893373473568957
0 0 21.32807020047631 -1
1 0 20.73032181582189 0
2 0 20.633983061973186 0
3 0 21.9155130054145 1

0 1 20.669334763580956 0
1 1 21.60110372171889 1
2 1 20.86805992311097 0
3 1 21.911034591349384 1

0 2 20.225853589423913 0
1 2 20.511338253269887 0
2 2 20.523965560489252 0
3 2 20.495007475024128 0

0 3 20.08356535837868 0
1 3 20.197437621299635 0
2 3 20.16805204166979 0
3 3 19.146282558260687 -1


# 20.0 20.0 1.9155130054144998
0 0 21.237055552212 -1
1 0 20.74131400758822 0
2 0 20.649654416603678 0
3 0 21.937282805315014 1

0 1 20.677990857870814 0
1 1 21.61783517957846 1
2 1 20.88282292377789 0
3 1 21.930552496962115 1

0 2 20.23164247230234 0
1 2 20.51764458711697 0
2 2 20.523577537916832 0
3 2 20.49342211219079 0

0 3 20.085705966600273 0
1 3 20.198402072349694 0
2 3 20.159413001941985 0
3 3 19.124850407532897 -1


# 20.0 20.0 1.9372828053150144
0 0 21.149553210717876 -1
1 0 20.751183332952316 0
2 0 20.665224399850867 0
3 0 21.95868994708543 1

0 1 20.685503612191425 0
1 1 21.634224944431157 1
2 1 20.897490375986482 0
3 1 21.949664521312858 1

0 2 20.237379738456546 0
1 2 20.523920658453207 0
2 2 20.523336769879695 0
3 2 20.49187260386348 0

0 3 20.087849933532336 0
1 3 20.19932338843814 0
2 3 20.15088778265063 0
3 3 19.10406891749988 -1


# 20.0 20.0 1.9586899470854284
0 0 21.06540953847376 -1
1 0 20.760011939561387 0
2 0 20.68067928220873 0
3 0 21.979741234632613 1

0 1 20.691956631135724 0
1 1 21.650262702360102 1
2 1 20.912058157248268 0
3 1 21.96838267536665 1

0 2 20.243054516118825 0
1 2 20.530164195369014 0
2 2 20.523236397795046 0
3 2 20.490362210389154 0

0 3 20.089995870779855 0
1 3 20.20020438030933 0
2 3 20.142480612126555 0
3 3 19.083916550340074 -1


# 20.0 20.0 1.9797412346326126
0 0 20.98447841793707 -1
1 0 20.76787648292988 0
2 0 20.696006862853693 0
3 0 22.00044322464448 1

0 1 20.697428000265017 0
1 1 21.665940414676562 1
2 1 20.926522161908654 0
3 1 21.98671853416456 1

0 2 20.2486572832388 0
1 2 20.536372775703537 0
2 2 20.523269903822417 0
3 2 20.488893857412734 0

0 3 20.09214235939436 0
1 3 20.201047745303033 0
2 3 20.134195236810825 0
3 3 19.064372623658514 -1


# 20.0 20.0 2.0004432246444814
0 0 20.906620848689673 -1
1 0 20.774848488161464 0
2 0 20.711196341110412 0
3 0 22.02080224706058 1

0 1 20.701990646813147 0
1 1 21.68125208364313 1
2 1 20.940878340489924 0
3 1 22.004683249069206 1

0 2 20.2541797467257 0
1 2 20.5425438762237 0
2 2 20.523431084170188 0
3 2 20.487470158884175 0

0 3 20.094287964360507 0
1 3 20.201856064929046 0
2 3 20.126034954137864 0
3 3 19.04541727056307 -1


# 20.0 20.0 2.0208022470605798
0 0 20.83170456775654 -1
1 0 20.780994687568803 0
2 0 20.726238198085206 0
3 0 22.040824423532253 1

0 1 20.7057126764245 0
1 1 21.69619353859674 1
2 1 20.955122732985462 0
3 1 22.02228756039312 1

0 2 20.259614731567325 0
1 2 20.548674915196123 0
2 2 20.52371402526446 0
3 2 20.48609343848569 0

0 3 20.096431247201487 0
1 3 20.20263180360045 0
2 3 20.11800264325721 0
3 3 19.027031401803715 -1


# 20.0 20.0 2.0408244235322535
0 0 20.759603691685225 -1
1 0 20.786377335831318 0
2 0 20.741124087673814 0
3 0 22.060515684061894 1

0 1 20.70865768755686 0
1 1 21.710762240802936 1
2 1 20.969251496771772 0
3 1 22.03954181028844 1

0 2 20.26495607904095 0
1 2 20.554763289051216 0
2 2 20.524113082462556 0
3 2 20.484765749603948 0

0 3 20.09857077689393 0
1 3 20.20337730835966 0
2 3 20.11010079375192 0
3 3 19.00919666985905 -1


# 20.0 20.0 2.060515684061894
0 0 20.690198379065215 -1
1 0 20.791054504216905 0
2 0 20.75584673621212 0
3 0 22.079881781993674 1

0 1 20.710885065066382 0
1 1 21.72495710550567 1
2 1 20.983260929740354 0
3 1 22.05645595579238 1

0 2 20.27019855329337 0
1 2 20.56080640377221 0
2 2 20.524622861026774 0
3 2 20.483488893960722 0

0 3 20.100705139265585 0
1 3 20.20409480945003 0
2 3 20.10233153249837 0
3 3 18.991895434861636 -1


# 20.0 20.0 2.0798817819936737
0 0 20.623374512250265 -1
1 0 20.79508035528741 0
2 0 20.77039985009547 0
3 0 22.098928307512555 1

0 1 20.712450254386184 0
1 1 21.73877833975963 1
2 1 20.99714748919291 0
3 1 22.073039581937095 1

0 2 20.275337755624136 0
1 2 20.566801701581472 0
2 2 20.52523819910429 0
3 2 20.482264439005206 0

0 3 20.102832945032915 0
1 3 20.20478642160248 0
2 3 20.09469664880026 0
3 3 18.975110732260283 -1


# 20.0 20.0 2.098928307512555
0 0 20.55902339712534 -1
1 0 20.798505399409105 0
2 0 20.784778030744835 0
3 0 22.117660699794286 1

0 1 20.71340501761207 0
1 1 21.752227294744714 1
2 1 21.01090780699002 0
3 1 22.089301914845212 1

0 2 20.28037004585864 0
1 2 20.572746683441284 0
2 2 20.525954152486126 0
3 2 20.481093734162087 0

0 3 20.104952836621266 0
1 3 20.205454145921532 0
2 3 20.08719761791866 0
3 3 18.958826242123884 -1


# 20.0 20.0 2.1176606997942855
0 0 20.497041479833083 -1
1 0 20.801376734297794 0
2 0 20.798976696346536 0
3 0 22.13608425793599 1

0 1 20.7137976727176 0
1 1 21.76530633136633 1
2 1 20.96453870139503 -1
3 1 22.10453183474363 1

0 2 20.28529247024594 0
1 2 20.57863892783634 0
2 2 20.526045980942538 0
3 2 20.419960646021 -1

0 3 20.10706349389691 0
1 3 20.206099872268652 0
2 3 20.0798269831101 0
3 3 18.942305948956996 -1


# 20.0 20.0 2.136084257935991
0 0 20.437330079443278 -1
1 0 20.80373826874316 0
2 0 20.81227200983687 0
3 0 22.15418687078526 1

0 1 20.71367331703613 0
1 1 21.777298698040873 1
2 1 20.920882626010833 -1
3 1 22.118081859398202 1

0 2 20.29010269536084 0
1 2 20.584458826259553 0
2 2 20.464857322834114 -1
3 2 20.36062524046239 -1

0 3 20.109163638928173 0
1 3 20.206725071012944 0
2 3 20.071840909933123 0
3 3 19.04557252859929 1


# 20.0 20.0 2.15418687078526
0 0 20.37979513561267 -1
1 0 20.805613651577833 0
2 0 20.82472478320421 0
3 0 22.17194982314822 1

0 1 20.713065396068785 0
1 1 21.788276606533916 1
2 1 20.87903154682596 -1
3 1 22.130061700628715 1

0 2 20.294798636490764 0
1 2 20.589460694241556 0
2 2 20.405355672035633 -1
3 2 20.304450859178132 -1

0 3 20.111252032416804 0
1 3 20.207313261669498 0
2 3 20.064722489263584 0
3 3 19.144361997751016 1


# 20.0 20.0 2.1719498231482213
0 0 20.324346659302375 -1
1 0 20.80702605480005 0
2 0 20.836382431406925 0
3 0 22.189356959099314 1

0 1 20.71200571226182 0
1 1 21.798289617517842 1
2 1 20.838879105637382 -1
3 1 22.140591352289288 1

0 2 20.299369715025193 0
1 2 20.59369052011294 0
2 2 20.34751951546823 -1
3 2 20.251253597478755 -1

0 3 20.113327154970136 0
1 3 20.20786698665154 0
2 3 20.058401126712962 0
3 3 19.23888082252228 1


# 20.0 20.0 2.189356959099314
0 0 20.27089856077223 -1
1 0 20.807997807814814 0
2 0 20.84728917575845 0
3 0 22.20639467490831 1

0 1 20.71052416706661 0
1 1 21.807384815084568 1
2 1 20.800326326869992 -1
3 1 22.149782210684222 1

0 2 20.303806689099932 0
1 2 20.59719231122317 0
2 2 20.291324659073172 -1
3 2 20.200860798692002 -1

0 3 20.11538746150023 0
1 3 20.20838834400541 0
2 3 20.05281140529823 0
3 3 19.329325179359362 1


# 20.0 20.0 2.20639467490831
0 0 20.21936847628301 -1
1 0 20.808550409492106 0
2 0 20.85748628731184 0
3 0 22.223051688587564 1

0 1 20.70864887181542 0
1 1 21.815606958993317 1
2 1 20.763281064572983 -1
3 1 22.157737680457714 1

0 2 20.3081015518922 0
1 2 20.60000813845203 0
2 2 20.236744612321843 -1
3 2 20.153110334812606 -1

0 3 20.117431391636995 0
1 3 20.20887904478183 0
2 3 20.04789271231326 0
3 3 19.415881509467937 1


# 20.0 20.0 2.2230516885875637
0 0 20.16967760251251 -1
1 0 20.80870454247925 0
2 0 20.867012310792422 0
3 0 22.239318827693413 1

0 1 20.706406252559947 0
1 1 21.82299862493841 1
2 1 20.727657492215606 -1
3 1 22.16455373773515 1

0 2 20.312247436104517 0
1 2 20.60217818442409 0
2 2 20.18375093561558 -1
3 2 20.1078499349443 -1

0 3 20.1194573793087 0
1 3 20.209340464213547 0
2 3 20.043588893307668 0
3 3 19.498727041066115 1


# 20.0 20.0 2.2393188276934133
0 0 20.12175053836253 -1
1 0 20.808480089384243 0
2 0 20.87590327065066 0
3 0 22.25518883399708 1

0 1 20.703821149145295 0
1 1 21.8296003339234 1
2 1 20.693375631924354 -1
3 1 22.170319453560662 1

0 2 20.316238524342666 0
1 2 20.603740794668877 0
2 2 20.132313553764178 -1
3 2 20.064936558257333 -1

0 3 20.12146386151626 0
1 3 20.20977368731049 0
2 3 20.039847931174435 0
3 3 19.578030281460915 1


# 20.0 20.0 2.2551888339970816
0 0 20.075515133843833 -1
1 0 20.80789615049112 0
2 0 20.884192860680283 0
3 0 22.270656183744077 1

0 1 20.70091690878651 0
1 1 21.835450671725525 1
2 1 20.660360920068754 -1
3 1 22.175117480455956 1

0 2 20.320069965099933 0
1 2 20.60473253105957 0
2 2 20.08240103847022 -1
3 2 20.02423580841517 -1

0 3 20.1234492863306 0
1 3 20.210179549426226 0
2 3 20.0366216484974 0
3 3 19.653951480811273 1


# 20.0 20.0 2.2706561837440766
0 0 20.030902345736788 -1
1 0 20.806971062708204 0
2 0 20.891912618529965 0
3 0 22.28571692231712 1

0 1 20.697715474408223 0
1 1 21.840586399341635 1
2 1 20.62854380634703 -1
3 1 22.179024504721756 1

0 2 20.323737794067316 0
1 2 20.605188226944378 0
2 2 20.033980862506098 -1
3 2 19.985621386638204 -1

0 3 20.12541212014462 0
1 3 20.21055867229736 0
2 3 20.033865431447886 0
3 3 19.7266430693191 1


# 20.0 20.0 2.285716922317121
0 0 19.98784609973566 -1
1 0 20.805722419485747 0
2 0 20.899092086329503 0
3 0 22.30036851220632 1

0 1 20.694237468000814 0
1 1 21.845042555222573 1
2 1 20.597859383747732 -1
3 1 22.18211166691455 1

0 2 20.327238860497566 0
1 2 20.60514104345733 0
2 2 19.9870196280493 -1
3 2 19.948974580770795 -1

0 3 20.127350854212953 0
1 3 20.21091149601029 0
2 3 20.03153797364762 0
3 3 19.79625006947663 1


# 20.0 20.0 2.300368512206319
0 0 19.946283158795016 -1
1 0 20.80416709147151 0
2 0 20.90575895855277 0
3 0 22.314609693272498 1

0 1 20.690502269238962 0
1 1 21.848852550026876 1
2 1 20.568247046970363 -1
3 1 22.184444952756305 1

0 2 20.330570758359578 0
1 2 20.604622526560732 0
2 2 19.941483271438326 -1
3 2 19.914183787902477 -1

0 3 20.129264010513726 0
1 3 20.211238307306523 0
2 3 20.029601038533077 0
3 3 19.862910484892698 1


# 20.0 20.0 2.314609693272498
0 0 19.90615299740692 -1
1 0 20.802321247701546 0
2 0 20.911939218148888 0
3 0 22.32844035436555 1

0 1 20.686528089600447 0
1 1 21.852048254555584 1
2 1 20.539650177078574 -1
3 1 22.1860855565727 1

0 2 20.333731762028574 0
1 2 20.603662664429766 0
2 2 19.897337246424613 -1
3 2 19.881144068265254 -1

0 3 20.131150146967254 0
1 3 20.21153926459881 0
2 3 20.02801923886568 0
3 3 19.926755667122134 1


# 20.0 20.0 2.3284403543655507
0 0 19.867397681547896 -1
1 0 20.80020037714911 0
2 0 20.917657261889754 0
3 0 22.34186141542994 1

0 1 20.682332042214814 0
1 1 21.854660081467383 1
2 1 20.512015850335057 -1
3 1 22.187090219205007 1

0 2 20.336720766266716 0
1 2 20.602289944842227 0
2 2 19.85454668782393 -1
3 2 19.849756728287925 -1

0 3 20.13300786204682 0
1 3 20.211814420034717 0
2 3 20.02675983213309 0
3 3 19.98791066183079 1


# 20.0 20.0 2.341861415429939
0 0 19.82996175404454 -1
1 0 20.797819310477667 0
2 0 20.9229360158053 0
3 0 22.354874719294585 1

0 1 20.677930207663135 0
1 1 21.856717061316765 1
2 1 20.485294569328786 -1
3 1 22.18751154220133 1

0 2 20.33953723025814 0
1 2 20.600531412283 0
2 2 19.813076557312776 -1
3 2 19.81992893083597 -1

0 3 20.13483579881665 0
1 3 20.21206373891205 0
2 3 20.025792530680167 0
3 3 20.046494535543076 1


# 20.0 20.0 2.3548747192945854
0 0 19.793792125116624 -1
1 0 20.79519224186447 0
2 0 20.92779704150733 0
3 0 22.367482932404485 1

0 1 20.67333769594158 0
1 1 21.858246913406575 1
2 1 20.45944001465414 -1
3 1 22.18739827996361 1

0 2 20.342181125471793 0
1 2 20.598412724514656 0
2 2 19.77289177296998 -1
3 2 19.79157333080258 -1

0 3 20.136632648431856 0
1 3 20.212287116721264 0
2 3 20.025089325494413 0
3 3 20.10262068413909 1


# 20.0 20.0 2.367482932404485
0 0 19.7588379678661 -1
1 0 20.792332750779522 0
2 0 20.93226063413808 0
3 0 22.379689453807146 1

0 1 20.668568704792968 0
1 1 21.859276111899955 1
2 1 20.4344088155384 -1
3 1 22.186795611406914 1

0 2 20.344652887134853 0
1 2 20.595958208402664 0
2 2 19.73395732403028 -1
3 2 19.764607734343787 -1

0 3 20.138397153134584 0
1 3 20.21248439406335 0
2 3 20.02462432265044 0
3 3 20.156397124194015 1


# 20.0 20.0 2.3796894538071456
0 0 19.72505061848979 -1
1 0 20.789253823621117 0
2 0 20.936345912619878 0
3 0 22.39149833175841 1

0 1 20.66363657460196 0
1 1 21.859829947594726 1
2 1 20.41016033794038 -1
3 1 22.185745392576337 1

0 2 20.34695336910886 0
1 2 20.5931909148169 0
2 2 19.696238372193843 -1
3 2 19.738954780168918 -1

0 3 20.140128108779805 0
1 3 20.212655369667655 0
2 3 20.024373591491788 0
3 3 20.207926768182958 1


# 20.0 20.0 2.3914983317584095
0 0 19.69238348100283 -1
1 0 20.78596787512364 0
2 0 20.940070902827713 0
3 0 22.402914187359954 1

0 1 20.658553840041154 0
1 1 21.859932585725243 1
2 1 20.38665648875912 -1
3 1 22.184286391563585 1

0 2 20.349083801969943 0
1 2 20.59013267246037 0
2 2 19.659700340723102 -1
3 2 19.714541641407457 -1

0 3 20.141824366923384 0
1 3 20.21279981171212 0
2 3 20.024315023696552 0
3 3 20.25730768450962 1


# 20.0 20.0 2.402914187359954
0 0 19.66079193626871 -1
1 0 20.782486769466306 0
2 0 20.943452614255975 0
3 0 22.41394214468483 1

0 1 20.653332278646992 0
1 1 21.859607120122426 1
2 1 20.36386153489866 -1
3 1 22.182454506969805 1

0 2 20.351045754103573 0
1 2 20.586804140502206 0
2 2 19.624308992454452 -1
3 2 19.69129974667555 -1

0 3 20.14348483650393 0
1 3 20.212917467628642 0
2 3 20.024428202436408 0
3 3 20.304633343256615 1


# 20.0 20.0 2.4139421446848317
0 0 19.630233255140393 -1
1 0 20.778821841022946 0
2 0 20.946507110704502 0
3 0 22.42458776688827 1

0 1 20.647982956496215 0
1 1 21.85887562403159 1
2 1 20.34174193603345 -1
3 1 22.18028297107224 1

0 2 20.352841095633252 0
1 2 20.583224859915074 0
2 2 19.590030497757365 -1
3 2 19.669164519060214 -1

0 3 20.14510848514893 0
1 3 20.213008072558246 0
2 3 20.024694280896945 0
3 3 20.349992848498864 1


# 20.0 20.0 2.424587766888269
0 0 19.600666515525567 -1
1 0 20.77498391470312 0
2 0 20.94924957546641 0
3 0 22.434856997838754 1

0 1 20.64251627114566 0
1 1 21.857759197859643 1
2 1 20.32026619000971 -1
3 1 22.177802538770113 1

0 2 20.35447196501117 0
1 2 20.579413303437388 0
2 2 19.55683149338586 -1
3 2 19.648075131827543 -1

0 3 20.146694340134403 0
1 3 20.213071356604424 0
2 3 20.02509586948114 0
3 3 20.39347115796861 1


# 20.0 20.0 2.4348569978387538
0 0 19.57205252319683 -1
1 0 20.770983325843865 0
2 0 20.95169437146113 0
3 0 22.444756108839332 1

0 1 20.636941991990355 0
1 1 21.856278014097757 1
2 1 20.299404689901824 -1
3 1 22.175041663308594 1

0 2 20.35594073810745 0
1 2 20.57538692409874 0
2 2 19.52467913308705 -1
3 2 19.627974279743157 -1

0 3 20.148241489026105 0
1 3 20.21310705101831 0
2 3 20.02561693106782 0
3 3 20.43514929081147 1


# 20.0 20.0 2.444756108839332
0 0 19.544353736175754 -1
1 0 20.76682993961924 0
2 0 20.953855096720087 0
3 0 22.454291650041462 1

0 1 20.63126929818733 0
1 1 21.854451359642752 1
2 1 20.27912959181964 -1
3 1 22.172026659708884 1

0 2 20.357249999642683 0
1 2 20.57116220226269 0
2 2 19.493541130757592 -1
3 2 19.60880796496928 -1

0 3 20.149749080029096 0
1 3 20.213114893435854 0
2 3 20.026242683743032 0
3 3 20.475104524126806 1


# 20.0 20.0 2.454291650041462
0 0 19.517534192527105 -1
1 0 20.76253316994191 0
2 0 20.95574463559948 0
3 0 22.46347040618367 1

0 1 20.625506814285213 0
1 1 21.852297675719612 1
2 1 20.259414692633722 -1
3 1 22.16878185676655 1

0 2 20.358402516816614 0
1 2 20.566754691154838 0
2 2 19.463385796871236 -1
3 2 19.590525296573745 -1

0 3 20.15121632207108 0
1 3 20.213094632275176 0
2 3 20.026959510465105 0
3 3 20.513410578942707 1


# 20.0 20.0 2.4634704061836707
0 0 19.491559441406853 -1
1 0 20.758101997837063 0
2 0 20.957375206064157 0
3 0 22.472299356315027 1

0 1 20.61966264369255 0
1 1 21.849834595588888 1
2 1 20.240235316850793 -1
3 1 22.16532973841923 1

0 2 20.359401214993337 0
1 2 20.56217906085615 0
2 2 19.434182068838368 -1
3 2 19.57307830275205 -1

0 3 20.152642484643742 0
1 3 20.213046030391197 0
2 3 20.027754875163637 0
3 3 20.55013779623576 1


# 20.0 20.0 2.472299356315027
0 0 19.466396477214563 -1
1 0 20.753544989274317 0
2 0 20.958758403358743 0
3 0 22.480785637189022 1

0 1 20.613744400111024 0
1 1 21.84707898020573 1
2 1 20.22156821193182 -1
3 1 22.1616910752281 1

0 2 20.36024915531095 0
1 2 20.55744914075201 0
2 2 19.40589953590132 -1
3 2 19.55642175492485 -1

0 3 20.154026897424995 0
1 3 20.212968868074856 0
2 3 20.028617244809308 0
3 3 20.58535330356808 1


# 20.0 20.0 2.4807856371890225
0 0 19.44201367670746 -1
1 0 20.74887031244806 0
2 0 20.959905240356502 0
3 0 22.488936510037234 1

0 1 20.60775923705305 0
1 1 21.844046951982072 1
2 1 20.20339145140071 -1
3 1 22.157885046664873 1

0 2 20.36094951409065 0
1 2 20.5525779604365 0
2 2 19.37850845911691 -1
3 2 19.540513002930204 -1

0 3 20.155368949703682 0
1 3 20.212862945475106 0
2 3 20.029536017025237 0
3 3 20.619121172879094 1


# 20.0 20.0 2.4889365100372345
0 0 19.418380738940005 -1
1 0 20.744085754500585 0
2 0 20.96082618485279 0
3 0 22.496759330454108 1

0 1 20.601713875556975 0
1 1 21.84075392678967 1
2 1 20.185684345142565 -1
3 1 22.15392935484727 1

0 2 20.361505563927206 0
1 2 20.547577789079256 0
2 2 19.351979786929427 -1
3 2 19.525311820583006 -1

0 3 20.15666808962718 0
1 3 20.21272808451393 0
2 3 20.030501452842046 0
3 3 20.651502569936547 1


# 20.0 20.0 2.4967593304541076
0 0 19.395468627898854 -1
1 0 20.739198737686056 0
2 0 20.961531194048366 0
3 0 22.504261521144507 1

0 1 20.59561463020697 0
1 1 21.837214644329144 1
2 1 20.168427356337574 -1
3 1 22.149840330320465 1

0 2 20.361920656349223 0
1 2 20.54246017326891 0
2 2 19.32628516679319 -1
3 2 19.510780260923124 -1

0 3 20.157923823290957 0
1 3 20.21256413035717 0
2 3 20.03150461422772 0
3 3 20.68255589592064 1


# 20.0 20.0 2.5042615211445067
0 0 19.373249517709212 -1
1 0 20.73421633497628 0
2 0 20.962029746447836 0
3 0 22.511450547304523 1

0 1 20.58946743355893 0
1 1 21.833443196979047 1
2 1 20.151602024519857 -1
3 1 22.145633030439974 1

0 2 20.362198205943983 0
1 2 20.53723597335288 0
2 2 19.3013969532634 -1
3 2 19.49688252051984 -1

0 3 20.159135713688098 0
1 3 20.21237095249739 0
2 3 20.032537306050333 0
3 3 20.71233692158634 1


# 20.0 20.0 2.5114505473045234
0 0 19.351696740294102 -1
1 0 20.72914528511193 0
2 0 20.962330871380264 0
3 0 22.518333894423403 1

0 1 20.583277859068062 0
1 1 21.829453057228687 1
2 1 20.135190894290652 -1
3 1 22.1413213308723 1

0 2 20.362341675847645 0
1 2 20.53191539829799 0
2 2 19.27728821293666 -1
3 2 19.48358481224275 -1

0 3 20.160303379535467 0
1 3 20.212148445499107 0
2 3 20.033592022156483 0
3 3 20.740898914422022 1


# 20.0 20.0 2.518333894423403
0 0 19.330784735373673 -1
1 0 20.72399200710502 0
2 0 20.962443176332123 0
3 0 22.524919048310615 1

0 1 20.577051142608603 0
1 1 21.825257103789337 1
2 1 20.119177449251865 -1
3 1 22.13691801069333 1

0 2 20.36235456450735 0
1 2 20.526508039100477 0
2 2 19.25393272658872 -1
3 2 19.470855245949004 -1

0 3 20.161426493992266 0
1 3 20.211896529451135 0
2 3 20.034661895271455 0
3 3 20.768292759197475 1


# 20.0 20.0 2.5249190483106148
0 0 19.310489002696784 -1
1 0 20.71876261420043 0
2 0 20.96237487226733 0
3 0 22.53121347716696 1

0 1 20.57079220267096 0
1 1 21.820867646470134 1
2 1 20.10354605076001 -1
3 1 22.13243483153072 1

0 2 20.362240393627204 0
1 2 20.5210229007773 0
2 2 19.231304988825553 -1
3 2 19.458663716573792 -1

0 3 20.162504783285485 0
1 3 20.2116151501662 0
2 3 20.035740650448325 0
3 3 20.79456707227063 1


# 20.0 20.0 2.531213477166961
0 0 19.290786056402155 -1
1 0 20.713462927305688 0
2 0 20.962133797094893 0
3 0 22.53722461553246 1

0 1 20.564505659316776 0
1 1 21.816296449897486 1
2 1 20.088281881131714 -1
3 1 22.127882611165287 1

0 2 20.362002697215416 0
1 2 20.515468432973247 0
2 2 19.20938020553545 -1
3 2 19.446981799145348 -1

0 3 20.163538025255786 0
1 3 20.211304279163347 0
2 3 20.03682256181313 0
3 3 20.81976831000039 1


# 20.0 20.0 2.537224615532459
0 0 19.271653381411145 -1
1 0 20.70809848789969 0
2 0 20.961727437431673 0
3 0 22.542959849956453 1

0 1 20.55819585196776 0
1 1 21.811554756150077 1
2 1 20.07337089096078 -1
3 1 22.123271291977098 1

0 2 20.36164501165473 0
1 2 20.509852559220572 0
2 2 19.188134289403425 -1
3 2 19.435782650277815 -1

0 3 20.164526047836393 0
1 3 20.210963913464926 0
2 3 20.037902412371402 0
3 3 20.843940871592167 1


# 20.0 20.0 2.5429598499564534
0 0 19.253069391758753 -1
1 0 20.702674570431988 0
2 0 20.96116294879573 0
3 0 22.548426506247296 1

0 1 20.551866856099878 0
1 1 21.80665330637543 1
2 1 20.058799750233284 -1
3 1 22.118610004595162 1

0 2 20.361170866723114 0
1 2 20.504182704889587 0
2 2 19.167543853725327 -1
3 2 19.4250409157251 -1

0 3 20.16546872747654 0
1 3 20.21059407523625 0
2 3 20.03897545665845 0
3 3 20.86712719668345 1


# 20.0 20.0 2.5484265062472957
0 0 19.29501339077382 0
1 0 20.697916194225183 0
2 0 20.96045581435478 0
3 0 22.553631941849794 1

0 1 20.54624249891015 0
1 1 21.801619641448507 1
2 1 20.044556113991572 -1
3 1 22.113907132060962 1

0 2 20.360592417496058 0
1 2 20.498466134909762 0
2 2 19.14758621220193 -1
3 2 19.414732643756 -1

0 3 20.16636609120017 0
1 3 20.21019481626955 0
2 3 20.040037386180654 0
3 3 20.88936785796209 1


# 20.0 20.0 2.553631941849794
0 0 19.335322813023588 0
1 0 20.633772493293648 -1
2 0 20.9589001967415 0
3 0 22.55857487988883 1

0 1 20.54127073241954 0
1 1 21.795758684354354 1
2 1 20.030611247224282 -1
3 1 22.109170057764832 1

0 2 20.359920771463578 0
1 2 20.492701286245566 0
2 2 19.128239064777116 -1
3 2 19.404835196484296 -1

0 3 20.16721829896976 0
1 3 20.20976611764298 0
2 3 20.041084292445653 0
3 3 20.910701648942613 1


# 20.0 20.0 2.5585748798888304
0 0 19.373351710463297 0
1 0 20.572690175674026 -1
2 0 20.9565689041118 0
3 0 22.563255051755352 1

0 1 20.536885735653296 0
1 1 21.78915692884291 1
2 1 20.016939526823478 -1
3 1 22.104405272639465 1

0 2 20.359165762912532 0
1 2 20.486887558995885 0
2 2 19.109480548564807 -1
3 2 19.395327167873717 -1

0 3 20.168025622773516 0
1 3 20.209307910392557 0
2 3 20.042112633457734 0
3 3 20.931165667196655 1


# 20.0 20.0 2.563255051755352
0 0 19.409225959822546 0
1 0 20.514496609809044 -1
2 0 20.95352930439976 0
3 0 22.56767308481663 1

0 1 20.533027118574793 0
1 1 21.781893606028888 1
2 1 20.003518134315545 -1
3 1 22.099618471832677 1

0 2 20.358336084474335 0
1 2 20.48102517395761 0
2 2 19.091289279548953 -1
3 2 19.38618830784596 -1

0 3 20.16878842829207 0
1 3 20.20882009298456 0
2 3 20.043119203329272 0
3 3 20.95079539331168 1


# 20.0 20.0 2.5676730848166294
0 0 19.44306411000954 0
1 0 20.45902959644232 -1
2 0 20.949843723401862 0
3 0 22.571830400106045 1

0 1 20.589639505200804 1
1 1 21.774761261858497 1
2 1 19.990335416708103 -1
3 1 22.094814745511627 1

0 2 20.35815940621582 0
1 2 20.47513232609494 0
2 2 19.07364469717834 -1
3 2 19.37739945694845 -1

0 3 20.169515798863962 0
1 3 20.208302857018666 0
2 3 20.04410111215955 0
3 3 20.969624765981756 1


# 20.0 20.0 2.5718304001060446
0 0 19.475697831268914 0
1 0 20.406153987190095 -1
2 0 20.945570124667036 0
3 0 22.57572912414437 1

0 1 20.64417806797449 1
1 1 21.647762318864903 -1
2 1 20.035940819340777 0
3 1 22.09070135900534 1

0 2 20.358582625469957 0
1 2 20.467785484424766 0
2 2 19.057212474188265 -1
3 2 19.368959142946718 -1

0 3 20.170215855894725 0
1 3 20.20773936645363 0
2 3 20.04506378472833 0
3 3 20.987686549538513 1


# 20.0 20.0 2.5757291241443703
0 0 19.507176694005206 0
1 0 20.354301629378558 -1
2 0 20.941447838305386 0
3 0 22.579388666042902 1

0 1 20.695284848779643 1
1 1 21.52730948094247 -1
2 1 20.077615713841716 0
3 1 21.96720346420109 -1

0 2 20.35952158946941 0
1 2 20.459153176105023 0
2 2 19.04187577723869 -1
3 2 19.359424048434697 -1

0 3 20.170895216553593 0
1 3 20.20711565919122 0
2 3 20.046011241601363 0
3 3 21.004995057235558 1


# 20.0 20.0 2.5793886660429024
0 0 19.537513370758916 0
1 0 20.30349620922474 -1
2 0 20.93743303616587 0
3 0 22.58138631206976 1

0 1 20.743175018424946 1
1 1 21.41299990726839 -1
2 1 20.114204305795802 0
3 1 21.849241094700247 -1

0 2 20.360900363644696 0
1 2 20.449388524140097 0
2 2 19.027494077370896 -1
3 2 19.34890900115212 -1

0 3 20.171559181031693 0
1 3 20.206420308866466 0
2 3 20.04694568277578 0
3 3 21.021565491382212 1


# 20.0 20.0 2.5813863120697604
0 0 19.56672294414339 0
1 0 20.253755239088232 -1
2 0 20.93345299893035 0
3 0 22.581848733958815 1

0 1 20.788049146231774 1
1 1 21.304440678302576 -1
2 1 20.14609804530925 0
3 1 21.73649523808788 -1

0 2 20.362650510588463 0
1 2 20.438629941882912 0
2 2 19.013941353710536 -1
3 2 19.337518848101897 -1

0 3 20.17221190034801 0
1 3 20.205644106194153 0
2 3 20.047867775514643 0
3 3 21.03741377317585 1


# 20.0 20.0 2.5818487339588145
0 0 19.594822570778067 0
1 0 20.205090114022656 -1
2 0 20.929444415694764 0
3 0 22.580893455381688 1

0 1 20.830094047206067 1
1 1 21.201266471525102 -1
2 1 20.173659108882628 0
3 1 21.628667295036582 -1

0 2 20.36471041981699 0
1 2 20.367002452887494 -1
2 2 19.06038474695707 0
3 2 19.326060646263652 -1

0 3 20.172856526247617 0
1 3 20.204059774789798 0
2 3 20.0494796284821 0
3 3 21.05257336063847 1


# 20.0 20.0 2.5818487339588145
0 0 19.621831168164803 0
1 0 20.15750683389832 -1
2 0 20.925352463013535 0
3 0 22.578629528084548 1

0 1 20.869483793937494 1
1 1 21.102417507167168 -1
2 1 20.197925335802353 0
3 1 21.525494654766852 -1

0 2 20.366304695461547 0
1 2 20.298184335841402 -1
2 2 19.103946078459803 0
3 2 19.37455026824696 0

0 3 20.17347806494572 0
1 3 20.201742968599856 0
2 3 20.05170063297823 0
3 3 21.067795730470188 1


# 20.0 20.0 2.5818487339588145
0 0 19.6477691336449 0
1 0 20.110998016120497 -1
2 0 20.921138294127054 0
3 0 22.57515846046023 1

0 1 20.906363370627403 1
1 1 21.007663119523844 -1
2 1 20.21912382544637 0
3 1 21.427449869916487 -1

0 2 20.367456207509136 0
1 2 20.232041188210125 -1
2 2 19.145485657672314 0
3 2 19.420507932077296 0

0 3 20.17406324472098 0
1 3 20.138763424709573 -1
2 3 20.053753744147368 0
3 3 21.08304622428796 1


# 20.0 20.0 2.5818487339588145
0 0 19.67265778147466 0
1 0 20.065553609784942 -1
2 0 20.916768516522016 0
3 0 22.570583376520922 1

0 1 20.940869434363144 1
1 1 20.916786346480354 -1
2 1 20.23748376651204 0
3 1 21.334239876281316 -1

0 2 20.368186733201284 0
1 2 20.167733877120803 -1
2 2 19.185056097942333 0
3 2 19.46407470531219 0

0 3 20.173880369805953 0
1 3 20.07767977676466 -1
2 3 20.055645472081117 0
3 3 21.09829320234231 1


# 20.0 20.0 2.5818487339588145
0 0 19.696519177871348 0
1 0 20.02116124666446 -1
2 0 20.91221497950446 0
3 0 22.5649998332356 1

0 1 20.97313082521053 1
1 1 20.829574718435392 -1
2 1 20.253217573785424 0
3 1 21.2455893068255 -1

0 2 20.368499831272477 0
1 2 20.105212376111982 -1
2 2 19.22271120676859 0
3 2 19.505382692280314 0

0 3 20.172974831789386 0
1 3 20.018423218300335 -1
2 3 20.057381493782646 0
3 3 21.053507817290743 0


# 20.0 20.0 2.5818487339588145
0 0 19.71937599233048 0
1 0 19.977806462587797 -1
2 0 20.90745423680058 0
3 0 22.558496361762632 1

0 1 21.003268737056146 1
1 1 20.74582919374499 -1
2 1 20.2665221375734 0
3 1 21.161239370238224 -1

0 2 20.368400309698522 0
1 2 20.044426549200757 -1
2 2 19.258505623317742 0
3 2 19.5438356529347 0

0 3 20.171389620180953 0
1 3 19.960927815089693 -1
2 3 20.058246766112152 0
3 3 21.01080652489684 0


# 20.0 20.0 2.5818487339588145
0 0 19.74125135900231 0
1 0 19.935473008633682 -1
2 0 20.90246705695059 0
3 0 22.551154969865443 1

0 1 21.031397220449136 1
1 1 20.665363219435513 -1
2 1 20.277579978209182 0
3 1 21.08093816390033 -1

0 2 20.367894057369153 0
1 2 19.985326363421667 -1
2 2 19.292477218526624 0
3 2 19.579605218399326 0

0 3 20.169165456323945 0
1 3 19.90512170988622 -1
2 3 20.058301267375157 0
3 3 20.970072367829847 0


# 20.0 20.0 2.5818487339588145
0 0 19.76216875282722 0
1 0 19.89414313062163 -1
2 0 20.89723797750302 0
3 0 22.543051504647128 1

0 1 21.057623649545857 1
1 1 20.588001862364187 -1
2 1 20.286560001922673 0
3 1 21.004449361716148 -1

0 2 20.366987892591148 0
1 2 19.927861762177844 -1
2 2 19.324666251035847 0
3 2 19.612852054993535 0

0 3 20.166340815126013 0
1 3 19.85093664420715 -1
2 3 20.057600717302275 0
3 3 20.931195195855523 0


# 20.0 20.0 2.5818487339588145
0 0 19.782151879087447 0
1 0 19.853797819762978 -1
2 0 20.89175489436389 0
3 0 22.534256101552792 1

0 1 21.082049155873445 1
1 1 20.51358099784755 -1
2 1 20.293618539889945 0
3 1 20.931551208881306 -1

0 2 20.36568942190045 0
1 2 19.8719828773732 -1
2 2 19.355114921260835 0
3 2 19.643726604595777 0

0 3 20.162952058574767 0
1 3 19.79830773298945 -1
2 3 20.05619690137685 0
3 3 20.894071250876394 0


# 20.0 20.0 2.5818487339588145
0 0 19.801224575147938 0
1 0 19.814417036941244 -1
2 0 20.886008688941214 0
3 0 22.52483360067076 1

0 1 21.104769031265512 1
1 1 20.441946559776508 -1
2 1 20.298900306521546 0
3 1 20.86203558424975 -1

0 2 20.36400691378719 0
1 2 19.81764021279305 -1
2 2 19.38386697334376 0
3 2 19.672369772904393 0

0 3 20.159033560227396 0
1 3 19.747173256296662 -1
2 3 20.054137969285225 0
3 3 20.85860277875112 0


# 20.0 20.0 2.5818487339588145
0 0 19.819410723261093 0
1 0 19.775979913053458 -1
2 0 20.879992889848634 0
3 0 22.514843932735793 1

0 1 21.12587310231426 1
1 1 20.372953847323423 -1
2 1 20.3025392833457 0
3 1 20.795707125579092 -1

0 2 20.361949185912145 0
1 2 19.764784801733498 -1
2 2 19.410967340550485 0
3 2 19.698913569380977 0

0 3 20.154617821365715 0
1 3 19.697474466640816 -1
2 3 20.051468709606556 0
3 3 20.82469766606393 0


# 20.0 20.0 2.5818487339588145
0 0 19.836734173408107 0
1 0 19.738464927632176 -1
2 0 20.873703366199553 0
3 0 22.50434247705865 1

0 1 21.145446078496786 1
1 1 20.306466883746396 -1
2 1 20.30465953433801 0
3 1 20.732382413274102 -1

0 2 20.35952550452299 0
1 2 19.713368341595817 -1
2 2 19.436461830063116 0
3 2 19.72348170237979 0

0 3 20.149735579450514 0
1 3 19.649155410609737 -1
2 3 20.04823080268392 0
3 3 20.79226910014639 0


# 20.0 20.0 2.5818487339588145
0 0 19.853218675238963 0
1 0 19.701850067773844 -1
2 0 20.867138049769217 0
3 0 22.493380393441058 1

0 1 21.16356787596202 1
1 1 20.242357823162603 -1
2 1 20.305375958085015 0
3 1 20.67188920856346 -1

0 2 20.356745494897122 0
1 2 19.663343307904007 -1
2 2 19.46039684347272 0
3 2 19.74619013270603 0

0 3 20.144415909456377 0
1 3 19.60216276360466 -1
2 3 20.044463053457882 0
3 3 20.761235250775087 0


# 20.0 20.0 2.5818487339588145
0 0 19.868887818255192 0
1 0 19.666112969221587 -1
2 0 20.86029668352788 0
3 0 22.482004929982274 1

0 1 21.180313918807393 1
1 1 20.180506401499013 -1
2 1 20.30479498174169 0
3 1 20.614065742336955 -1

0 2 20.353619061745455 0
1 2 19.614663049968478 -1
2 2 19.482819129600518 0
3 2 19.767147588604928 0

0 3 20.13868631862015 0
1 3 19.55644567659782 -1
2 3 20.040201605896332 0
3 3 20.7315189720812 0


# 20.0 20.0 2.5818487339588145
0 0 19.88376497945435 0
1 0 19.631231041288054 -1
2 0 20.853180594255853 0
3 0 22.470259708542027 1

0 1 21.195755419529867 1
1 1 20.120799428137396 -1
2 1 20.303015201350057 0
3 1 20.558760051140766 -1

0 2 20.350156318609567 0
1 2 19.567281870205335 -1
2 2 19.503775566572372 0
3 2 19.786456044961053 0

0 3 20.13257283509231 0
1 3 19.51195563391504 -1
2 3 20.03548014051951 0
3 3 20.703047523312044 0


# 20.0 20.0 2.5818487339588145
0 0 19.89787327772381 0
1 0 19.59718157715536 -1
2 0 20.845792487141676 0
3 0 22.458184989493905 1

0 1 21.209959640203262 1
1 1 20.06313031505377 -1
2 1 20.30012797272416 0
3 1 20.505829357079 -1

0 2 20.346367525373978 0
1 2 19.52115508892646 -1
2 2 19.523312970342474 0
3 2 19.80421116928149 0

0 3 20.126100090940458 0
1 3 19.468646321135246 -1
2 3 20.03033005639517 0
3 3 20.67575230718093 0


# 20.0 20.0 2.5818487339588145
0 0 19.911235534334057 0
1 0 19.56394185095319 -1
2 0 20.838136260439782 0
3 0 22.44581791728235 1

0 1 21.222990135811866 1
1 1 20.007398640512175 -1
2 1 20.29621795677388 0
3 1 20.455139488601738 -1

0 2 20.342263033096415 0
1 2 19.476239096239023 -1
2 2 19.54147792711031 0
3 2 19.820502736846382 0

0 3 20.11929139991738 0
1 3 19.426473502278185 -1
2 3 20.024780638865405 0
3 3 20.649568624630955 0


# 20.0 20.0 2.5818487339588145
0 0 19.923874238939213 0
1 0 19.531489202891848 -1
2 0 20.83021683842469 0
3 0 22.433192748184503 1

0 1 21.23490698105834 1
1 1 19.953509744611146 -1
2 1 20.291363622833707 0
3 1 20.40656433937484 -1

0 2 20.33785323543294 0
1 2 19.432491392532743 -1
2 2 19.558316647301954 0
3 2 19.835415017234528 0

0 3 20.112168830372887 0
1 3 19.385394905523754 -1
2 3 20.01885921416254 0
3 3 20.624435444921005 0


# 20.0 20.0 2.5818487339588145
0 0 19.935811520544803 0
1 0 19.49980111361336 -1
2 0 20.82204002102643 0
3 0 22.420341061574675 1

0 1 21.245766981860957 1
1 1 19.901374354199902 -1
2 1 20.285637713280526 0
3 1 20.359985362626173 -1

0 2 20.333148526001956 0
1 2 19.389870618887503 -1
2 2 19.573874838994243 0
3 2 19.849027134269175 0

0 3 20.10475327365777 0
1 3 19.34537011677225 -1
2 3 20.012591291975962 0
3 3 20.60029519001879 0


# 20.0 20.0 2.5818487339588145
0 0 19.947069122950882 0
1 0 19.468855268819723 -1
2 0 20.81361234866742 0
3 0 22.40729195589351 1

0 1 21.255623872660628 1
1 1 19.850908234882088 -1
2 1 20.2791076724651 0
3 1 20.315291098547405 -1

0 2 20.328159261092345 0
1 2 19.348336578601796 -1
2 2 19.588197598850265 0
3 2 19.861413401278867 0

0 3 20.097064508340466 0
1 3 19.306360480414835 -1
2 3 20.00600069694438 0
3 3 20.577093532356795 0


# 20.0 20.0 2.5818487339588145
0 0 19.957668384222416 0
1 0 19.43862961514256 -1
2 0 20.804940980945403 0
3 0 22.394072230435256 1

0 1 21.264528500571245 1
1 1 19.802031868009117 -1
2 1 20.271836042743 0
3 1 20.2723767325019 -1

0 2 20.32289572717663 0
1 2 19.307850250922318 -1
2 2 19.601329318808116 0
3 2 19.872643633429156 0

0 3 20.089121260531307 0
1 3 19.26832900673819 -1
2 3 19.999109689967554 0
3 3 20.55477920507271 0


# 20.0 20.0 2.5818487339588145
0 0 19.967630219778975 0
1 0 19.409102408131375 -1
2 0 20.79603358792141 0
3 0 22.380706553984666 1

0 1 21.27252899732683 1
1 1 19.75467015073416 -1
2 1 20.263880830170923 0
3 1 20.231143681947838 -1

0 2 20.317368112740578 0
1 2 19.2683737979463 -1
2 2 19.613313606923494 0
3 2 19.882783438752462 0

0 3 20.080941260585924 0
1 3 19.23124028543718 -1
2 3 19.99193908015812 0
3 3 20.53330382391702 0


# 20.0 20.0 2.5818487339588145
0 0 19.976975108732432 0
1 0 19.380252253158513 -1
2 0 20.78689825287648 0
3 0 22.36721762125911 1

0 1 21.27967093990559 1
1 1 19.708752117353097 -1
2 1 20.25529584223193 0
3 1 20.19149921013295 -1

0 2 20.311586483986726 0
1 2 19.229870565569282 -1
2 2 19.624193220911707 0
3 2 19.8918944893844 0

0 3 20.07254129643792 0
1 3 19.195060404754802 -1
2 3 19.98450832818648 0
3 3 20.512621720066857 0


# 20.0 20.0 2.5818487339588145
0 0 19.985723083134832 0
1 0 19.35205813996623 -1
2 0 20.777543385497154 0
3 0 22.35362629804134 1

0 1 21.28599750064325 1
1 1 19.664210680301075 -1
2 1 20.246130999766912 0
3 1 20.153356064753677 -1

0 2 20.30556076401109 0
1 2 19.1923050792617 -1
2 2 19.63401001306714 0
3 2 19.900034774404904 0

0 3 20.063937263791345 0
1 3 19.159756875809975 -1
2 3 19.976835641709975 0
3 3 20.492689783137827 0


# 20.0 20.0 2.5818487339588145
0 0 19.99389371982929 0
1 0 19.32449947151518 -1
2 0 20.767977644538156 0
3 0 22.339951755823353 1

0 1 21.291549587585934 1
1 1 19.62098238930418 -1
2 1 20.23643262511806 0
3 1 20.11663213989818 -1

0 2 20.299300715090293 0
1 2 19.155643035376396 -1
2 2 19.64280488535923 0
3 2 19.90725883558064 0

0 3 20.05514421338566 0
1 3 19.12529856171162 -1
2 3 19.96893806352066 0
3 3 20.47346731373408 0


# 20.0 20.0 2.5818487339588145
0 0 20.00150613462465 0
1 0 19.297556087733145 -1
2 0 20.758209869091647 0
3 0 22.326211596721592 1

0 1 21.296365975775554 1
1 1 19.57900720730562 -1
2 1 20.226243708332248 0
3 1 20.08125015971007 -1

0 2 20.292815923750954 0
1 2 19.11985128861586 -1
2 2 19.65061775361458 0
3 2 19.91361798721096 0

0 3 20.046176395529326 0
1 3 19.09165561109172 -1
2 3 19.960831552994076 0
3 3 20.454915884922112 0


# 20.0 20.0 2.5818487339588145
0 0 20.008578978540264 0
1 0 19.271208284707605 -1
2 0 20.748249017666936 0
3 0 22.31242196936814 1

0 1 21.300483430108144 1
1 1 19.538228301896115 -1
2 1 20.215604153126954 0
3 1 20.04713738231872 -1

0 2 20.286115788324455 0
1 2 19.08489783622142 -1
2 2 19.65748751979572 0
3 2 19.919160521192538 0

0 3 20.037047302083263 0
1 3 19.058799395721454 -1
2 3 19.952531061373595 0
3 3 20.43699921205571 0


# 20.0 20.0 2.5818487339588145
0 0 20.015130435890605 0
1 0 19.24543682981533 -1
2 0 20.738104114352648 0
3 0 22.29859767643094 1

0 1 21.303936820356938 1
1 1 19.49859185107935 -1
2 1 20.20455100418742 0
3 1 20.014225322683064 -1

0 2 20.27920950871877 0
1 2 19.050751799386575 -1
2 2 19.663452051479204 0
3 2 19.923931898337067 0

0 3 20.027769706061548 0
1 3 19.026702451903013 -1
2 3 19.944050601381157 0
3 3 20.419683030418323 0


# 20.0 20.0 2.5818487339588145
0 0 20.02117822400061 0
1 0 19.220222973236275 -1
2 0 20.727784201396094 0
3 0 22.284752274368376 1

0 1 21.30675922890753 1
1 1 19.460046862296156 -1
2 1 20.193118657240678 0
3 1 19.982449493089728 -1

0 2 20.272106078164846 0
1 2 19.017383402342137 -1
2 2 19.668548167719816 0
3 2 19.927974926901644 0

0 3 20.018355699004147 0
1 3 18.995338425355815 -1
2 3 19.935403311605075 0
3 3 20.402934980185343 0


# 20.0 20.0 2.5818487339588145
0 0 20.026739594362315 0
1 0 19.195548456257008 -1
2 0 20.71729829759185 0
3 0 22.270898165979293 1

0 1 21.308982051711293 1
1 1 19.422545003716554 -1
2 1 20.181339053238542 0
3 1 19.951749160133392 -1

0 2 20.264814276718614 0
1 2 18.984763949511844 -1
2 2 19.67281163056435 0
3 2 19.931329929222372 0

0 3 20.00881672626489 0
1 3 18.964682019339453 -1
2 3 19.926601516078733 0
3 3 20.386724498242284 0


# 20.0 20.0 2.5818487339588145
0 0 20.03183133506089 0
1 0 19.171395516730644 -1
2 0 20.706655361924373 0
3 0 22.257046686268733 1

0 1 21.31063509292537 1
1 1 19.386040446887037 -1
2 1 20.169241857877203 0
3 1 19.922067117088208 -1

0 2 20.257342666320856 0
1 2 18.952865801092617 -1
2 2 19.676277141548514 0
3 2 19.93403489727758 0

0 3 19.99916362034728 0
1 3 18.93470894577742 -1
2 3 19.917656779430246 0
3 3 20.371022716426054 0


# 20.0 20.0 2.5818487339588145
0 0 20.03646977431457 0
1 0 19.14774689202547 -1
2 0 20.695864261957606 0
3 0 22.24320818211161 1

0 1 21.311746653672774 1
1 1 19.350489719892476 -1
2 1 20.156854627584938 0
3 1 19.893349470654194 -1

0 2 20.249699587236734 0
1 2 18.921662347373633 -1
2 2 19.678978342574183 0
3 2 19.936125637947775 0

0 3 19.989406632410947 0
1 3 18.905395879165347 -1
2 3 19.908579957952163 0
3 3 20.355802365785514 0


# 20.0 20.0 2.5818487339588145
0 0 20.040670784987622 0
1 0 19.12458581976245 -1
2 0 20.684933746508893 0
3 0 22.229392086161546 1

0 1 21.31234361532392 1
1 1 19.315851570258175 -1
2 1 20.144202963020806 0
3 1 19.86554544113228 -1

0 2 20.24189315571409 0
1 2 18.89112798207224 -1
2 2 19.68094782062254 0
3 2 19.937635908684452 0

0 3 19.979555462062706 0
1 3 18.87672041306545 -1
2 3 19.899381246911855 0
3 3 20.34103768648439 0


# 20.0 20.0 2.5818487339588145
0 0 20.044449789949105 0
1 0 19.101896036613024 -1
2 0 20.673872422185063 0
3 0 22.215606985419537 1

0 1 21.31245151767137 1
1 1 19.282086836878314 -1
2 1 20.131310651045627 0
3 1 19.83860717514652 -1

0 2 20.233931262715775 0
1 2 18.86123807493216 -1
2 2 19.682217115811547 0
3 2 19.938597544249014 0

0 3 19.969619285537824 0
1 3 18.84866101900528 -1
2 3 19.89007022439717 0
3 3 20.326704342994706 0


# 19.880000000000003 20.0 2.5818487339588145
0 0 20.04782176816235 0
1 0 19.079661775401984 -1
2 0 20.662688733395697 0
3 0 22.20186068484694 1

0 1 21.312094632342248 1
1 1 19.24915833031282 -1
2 1 20.118199796051435 0
3 1 19.812489570092136 -1

0 2 20.225821573595457 0
1 2 18.831968943800117 -1
2 2 19.682816732354564 0
3 2 19.939040575135852 0

0 3 19.959606782369672 0
1 3 18.82119700761386 -1
2 3 19.880655891968047 0
3 3 20.312779344252142 0


# 19.760000000000005 20.0 2.5818487339588145
0 0 20.049361261401437 0
1 0 19.05713048073642 -1
2 0 20.650662098132695 0
3 0 22.18671152021115 1

0 1 21.31055875176759 1
1 1 19.21701302612607 -1
2 1 20.10488198296143 0
3 1 19.78641261708797 -1

0 2 20.216842681239697 0
1 2 18.80328886786572 -1
2 2 19.682775937016718 0
3 2 19.938264485760428 0

0 3 19.948077414470607 0
1 3 18.793570999385732 -1
2 3 19.870417859873243 0
3 3 20.297783476006668 0


# 19.640000000000008 20.0 2.5818487339588145
0 0 20.049116526781035 0
1 0 19.034292500357967 -1
2 0 20.63780492205349 0
3 0 22.170200515953248 1

0 1 21.307870951003114 1
1 1 19.185600412498278 -1
2 1 20.091358774443158 0
3 1 19.760341172484157 -1

0 2 20.207006135427704 0
1 2 18.775158444020107 -1
2 2 19.682105086809077 0
3 2 19.936300134182087 0

0 3 19.935073553167427 0
1 3 18.765768815696262 -1
2 3 19.85936819830071 0
3 3 20.281731290860222 0


# 19.52000000000001 20.0 2.5818487339588145
0 0 20.04713429323325 0
1 0 19.011138690876354 -1
2 0 20.62412949110252 0
3 0 22.15236694534197 1

0 1 21.304057261154895 1
1 1 19.154872150744296 -1
2 1 20.07763092808357 0
3 1 19.734242419331114 -1

0 2 20.19632334883985 0
1 2 18.747539671532216 -1
2 2 19.680814109827423 0
3 2 19.933176982386666 0

0 3 19.920636011227835 0
1 3 18.737777052009747 -1
2 3 19.84751860340445 0
3 3 20.26463731141875 0


# 19.400000000000013 20.0 2.5818487339588145
0 0 20.043459810101226 0
1 0 18.987660403282923 -1
2 0 20.609647951796713 0
3 0 22.133248419763195 1

0 1 21.299142719902616 1
1 1 19.124781972182188 -1
2 1 20.063698480973205 0
3 1 19.708085724316685 -1

0 2 20.18480558902053 0
1 2 18.72039591197515 -1
2 2 19.67891251230058 0
3 2 19.92892317570286 0

0 3 19.904804106515996 0
1 3 18.709583039288084 -1
2 3 19.83488041641755 0
3 3 20.24651601131312 0


# 19.280000000000015 20.0 2.5818487339588145
0 0 20.038136894415807 0
1 0 18.963849468165776 -1
2 0 20.59437229424808 0
3 0 22.112880972874496 1

0 1 21.293151419134126 1
1 1 19.09528558088042 -1
2 1 20.04956082722744 0
3 1 19.681842503605044 -1

0 2 20.172463971533173 0
1 2 18.69369184944837 -1
2 2 19.676409386935706 0
3 2 19.923565617145584 0

0 3 19.887615722811276 0
1 3 18.68117480750211 -1
2 3 19.821464641397025 0
3 3 20.22738179800836 0


# 19.160000000000018 20.0 2.5818487339588145
0 0 20.031207976864437 0
1 0 18.93969818072673 -1
2 0 20.578314337659602 0
3 0 22.09129913994619 1

0 1 21.28610654988183 1
1 1 19.066340561885575 -1
2 1 20.035216789001556 0
3 1 19.65548609700675 -1

0 2 20.159309454194478 0
1 2 18.667393451201065 -1
2 2 19.673313422347736 0
3 2 19.917130037033825 0

0 3 19.86910736793043 0
1 3 18.652541051113364 -1
2 3 19.807281961715983 0
3 3 20.207248997265054 0


# 19.04000000000002 20.0 2.5818487339588145
0 0 20.02271414646462 0
1 0 18.915199285688324 -1
2 0 20.561485718053532 0
3 0 22.06853603268885 1

0 1 21.27803044473733 1
1 1 19.037906294562607 -1
2 1 20.02066468151313 0
3 1 19.6289916499473 -1

0 2 20.145352832284736 0
1 2 18.641467928747115 -1
2 2 19.669632913383165 0
3 2 19.90964105820555 0

0 3 19.84931422928571 0
1 3 18.623671096403587 -1
2 3 19.792342755408534 0
3 3 20.186131839126883 0


# 18.920000000000023 20.0 2.5818487339588145
0 0 20.012695193957 0
1 0 18.890345962168293 -1
2 0 20.543897878011727 0
3 0 22.04462340984756 1

0 1 21.268944617908012 1
1 1 19.00994387070764 -1
2 1 20.005902372545098 0
3 1 19.602336002736692 -1

0 2 20.130604734640066 0
1 2 18.615883699548867 -1
2 2 19.66537577216927 0
3 2 19.901122257129312 0

0 3 19.828270227003948 0
1 3 18.594554870538172 -1
2 3 19.776657109463386 0
3 3 20.16404444531743 0


# 18.800000000000026 20.0 2.5818487339588145
0 0 20.001189653935466 0
1 0 18.865131808589084 -1
2 0 20.525562058227017 0
3 0 22.019591743824613 1

0 1 21.258869803067274 1
1 1 18.982416017118677 -1
2 1 19.99092733686595 0
3 1 19.57549758667559 -1

0 2 20.115075620540626 0
1 2 18.590610349334924 -1
2 2 19.660549539738668 0
3 2 19.89159622119066 0

0 3 19.80600806472475 0
1 3 18.565182872257846 -1
2 3 19.760234833153692 0
3 3 20.141000817938135 0


# 18.680000000000028 20.0 2.5818487339588145
0 0 19.988234845733665 0
1 0 18.839550827681293 -1
2 0 20.506489290681944 0
3 0 21.993470283575217 1

0 1 21.247825989139162 1
1 1 18.955287022333238 -1
2 1 19.97573670596954 0
3 1 19.54845632656404 -1

0 2 20.098775777316305 0
1 2 18.5656185951066 -1
2 2 19.655161398096258 0
3 2 19.881084602411836 0

0 3 19.78255927818955 0
1 3 18.535546144100415 -1
2 3 19.743085470482853 0
3 3 20.117014829367097 0


# 18.56000000000003 20.0 2.5818487339588145
0 0 19.973866913089097 0
1 0 18.87359741163193 0
2 0 20.487410393287423 0
3 0 21.966295754004726 1

0 1 21.23583245414818 1
1 1 18.929242667263516 -1
2 1 19.960344593505535 0
3 1 19.521193860247415 -1

0 2 20.081715318598352 0
1 2 18.540888888878186 -1
2 2 19.649218493650977 0
3 2 19.869608175309725 0

0 3 19.75795428172711 0
1 3 18.505636349741255 -1
2 3 19.725218316795686 0
3 3 20.092100213415147 0


# 18.440000000000033 20.0 2.5818487339588145
0 0 19.95884086260725 0
1 0 18.90477224742129 0
2 0 20.40827610790853 -1
3 0 21.817382746478426 -1

0 1 21.222925077255585 1
1 1 18.904186188919596 -1
2 1 19.944042548825987 0
3 1 19.492236119764392 -1

0 2 20.06390449419155 0
1 2 18.516401568530075 -1
2 2 19.642719253269266 0
3 2 19.857169298984104 0

0 3 19.732222417712126 0
1 3 18.475445730688577 -1
2 3 19.706642329858745 0
3 3 20.066270345278316 0


# 18.320000000000036 20.0 2.5818487339588145
0 0 19.943134959449512 0
1 0 18.932478980104925 0
2 0 20.330095362681284 -1
3 0 21.67110494539455 -1

0 1 21.08913693172158 -1
1 1 18.938569972201645 0
2 1 19.92757195497734 0
3 1 19.52167235712656 0

0 2 20.04391363645107 0
1 2 18.492822076351956 -1
2 2 19.635679197034406 0
3 2 19.844491651220043 0

0 3 19.705374723080165 0
1 3 18.444975079551146 -1
2 3 19.687366447467046 0
3 3 20.03954691003254 0


# 18.20000000000004 20.0 2.5818487339588145
0 0 19.925281491851248 0
1 0 18.957562224861327 0
2 0 20.25282622695147 -1
3 0 21.528079150369283 -1

0 1 20.960206361795322 -1
1 1 18.969576564951797 0
2 1 19.911605553291196 0
3 1 19.547092234385808 0

0 2 20.021890101654854 0
1 2 18.47003206800537 -1
2 2 19.62812854421656 0
3 2 19.83152021413242 0

0 3 19.677423615223752 0
1 3 18.414223991778353 -1
2 3 19.66739985002576 0
3 3 20.011950262041267 0


# 18.08000000000004 20.0 2.5818487339588145
0 0 19.90538458118448 0
1 0 18.980078059894204 0
2 0 20.176444678582165 -1
3 0 21.388150743911606 -1

0 1 20.835839909573412 -1
1 1 18.99740755692328 0
2 1 19.89603736290251 0
3 1 19.568702860392964 0

0 2 19.937970264498983 -1
1 2 18.447203293030118 0
2 2 19.620084302735254 0
3 2 19.818205214240894 0

0 3 19.647662696151027 0
1 3 18.383173774194145 -1
2 3 19.646751556392324 0
3 3 19.98349953385538 0


# 17.960000000000043 20.0 2.5818487339588145
0 0 19.883541751895454 0
1 0 19.00008350922746 0
2 0 20.100925261474213 -1
3 0 21.251172854593193 -1

0 1 20.715041668251143 -1
1 1 19.0222323841919 0
2 1 19.880770907188722 0
3 1 19.586699127968732 0

0 2 19.854774405279212 -1
1 2 18.484300713361478 0
2 2 19.612280596898163 0
3 2 19.804510346347445 0

0 3 19.61616221724327 0
1 3 18.352527049521957 -1
2 3 19.625447677187154 0
3 3 19.954213046919 0


# 17.840000000000046 20.0 2.5818487339588145
0 0 19.85983575095696 0
1 0 19.017635922599382 0
2 0 20.026241356704872 -1
3 0 21.117005917643922 -1

0 1 20.597612028669733 -1
1 1 19.044929064612518 0
2 1 19.865735705397874 0
3 1 19.601264788226715 0

0 2 19.77301077976878 -1
1 2 18.518447249009743 0
2 2 19.604660819982357 0
3 2 19.79040257566239 0

0 3 19.583006831374004 0
1 3 18.322203734532884 -1
2 3 19.603511805962505 0
3 3 19.924108349809416 0


# 17.72000000000005 20.0 2.5818487339588145
0 0 19.83434463933774 0
1 0 19.03280139457807 0
2 0 19.952365735934706 -1
3 0 20.98551727089868 -1

0 1 20.483379737270234 -1
1 1 19.06557683854619 0
2 1 19.850866809731055 0
3 1 19.6125731069967 0

0 2 19.692602332830337 -1
1 2 18.549782305767977 0
2 2 19.59717186258869 0
3 2 19.775851907317307 0

0 3 19.548276258252898 0
1 3 18.292130022122304 -1
2 3 19.580965232926324 0
3 3 19.8932022548992 0


# 17.60000000000005 20.0 2.5818487339588145
0 0 19.80714240590376 0
1 0 19.045644755770407 0
2 0 19.879270721062248 -1
3 0 20.856580775083035 -1

0 1 20.372181647232246 -1
1 1 19.084250856517993 0
2 1 19.836104401429953 0
3 1 19.620787481508803 0

0 2 19.6134759173865 -1
1 2 18.5784370989945 0
2 2 19.58976391687245 0
3 2 19.760831171049347 0

0 3 19.5120455842299 0
1 3 18.322237936186976 0
2 3 19.558547142438922 0
3 3 19.86151951348469 0


# 17.480000000000054 20.0 2.5818487339588145
0 0 19.778299196127257 0
1 0 19.056229525312542 0
2 0 19.80692832719954 -1
3 0 20.730076456884547 -1

0 1 20.263862329688873 -1
1 1 19.10102241567024 0
2 1 19.821393415856328 0
3 1 19.626062019810917 0

0 2 19.535562069011224 -1
1 2 18.605255154295655 0
2 2 19.582407571466256 0
3 2 19.74531613112242 0

0 3 19.47510554326 0
1 3 18.349970836947058 0
2 3 19.536214937519265 0
3 3 19.82908318382294 0


# 17.360000000000056 20.0 2.5818487339588145
0 0 19.747881527326694 0
1 0 19.064617872491773 0
2 0 19.735310390399952 -1
3 0 20.605890173359235 -1

0 1 20.158273703986037 -1
1 1 19.115967821477625 0
2 1 19.80668350553308 0
3 1 19.628542092699035 0

0 2 19.458812074931252 -1
1 2 18.63028880654733 0
2 2 19.57507404860454 0
3 2 19.729285245516795 0

0 3 19.43746713864518 0
1 3 18.375399712387825 0
2 3 19.51392859348124 0
3 3 19.795914755273294 0


# 17.24000000000006 20.0 2.5818487339588145
0 0 19.715952491260666 0
1 0 19.070870690284778 0
2 0 19.66438868643328 -1
3 0 20.48391329646789 -1

0 1 20.055274997070658 -1
1 1 19.12915878203993 0
2 1 19.791928660584812 0
3 1 19.628364851236512 0

0 2 19.383178339091298 -1
1 2 18.653588674418543 0
2 2 19.56773526835954 0
3 2 19.712719443703524 0

0 3 19.3991412582717 0
1 3 18.398592826781595 0
2 3 19.49165050676 0
3 3 19.762034263489017 0


# 17.12000000000006 20.0 2.5818487339588145
0 0 19.682571949823547 0
1 0 19.07504755431238 0
2 0 19.594135035739463 -1
3 0 20.364042416438757 -1

0 1 19.95473235604515 -1
1 1 19.140662727446344 0
2 1 19.777086859470124 0
3 1 19.625659712119926 0

0 2 19.30861439631429 -1
1 2 18.675203680673274 0
2 2 19.560363901365566 0
3 2 19.69560192159167 0

0 3 19.36013865965107 0
1 3 18.41961584222178 0
2 3 19.469345353560996 0
3 3 19.727460397305244 0


# 17.000000000000064 20.0 2.5818487339588145
0 0 19.64779671855419 0
1 0 19.07720669081214 0
2 0 19.52452139583906 -1
3 0 20.24617906274247 -1

0 1 19.856518483199032 -1
1 1 19.150543105098773 0
2 1 19.76211974758864 0
3 1 19.620548812993963 0

0 2 19.23507492155137 -1
1 2 18.695181077243806 0
2 2 19.55293341129984 0
3 2 19.67791795234401 0

0 3 19.320469957068912 0
1 3 18.43853193350295 0
2 3 19.44697995761673 0
3 3 19.692210597921786 0


# 16.880000000000067 20.0 2.5818487339588145
0 0 19.611680738774375 0
1 0 19.077404952674577 0
2 0 19.455519942369886 -1
3 0 20.13022944154811 -1

0 1 19.760512292089768 -1
1 1 19.158859652889195 0
2 1 19.74699234153902 0
3 1 19.61314743967339 0

0 2 19.16251573476304 -1
1 2 18.713566474325564 0
2 2 19.54541808826735 0
3 2 19.659654711855914 0

0 3 19.280145610633625 0
1 3 18.455401896806737 0
2 3 19.424523166392778 0
3 3 19.656301150935587 0


# 16.76000000000007 20.0 2.5818487339588145
0 0 19.57427523911567 0
1 0 19.075697802674743 0
2 0 19.387103139819494 -1
3 0 20.016104188606292 -1

0 1 19.666598583343212 -1
1 1 19.165668651973103 0
2 1 19.731672756981947 0
3 1 19.603564427096437 0

0 2 19.090893801922622 -1
1 2 18.730403872825576 0
2 2 19.537793074127194 0
3 2 19.640801117783877 0

0 3 19.239175917035567 0
1 3 18.4702842526159 0
2 3 19.401945735136426 0
3 3 19.61974727173695 0


# 16.64000000000007 20.0 2.5818487339588145
0 0 19.535628887139723 0
1 0 19.07213930310959 0
2 0 19.31924380293145 -1
3 0 19.9037181365768 -1

0 1 19.574667738935222 -1
1 1 19.17102316074062 0
2 1 19.716131958225564 0
3 1 19.591902535709423 0

0 2 19.02016723258743 -1
1 2 18.7457356995708 0
2 2 19.53003438069769 0
3 2 19.621347681094683 0

0 3 19.19757100184473 0
1 3 18.483235343244658 0
2 3 19.379220218208847 0
3 3 19.582563184746064 0


# 16.520000000000074 20.0 2.5818487339588145
0 0 19.49578793170723 0
1 0 19.06678211112354 0
2 0 19.25191514967944 -1
3 0 19.7929900958847 -1

0 1 19.484615433800368 -1
1 1 19.174973231457713 0
2 1 19.70034352780127 0
3 1 19.578258804866994 0

0 2 18.95029527444135 -1
1 2 18.759602844749498 0
2 2 19.52211890168645 0
3 2 19.6012863691843 0

0 3 19.155340813190552 0
1 3 18.49430942534217 0
2 3 19.35632086718537 0
3 3 19.544762196931643 0


# 16.400000000000077 20.0 2.5818487339588145
0 0 19.45479633670486 0
1 0 19.059677479070455 0
2 0 19.185090846625982 -1
3 0 19.683842648250767 -1

0 1 19.396342363692 -1
1 1 19.1775661109315 0
2 1 19.68428345443614 0
3 1 19.562724884725036 0

0 2 18.881238305174396 -1
1 2 18.772044701119135 0
2 2 19.5140244191086 0
3 2 19.580610479687746 0

0 3 19.11249511668189 0
1 3 18.503558757697636 0
2 3 19.33322353524844 0
3 3 19.506356766021337 0


# 16.28000000000008 20.0 2.5818487339588145
0 0 19.412695906696634 0
1 0 19.050875259320545 0
2 0 19.11874504741178 -1
3 0 19.57620195209938 -1

0 1 19.309753988290566 -1
1 1 19.178846426444785 0
2 1 19.66792993795549 0
3 1 19.545387348003494 0

0 2 18.81295782203017 -1
1 2 18.783099204568792 0
2 2 19.505729604880916 0
3 2 19.55931452416773 0

0 3 19.069043491438077 0
1 3 18.511033684649398 0
2 3 19.309905587434624 0
3 3 19.467358563783797 0


# 16.160000000000082 20.0 2.5818487339588145
0 0 19.36952640502689 0
1 0 19.040423912975683 0
2 0 19.052852425056855 -1
3 0 19.46999755910053 -1

0 1 19.224760288624385 -1
1 1 19.178856358104927 0
2 1 19.651263209766178 0
3 1 19.526327982903762 0

0 2 18.74541642932048 -1
1 2 18.792802875672958 0
2 2 19.497214018211128 0
3 2 19.53739412093147 0

0 3 19.024995327113945 0
1 3 18.51678271537678 0
2 3 19.28634581633083 0
3 3 19.427778534734728 0


# 16.040000000000084 20.0 2.5818487339588145
0 0 19.325325664865122 0
1 0 19.028370522007027 0
2 0 18.98738819869495 -1
3 0 19.365162241152095 -1

0 1 19.141275537929648 -1
1 1 19.1776357986604 0
2 1 19.634265367679046 0
3 1 19.505624068378957 0

0 2 18.678577824177616 -1
1 2 18.801190861917767 0
2 2 19.488458099339304 0
3 2 19.514845896281784 0

0 3 18.980359821812495 0
1 3 18.52085259933169 0
2 3 19.262524362845802 0
3 3 19.38762695059381 0


# 15.920000000000083 20.0 2.5818487339588145
0 0 19.28012969364922 0
1 0 19.014760804374788 0
2 0 18.922328155308236 -1
3 0 19.26163182715487 -1

0 1 19.05921808513445 -1
1 1 19.175222501753975 0
2 1 19.616920223927817 0
3 1 19.483348632875416 0

0 2 18.612406780788533 -1
1 2 18.808296980320275 0
2 2 19.479443160131527 0
3 2 19.49166739356116 0

0 3 18.93514598078869 0
1 3 18.523288398047217 0
2 3 19.23842264171155 0
3 3 19.346913460795705 0


# 15.800000000000082 20.0 2.5818487339588145
0 0 19.233972771351958 0
1 0 18.999639131732017 0
2 0 18.857648666979067 -1
3 0 19.15934504897555 -1

0 1 18.978510150205537 -1
1 1 19.17165221950401 0
2 1 19.59921316533316 0
3 1 19.459570697589086 0

0 2 18.54686913333119 -1
1 2 18.81415376019707 0
2 2 19.47015137197485 0
3 2 19.467856989395905 0

0 3 18.88936261585684 0
1 3 18.52413355354242 0
2 3 19.214023271395423 0
3 3 19.305647139336557 0


# 15.800000000000082 20.0 2.5818487339588145
0 0 19.186887542966538 0
1 0 18.98304854935267 0
2 0 18.793326704129882 -1
3 0 19.058243396033056 -1

0 1 18.899077630646527 -1
1 1 19.166958830234172 0
2 1 19.581131024644304 0
3 1 19.434355505211226 0

0 2 18.481931757811683 -1
1 2 18.818792485870368 0
2 2 19.46056575137573 0
3 2 19.44341381659236 0

0 3 18.843018345422244 0
1 3 18.523429953525895 0
2 3 19.189310008127674 0
3 3 19.263836528217084 0


# 15.800000000000082 20.0 2.5818487339588145
0 0 19.140345105579733 0
1 0 18.965768077959183 0
2 0 18.730068692540065 -1
3 0 18.959719724148883 -1

0 1 18.82158719848288 -1
1 1 19.161192151826413 0
2 1 19.56267092067282 0
3 1 19.408502227529322 0

0 2 18.418291400340898 -1
1 2 18.822252197633418 0
2 2 19.45067035862601 0
3 2 19.419066545667953 0

0 3 18.797570341233445 0
1 3 18.521955486041744 0
2 3 19.16499653626093 0
3 3 19.222947170184415 0


# 15.800000000000082 20.0 2.5818487339588145
0 0 19.094340945096167 0
1 0 18.94783304015845 0
2 0 18.667848491673144 -1
3 0 18.863686022709953 -1

0 1 18.74596643011376 -1
1 1 19.154399599601685 0
2 1 19.543839764609686 0
3 1 19.38206424196894 0

0 2 18.35591262915435 -1
1 2 18.8245793490281 0
2 2 19.44046796775876 0
3 2 19.394811503308844 0

0 3 18.752992226331397 0
1 3 18.519744172967435 0
2 3 19.141064593468897 0
3 3 19.18295158521911 0


# 15.800000000000082 20.0 2.5818487339588145
0 0 19.048870264715973 0
1 0 18.929277472743685 0
2 0 18.606640494143633 -1
3 0 18.770057782725747 -1

0 1 18.672146029970648 -1
1 1 19.14662653021703 0
2 1 19.52464504671748 0
3 1 19.355091715799272 0

0 2 18.29476090999383 -1
1 2 18.825818735245996 0
2 2 19.429961583851235 0
3 2 19.37064547878831 0

0 3 18.709258567179003 0
1 3 18.51682862045353 0
2 3 19.11749678201749 0
3 3 19.143823035280896 0


# 15.800000000000082 20.0 2.5818487339588145
0 0 19.003928017218772 0
1 0 18.910134159387404 0
2 0 18.546419637255568 -1
3 0 18.678753838784278 -1

0 1 18.600059682201035 -1
1 1 19.137916348249234 0
2 1 19.505094755896906 0
3 1 19.327631792617336 0

0 2 18.234802595589603 -1
1 2 18.82601354573191 0
2 2 19.419154434575592 0
3 2 19.346565679828885 0

0 3 18.666344833353076 0
1 3 18.513240080327712 0
2 3 19.094276527774966 0
3 3 19.10553551250203 0


# 15.800000000000082 20.0 2.5818487339588145
0 0 18.959508934697958 0
1 0 18.890434663735565 0
2 0 18.487161411591835 -1
3 0 18.589696219038554 -1

0 1 18.529643910091032 -1
1 1 19.128310606038735 0
2 1 19.485197306551736 0
3 1 19.299728767792438 0

0 2 18.176004914044952 -1
1 2 18.825205415956624 0
2 2 19.40804996087731 0
3 2 19.322569692170134 0

0 3 18.624227359284838 0
1 3 18.509008508590146 0
2 3 19.07138804139205 0
3 3 19.068063726854703 0


# 15.800000000000082 20.0 2.5818487339588145
0 0 18.915607555934752 0
1 0 18.870209362741456 0
2 0 18.42884186696496 -1
3 0 18.502810002770257 -1

0 1 18.46083794277943 -1
1 1 19.117849097285227 0
2 1 19.464961472152293 0
3 1 19.27142425355027 0

0 2 18.118335956271316 -1
1 2 18.823434478266993 0
2 2 19.39665180696298 0
3 2 19.298655442547403 0

0 3 18.58288330792892 0
1 3 18.504162621160415 0
2 3 19.04881628151332 0
3 3 19.031383093376665 0


# 15.800000000000082 20.0 2.5818487339588145
0 0 18.872218251587352 0
1 0 18.849487480096364 0
2 0 18.371437616012656 -1
3 0 18.418023185105284 -1

0 1 18.39358358884442 -1
1 1 19.106569944847855 0
2 1 19.44439632494547 0
3 1 19.242757334332335 0

0 2 18.061764662608407 -1
1 2 18.820739411737133 0
2 2 19.384963809757675 0
3 2 19.274821164810014 0

0 3 18.542290636248705 0
1 3 18.49872994702567 0
2 3 19.026546919891683 0
3 3 18.995469719031526 0


# 15.800000000000082 20.0 2.5818487339588145
0 0 18.8293352473575 0
1 0 18.828297119630932 0
2 0 18.314925835696304 -1
3 0 18.335266548481837 -1

0 1 18.32782511637072 -1
1 1 19.09450968316737 0
2 1 19.42351118130353 0
3 1 19.213764713025522 0

0 2 18.006260808751133 -1
1 2 18.817157490958174 0
2 2 19.37298998797287 0
3 2 19.25106536892835 0

0 3 18.502428062413074 0
1 3 18.492736878929747 0
2 3 19.00456630828744 0
3 3 18.96030038927298 0


# 15.800000000000082 20.0 2.5818487339588145
0 0 18.78695264528465 0
1 0 18.806665298576213 0
2 0 18.2592842669374 -1
3 0 18.254473540496047 -1

0 1 18.26350913912959 -1
1 1 19.081703335694947 0
2 1 19.40231555224453 0
3 1 19.184480848618477 0

0 2 17.951794991093596 -1
1 2 18.812724633716474 0
2 2 19.360734530908292 0
3 2 19.22738681265896 0

0 3 18.463275034606486 0
1 3 18.486208721734023 0
2 3 18.982861447042353 0
3 3 18.92585255437557 0


# 15.800000000000082 20.0 2.5818487339588145
0 0 18.745064443306873 0
1 0 18.784617980587285 0
2 0 18.204491212605962 -1
3 0 18.175580157772885 -1

0 1 18.200584508527292 -1
1 1 19.068184487682498 0
2 1 19.380819098694577 0
3 1 19.15493808580602 0

0 2 17.898338611589867 -1
1 2 18.80747544752106 0
2 2 19.348201787095697 0
3 2 19.20378447565461 0

0 3 18.42481170136054 0
1 3 18.47916973857228 0
2 3 18.961419955227097 0
3 3 18.892104315588632 0


# 15.800000000000082 20.0 2.5818487339588145
0 0 18.7036645532172 0
1 0 18.76218010844469 0
2 0 18.150525534055458 -1
3 0 18.0985248355314 -1

0 1 18.13900221099902 -1
1 1 19.05398535466165 0
2 1 19.359031591096663 0
3 1 19.12516677702956 0

0 2 17.845863862221663 -1
1 2 18.801443274950664 0
2 2 19.33539625287825 0
3 2 19.180257535823074 0

0 3 18.387018883321087 0
1 3 18.471643194914233 0
2 3 18.940230042268134 0
3 3 18.859034411164536 0


# 15.800000000000082 20.0 2.5818487339588145
0 0 18.662746817134707 0
1 0 18.739375636360233 0
2 0 18.097366646380987 -1
3 0 18.023248342533197 -1

0 1 18.078715270545278 -1
1 1 19.039136846913323 0
2 1 19.33696287300245 0
3 1 19.095195397410624 0

0 2 17.79434370915416 -1
1 2 18.794660237799352 0
2 2 19.32232256100681 0
3 2 19.15680534775349 0

0 3 18.34987804637035 0
1 3 18.46365140064509 0
2 3 18.91928048096667 0
3 3 18.826622202307256 0


# 15.800000000000082 20.0 2.5818487339588145
0 0 18.622305022600724 0
1 0 18.716227561823843 0
2 0 18.0449945125613 -1
3 0 17.949693681121666 -1

0 1 18.019678656126395 -1
1 1 19.023668630206508 0
2 1 19.314622828312555 0
3 1 19.06505065300563 0

0 2 17.74375187665324 -1
1 2 18.787157280007122 0
2 2 19.308985469322963 0
3 2 19.133427423043475 0

0 3 18.313371276028597 0
1 3 18.455215750262028 0
2 3 18.89856058182878 0
3 3 18.794847659082663 0


# 15.800000000000082 20.0 2.5818487339588145
0 0 18.582332916402503 0
1 0 18.692757956937285 0
2 0 17.993389636630184 -1
3 0 17.877805992076915 -1

0 1 17.961849193648234 -1
1 1 19.007609183063458 0
2 1 19.29202135185782 0
3 1 19.034757582783133 0

0 2 17.69406283083001 -1
1 2 18.77896420936852 0
2 2 19.295389849588645 0
3 2 19.110123412373103 0

0 3 18.277481253064675 0
1 3 18.446356761282168 0
2 3 18.87806016863141 0
3 3 18.763691346327743 0


# 15.800000000000082 19.0 2.5818487339588145
0 0 18.54282421721904 0
1 0 18.66898799918887 0
2 0 17.9425330560092 -1
3 0 17.807532464027656 -1

0 1 17.90518548228836 -1
1 1 18.990985850788856 0
2 1 19.26916832303868 0
3 1 19.004339654699514 0

0 2 17.64525176327181 -1
1 2 18.77010973801801 0
2 2 19.281540676513124 0
3 2 19.086893089183917 0

0 3 18.242191230248995 0
1 3 18.437094110951097 0
2 3 18.857769555154395 0
3 3 18.733134409592004 0


# 15.800000000000082 19.0 2.5818487339588145
0 0 18.503772627176883 0
1 0 18.64493800163064 0
2 0 17.892406333121176 -1
3 0 17.738822247176508 -1

0 1 17.8496478149271 -1
1 1 18.973824896482366 0
2 1 19.246073582262618 0
3 1 18.973818856225613 0

0 2 17.59729457461272 -1
1 2 18.760621521695857 0
2 2 19.267443017020057 0
3 2 19.063736334832246 0

0 3 18.207485010186797 0
1 3 18.427446671335595 0
2 3 18.837679523013282 0
3 3 18.70315856114084 0


# 15.800000000000082 19.0 2.5818487339588145
0 0 18.465171842397208 0
1 0 18.620627442426162 0
2 0 17.842991546392472 -1
3 0 17.67162637110957 -1

0 1 17.79519810246207 -1
1 1 18.956151549237372 0
2 1 19.22274690994052 0
3 1 18.943215779654725 0

0 2 17.550167858091125 -1
1 2 18.750526197802664 0
2 2 19.25310201979016 0
3 2 19.04065312509632 0

0 3 18.173346924173195 0
1 3 18.41743254287937 0
2 3 18.81778130053245 0
3 3 18.673746066047315 0


# 15.800000000000082 19.0 2.5818487339588145
0 0 18.42701556260957 0
1 0 18.596074993743137 0
2 0 17.79427128074151 -1
3 0 17.605897666474384 -1

0 1 17.74179980179792 -1
1 1 18.937990049713388 0
2 1 19.199198007822172 0
3 1 18.91254970250194 0

0 2 17.503848883136584 -1
1 2 18.73984942225437 0
2 2 19.238522905108695 0
3 2 19.01764351792617 0

0 3 18.139761812015152 0
1 3 18.40706908649606 0
2 3 18.798066542601912 0
3 3 18.64487972839595 0


# 15.800000000000082 19.0 2.5818487339588145
0 0 18.389297499902117 0
1 0 18.57129854997021 0
2 0 17.746228617641567 -1
3 0 17.54159069032303 -1

0 1 17.689417847315433 -1
1 1 18.91936369325549 0
2 1 19.1754364824688 0
3 1 18.881838663285475 0

0 2 17.458315579023868 -1
1 2 18.72861590515277 0
2 2 19.223710955041273 0
3 2 18.994707642333946 0

0 3 18.106715002768848 0
1 3 18.39637295426951 0
2 3 18.778527311465112 0
3 3 18.616542877619285 0


# 15.800000000000082 19.0 2.5818487339588145
0 0 18.35201138667307 0
1 0 18.546315255242302 0
2 0 17.69884712483703 -1
3 0 17.47866165492887 -1

0 1 17.638018585635614 -1
1 1 18.900294870721222 0
2 1 19.15147183067692 0
3 1 18.851099532962763 0

0 2 17.41354651862755 -1
1 2 18.71684944528935 0
2 2 19.208671503956477 0
3 2 18.971845688330383 0

0 3 18.074192296343934 0
1 3 18.38536011882737 0
2 3 18.759156058388417 0
3 3 18.588719354985617 0


