# 20.0 20.0 0.0
0 0 20.0 0
1 0 20.0 0
2 0 20.0 0
3 0 20.0 0

0 1 20.0 0
1 1 20.0 0
2 1 20.0 0
3 1 20.0 0

0 2 20.0 0
1 2 20.0 0
2 2 20.0 0
3 2 20.06 1

0 3 20.06 1
1 3 20.06072 1
2 3 20.00072864 0
3 3 20.06072874368 1


# 20.0 20.0 0.06072874367999859
0 0 20.0 0
1 0 20.0 0
2 0 20.0 0
3 0 20.0 0

0 1 20.0 0
1 1 20.0 0
2 1 20.0 0
3 1 20.00072 0

0 2 20.00072 0
1 2 20.00073728 0
2 2 20.00073759104 0
3 2 20.11822623601664 1

0 3 20.11857728 1
1 3 20.1196102784 1
2 3 20.002870956477437 0
3 3 20.119995675217446 1


# 20.0 20.0 0.11999567521744581
0 0 20.0 0
1 0 20.0 0
2 0 20.0 0
3 0 20.00000864 0

0 1 20.00000864 0
1 1 20.00000895104 0
2 1 20.00001759850496 0
3 1 20.00210878969426 0

0 2 20.002121638400002 0
1 2 20.00217163206656 0
2 2 20.002181623746868 0
3 2 20.174752167167842 1

0 3 20.1757692809216 1
1 3 20.176756389140788 1
2 3 20.006337580562647 0
3 3 20.177848907882385 1


# 20.0 20.0 0.17784890788238528
0 0 20.00000010368 0
1 0 20.00000010865664 0
2 0 20.000000316165938 0
3 0 20.000033638230324 0

0 1 20.00003384543744 0
1 1 20.000035199606067 0
2 1 20.00006866492728 0
3 1 20.00411847417101 0

0 2 20.00416822668831 0
1 2 20.00426509099755 0
2 2 20.00430198785088 0
3 2 20.229647808585643 1

0 3 20.23161268219837 1
1 3 20.232239205041978 1
2 3 20.01104408338832 0
3 3 20.23433464990231 1


# 20.0 20.0 0.23433464990230846
0 0 20.00000050739665 0
1 0 20.000000536371083 0
2 0 20.000001536961314 0
3 0 20.00008186738762 0

0 1 20.00008287113336 0
1 1 20.000086515986126 0
2 1 20.0001674711904 0
3 1 20.00670426402179 0

0 2 20.006824688899354 0
1 2 20.006981795403007 0
2 2 20.007069586336847 0
3 2 20.282979902628178 1

0 3 20.286143392366526 1
1 3 20.28613518968411 1
2 3 20.01691070499709 0
3 3 20.28949728979733 1


# 20.0 20.0 0.28949728979732825
0 0 20.000001490020423 0
1 0 20.000001588359112 0
2 0 20.000004483532184 0
3 0 20.000159425132313 0

0 1 20.00016234288463 0
1 1 20.000170121592838 0
2 1 20.000326814039067 0
3 1 20.00982427863447 0

0 2 20.01005750233343 0
1 2 20.01028785802303 0
2 2 20.01045630954893 0
3 2 20.334812081253563 1

0 3 20.33939654254554 1
1 3 20.338516652984165 1
2 3 20.02386209841518 0
3 3 20.34337947752065 1


# 20.0 20.0 0.34337947752064935
0 0 20.00000340355461 0
1 0 20.000003657752185 0
2 0 20.000010173986915 0
3 0 20.000271699259006 0

0 1 20.000278296813246 0
1 1 20.00029271527591 0
2 1 20.000558128694546 0
3 1 20.013439361842305 0

0 2 20.01383463960401 0
1 2 20.014151244646882 0
2 2 20.0144350093267 0
3 2 20.38520502002519 1

0 3 20.391406482524957 1
1 3 20.389451991465876 1
2 3 20.0318270880215 0
3 3 20.396022201626465 1


# 20.0 20.0 0.3960222016264652
0 0 20.00000666448143 0
1 0 20.000007218771525 0
2 0 20.000019791240167 0
3 0 20.000423427922673 0

0 1 20.000436216579427 0
1 1 20.000460498646977 0
2 1 20.000871594449883 0
3 1 20.0175129091537 0

0 2 20.018125512065655 0
1 2 20.018541661041894 0
2 2 20.01897947324148 0
3 2 20.43421658419239 1

0 3 20.442206779196436 1
1 3 20.439005914163427 1
2 3 20.040738441392975 0
3 3 20.447464862674938 1


# 20.0 20.0 0.4474648626749378
0 0 20.00001174578431 0
1 0 20.00001282001118 0
2 0 20.000034654116686 0
3 0 20.0006187552767 0

0 1 20.000641068561055 0
1 1 20.00067920044069 0
2 1 20.001276232759718 0
3 1 20.022010705835992 0

0 2 20.02290091466449 0
1 2 20.023430447342005 0
2 2 20.024064398994135 0
3 2 20.48190196726637 1

0 3 20.491830217091298 1
1 3 20.48723965503848 1
2 3 20.05053265385496 0
3 3 20.497745343072097 1


# 20.0 20.0 0.49774534307209706
0 0 20.000019169598943 0
1 0 20.000021077860584 0
2 0 20.00005619143455 0
3 0 20.000861282853986 0

0 1 20.00089733509794 0
1 1 20.00095409993626 0
2 1 20.001779998341664 0
3 1 20.026900775172425 0

0 2 20.028132972242958 0
1 2 20.02879047938413 0
2 2 20.02966536902858 0
3 2 20.52831382248846 1

0 3 20.540308800803388 1
1 3 20.53421117273537 1
2 3 20.061149745011086 0
3 3 20.546900073531496 1


# 20.0 20.0 0.5469000735314964
0 0 20.000029500448882 0
1 0 20.000032670092274 0
2 0 20.000085918809752 0
3 0 20.00115411699903 0

0 1 20.00120904589536 0
1 1 20.00129004946388 0
2 1 20.00238986377096 0
3 1 20.032153236254285 0

0 2 20.03379508732175 0
1 2 20.034596076516287 0
2 2 20.03575882540865 0
3 2 20.57350238756628 1

0 3 20.58767375909515 1
1 3 20.579975338447955 1
2 3 20.072533066569278 0
3 3 20.59496409633399 1


# 20.0 20.0 0.5949640963339888
0 0 20.000043339024575 0
1 0 20.000048329635977 0
2 0 20.000125417944613 0
3 0 20.00149991263745 0

0 1 20.00157980767748 0
1 1 20.001691496020822 0
2 1 20.003111898017497 0
3 1 20.037740170710258 0

0 2 20.039861889373704 0
1 2 20.040822915434518 0
2 2 20.042322045000084 0
3 2 20.617515603033027 1

0 3 20.633955550501586 1
1 3 20.624584112623207 1
2 3 20.084629120820857 0
3 3 20.64197112555221 1


# 20.0 20.0 0.6419711255522103
0 0 20.000061316467452 0
1 0 20.00006883855646 0
2 0 20.000176318181477 0
3 0 20.0019009136492 0

0 1 20.00201283217737 0
1 1 20.002162502022053 0
2 1 20.003951339343622 0
3 1 20.043635497812737 0

0 2 20.04630918559737 0
1 2 20.047447949636574 0
2 2 20.049333114994088 0
3 2 20.66039922456595 1

0 3 20.679183870262175 1
1 3 20.66808671118167 1
2 3 20.097387389167118 0
3 3 20.687953604397126 1


# 20.0 20.0 0.6879536043971264
0 0 20.00008408912343 0
1 0 20.00009502224901 0
2 0 20.000240280120757 0
3 0 20.002358990093033 0

0 1 20.002510962546836 0
1 1 20.002706765210306 0
2 1 20.004912662952783 0
3 1 20.049814857435944 0

0 2 20.053113913191627 0
1 2 20.054449334108952 0
2 2 20.05677090880391 0
3 2 20.702196929581824 1

0 3 20.723387658425217 1
1 3 20.710529761892452 1
2 3 20.11076017012322 0
3 3 20.73294275983529 1


# 20.0 20.0 0.7329427598352893
0 0 20.000112333732538 0
1 0 20.000127743863313 0
2 0 20.000318981118593 0
3 0 20.00287567251234 0

0 1 20.00307669826548 0
1 1 20.0033276377505 0
2 1 20.005999643752357 0
3 1 20.056255500373794 0

0 2 20.060254093127174 0
1 2 20.06180635489061 0
2 2 20.064615062361497 0
3 2 20.742950418410235 1

0 3 20.766595108982145 1
1 3 20.75195745150092 1
2 3 20.12470242626242 0
3 3 20.776968654617292 1


# 20.0 20.0 0.776968654617292
0 0 20.000146743023713 0
1 0 20.000167898963767 0
2 0 20.000414102494354 0
3 0 20.00345218353631 0

0 1 20.003712218625147 0
1 1 20.004028144533258 0
2 1 20.007215414569398 0
3 1 20.062936185556286 0

0 2 20.067708785405806 0
1 2 20.069499363181478 0
2 2 20.072845950837227 0
3 2 20.782699510329135 1

0 3 20.808833679901667 1
1 3 20.79241166417003 1
2 3 20.139171639594892 0
3 3 20.820060236850157 1


# 20.0 20.0 0.820060236850157
0 0 20.000188021685926 0
1 0 20.00021641043185 0
2 0 20.00052731829204 0
3 0 20.004089466975184 0

0 1 20.00441940486239 0
1 1 20.004811000712202 0
2 1 20.00856252013484 0
3 1 20.069837083732192 0

0 2 20.075458045794107 0
1 2 20.07750971368693 0
2 2 20.08144466580199 0
3 2 20.821482234731924 1

0 3 20.850130103944778 1
1 3 20.831932111761606 1
2 3 20.15412767490487 0
3 3 20.86224538723919 1


# 20.0 20.0 0.8622453872391915
0 0 20.000236882688764 0
1 0 20.06027422361403 1
2 0 20.001380285452463 0
3 0 20.004796854594293 0

0 1 20.00519986100851 0
1 1 20.006398628499348 0
2 1 20.010060247130202 0
3 1 20.076939998252918 0

0 2 20.083482884014437 0
1 2 20.085828346910883 0
2 2 20.090393303887627 0
3 2 20.859334925145742 1

0 3 20.890510400152078 1
1 3 20.870556560131234 1
2 3 20.169532655573963 0
3 3 20.903550964267218 1


# 20.0 20.0 0.9035509642672181
0 0 20.001014043927437 0
1 0 20.11784822171679 1
2 0 20.002914777344756 0
3 0 20.00558242513607 0

0 1 20.006072213523446 0
1 1 20.008729202682755 0
2 1 20.011725082653967 0
3 1 20.084228227521525 0

0 2 20.09176553441287 0
1 2 20.094445921472534 0
2 2 20.099674888319175 0
3 2 20.896292307250917 1

0 3 20.92999989088113 1
1 3 20.908320926220853 1
2 3 20.185350845385543 0
3 3 20.944002847385235 1


# 20.0 20.0 0.9440028473852351
0 0 20.002464583568933 0
1 0 20.173067899167844 1
2 0 20.00507686157977 0
3 0 20.006453118900385 0

0 1 20.007052692403434 0
1 1 20.011745700102356 0
2 1 20.013570986816852 0
3 1 20.09168643892124 0

0 2 20.10028936402461 0
1 2 20.103352887785856 0
2 2 20.109273298006723 0
3 2 20.932387581358135 1

0 3 20.968623218292358 1
1 3 20.94525937073714 1
2 3 20.2015485360729 0
3 3 20.98362597828854 1


# 20.0 20.0 0.9836259782885399
0 0 20.00453730565931 0
1 0 20.226055365810893 1
2 0 20.007816587051757 0
3 0 20.00741484293165 0

0 1 20.008155347759924 0
1 1 20.015395521555526 0
2 1 20.015609641596065 0
3 1 20.09930055327718 0

0 2 20.109038788181635 0
1 2 20.11253955291391 0
2 2 20.119173203445694 0
3 2 20.96765249976123 1

0 3 21.00640436034086 1
1 3 20.98140438655811 1
2 3 20.218093940377344 0
3 3 21.022444400351816 1


# 20.0 20.0 1.0224444003518158
0 0 20.007184491218425 0
1 0 20.276925799644744 1
2 0 20.011087693805653 0
3 0 20.008472567551102 0

0 1 20.009392248765476 0
1 1 20.019630143435904 0
2 1 20.017850677927026 0
3 1 20.107057638982408 0

0 2 20.11799919302225 0
1 2 20.121996137491585 0
2 2 20.129360008746985 0
3 2 21.002117439348233 1

0 3 21.043366646323552 1
1 3 21.01678688301298 1
2 3 20.234957090386835 0
3 3 21.060481296295972 1


# 20.0 20.0 1.060481296295972
0 0 20.010361666115482 0
1 0 20.325787870099948 1
2 0 20.014847344052754 0
3 0 20.009630414915684 0

0 1 20.01077366634821 0
1 1 20.024404796773382 0
2 1 20.020301882849196 0
3 1 20.114945814990502 0

0 2 20.187156864317277 1
1 2 20.132432825526198 0
2 2 20.139828439184456 0
3 2 21.03581157350126 1

0 3 21.08025277202387 1
1 3 21.051453546181676 1
2 3 20.252110051970533 0
3 3 21.097759029134977 1


# 20.0 20.0 1.097759029134977
0 0 20.014027384572703 0
1 0 20.372744133860536 1
2 0 20.019055872782044 0
3 0 20.01089174023199 0

0 1 20.013028240909545 0
1 1 20.029695451526006 0
2 1 20.02296969941423 0
3 1 20.12295416691867 0

0 2 20.254004842077467 1
1 2 20.143775837248576 0
2 2 20.150572680049216 0
3 2 21.06876291792744 1

0 3 21.11702917289012 1
1 3 21.08544747798736 1
2 3 20.26952678003383 0
3 3 21.134299180461653 1


# 20.0 20.0 1.1342991804616531
0 0 20.018151667225325 0
1 0 20.417891716136793 1
2 0 20.023676563994595 0
3 0 20.0122592063546 0

0 1 20.01610327832129 0
1 1 20.035478956226207 0
2 1 20.025859342248612 0
3 1 20.131072669506455 0

0 2 20.318659538171733 1
1 2 20.155956500889857 0
2 2 20.22158645790005 1
3 2 21.101718375068906 1

0 3 21.153665406859986 1
1 3 21.118808468165295 1
2 3 20.287902984550733 0
3 3 21.17013986628047 1


# 20.0 20.0 1.1701398662804685
0 0 20.02270614713871 0
1 0 20.461322604067362 1
2 0 20.02867544213887 0
3 0 20.01373485226558 0

0 1 20.019949076330235 0
1 1 20.041733016609783 0
2 1 20.02969490485454 0
3 1 20.139309394973452 0

0 2 20.38123068937748 1
1 2 20.169630892431776 0
2 2 20.290017673803717 1
3 2 21.134639806536704 1

0 3 21.19013392210354 1
1 3 21.151590526091386 1
2 3 20.30715203599371 0
3 3 21.20531633320474 1


# 20.0 20.0 1.2053163332047383
0 0 20.027663986006488 0
1 0 20.503123924033595 1
2 0 20.034029717742882 0
3 0 20.015320466936615 0

0 1 20.02451874742829 0
1 1 20.048453453437492 0
2 1 20.034411272301014 0
3 1 20.14767085893386 0

0 2 20.44183040316719 1
1 2 20.18467131427305 0
2 2 20.356027318610394 1
3 2 21.10749310879115 0

0 3 21.226410152058918 1
1 3 21.183842526023454 1
2 3 20.327193884616037 0
3 3 21.239141189130255 1


# 20.0 20.0 1.2391411891302546
0 0 20.032999794567797 0
1 0 20.543378514813163 1
2 0 20.03971779264629 0
3 0 20.01701759394586 0

0 1 20.02976836385037 0
1 1 20.055634441255343 0
2 1 20.039948136167915 0
3 1 20.155442188925498 0

0 2 20.500563724196358 1
1 2 20.20095990730897 0
2 2 20.419045147759704 1
3 2 21.082741940531708 0

0 3 21.262472261587433 1
1 3 21.21560865257262 1
2 3 20.347937281335714 0
3 3 21.271700256983973 1


# 20.0 20.0 1.2717002569839728
0 0 20.03868956450732 0
1 0 20.58216511877192 1
2 0 20.045719215541773 0
3 0 20.018818897417415 0

0 1 20.03565674532816 0
1 1 20.06326874696601 0
2 1 20.04623232922217 0
3 1 20.162687134996684 0

0 2 20.557529114750807 1
1 2 20.21837925170273 0
2 2 20.479274470300744 1
3 2 21.060230721376755 0

0 3 21.298300913378167 1
1 3 21.24692849852157 1
2 3 20.369298754229288 0
3 3 21.30307340143982 1


# 20.0 20.0 1.3030734014398213
0 0 20.044710602554257 0
1 0 20.619558566564244 1
2 0 20.052014326007466 0
3 0 20.020717834642436 0

0 1 20.042145263595632 0
1 1 20.07134763204466 0
2 1 20.053197060179702 0
3 1 20.16946402272121 0

0 2 20.61281879707539 1
1 2 20.236821480396305 0
2 2 20.536903871920494 1
3 2 21.03981432663191 0

0 3 21.333879048043716 1
1 3 21.277837492975696 1
2 3 20.39120198374769 0
3 3 21.333334954712544 1


# 20.0 20.0 1.3338790480437162
0 0 20.051041466824223 0
1 0 20.655629947867062 1
2 0 20.058584262427424 0
3 0 20.02270857201709 0

0 1 20.049197657275947 0
1 1 20.079861099455144 0
2 1 20.06078136036937 0
3 1 20.17582618487514 0

0 2 20.666519185826818 1
1 2 20.25618750913942 0
2 2 20.59210830822697 1
3 2 21.021357358287144 0

0 3 21.36919168245977 1
1 3 21.30836729237488 1
2 3 20.41357722709406 0
3 3 21.362554111367466 1


# 20.0 20.0 1.3691916824597712
0 0 20.057661905280266 0
1 0 20.6904467772626 1
2 0 20.06541096392126 0
3 0 20.02478590921003 0

0 1 20.056779861957104 0
1 1 20.088798112786037 0
2 1 20.06892957790935 0
3 1 20.181822359255264 0

0 2 20.718711288664768 1
1 2 20.27638632872536 0
2 2 20.645050115336264 1
3 2 21.00473346827059 0

0 3 21.404225724863696 1
1 3 21.338546137463332 1
2 3 20.436360787926112 0
3 3 21.390795294432596 1


# 20.0 20.0 1.4042257248636965
0 0 20.064552796360815 0
1 0 20.724073155094388 1
2 0 20.07247716714313 0
3 0 20.02694521079525 0

0 1 20.064859854128645 0
1 1 20.098146790362602 0
2 1 20.077590915354868 0
3 1 20.18749705529959 0

0 2 20.769471077433458 1
1 2 20.29733435439369 0
2 2 20.695879944111468 1
3 2 20.98982473012935 0

0 3 21.438969805347366 1
1 3 21.36839917906188 1
2 3 20.459494527844488 0
3 3 21.41811849492871 1


# 20.0 20.0 1.4389698053473658
0 0 20.0716960918025 0
1 0 20.756569923172123 1
2 0 20.079766398714987 0
3 0 20.029182344654796 0

0 1 20.073407507770426 0
1 1 20.10789457683349 0
2 1 20.08671900711735 0
3 1 20.192890891959827 0

0 2 20.81886983219139 1
1 2 20.318954827769172 0
2 2 20.744737623908442 1
3 2 20.97652105559348 0

0 3 21.4734141204899 1
1 3 21.397948775254523 1
2 3 20.482925416404118 0
3 3 21.444579586775248 1


# 20.0 20.0 1.473414120489899
0 0 20.07907476166892 0
1 0 20.7879948152455 1
2 0 20.08726296397317 0
3 0 20.03149362651842 0

0 1 20.082394462492395 0
1 1 20.118028394496978 0
2 1 20.096271533267778 0
3 1 20.19804090908207 0

0 2 20.866974460168368 1
1 2 20.34117726708219 0
2 2 20.791752961229008 1
3 2 20.96471965274359 0

0 3 21.50755029097734 1
1 3 21.427214762387397 1
2 3 20.506605116639847 0
3 3 21.47023061888394 1


# 20.0 20.0 1.5075502909773384
0 0 20.086672741581694 0
1 0 20.81840260220581 1
2 0 20.094951932630202 0
3 0 20.033875770064302 0

0 1 20.09179400222268 0
1 1 20.128534776418466 0
2 1 20.106209866623242 0
3 1 20.2029808543738 0

0 2 20.913847791564685 1
1 2 20.36393696176144 0
2 2 20.837046478263233 1
3 2 20.95432452274661 0

0 3 21.54137123114958 1
1 3 21.456214702081738 1
2 3 20.53048960333172 0
3 3 21.49512008611706 1


# 20.0 20.0 1.5413712311495793
0 0 20.094474882137895 0
1 0 20.847845232007405 1
2 0 20.102819121884075 0
3 0 20.03632584205708 0

0 1 20.10158094353078 0
1 1 20.139399983197453 0
2 1 20.116498750277948 0
3 1 20.20774144787108 0

0 2 20.95954885395627 1
1 2 20.387174507806876 0
2 2 20.880730095916554 1
3 2 20.94524599235011 0

0 3 21.57487102950065 1
1 3 21.484964106281975 1
2 3 20.554538811451575 0
3 3 21.519293180662466 1


# 20.0 20.0 1.574871029500649
0 0 20.10246690048739 0
1 0 20.87637196432992 1
2 0 20.110851077444924 0
3 0 20.03884122204682 0

0 1 20.11173153275418 0
1 1 20.150610105066004 0
2 1 20.127106002980188 0
3 1 20.212350625669018 0

0 2 21.00413312693085 1
1 2 20.41083538064249 0
2 2 20.922907765561654 1
3 2 20.937400279534124 0

0 3 21.60804483923718 1
1 3 21.513476642194107 1
2 3 20.578716312431627 0
3 3 21.542792025262205 1


# 20.0 20.0 1.6080448392371807
0 0 20.110635334034853 0
1 0 20.904029500026613 1
2 0 20.11903505289288 0
3 0 20.041419566195877 0

0 1 20.122223351170884 0
1 1 20.16215115084068 0
2 1 20.13800224997671 0
3 1 20.2168337645394 0

0 2 21.04765277845236 1
1 2 20.434869542416234 0
2 2 20.963676053426997 1
3 2 20.930709089912433 0

0 3 21.6408887780724 1
1 3 21.541764318817 1
2 3 20.602989016079572 0
3 3 21.56565588962467 1


# 20.0 20.0 1.6408887780724015
0 0 20.11896749622397 0
1 0 20.930862105424985 1
2 0 20.12735898773055 0
3 0 20.044058774840064 0

0 1 20.133035227527913 0
1 1 20.174009125104476 0
2 1 20.149160677147446 0
3 1 20.221213888931544 0

0 2 21.09015688433356 1
1 2 20.45923108096044 0
2 2 21.0031246812317 1
3 2 20.925099241653566 0

0 3 21.673399836499602 1
1 3 21.56983765662916 1
2 3 20.627326896134058 0
3 3 21.587921391251633 1


# 20.0 20.0 1.673399836499602
0 0 20.127451434355343 0
1 0 20.95691173156342 1
2 0 20.135811484448478 0
3 0 20.046756963426382 0

0 1 20.14414715729726 0
1 1 20.186170094863083 0
2 1 20.160556806438066 0
3 1 20.225511861734635 0

0 2 21.13169163208864 1
1 2 20.483877877852088 0
2 2 21.04133702639751 1
3 2 20.920502316856723 0

0 3 21.70557579385023 1
1 3 21.597705841864773 1
2 3 20.651702737610595 0
3 3 21.609622681820184 1


# 20.0 20.0 1.7055757938502296
0 0 20.13607588938488 0
1 0 20.98221812846211 1
2 0 20.14438178488156 0
3 0 20.049512436502425 0

0 1 20.155540228086817 0
1 1 20.198620246799724 0
2 1 20.172168290766802 0
3 1 20.22974656007129 0

0 2 21.172300510338385 1
1 2 20.50877130321999 0
2 2 21.07839058491188 1
3 2 20.91685433747038 0

0 3 21.737415141498058 1
1 3 21.625376866694396 1
2 3 20.676091904232067 0
3 3 21.63079162017509 1


# 20.0 20.0 1.737415141498058
0 0 20.144830257645612 0
1 0 21.006818954538627 1
2 0 20.15305974609823 0
3 0 20.05232366446237 0

0 1 20.167196550684576 0
1 1 20.211345936143857 0
2 1 20.183974726736697 0
3 1 20.23393503729233 0

0 2 21.212024484849003 1
1 2 20.53387593513662 0
2 2 21.11435739967902 1
3 2 20.91409546398238 0

0 3 21.768917012622648 1
1 3 21.652857656517128 1
2 3 20.700472124370776 0
3 3 21.65145793290902 1


# 20.0 20.0 1.7689170126226479
0 0 20.153704554433048 0
1 0 21.030749881288106 1
2 0 20.16183581603195 0
3 0 20.055189262781617 0

0 1 20.179099195260935 0
1 1 20.22433372807002 0
2 1 20.195957483626216 0
3 1 20.238092672250733 0

0 2 21.250902162201587 1
1 2 20.559159301607675 0
2 2 21.14930445697747 1
3 2 20.91216971524077 0

0 3 21.800081117992857 1
1 3 21.680154185471064 1
2 3 20.724823294051493 0
3 3 21.671649363435805 1


# 20.0 20.0 1.8000811179928569
0 0 20.162689379392045 0
1 0 21.054044693355934 1
2 0 20.170701009035774 0
3 0 20.058107973496917 0

0 1 20.19123213229594 0
1 1 20.23757043245329 0
2 1 20.208099547260765 0
3 1 20.242233306848185 0

0 2 21.288969942011878 1
1 2 20.58459164333347 0
2 2 21.18329405344119 1
3 2 20.911024707885357 0

0 3 21.83090768727491 1
1 3 21.7072715811772 1
2 3 20.74912729567798 0
3 3 21.691391810394876 1


# 20.0 20.0 1.8309076872749088
0 0 20.171775883641754 0
1 0 21.076735384136555 1
2 0 20.179646881515 0
3 0 20.061078648711387 0

0 1 20.203580177836795 0
1 1 20.25104313272634 0
2 1 20.22038537748662 0
3 1 20.24636937276956 0

0 2 21.326262158548722 1
1 2 20.610145695564185 0
2 2 21.216384135795384 1
3 2 20.91061141398169 0

0 3 21.861397415409723 1
1 3 21.73421421964758 1
2 3 20.77336783124956 0
3 3 21.710709456163436 1


# 20.0 20.0 1.8613974154097228
0 0 20.18095573857433 0
1 0 21.098852247036607 1
2 0 20.188665507770185 0
3 0 20.064100235924254 0

0 1 20.21612894272584 0
1 1 20.264739209509237 0
2 1 20.232800778077394 0
3 1 20.25051200824904 0

0 2 21.362811212534073 1
1 2 20.63579648750694 0
2 2 21.248628615406993 1
3 2 20.910883935552295 0

0 3 21.891551413641153 1
1 3 21.760985811211153 1
2 3 20.797530268930455 0
3 3 21.729624886195346 1


# 20.0 20.0 1.891551413641153
0 0 20.190221106262804 0
1 0 21.120423962543576 1
2 0 20.19774945616238 0
3 0 20.067171765003916 0

0 1 20.22886478547103 0
1 1 20.27864635961598 0
2 1 20.24533277800289 0
3 1 20.254671165645288 0

0 2 21.39864769384707 1
1 2 20.661521157867583 0
2 2 21.280077659551697 1
3 2 20.911799294795806 0

0 3 21.921371164810772 1
1 3 21.78758947823959 1
2 3 20.821601501923215 0
3 3 21.748159199852942 1


# 20.0 20.0 1.9213711648107719
0 0 20.199564611413518 0
1 0 21.14147768124305 1
2 0 20.206891765694557 0
3 0 20.070292336639852 0

0 1 20.241774768459763 0
1 1 20.292752610981292 0
2 1 20.257969523081226 0
3 1 20.258855710542388 0

0 2 21.43380049579915 1
1 2 20.6872987852248 0
2 2 21.310777961153516 1
3 2 20.913317238872967 0

0 3 21.950858482566048 1
1 3 21.814027825390095 1
2 3 20.8455698186792 0
3 3 21.766332113348863 1


# 20.0 20.0 1.9508584825660478
0 0 20.208979314799066 0
1 0 21.162039102928542 1
2 0 20.21608592308718 0
3 0 20.073461112124374 0

0 1 20.254846617243405 0
1 1 20.307046333995928 0
2 1 20.270700177118673 0
3 1 20.263073513037 0

0 2 21.468296921595996 1
1 2 20.713110232039636 0
2 2 21.340772988618674 1
3 2 20.915400058220357 0

0 3 21.980015474157504 1
1 3 21.84030300302223 1
2 3 20.86942478355455 0
3 3 21.784162055369602 1


# 20.0 20.0 1.9800154741575042
0 0 20.218458688108363 0
1 0 21.18213255194784 1
2 0 20.22532584041181 0
3 0 20.076677304329284 0

0 1 20.268068682643587 0
1 1 20.321516249689118 0
2 1 20.283514831718055 0
3 1 20.26733153182066 0

0 2 21.502162783555054 1
1 2 20.738938001200353 0
2 2 21.3701032172613 1
3 2 20.91801241742852 0

0 3 22.00884450652676 1
1 3 21.866416764390674 1
2 3 20.893157127089516 0
3 3 21.801666255910515 1


# 20.0 20.0 2.00884450652676
0 0 20.22799659015156 0
1 0 21.20178104892906 1
2 0 20.23460583333423 0
3 0 20.07994016975529 0

0 1 20.281429905453304 0
1 1 20.33615143515165 0
2 1 20.2964044240064 0
3 1 20.271635891618473 0

0 2 21.535422495603907 1
1 2 20.764766104091628 0
2 2 21.39880634370415 1
3 2 20.921121197791322 0

0 3 22.037348175411733 1
1 3 21.892370517165382 1
2 3 20.916758645153116 0
3 3 21.81886082881307 1


# 20.0 20.0 2.037348175411733
0 0 20.237587244358693 0
1 0 21.221006379028175 1
2 0 20.24392060000767 0
3 0 20.083249001543614 0

0 1 20.294919783525636 0
1 1 20.350941326552192 0
2 1 20.309360661596685 0
3 1 20.275991954501677 0

0 2 21.56809915954489 1
1 2 20.79057993925883 0
2 2 21.42691748453195 1
3 2 20.924695350698247 0

0 3 22.065529277217433 1
1 3 21.91816536978399 1
2 3 20.940222106254232 0
3 3 21.835760848459227 1


# 20.0 20.0 2.0655292772174327
0 0 20.247225217512426 0
1 0 21.23982915683786 1
2 0 20.253265200647085 0
3 0 20.08660312334983 0

0 1 20.308528341060875 0
1 1 20.36587572006274 0
2 1 20.322375954156964 0
3 1 20.280404385551066 0

0 2 21.60021464553445 1
1 2 20.816366180813365 0
2 2 21.454469360377487 1
3 2 20.928705761101575 0

0 3 22.093390783421427 1
1 3 21.94380217309893 1
2 3 20.96354116637478 0
3 3 21.852380421044412 1


# 20.0 20.0 2.0933907834214267
0 0 20.256905399656763 0
1 0 21.25826888809507 1
2 0 20.26263503780713 0
3 0 20.090001883989533 0

0 1 20.322246099919365 0
1 1 20.380944770975546 0
2 1 20.335443351013964 0
3 1 20.28487721331118 0

0 2 21.631789667191853 1
1 2 20.84211267579405 0
2 2 21.48149246653078 1
3 2 20.933125120345945 0

0 3 22.120935817301746 1
1 3 21.969281557742423 1
2 3 20.98671029073085 0
3 3 21.868732750819735 1


# 20.0 20.0 2.1209358173017456
0 0 20.26662298512529 0
1 0 21.276344028321972 1
2 0 20.272025837379136 0
3 0 20.093444652774195 0

0 1 20.336064052802264 0
1 1 20.396138991263907 0
2 1 20.348556484267114 0
3 1 20.28941388544076 0

0 2 21.662843851720574 1
1 2 20.867808349763028 0
2 2 21.508015231078588 1
3 2 20.937927807699484 0

0 3 22.14816763279244 1
1 3 21.994603967596678 1
2 3 21.009724681914097 0
3 3 21.884830201665586 1


# 20.0 20.0 2.1481676327924397
0 0 20.27637345463427 0
1 0 21.294072038531777 1
2 0 20.28143363031609 0
3 0 20.096930815463406 0

0 1 20.349973638155994 0
1 1 20.411449245811855 0
2 1 20.36170951693406 0
3 1 20.29401731993341 0

0 2 21.693395805396847 1
1 2 20.89344311997301 0
2 2 21.534064161505064 1
3 2 20.943089779973356 0

0 3 22.175089595287833 1
1 3 22.019769689723717 1
2 3 21.03258021390844 0
3 3 21.900684354332206 1


# 20.0 20.0 2.175089595287833
0 0 20.28615255838769 0
1 0 21.31146943812763 1
2 0 20.290854735089116 0
3 0 20.100459770766992 0

0 1 20.3639667166686 0
1 1 20.426866747513326 0
2 1 20.374897095689715 0
3 1 20.29868995225337 0

0 2 21.723463174753334 1
1 2 20.91900781549625 0
2 2 21.559663980613635 1
3 2 20.948588468660866 0

0 3 22.201705164231196 1
1 3 22.04477888107895 1
2 3 21.05527337151658 0
3 3 21.916306059658375 1


# 20.0 20.0 2.201705164231196
0 0 20.29595630014329 0
1 0 21.32855185511922 1
2 0 20.300285740874283 0
3 0 20.10403092733691 0

0 1 20.37803554923744 0
1 1 20.4423830514192 0
2 1 20.388114307798535 0
3 1 20.30343377870428 0

0 2 21.753062703761273 1
1 2 20.944494103754906 0
2 2 21.58483775256495 1
3 2 20.954402684068242 0

0 3 22.228017877336956 1
1 3 22.069631592304937 1
2 3 21.077801194767222 0
3 3 21.9317054880567 1


# 20.0 20.0 2.2280178773369563
0 0 20.30578092219041 0
1 0 21.34533407377802 1
2 0 20.309723491464524 0
3 0 20.107643701194807 0

0 1 20.392172776297915 0
1 1 20.45799004809063 0
2 1 20.4013566418741 0
3 1 20.308250396324347 0

0 2 21.782210287291978 1
1 2 20.9698944229377 0
2 2 21.6096069997656 1
3 2 20.960512525947134 0

0 3 22.25403133630799 1
1 3 22.094327788876285 1
2 3 21.100161227907382 0
3 3 21.946892175532913 1


# 20.0 20.0 2.254031336307989
0 0 20.31562289119247 0
1 0 21.361830079848314 1
2 0 20.31916506989802 0
3 0 20.11129751354646 0

0 1 20.406371398412304 0
1 1 20.473679956299147 0
2 1 20.414619952131588 0
3 1 20.313141039578227 0

0 2 21.81092102111761 1
1 2 20.995201919829395 0
2 2 21.633991811286638 1
3 2 20.966899300174127 0

0 3 22.27974919392083 1
1 3 22.11886736984337 1
2 3 21.122351472615225 0
3 3 21.9618750664872 1


# 20.0 20.0 2.2797491939208285
0 0 20.325478884848668 0
1 0 21.378053103427234 1
2 0 20.328607783791565 0
3 0 20.114991788939225 0

0 1 20.42062475802617 0
1 1 20.48944531519776 0
2 1 20.427900425827524 0
3 1 20.318106614095232 0

0 2 21.83920924869199 1
1 2 21.02041039261782 0
2 2 21.658010943439695 1
3 2 20.97354544105508 0

0 3 22.305175142362103 1
1 3 22.143250184401094 1
2 3 21.14437034509732 0
3 3 21.97666255352749 1


# 20.0 20.0 2.3051751423621027
0 0 20.335345779331558 0
1 0 21.39401565962314 1
2 0 20.338049151365 0
3 0 20.118725953722937 0

0 1 20.434926522307727 0
1 1 20.50527897607278 0
2 1 20.441194553607474 0
3 1 20.323147727683857 0

0 2 21.867088604934377 1
1 2 21.04551423827834 0
2 2 21.681681913091047 1
3 2 20.980434438862396 0

0 3 22.330312902709093 1
1 3 22.167476046489266 1
2 3 21.166216636760527 0
3 3 21.991262514507977 1


# 20.0 20.0 2.3303129027090925
0 0 20.34522063745879 0
1 0 21.409729587097726 1
2 0 20.347486888140807 0
3 0 20.122499434778806 0

0 1 20.449270666992394 0
1 1 20.521174093773 0
2 1 20.45449910250658 0
3 1 20.32826471883491 0

0 2 21.89457205722289 1
1 2 21.070508404167896 0
2 2 21.705021084250244 1
3 2 20.987550772241292 0

0 3 22.355166215456112 1
1 3 22.19154474761333 1
2 3 21.187889478173044 0
3 3 22.00568234699066 1


# 20.0 20.0 2.355166215456112
0 0 20.355100697559354 0
1 0 21.4252060845933 1
2 0 20.356918894301437 0
3 0 20.126311658484404 0

0 1 20.463651461161376 0
1 1 20.537124117901044 0
2 1 20.467811091369718 0
3 1 20.33345768290899 0

0 2 21.921671943788954 1
1 2 21.09538834349048 0
2 2 21.728043748429528 1
3 2 20.994879845147107 0

0 3 22.37973883199652 1
1 3 22.21545606805749 1
2 3 21.20938830605151 0
3 3 22.01992900031338 1


# 20.0 20.0 2.3797388319965194
0 0 20.364983362996274 0
1 0 21.440455745542764 1
2 0 20.366343242685538 0
3 0 20.1301620498861 0

0 1 20.478063452888833 0
1 1 20.553122783841296 0
2 1 20.481127768478355 0
3 1 20.33872649618895 0

0 2 21.948400009690328 1
1 2 21.120149974323162 0
2 2 21.75076419923291 1
3 2 21.00240792799975 0

0 3 22.40403450697762 1
1 3 22.239209786647304 1
2 3 21.230712833031667 0
3 3 22.034009005434473 1


# 20.0 20.0 2.40403450697762
0 0 20.374866192309586 0
1 0 21.455488590856003 1
2 0 20.37575816740339 0
3 0 20.134050032053306 0

0 1 20.492501455697596 0
1 1 20.569164103689175 0
2 1 20.49444659118957 0
3 1 20.344070837963926 0

0 2 21.974767440527316 1
1 2 21.144789641916812 0
2 2 21.773195801599385 1
3 2 21.010122102763734 0

0 3 22.42805699145252 1
1 3 22.262805689204928 1
2 3 21.251863019999202 0
3 3 22.047928502711986 1


# 20.0 20.0 2.4280569914525216
0 0 20.384746889945085 0
1 0 21.4703140999725 1
2 0 20.385162053051033 0
3 0 20.137975025591565 0

0 1 20.506960535768236 0
1 1 20.58524235713826 0
2 1 20.507765207409502 0
3 1 20.349490210798617 0

0 2 22.00078489405482 1
1 2 21.169304084008775 0
2 2 21.79535105609279 1
3 2 21.0180102116829 0

0 3 22.451810026759347 1
1 3 22.28624357582753 1
2 3 21.272839050774824 0
3 3 22.061693267763847 1


# 20.0 20.0 2.451810026759347
0 0 20.39462329753595 0
1 0 21.48494124026636 1
2 0 20.3945534245021 0
3 0 20.141936448293876 0

0 1 20.52143599985072 0
1 1 20.601352082374046 0
2 1 20.521081438739056 0
3 1 20.354983959129665 0

0 2 22.026462529831946 1
1 2 21.19369039890587 0
2 2 21.817241658601567 1
3 2 21.02606080941816 0

0 3 22.475297339063925 1
1 3 22.30952326710771 1
2 3 21.29364130896396 0
3 3 22.075308735544933 1


# 20.0 20.0 2.475297339063925
0 0 20.40449338570606 0
1 0 21.49937849488616 1
2 0 20.40393093725604 0
3 0 20.145933714911926 0

0 1 20.535923383831935 0
1 1 20.61748806701645 0
2 1 20.534393265143628 0
3 1 20.360551286319904 0

0 2 22.051810037040624 1
1 2 21.217946016115583 0
2 2 21.838878555784387 1
3 2 21.034263118354385 0

0 3 22.498522634507403 1
1 3 22.33264460940423 1
2 3 21.314270356796275 0
3 3 22.088780022767125 1


# 20.0 20.0 2.4985226345074025
0 0 20.41435524636526 0
1 0 21.513633889108593 1
2 0 20.413293368321256 0
3 0 20.149966237030792 0

0 1 20.55041844191606 0
1 1 20.633645339147066 0
2 1 20.547698811011603 0
3 1 20.366191270291228 0

0 2 22.076836660595387 1
1 2 21.242068669321206 0
2 2 21.86027199657254 1
3 2 21.04260698685907 0

0 3 22.52148959490513 1
1 3 22.355607479261526 1
2 3 21.334726915794047 0
3 3 22.102111948779346 1


# 20.0 20.0 2.5214895949051304
0 0 20.424207085468407 0
1 0 21.527715015281274 1
2 0 20.422639607611647 0
3 0 20.15403342303252 0

0 1 20.564917136378117 0
1 1 20.649819158451912 0
2 1 20.560996332478176 0
3 1 20.371902877847432 0

0 2 22.101551225657634 1
1 2 21.266056371513113 0
2 2 21.88143158001679 1
3 2 21.05108285029071 0

0 3 22.544201873947575 1
1 3 22.3784117870676 1
2 3 21.355011849121063 0
3 3 22.11530905501623 1


# 20.0 20.0 2.544201873947575
0 0 20.434047216211457 0
1 0 21.54162905642676 1
2 0 20.431968649835206 0
3 0 20.15813467813554 0

0 1 20.57941562785409 0
1 1 20.666005007505486 0
2 1 20.574284205901684 0
3 1 20.377684977789777 0

0 2 22.12596216065979 1
1 2 21.28990739210348 0
2 2 21.902366299744987 1
3 2 21.059681694569115 0

0 3 22.566663093858192 1
1 3 22.401057480031753 1
2 3 21.375126145475495 0
3 3 22.12837562311618 1


# 20.0 20.0 2.5666630938581925
0 0 20.443874052639217 0
1 0 21.555382808576596 1
2 0 20.441279586853494 0
3 0 20.162269404498378 0

0 1 20.59391026613387 0
1 1 20.68219858321781 0
2 1 20.587560917389677 0
3 1 20.383536352920093 0

0 2 22.150077518937223 1
1 2 21.313620235865695 0
2 2 21.923084585276825 1
3 2 21.068395022132968 0

0 3 22.588876842466924 1
1 3 22.423544544556115 1
2 3 21.395070904400914 0
3 3 22.141315691802404 1


# 20.0 20.0 2.5888768424669237
0 0 20.45368610364073 0
1 0 21.56898270190092 1
2 0 20.450571600491113 0
3 0 20.16643700137737 0

0 1 20.6083975814258 0
1 1 20.698395788462342 0
2 1 20.600825053280776 0
3 1 20.389455711018943 0

0 2 22.173904999058962 1
1 2 21.33719362355239 0
2 2 21.943594340423942 1
3 2 21.077214820122325 0

0 3 22.610846670661495 1
1 3 22.445873008068137 1
2 3 21.414847322899607 0
3 3 22.15413307261378 1


# 20.0 20.0 2.610846670661495
0 0 20.463481967309587 0
1 0 21.58243482069624 1
2 0 20.45984395577474 0
3 0 20.17063686532931 0

0 1 20.622874276063886 0
1 1 20.71459272389927 0
2 1 20.6140752914967 0
3 1 20.395441694879526 0

0 2 22.19745196394182 1
1 2 21.360626474057874 0
2 2 21.96390297898651 1
3 2 21.086133530634946 0

0 3 22.6325760901818 1
1 3 22.468042940374946 1
2 3 21.434456683241528 0
3 3 22.166831364566203 1


# 20.0 20.0 2.6325760901818
0 0 20.473260325647562 0
1 0 21.595744922290855 1
2 0 20.469095994581604 0
3 0 20.17486839045099 0

0 1 20.637337216631067 0
1 1 20.730785680005823 0
2 1 20.6273103936863 0
3 1 20.401492891471854 0

0 2 22.220725458826713 1
1 2 21.383917888001424 0
2 2 21.984017457941928 1
3 2 21.09514402291604 0

0 3 22.654068571725674 1
1 3 22.490054454594823 1
2 3 21.453900341870618 0
3 3 22.17941396781926 1


# 20.0 20.0 2.6540685717256736
0 0 20.483019939591312 0
1 0 21.608918454924783 1
2 0 20.478327129677922 0
3 0 20.17913096864855 0

0 1 20.65178342647365 0
1 1 20.746971129322578 0
2 1 20.64052919809033 0
3 1 20.407607840305896 0

0 2 22.2437322281904 1
1 2 21.407067132617954 0
2 2 22.003944308306654 1
3 2 21.104239567350746 0

0 3 22.675327543336973 1
1 3 22.511907707715746 1
2 3 21.473179719318154 0
3 3 22.191884096417795 1


# 20.0 20.0 2.675327543336973
0 0 20.492759644342804 0
1 0 21.62196057465806 1
2 0 20.48753683912821 0
3 0 20.18342398993041 0

0 1 20.666210078584026 0
1 1 20.763145718922498 0
2 1 20.653730613061953 0
3 1 20.413785041057167 0

0 2 22.26647873166087 1
1 2 21.43007362785156 0
2 2 22.023689663838923 1
3 2 21.113413811137782 0

0 3 22.696356389049363 1
1 3 22.533602900826313 1
2 3 21.492296291039786 0
3 3 22.204244790172886 1


# 20.0 20.0 2.696356389049363
0 0 20.50247834498537 0
1 0 21.634876161358857 1
2 0 20.49672466105704 0
3 0 20.187746842718287 0

0 1 20.680614488830322 0
1 1 20.77930626310745 0
2 1 20.666913611183706 0
3 1 20.420022960513244 0

0 2 22.28897115899989 1
1 2 21.452936933555954 0
2 2 22.043259287737662 1
3 2 21.12266075553108 0

0 3 22.717158447761502 1
1 3 22.555140279059895 1
2 3 21.51125157909976 0
3 3 22.216498925742233 1


# 20.0 20.0 2.717158447761502
0 0 20.512175012368168 0
1 0 21.647669833820178 1
2 0 20.50589018874531 0
3 0 20.19209891417153 0

0 1 20.694994109513154 0
1 1 20.79544973633517 0
2 1 20.680077223926865 0
3 1 20.42632003889524 0

0 2 22.31121544421186 1
1 2 21.475656737713404 0
2 2 22.06265859748151 1
3 2 21.1319747345442 0

0 3 22.73773701232135 1
1 3 22.576520131288994 1
2 3 21.530047144631723 0
3 3 22.228649226965622 1


# 20.0 20.0 2.7377370123213502
0 0 20.521848679242915 0
1 0 21.66034596405161 1
2 0 20.51503306604381 0
3 0 20.196479590520624 0

0 1 20.70934652323108 0
1 1 20.811573266378154 0
2 1 20.69322053680396 0
3 1 20.432674695604067 0

0 2 22.33321727883415 1
1 2 21.498232845590955 0
2 2 22.081892687941245 1
3 2 21.141350395019476 0

0 3 22.75809532879926 1
1 3 22.59774278960312 1
2 3 21.54868458101131 0
3 3 22.240698274507228 1


# 20.0 20.0 2.7580953287992607
0 0 20.531498436637563 0
1 0 21.67290869079016 1
2 0 20.524152983087347 0
3 0 20.200888257406177 0

0 1 20.72366943703757 0
1 1 20.827674127714676 0
2 1 20.70634268496954 0
3 1 20.43908533443744 0

0 2 22.35498212446025 1
1 2 21.52066516975922 0
2 2 22.10096635288918 1
3 2 21.150782677970664 0

0 3 22.778236595931247 1
1 3 22.61880862860021 1
2 3 21.567165507680794 0
3 3 22.252648514852783 1


# 20.0 20.0 2.778236595931247
0 0 20.541123430452544 0
1 0 21.685361932272027 1
2 0 20.53324967229345 0
3 0 20.205324300220326 0

0 1 20.737960676873524 0
1 1 20.843749735150862 0
2 1 20.71944284922825 0
3 1 20.445550348320097 0

0 2 22.376515224543688 1
1 2 21.542953720904983 0
2 2 22.119884105019917 1
3 2 21.16026680111421 0

0 3 22.79816396471545 1
1 3 22.639718064518615 1
2 3 21.585491564570898 0
3 3 22.264502268706305 1


# 20.0 20.0 2.7981639647154495
0 0 20.550722858266 0
1 0 21.697709398305125 1
2 0 20.54232290463017 0
3 0 20.2097871044478 0

0 1 20.75221818226036 0
1 1 20.859797637672006 0
2 1 20.732520252413 0
3 1 20.452068123586354 0

0 2 22.397821615527423 1
1 2 21.565098599374398 0
2 2 22.13865019458863 1
3 2 21.16979824250999 0

0 3 22.817880538146245 1
1 3 22.660471554233933 1
2 3 21.603664407069267 0
3 3 22.27626173882783 1


# 20.0 20.0 2.8178805381462446
0 0 20.560295966335207 0
1 0 21.709954601679957 1
2 0 20.55137248613819 0
3 0 20.214276056004373 0

0 1 20.76644000123984 0
1 1 20.875815512520237 0
2 1 20.745574156099178 0
3 1 20.45863704385109 0

0 2 22.418906137340397 1
1 2 21.587099987388626 0
2 2 22.15726862676518 1
3 2 21.1793727252379 0

0 3 22.837389371071872 1
1 3 22.681069594142464 1
2 3 21.621685701489184 0
3 3 22.287929017350756 1


# 20.0 20.0 2.837389371071872
0 0 20.569842046782178 0
1 0 21.722100868954687 1
2 0 20.560398254693087 0
3 0 20.218790541570744 0

0 1 20.78062428554748 0
1 1 20.891801159495145 0
2 1 20.75860385762407 0
3 1 20.46525549350254 0

0 2 22.439773443300197 1
1 2 21.608958141878407 0
2 2 22.175743177795205 1
3 2 21.18898620304169 0

0 3 22.856693470162597 1
1 3 22.70151271895084 1
2 3 21.6395571209958 0
3 3 22.29950609261458 1


# 20.0 20.0 2.856693470162597
0 0 20.579360434952044 0
1 0 21.734151350648272 1
2 0 20.509400076994094 -1
3 0 20.222609948920155 0

0 1 20.794769286007455 0
1 1 20.907752495473275 0
2 1 20.770888687383298 0
3 1 20.471904580847575 0

0 2 22.46042800945817 1
1 2 21.630673387888372 0
2 2 22.194068770052745 1
3 2 21.198634535836117 0

0 3 22.87579579397765 1
1 3 22.721801500389248 1
2 3 21.657280238270655 0
3 3 22.310994850569735 1


# 20.0 20.0 2.8757957939776517
0 0 20.58885050693364 0
1 0 21.745389030873856 1
2 0 20.46087192576647 -1
3 0 20.225789308838397 0

0 1 20.808873348137524 0
1 1 20.923650269141955 0
2 1 20.782491976938605 0
3 1 20.478567578311335 0

0 2 22.48087414342097 1
1 2 21.65224580146579 0
2 2 22.212241299720347 1
3 2 21.208313530074218 0

0 3 22.89469925312018 1
1 3 22.741936540887178 1
2 3 21.674856540557414 0
3 3 22.322397076796804 1


# 20.0 20.0 2.89469925312018
0 0 20.598303037232164 0
1 0 21.755876594362842 1
2 0 20.414685199445955 -1
3 0 20.228379927053304 0

0 1 20.82293459691329 0
1 1 20.93947764385931 0
2 1 20.793472022701597 0
3 1 20.485229725780208 0

0 2 22.50111598521528 1
1 2 21.673675260631615 0
2 2 22.230257525581347 1
3 2 21.218018973749 0

0 3 22.913406710321084 1
1 3 22.76191846830804 1
2 3 21.692287442702238 0
3 3 22.333714459029533 1


# 20.0 20.0 2.913406710321084
0 0 20.607709862187118 0
1 0 21.76567224986551 1
2 0 20.37071871146467 -1
3 0 20.230429630926324 0

0 1 20.83695098573807 0
1 1 20.955219963181303 0
2 1 20.80388247672401 0
3 1 20.49187805027423 0

0 2 22.521157509316527 1
1 2 21.694961489717944 0
2 2 22.248114968948162 1
3 2 21.227746666590566 0

0 3 22.93192098048102 1
1 3 22.781747931593916 1
2 3 21.709574298423604 0
3 3 22.34494859008464 1


# 20.0 20.0 2.9319209804810207
0 0 20.617063785975624 0
1 0 21.774830044898618 1
2 0 20.32885823141374 -1
3 0 20.23198299959323 0

0 1 20.910920339438754 1
1 1 20.971584537157952 0
2 1 20.813781347294785 0
3 1 20.498501304324456 0

0 2 22.541722527640886 1
1 2 21.716121377795574 0
2 2 22.265812134719905 1
3 2 21.23749245094331 0

0 3 22.95025347069452 1
1 3 22.801425908229938 1
2 3 21.726718417486225 0
3 3 22.356100971262748 1


# 20.0 20.0 2.95025347069452
0 0 20.62707849429255 0
1 0 21.78341743816725 1
2 0 20.288996367115026 -1
3 0 20.23308158366515 0

0 1 20.982346311891423 1
1 1 20.988496477076158 0
2 1 20.823221518023463 0
3 1 20.505089796174413 0

0 2 22.562754835404547 1
1 2 21.737169423926552 0
2 2 22.283348373977905 1
3 2 21.24725223770067 0

0 3 22.968414514673132 1
1 3 22.82095364835731 1
2 3 21.74372107987498 0
3 3 22.367173016108197 1


# 20.0 20.0 2.9684145146731318
0 0 20.637692833498722 0
1 0 21.7914961338965 1
2 0 20.251032110523216 -1
3 0 20.233764109533578 0

0 1 21.051355096543737 1
1 1 21.005887552245184 0
2 1 20.832251179153385 0
3 1 20.511635235051738 0

0 2 22.584202400739276 1
1 2 21.758117995281914 0
2 2 22.300723761931096 1
3 2 21.257022027874335 0

0 3 22.986413464734056 1
1 3 22.840332625604994 1
2 3 21.76058354736396 0
3 3 22.378166054431162 1


# 20.0 20.0 2.9864134647340563
0 0 20.648850106258053 0
1 0 21.799122533501166 1
2 0 20.214870415747498 -1
3 0 20.234066669399958 0

0 1 21.118065463199812 1
1 1 21.02369563579105 0
2 1 20.84091422313628 0
3 1 20.51813059022449 0

0 2 22.606017062986815 1
1 2 21.77897756054415 0
2 2 22.31793898966543 1
3 2 21.266797930315466 0

0 3 23.00425877626673 1
1 3 22.859564493939683 1
2 3 21.77730707283111 0
3 3 22.3890813365094 1


# 20.0 20.0 3.004258776266731
0 0 20.660497758393173 0
1 0 21.806348152813296 1
2 0 20.180421806830296 -1
3 0 20.23402289806622 0

0 1 21.182589239231472 1
1 1 21.04186419538178 0
2 1 20.849250607410962 0
3 1 20.524569962664575 0

0 2 22.62815425325388 1
1 2 21.79975690082492 0
2 2 22.334995268298076 1
3 2 21.27657617605188 0

0 3 23.02195808528745 1
1 3 22.87865104990154 1
2 3 21.793892907628713 0
3 3 22.399920037399227 1


# 20.0 20.0 3.0219580852874515
0 0 20.672587087795556 0
1 0 21.81322000747523 1
2 0 20.14760201309885 -1
3 0 20.233664137444997 0

0 1 21.245031757620925 1
1 1 21.06034182528344 0
2 1 20.857296687087373 0
3 1 20.470948468239673 -1

0 2 22.650572735542017 1
1 2 21.760463300133626 -1
2 2 22.231174244270587 -1
3 2 21.284184489656614 0

0 3 23.039518279642426 1
1 3 22.89687419965453 1
2 3 21.808885027284198 0
3 3 22.410639750256145 1


# 20.0 20.0 3.039518279642426
0 0 20.68507297381607 0
1 0 21.81978096890765 1
2 0 20.11633163006998 -1
3 0 20.232299589676693 0

0 1 21.305492274216544 1
1 1 21.07836181643398 0
2 1 20.86290824001535 0
3 1 20.41972134040579 -1

0 2 22.672514366897165 1
1 2 21.722508157254286 -1
2 2 22.132219711516125 -1
3 2 21.289799710717173 0

0 3 23.056928284373917 1
1 3 22.914265340895987 1
2 3 21.82239735377028 0
3 3 22.421203084020775 1


# 20.0 20.0 3.0569282843739174
0 0 20.697913625676183 0
1 0 21.826061453079692 1
2 0 20.086500933000302 -1
3 0 20.230011471729206 0

0 1 21.364047076407537 1
1 1 21.095906748366232 0
2 1 20.866300829294076 0
3 1 20.370726388249633 -1

0 2 22.693990565703913 1
1 2 21.685864354103867 -1
2 2 22.037845512337977 -1
3 2 21.29358542268235 0

0 3 23.074177937015655 1
1 3 22.930855472317035 1
2 3 21.83453551373604 0
3 3 22.43157722423305 1


# 20.0 20.0 3.074177937015655
0 0 20.711070037505685 0
1 0 21.832088604676812 1
2 0 20.058008704682692 -1
3 0 20.226875879862142 0

0 1 21.42076870741733 1
1 1 21.11296349439056 0
2 1 20.86767291868389 0
3 1 20.32381349059789 -1

0 2 22.71501269392679 1
1 2 21.65050299118255 -1
2 2 21.94778448990117 -1
3 2 21.295692937386477 0

0 3 23.091257949278017 1
1 3 22.94667509993008 1
2 3 21.8453974639279 0
3 3 22.44173352897643 1


# 20.0 20.0 3.091257949278017
0 0 20.72450580390061 0
1 0 21.837886619316073 1
2 0 20.030761564100363 -1
3 0 20.222963248843485 0

0 1 21.475726205612418 1
1 1 21.129522711477353 0
2 1 20.867207205659984 0
3 1 20.278843684695456 -1

0 2 22.73559200653474 1
1 2 21.616393739299905 -1
2 2 21.861787130541206 -1
3 2 21.296262206146803 0

0 3 23.108159868381588 1
1 3 22.961754158592328 1
2 3 21.855074068260247 0
3 3 22.451647157226166 1


# 20.0 20.0 3.1081598683815876
0 0 20.73818694885933 0
1 0 21.843477035998042 1
2 0 20.004673348294165 -1
3 0 20.218338776280994 0

0 1 21.528985324979153 1
1 1 21.145578380997684 0
2 1 20.865071850322646 0
3 1 20.235688323931253 -1

0 2 22.75573960945221 1
1 2 21.58350515116851 -1
2 2 21.779620307586008 -1
3 2 21.29542266295356 0

0 3 23.124876038336385 1
1 3 22.97612194702463 1
2 3 21.86364963033536 0
3 3 22.46129672708549 1


# 20.0 20.0 3.124876038336385
0 0 20.75208176703212 0
1 0 21.84887900244201 1
2 0 19.97966454321436 -1
3 0 20.213062814740624 0

0 1 21.580608738419812 1
1 1 21.16112739561803 0
2 1 20.861421608351357 0
3 1 20.194228299358688 -1

0 2 22.775466424990313 1
1 2 21.55180493681505 -1
2 2 21.701066118883343 -1
3 2 21.29329400485344 0

0 3 23.141399561420453 1
1 3 22.989807074792445 1
2 3 21.87120238491041 0
3 3 22.47066400158758 1


# 20.0 20.0 3.141399561420453
0 0 20.766160676309305 0
1 0 21.85410951572115 1
2 0 19.955661759665112 -1
3 0 20.20719123411825 0

0 1 21.630656225369194 1
1 1 21.176169188063447 0
2 1 20.85639887554214 0
3 1 20.15435332015979 -1

0 2 22.794783163823976 1
1 2 21.521260206394686 -1
2 2 21.62592081083735 -1
3 2 21.28998691424061 0

0 3 23.157724260072715 1
1 3 23.002837419867696 1
2 3 21.877804951531687 0
3 3 22.479733599919694 1


# 20.0 20.0 3.1577242600727153
0 0 20.780396080855255 0
1 0 21.859183640403867 1
2 0 19.932597250759947 -1
3 0 20.200775756541027 0

0 1 21.6791848450966 1
1 1 21.19070539784565 0
2 1 20.85013465087135 0
3 1 20.115961248572912 -1

0 2 22.813700302682136 1
1 2 21.491837683662535 -1
2 2 21.55399378232083 -1
3 2 21.285603727412266 0

0 3 23.173844639380697 1
1 3 23.015240095528153 1
2 3 21.88352475330058 0
3 3 22.48849273209114 1


# 20.0 20.0 3.1738446393806967
0 0 20.79476224377047 0
1 0 21.864114706215418 1
2 0 19.910408467591562 -1
3 0 20.193864265899524 0

0 1 21.726249096934122 1
1 1 21.204739572401262 0
2 1 20.842749424480164 0
3 1 20.078957485146354 -1

0 2 22.832228067009215 1
1 2 21.463503893053847 -1
2 2 21.485106662348393 -1
3 2 21.280239053415983 0

0 3 23.18975585031344 1
1 3 23.027041425475986 1
2 3 21.88842440350094 0
3 3 22.49693095521886 1


# 20.0 20.0 3.189755850313439
0 0 20.80923516863253 0
1 0 21.868914487057875 1
2 0 19.889037650081967 -1
3 0 20.186501093949882 0

0 1 21.771901068559405 1
1 1 21.21827689940382 0
2 1 20.834353996468884 0
3 1 20.043254400496224 -1

0 2 22.850376417937948 1
1 2 21.436225323049257 -1
2 2 21.419092455872892 -1
3 2 21.273980346911568 0

0 3 23.205453653823124 1
1 3 23.038266926170476 1
2 3 21.892562062601048 0
3 3 22.505039949745132 1


# 20.0 20.0 3.205453653823124
0 0 20.823792489229167 0
1 0 21.873593363066025 1
2 0 19.868431450220342 -1
3 0 20.178727284776286 0

0 1 21.81619057335876 1
1 1 21.23132396730375 0
2 1 20.825050231925097 0
3 1 20.008770810038737 -1

0 2 22.86815504298733 1
1 2 21.409968568250907 -1
2 2 21.355794752507258 -1
3 2 21.266908438488777 0

0 3 23.220934385915385 1
1 3 23.048941295472524 1
2 3 21.8959917679445 0
3 3 22.512813314031508 1


# 20.0 20.0 3.2209343859153847
0 0 20.838413366854013 0
1 0 21.87816046722979 1
2 0 19.84854058511826 -1
3 0 20.170580839266226 0

0 1 21.859165277803434 1
1 1 21.243888551415683 0
2 1 20.81493175718165 0
3 1 19.97543148843635 -1

0 2 22.885573349965497 1
1 2 21.384700452367195 -1
2 2 21.295066993378693 -1
3 2 21.259098025622407 0

0 3 23.236194923767687 1
1 3 23.05908840679163 1
2 3 21.898763738261255 0
3 3 22.520246375892977 1


# 20.0 20.0 3.2361949237676875
0 0 20.853078394587666 0
1 0 21.8826238179796 1
2 0 19.829319517516424 -1
3 0 20.162096941124076 0

0 1 21.900870819687317 1
1 1 21.25597942311432 0
2 1 20.80408460190628 0
3 1 19.943166720745857 -1

0 2 22.902640463616812 1
1 2 21.360388134096386 -1
2 2 21.23677179169515 -1
3 2 21.250618127206273 0

0 3 23.25123265295695 1
1 3 23.068731308010157 1
2 3 21.90092465496146 0
3 3 22.527336019746844 1


# 20.0 20.0 3.2512326529569506
0 0 20.867769508034513 0
1 0 21.88699043900844 1
2 0 19.8107261615652 -1
3 0 20.15330816583134 0

0 1 21.94135091799764 1
1 1 21.267606179920936 0
2 1 20.792587791261905 0
3 1 19.911911887486127 -1

0 2 22.919365224605517 1
1 2 21.33699919771054 -1
2 2 21.180780302947465 -1
3 2 21.241532504385773 0

0 3 23.26604543584189 1
1 3 23.077892224535898 1
2 3 21.902517922019843 0
3 3 22.534080528152824 1


# 20.0 20.0 3.266045435841889
0 0 20.882469902029342 0
1 0 21.891266467492272 1
2 0 19.792721611874487 -1
3 0 20.14424467385374 0

0 1 21.980647475120406 1
1 1 21.27877909446375 0
2 1 20.780513892042595 0
3 1 19.881607081055094 -1

0 2 22.93575619047616 1
1 2 21.314501729969514 -1
2 2 21.126971640986998 -1
3 2 21.23190005020391 0

0 3 23.280631581131725 1
1 3 23.086592565902844 1
2 3 21.90358390611552 0
3 3 22.540479436615154 1


# 20.0 20.0 3.2806315811317255
0 0 20.89716395286764 0
1 0 21.895457251768068 1
2 0 19.775269893987733 -1
3 0 20.13493438929552 0

0 1 22.01880067201904 1
1 1 21.28950898047908 0
2 1 20.767929516382658 0
3 1 19.852196751121365 -1

0 2 22.951821638273604 1
1 2 21.292864384838687 -1
2 2 21.075232336510112 -1
3 2 21.221775150386307 0

0 3 23.2949898146611 1
1 3 23.094852935402308 1
2 3 21.904160158561 0
3 3 22.546533400604375 1


# 20.0 20.0 3.2949898146611005
0 0 20.91183714564985 0
1 0 21.89956743943521 1
2 0 19.75833773458161 -1
3 0 20.125403165109315 0

0 1 22.05584905696707 1
1 1 21.29980707418757 0
2 1 20.7548957863531 0
3 1 19.823629376796454 -1

0 2 22.967569568543716 1
1 2 21.272056437342155 -1
2 2 21.025455834749337 -1
3 2 21.211208017415885 0

0 3 23.309119251380654 1
1 3 23.102693142282817 1
2 3 21.90428162043308 0
3 3 22.552244073836803 1


# 20.0 20.0 3.309119251380654
0 0 20.926476006363284 0
1 0 21.90360105676052 1
2 0 19.741894349827856 -1
3 0 20.115674935884872 0

0 1 22.091829628363588 1
1 1 21.3096849295324 0
2 1 20.74146876249902 0
3 1 19.7958571635606 -1

0 2 22.983007710469916 1
1 2 21.252047827754144 -1
2 2 20.977542029418593 -1
3 2 21.20024499988621 0

0 3 23.323019368563983 1
1 3 23.110132216107953 1
2 3 21.903980812207248 0
3 3 22.5576139969238 1


# 20.0 20.0 3.3230193685639833
0 0 20.941068038355695 0
1 0 21.90756158018917 1
2 0 19.725911250477964 -1
3 0 20.10577185916148 0

0 1 22.126777912112612 1
1 1 21.3191543259055 0
2 1 20.72769983913142 0
3 1 19.768835763069205 -1

0 2 22.998143527931347 1
1 2 21.232809197214305 -1
2 2 20.931396830187772 -1
3 2 21.188928868973157 0

0 3 23.33668998022415 1
1 3 23.117188422907166 1
2 3 21.90328800909477 0
3 3 22.562646495571357 1


# 20.0 20.0 3.3366899802241505
0 0 20.95560166288251 0
1 0 21.911452000692417 1
2 0 19.710362062345713 -1
3 0 20.095714446136643 0

0 1 22.160728034004514 1
1 1 21.32822718711455 0
2 1 20.71363610896572 0
3 1 19.742524014109204 -1

0 2 23.012984226295547 1
1 2 21.21431191574608 -1
2 2 20.886931761172114 -1
3 2 21.177299083726517 0

0 3 23.350131212726513 1
1 3 23.123879282795873 1
2 3 21.902231403187262 0
3 3 22.567345587573755 1


# 19.880000000000003 20.0 3.350131212726513
0 0 20.970066163435103 0
1 0 21.915274881618082 1
2 0 19.695222360967836 -1
3 0 20.085521682576648 0

0 1 22.193712787498466 1
1 1 21.33691551045899 0
2 1 20.699320699495864 0
3 1 19.716883703106205 -1

0 2 23.027536759782787 1
1 2 21.196528103560787 -1
2 2 20.8440635881155 -1
3 2 21.16539203675555 0

0 3 23.363343481579303 1
1 3 23.130221588778372 1
2 3 21.900837253427007 0
3 3 22.57171589790329 1


# 19.760000000000005 19.0 3.363343481579303
0 0 20.983011633580837 0
1 0 21.918295130650215 1
2 0 19.67974067195986 -1
3 0 20.07376239450468 0

0 1 22.2250264172694 1
1 1 21.345213610168674 0
2 1 20.684784124800267 0
3 1 19.69114185024847 -1

0 2 23.041078991900825 1
1 2 21.17942168793743 -1
2 2 20.802713757120998 -1
3 2 21.152512429275088 0

0 3 23.3748787232106 1
1 3 23.13549393402458 1
2 3 21.89840117185166 0
3 3 22.57430508879229 1


# 19.640000000000008 19.0 4.3748787232106
0 0 20.994463073346964 0
1 0 21.920519743428613 1
2 0 19.66390035889035 -1
3 0 20.060487454812176 0

0 1 22.254704375849084 1
1 1 21.353116516064762 0
2 1 20.67004495659775 0
3 1 19.665270430626254 -1

0 2 23.053621731684956 1
1 2 21.162948798183177 -1
2 2 20.76279038505008 -1
3 2 21.138695298099158 0

0 3 23.384772477163533 1
1 3 23.13971665816193 1
2 3 21.89495006821794 0
3 3 22.575153849991572 1


# 19.52000000000001 19.0 4.3847724771635335
0 0 21.004445092137807 0
1 0 21.921955457809727 1
2 0 19.64768639824759 -1
3 0 20.045745388385424 0

0 1 22.282780992142072 1
1 1 21.360619685750446 0
2 1 20.65511920147715 0
3 1 19.639243791195494 -1

0 2 23.065175646164054 1
1 2 21.147066884371903 -1
2 2 20.72420642399367 -1
3 2 21.12397334436116 0

0 3 23.39305937563756 1
1 3 23.14290947445786 1
2 3 21.890509402334104 0
3 3 22.57430210435222 1


# 19.400000000000013 19.0 4.393059375637559
0 0 21.01298190622027 0
1 0 21.922608784464337 1
2 0 19.631085250013115 -1
3 0 20.02958250289805 0

0 1 22.309289517329724 1
1 1 21.367718953486143 0
2 1 20.64002053283051 0
3 1 19.61303846852636 -1

0 2 23.075751258353232 1
1 2 21.131734707245542 -1
2 2 20.68687937148323 -1
3 2 21.108377103230335 0

0 3 23.39977316690834 1
1 3 23.145091483848486 1
2 3 21.88510328295228 0
3 3 22.57178899322973 1


# 19.280000000000015 19.0 4.399773166908339
0 0 21.02009733721787 0
1 0 21.92248603400544 1
2 0 19.614084738349373 -1
3 0 20.01204301127623 0

0 1 22.334262168190563 1
1 1 21.374410485026072 0
2 1 20.624760504015264 0
3 1 19.586633020270515 -1

0 2 23.08535894601053 1
1 2 21.116912324734177 -1
2 2 20.650731000231218 -1
3 2 21.091935101059438 0

0 3 23.404946738057948 1
1 3 23.146281189675783 1
2 3 21.878754559265925 0
3 3 22.567652865397367 1


# 19.160000000000018 19.0 4.404946738057948
0 0 21.02581481150438 0
1 0 21.92159334099577 1
2 0 19.596673941614146 -1
3 0 19.993169146412903 0

0 1 22.35773016803705 1
1 1 21.380690737798208 0
2 1 20.6093487442215 0
3 1 19.56000786931948 -1

0 2 23.09400894104804 1
1 2 21.102561075571977 -1
2 2 20.615687105981547 -1
3 2 21.07467400090332 0

0 3 23.408612137056547 1
1 3 23.146496512972135 1
2 3 21.871484905588968 0
3 3 22.56193126912097 1


# 19.04000000000002 19.0 4.408612137056547
0 0 21.030157360398615 0
1 0 21.91993668515168 1
2 0 19.578843090975784 -1
3 0 19.97300126866558 0

0 1 22.379723785450434 1
1 1 21.38655642586864 0
2 1 20.593793138404614 0
3 1 19.533145159703746 -1

0 2 23.10171132950097 1
1 2 21.088643560436402 -1
2 2 20.581677272158434 -1
3 2 21.05661873727718 0

0 3 23.41080059423219 1
1 3 23.145754808150397 1
2 3 21.86331489974739 0
3 3 22.554660947076908 1


# 18.920000000000023 19.0 4.410800594232189
0 0 21.03314762107149 0
1 0 21.9175219100303 1
2 0 19.56058347696001 -1
3 0 19.951577966633586 0

0 1 22.400272370978808 1
1 1 21.392004489185148 0
2 1 20.57809999253728 0
3 1 19.506028623353565 -1

0 2 23.108476051969696 1
1 2 21.07512362099302 -1
2 2 20.548634650101487 -1
3 2 21.03779264095792 0

0 3 23.41154254316127 1
1 3 23.1440728789749 1
2 3 21.85426409567184 0
3 3 22.545877833821695 1


# 18.800000000000026 19.0 4.411542543161271
0 0 21.034807838085026 0
1 0 21.91435473945979 1
2 0 19.541887363311258 -1
3 0 19.928936151674755 0

0 1 22.419404391948575 1
1 1 21.397032066643526 0
2 1 20.562274185336406 0
3 1 19.478643456908344 -1

0 2 23.114312904460203 1
1 2 21.061966317187515 -1
2 2 20.51649575376646 -1
3 2 21.018217554571645 0

0 3 23.410867641008686 1
1 3 23.14146699470437 1
2 3 21.844351090641133 0
3 3 22.535617055546666 1


# 18.680000000000028 19.0 4.411542543161271
0 0 21.035159865490865 0
1 0 21.910440791947824 1
2 0 19.522747907599694 -1
3 0 19.90511114658856 0

0 1 22.43714746552587 1
1 1 21.401636472564608 0
2 1 20.54631930753033 0
3 1 19.45097620782248 -1

0 2 23.11923153955754 1
1 2 21.04913790308963 -1
2 2 20.485200267855664 -1
3 2 20.997913939654335 0

0 3 23.408804788343517 1
1 3 23.13795290631168 1
2 3 21.833593587590773 0
3 3 22.523912931873927 1


# 18.56000000000003 19.0 4.411542543161271
0 0 21.03422516942288 0
1 0 21.905785593281063 1
2 0 19.503159088049305 -1
3 0 19.880136768861835 0

0 1 22.453528390152325 1
1 1 21.405815176210147 0
2 1 20.530237789648123 0
3 1 19.423014669071907 -1

0 2 23.123241467875147 1
1 2 21.03660580156036 -1
2 2 20.454690868420034 -1
3 2 20.976900975821245 0

0 3 23.40538214845339 1
1 3 23.133545862697844 1
2 3 21.822008452867863 0
3 3 22.510798979470735 1


# 18.440000000000033 19.0 4.411542543161271
0 0 21.032024831124858 0
1 0 21.900394587507872 1
2 0 19.48311563610345 -1
3 0 19.854045408844915 0

0 1 22.46857317546845 1
1 1 21.40956578400228 0
2 1 20.514031019236185 0
3 1 19.394747781817717 -1

0 2 23.126352059730177 1
1 2 21.024338577983666 -1
2 2 20.42491305504678 -1
3 2 20.955196652632775 0

0 3 23.400627166178207 1
1 3 23.12826062682889 1
2 3 21.80961176978357 0
3 3 22.496307917278784 1


# 18.320000000000036 19.0 4.411542543161271
0 0 21.028579550360078 0
1 0 21.89427314647813 1
2 0 19.462612974281814 -1
3 0 19.826868103199693 0

0 1 22.482307070827886 1
1 1 21.41288602414448 0
2 1 20.497699448336338 0
3 1 19.3661655454314 -1

0 2 23.128572547001387 1
1 2 21.01230591327671 -1
2 2 20.395814993812888 -1
3 2 20.932817854700478 0

0 3 23.394566586281755 1
1 3 23.12211149173418 1
2 3 21.79641888828657 0
3 3 22.480471673172595 1


# 18.20000000000004 18.0 4.411542543161271
0 0 21.02390964915479 0
1 0 21.887426578097024 1
2 0 19.441647158917576 -1
3 0 19.798634603936694 0

0 1 22.494754592496722 1
1 1 21.415773733372028 0
2 1 20.4812426919946 0
3 1 19.337258934330862 -1

0 2 23.12991202513199 1
1 2 21.00047857636804 -1
2 2 20.367347370246065 -1
3 2 20.909780440536053 0

0 3 23.387226471378007 1
1 3 23.115112296313736 1
2 3 21.782444471055324 0
3 3 22.46332139187748 1


# 18.08000000000004 18.0 5.387226471378007
0 0 21.01803507583234 0
1 0 21.879860133434413 1
2 0 19.420214827395426 -1
3 0 19.769373443335688 0

0 1 22.505939549623896 1
1 1 21.41822684558722 0
2 1 20.46465961850957 0
3 1 19.30801982111754 -1

0 2 23.130379455244885 1
1 2 20.988828396311074 -1
2 2 20.339463251591198 -1
3 2 20.886099315608575 0

0 3 23.378632219427104 1
1 3 23.10727644091008 1
2 3 21.767702536283547 0
3 3 22.444887443992595 1


# 17.960000000000043 18.0 5.387226471378007
0 0 21.01097540929908 0
1 0 21.87157901281755 1
2 0 19.398313149540773 -1
3 0 19.739111995023503 0

0 1 22.515885069061266 1
1 1 21.420243382159427 0
2 1 20.44794843207402 0
3 1 19.27844090554308 -1

0 2 23.129983666342195 1
1 2 20.977328234180177 -1
2 2 20.312117957732575 -1
3 2 20.861788500040234 0

0 3 23.368808580814754 1
1 3 23.098616902607198 1
2 3 21.752206497411628 0
3 3 22.425199435978286 1


# 17.840000000000046 18.0 5.387226471378007
0 0 21.002749863546857 0
1 0 21.862588371022177 1
2 0 19.375939782837495 -1
3 0 19.707876531463224 0

0 1 22.524613619105274 1
1 1 21.421821443692355 0
2 1 20.431106748412134 0
3 1 19.248515648869258 -1

0 2 23.128733357565025 1
1 2 20.965951954878694 -1
2 2 20.285268940170322 -1
3 2 20.83686119133876 0

0 3 23.35777967502749 1
1 3 23.08914625022551 1
2 3 21.73596920003683 0
3 3 22.404286220979575 1


# 17.72000000000005 18.0 5.387226471378007
0 0 20.9933772923407 0
1 0 21.852893321665693 1
2 0 19.353092831176813 -1
3 0 19.675692278091102 0

0 1 22.532147032226028 1
1 1 21.422959203081312 0
2 1 20.414131663967925 0
3 1 19.21823821321752 -1

0 2 23.126637100492882 1
1 2 20.954674398972156 -1
2 2 20.258875668493936 -1
3 2 20.811329822534823 0

0 3 23.345569006935122 1
1 3 23.07887665898737 1
2 3 21.719002956216816 0
3 3 22.38217591036933 1


# 17.60000000000005 18.0 5.387226471378007
0 0 20.982876194063135 0
1 0 21.842498940895588 1
2 0 19.329770806862843 -1
3 0 19.642583464320786 0

0 1 22.538506526844184 1
1 1 21.423654899701567 0
2 1 20.397019819156775 0
3 1 19.187603405534535 -1

0 2 23.1237033414652 1
1 2 20.94347135464527 -1
2 2 20.23289952383687 -1
3 2 20.78520611606525 0

0 3 23.33219948269089 1
1 3 23.067819924832534 1
2 3 21.701319576364174 0
3 3 22.358895885905188 1


# 17.480000000000054 18.0 5.387226471378007
0 0 20.97126471668974 0
1 0 21.831410270457024 1
2 0 19.305972595621817 -1
3 0 19.608573371619116 0

0 1 22.543712728211005 1
1 1 21.423906834585534 0
2 1 20.379767456152194 0
3 1 19.156606625828125 -1

0 2 23.119940403910228 1
1 2 20.932319529868277 -1
2 2 20.2073036988341 -1
3 2 20.75850113371732 0

0 3 23.31769342525893 1
1 3 23.055987478367463 1
2 3 21.68293039891416 0
3 3 22.33447281240418 1


# 17.360000000000056 18.0 5.387226471378007
0 0 20.958560662872923 0
1 0 21.819632320214794 1
2 0 19.281697424381534 -1
3 0 19.573684378843343 0

0 1 22.547785688442566 1
1 1 21.423713366461563 0
2 1 20.362370471642954 0
3 1 19.125243819353788 -1

0 2 23.115356490668837 1
1 2 20.921196524846582 -1
2 2 20.182053103639515 -1
3 2 20.73122532292596 0

0 3 23.302072589578046 1
1 3 23.043390398436095 1
2 3 21.663846317933523 0
3 3 22.308932650847943 1


# 17.24000000000006 18.0 5.387226471378007
0 0 20.944781495113386 0
1 0 21.80717007019725 1
2 0 19.25694483160571 -1
3 0 19.537938005016496 0

0 1 22.550744905754904 1
1 1 21.423072908540707 0
2 1 20.344824464961768 0
3 1 19.09351143245578 -1

0 2 23.1099596863029 1
1 2 20.910080804816978 -1
2 2 20.157114277592477 -1
3 2 20.703388559693828 0

0 3 23.285358177370103 1
1 3 23.030039425303226 1
2 3 21.644077808825237 0
3 3 22.282300671839646 1


# 17.12000000000006 18.0 5.387226471378007
0 0 20.92994434100073 0
1 0 21.794028472222735 1
2 0 19.231714639984684 -1
3 0 19.50135494970519 0

0 1 22.55260934294333 1
1 1 21.42198392595009 0
2 1 20.327124781955398 0
3 1 19.06140637178889 -1

0 2 23.103757959379745 1
1 2 20.89895167324447 -1
2 2 20.132455306152664 -1
3 2 20.67500018838406 0

0 3 23.267570851600976 1
1 3 23.01594497344454 1
2 3 21.62363495227182 0
3 3 22.254601469341292 1


# 17.000000000000064 18.0 5.387226471378007
0 0 20.914065998506697 0
1 0 21.78021245116268 1
2 0 19.206006931299207 -1
3 0 19.463955131152858 0

0 1 22.553397445145748 1
1 1 21.420444933722585 0
2 1 20.3092665549371 0
3 1 19.028925966667448 -1

0 2 23.09675916472569 1
1 2 20.887789245465278 -1
2 2 20.108045742750036 -1
3 2 20.646069058617037 0

0 3 23.248730750601386 1
1 3 23.001117143939933 1
2 3 21.60252745654878 0
3 3 22.225858974626995 1


# 16.880000000000067 18.0 5.387226471378007
0 0 20.897162941316157 0
1 0 21.765726905889903 1
2 0 19.1798220232884 -1
3 0 19.425757722310827 0

0 1 22.5531271569268 1
1 1 21.41845449526253 0
2 1 20.29124473903574 0
3 1 18.99606793430698 -1

0 2 23.08897104564313 1
1 2 20.87657442281409 -1
2 2 20.08385653522222 -1
3 2 20.616603559484997 0

0 3 23.228857501854733 1
1 3 22.985565736469066 1
2 3 21.58076467832955 0
3 3 22.1960964703942 1


# 16.76000000000007 18.0 5.387226471378007
0 0 20.879251324182576 0
1 0 21.75057670995533 1
2 0 19.15316044836591 -1
3 0 19.386781184899714 0

0 1 22.55181593871693 1
1 1 21.416011221216195 0
2 1 20.27305414523136 0
3 1 18.96283034774148 -1

0 2 23.08040123608675 1
1 2 20.865288867266944 -1
2 2 20.05985995653531 -1
3 2 20.58661165128268 0

0 3 23.207970235458635 1
1 3 22.96930026091003 1
2 3 21.558355642093783 0
3 3 22.165336604980528 1


# 16.64000000000007 18.0 5.387226471378007
0 0 20.860346988296072 0
1 0 21.734766712031742 1
2 0 19.126022934040495 -1
3 0 19.34704330162471 0

0 1 22.54948078263801 1
1 1 21.413113768683836 0
2 1 20.254689470344267 0
3 1 18.929211606215357 -1

0 2 23.07105726279547 1
1 2 20.853914976625227 -1
2 2 20.036029539505765 -1
3 2 20.556100894937227 0

0 3 23.186087597266592 1
1 3 22.952329948543635 1
2 3 21.535309058242206 0
3 3 22.133601406639382 1


# 16.520000000000074 18.0 5.387226471378007
0 0 20.840465466653452 0
1 0 21.718301736158942 1
2 0 19.09841038490833 -1
3 0 19.306561206659705 0

0 1 22.54613822774481 1
1 1 21.40976084071749 0
2 1 20.236145324223905 0
3 1 18.895210407864163 -1

0 2 23.0609465473777 1
1 2 20.842435860260952 -1
2 2 20.01234001526146 -1
3 2 20.525078479307044 0

0 3 23.16322776171605 1
1 3 22.934663762867434 1
2 3 21.51163334001325 0
3 3 22.10091229783221 1


# 16.400000000000077 18.0 5.387226471378007
0 0 20.819621989420774 0
1 0 21.701186581820828 1
2 0 19.070323866094633 -1
3 0 19.26535141450746 0

0 1 22.54180437470972 1
1 1 21.405951186055233 0
2 1 20.217416254364462 0
3 1 18.860825724512015 -1

0 2 23.050076408348076 1
1 2 20.83083531543881 -1
2 2 19.988767255198393 -1
3 2 20.49355124650666 0

0 3 23.13940844434886 1
1 3 22.916310410024614 1
2 3 21.48733661928936 0
3 3 22.067290109499805 1


# 16.28000000000008 18.0 5.387226471378007
0 0 20.797831489279993 0
1 0 21.683426023881513 1
2 0 19.0417645880317 -1
3 0 19.223429847335716 0

0 1 22.536494899976113 1
1 1 21.401683599048514 0
2 1 20.198496768156456 0
3 1 18.826056778426498 -1

0 2 23.038454063114624 1
1 2 20.81909780422638 -1
2 2 19.965288216207018 -1
3 2 20.461525715402978 0

0 3 23.114646914029972 1
1 3 22.89727834885413 1
2 3 21.462426761373937 0
3 3 22.032755095279136 1


# 16.28000000000008 18.0 5.387226471378007
0 0 20.775108606752205 0
1 0 21.66502481240448 1
2 0 19.01273389246913 -1
3 0 19.18081186088238 0

0 1 22.5302250694041 1
1 1 21.396956919744483 0
2 1 20.179381352967113 0
3 1 18.790903020883615 -1

0 2 23.026086629915735 1
1 2 20.80720843100017 -1
2 2 19.94188088895801 -1
3 2 20.4290081034175 0

0 3 23.08896000487013 1
1 3 22.877575800569186 1
2 3 21.436911378813907 0
3 3 21.997326945635866 1


# 16.28000000000008 18.0 5.387226471378007
0 0 20.75290769549083 0
1 0 21.646724952375944 1
2 0 18.98396208698013 -1
3 0 19.13896101518498 0

0 1 22.52374703143094 1
1 1 21.391787728810037 0
2 1 20.160073452732274 0
3 1 18.756101604862522 -1

0 2 23.01370997706689 1
1 2 20.795161879057012 -1
2 2 19.918524464056276 -1
3 2 20.396733199248622 0

0 3 23.06381287402644 1
1 3 22.85794825052805 1
2 3 21.411526696826364 0
3 3 21.962482294345875 1


# 16.28000000000008 17.0 5.387226471378007
0 0 20.671208682258843 -1
1 0 21.627806006352742 1
2 0 18.955437765018207 -1
3 0 19.09785689107689 0

0 1 22.51635013276847 1
1 1 21.38617461547808 0
2 1 20.140584788394104 0
3 1 18.721647436002932 -1

0 2 23.001318056660303 1
1 2 20.782961693502948 -1
2 2 19.89521696631724 -1
3 2 20.364702565240172 0

0 3 23.03918680624775 1
1 3 22.8383985263648 1
2 3 21.386275749003993 0
3 3 21.928204671520355 1


# 16.28000000000008 17.0 6.0391868062477485
0 0 20.59213504336698 -1
1 0 21.608323123172287 1
2 0 18.927150556519162 -1
3 0 19.05747961890839 0

0 1 22.50809895977826 1
1 1 21.3801178567133 0
2 1 20.12092631233782 0
3 1 18.687535545648647 -1

0 2 22.988905667794917 1
1 2 20.77061120042109 -1
2 2 19.87195674185805 -1
3 2 20.33291742100841 0

0 3 23.015063731552747 1
1 3 22.818929196429213 1
2 3 21.361161254863518 0
3 3 21.894478247456085 1


# 16.28000000000008 17.0 6.0391868062477485
0 0 20.515575246801177 -1
1 0 21.468327675919454 -1
2 0 18.897651036431345 -1
3 0 19.017792591612647 0

0 1 22.499053988723286 1
1 1 21.372179229719883 0
2 1 20.101073719989497 0
3 1 18.65376045752273 -1

0 2 22.976468376795896 1
1 2 20.758096265338516 -1
2 2 19.848741802183262 -1
3 2 20.301378655412 0

0 3 22.99142620809555 1
1 3 22.799542374918758 1
2 3 21.336185631253947 0
3 3 21.861287801987658 1


# 16.28000000000008 17.0 6.0391868062477485
0 0 20.439983117892048 -1
1 0 21.332855674139356 -1
2 0 18.867050356730125 -1
3 0 18.918761788085625 -1

0 1 22.369237289889803 -1
1 1 21.361049782085615 0
2 1 20.08098941021226 0
3 1 18.619596076551293 -1

0 2 22.962561822130354 1
1 2 20.74537039397808 -1
2 2 19.82556928476874 -1
3 2 20.27007818984439 0

0 3 22.9682401149687 1
1 3 22.78023914885458 1
2 3 21.311350989568613 0
3 3 21.82861859126906 1


# 16.28000000000008 17.0 6.0391868062477485
0 0 20.363928841216286 -1
1 0 21.20166008358589 -1
2 0 18.834731177130067 -1
3 0 18.82249829075872 -1

0 1 22.24365980905962 -1
1 1 21.346979548907537 0
2 1 20.060624431570364 0
3 1 18.58509145228222 -1

0 2 22.947301469416956 1
1 2 20.732393688490507 -1
2 2 19.802435326693526 -1
3 2 20.239008650313863 0

0 3 22.94547395824909 1
1 3 22.761019728238388 1
2 3 21.286659131761144 0
3 3 21.796456335368273 1


# 16.28000000000008 17.0 6.0391868062477485
0 0 20.287531241644245 -1
1 0 21.074501263687463 -1
2 0 18.800843955522804 -1
3 0 18.72887957718507 -1

0 1 22.122087844198738 -1
1 1 21.27019981729534 -1
2 1 19.979217305476514 -1
3 1 18.549562877682074 -1

0 2 22.930794273592706 1
1 2 20.718412181192804 -1
2 2 19.77859799823717 -1
3 2 20.20814569353613 0

0 3 22.923098663774095 1
1 3 22.741874939373112 1
2 3 21.26210259950292 0
3 3 21.764786886811486 1


# 16.28000000000008 17.0 6.0391868062477485
0 0 20.210899186239686 -1
1 0 20.950435526121282 -1
2 0 18.76479089829624 -1
3 0 18.637772157718146 -1

0 1 22.003582874067924 -1
1 1 21.193050000707466 -1
2 1 19.899646896112717 -1
3 1 18.513108013787832 -1

0 2 22.793122038730232 -1
1 2 20.702008136220126 -1
2 2 19.75408813422625 -1
3 2 20.17746737082552 0

0 3 22.89964707561547 1
1 3 22.722761285655505 1
2 3 21.237673926004117 0
3 3 21.73359625444823 1


# 16.28000000000008 17.0 6.0391868062477485
0 0 20.134115036337327 -1
1 0 20.829300705248283 -1
2 0 18.72675031767675 -1
3 0 18.54905066001787 -1

0 1 21.88655583826637 -1
1 1 21.115593739583677 -1
2 1 19.8217783275626 -1
3 1 18.475817033509614 -1

0 2 22.659349445704787 -1
1 2 20.6833332569436 -1
2 2 19.72893493835942 -1
3 2 20.146953919966656 0

0 3 22.875205109669636 1
1 3 22.70363985916938 1
2 3 21.21336567373567 0
3 3 21.702870624412522 1


# 16.28000000000008 17.0 6.0391868062477485
0 0 20.05723717355136 -1
1 0 20.710945050397598 -1
2 0 18.686888092790063 -1
3 0 18.462597297772824 -1

0 1 21.770986657365263 -1
1 1 21.03788975959089 -1
2 1 19.745487325730597 -1
3 1 18.43777318062385 -1

0 2 22.52929106927293 -1
1 2 20.66253032812702 -1
2 2 19.703166108288887 -1
3 2 20.11658757428796 0

0 3 22.84985289686284 1
1 3 22.684475971868974 1
2 3 21.189170467893618 0
3 3 21.672596378439852 1


# 16.28000000000008 17.0 6.0391868062477485
0 0 19.980319815796665 -1
1 0 20.59522653029903 -1
2 0 18.645358526738512 -1
3 0 18.37830137554135 -1

0 1 21.65685522549185 -1
1 1 20.95999224404631 -1
2 1 19.670659414811897 -1
3 1 18.399053287413345 -1

0 2 22.402771705769247 -1
1 2 20.639733744736603 -1
2 2 19.67680794951178 -1
3 2 20.086352387552246 0

0 3 22.823665164707435 1
1 3 22.66523881357853 1
2 3 21.16508102594045 0
3 3 21.64276010977793 1


# 16.400000000000077 17.0 6.0391868062477485
0 0 19.90341328349748 -1
1 0 20.48201218467786 -1
2 0 18.602305144315867 -1
3 0 18.296058827202614 -1

0 1 21.544141432820947 -1
1 1 20.881951177656653 -1
2 1 19.5971891736077 -1
3 1 18.359728254002334 -1

0 2 22.27962577823412 -1
1 2 20.615070009617018 -1
2 2 19.649885479095822 -1
3 2 20.056234073389565 0

0 3 22.79671159387972 1
1 3 22.645901134961477 1
2 3 21.141090183536974 0
3 3 21.613348636909045 1


# 16.520000000000074 17.0 6.0391868062477485
0 0 19.828004248701557 -1
1 0 20.371914799769478 -1
2 0 18.55859028186156 -1
3 0 18.217220531853688 -1

0 1 21.433562467097577 -1
1 1 20.803830358530234 -1
2 1 19.524988505756408 -1
3 1 18.320600984666232 -1

0 2 22.16042562439542 -1
1 2 20.588667160319197 -1
2 2 19.62242273517525 -1
3 2 20.02694871058821 0

0 3 22.770505897612335 1
1 3 22.627176446190717 1
2 3 21.11791976964772 0
3 3 21.58580650774315 1


# 16.64000000000007 17.0 6.0391868062477485
0 0 19.754101822950705 -1
1 0 20.26481264773927 -1
2 0 18.514333750247566 -1
3 0 18.141659809525922 -1

0 1 21.325093137149995 -1
1 1 20.72568923873236 -1
2 1 19.453985617985957 -1
3 1 18.28172687296745 -1

0 2 22.04501894251179 -1
1 2 20.560654824975195 -1
2 2 19.594460550965202 -1
3 2 19.938480791923617 -1

0 3 22.62507402996272 -1
1 3 22.607598818945736 1
2 3 21.095541529854366 0
3 3 21.559365741325735 1


# 16.76000000000007 17.0 6.0391868062477485
0 0 19.68171302674315 -1
1 0 20.160591348722896 -1
2 0 18.469646574051986 -1
3 0 18.069256537747222 -1

0 1 21.218708279885544 -1
1 1 20.64758343613204 -1
2 1 19.384115317532032 -1
3 1 18.242436576069252 -1

0 2 21.931821392544176 -1
1 2 20.53112096375943 -1
2 2 19.565317547755704 -1
3 2 19.853310037044633 -1

0 3 22.484724407421943 -1
1 3 22.587256311362445 1
2 3 21.07391206080581 0
3 3 21.534035239812216 1


# 16.880000000000067 17.0 6.0391868062477485
0 0 19.610842953323697 -1
1 0 20.059143387638628 -1
2 0 18.424631600856817 -1
3 0 17.999888120511436 -1

0 1 21.11436550551435 -1
1 1 20.569564373291037 -1
2 1 19.31530118346617 -1
3 1 18.20283623196661 -1

0 2 21.82080742457767 -1
1 2 20.500142505382822 -1
2 2 19.535094294903825 -1
3 2 19.77129460468895 -1

0 3 22.349291093586036 -1
1 3 22.44623169420252 -1
2 3 20.99155208899899 -1
3 3 21.389084131503232 -1


# 17.000000000000064 17.0 6.0391868062477485
0 0 19.54149471372188 -1
1 0 19.96036765361224 -1
2 0 18.37938375711191 -1
3 0 17.93343878804197 -1

0 1 21.012024552421835 -1
1 1 20.491679314111664 -1
2 1 19.24747464983692 -1
3 1 18.16302360673483 -1

0 2 21.711951010562096 -1
1 2 20.466355140889807 -1
2 2 19.503129886561418 -1
3 2 19.69084308278961 -1

0 3 22.217174806674116 -1
1 3 22.30887094748477 -1
2 3 20.909599920847626 -1
3 3 21.248842418812764 -1


# 17.12000000000006 17.0 6.0391868062477485
0 0 19.473669610500302 -1
1 0 19.864169004341214 -1
2 0 18.33399062861985 -1
3 0 17.869799162496715 -1

0 1 20.911647120442208 -1
1 1 20.413954458020427 -1
2 1 19.180565049603988 -1
3 1 18.12307110279065 -1

0 2 21.605191192934562 -1
1 2 20.42994385194711 -1
2 2 19.46951107486873 -1
3 2 19.61192476847011 -1

0 3 22.088325259318882 -1
1 3 22.175032796075772 -1
2 3 20.828117359649113 -1
3 3 21.113164597272934 -1


# 17.24000000000006 17.0 6.0391868062477485
0 0 19.407367298019693 -1
1 0 19.770457654774802 -1
2 0 18.288532884620324 -1
3 0 17.808865640495767 -1

0 1 20.813196096771332 -1
1 1 20.336414595872615 -1
2 1 19.114508283120824 -1
3 1 18.083045700778484 -1

0 2 21.50047074532776 -1
1 2 20.391083697599388 -1
2 2 19.434322152581103 -1
3 2 19.534510317601956 -1

0 3 21.962691592480244 -1
1 3 22.044584130437336 -1
2 3 20.747161281107346 -1
3 3 20.981910730955622 -1


# 17.360000000000056 17.0 6.0391868062477485
0 0 19.34258592030954 -1
1 0 19.67914883408389 -1
2 0 18.243084776558675 -1
3 0 17.750540043165966 -1

0 1 20.716635515845056 -1
1 1 20.25908321123852 -1
2 1 19.049246315624906 -1
3 1 18.0430093414625 -1

0 2 21.39773590369509 -1
1 2 20.349940384890044 -1
2 2 19.3976449888479 -1
3 2 19.458571664997866 -1

0 3 21.840222535560546 -1
1 3 21.917399487377665 -1
2 3 20.666783969787012 -1
3 3 20.85494621225864 -1


# 17.360000000000056 17.0 6.0391868062477485
0 0 19.279322239377542 -1
1 0 19.590162465778462 -1
2 0 18.197714601838044 -1
3 0 17.694729288931597 -1

0 1 20.6219305204313 -1
1 1 20.181982573339766 -1
2 1 18.98472671054077 -1
3 1 18.00301928109472 -1

0 2 21.29693611703048 -1
1 2 20.30667080441447 -1
2 2 19.359559067180083 -1
3 2 19.384081949794357 -1

0 3 21.720866551533266 -1
1 3 21.79336056481662 -1
2 3 20.58703343318702 -1
3 3 20.732141533213106 -1


# 17.360000000000056 17.0 6.0391868062477485
0 0 19.216131754594468 -1
1 0 19.502685589373034 -1
2 0 18.15175628762699 -1
3 0 17.63989634135472 -1

0 1 20.52831004391276 -1
1 1 20.10511612759835 -1
2 1 18.920893237596815 -1
3 1 17.962390929633692 -1

0 2 21.197294968913525 -1
1 2 20.261414574544677 -1
2 2 19.320141310296915 -1
3 2 19.31028659318072 -1

0 3 21.603123222082832 -1
1 3 21.671618275852097 -1
2 3 20.50722484242551 -1
3 3 20.61191457524471 -1


# 17.360000000000056 17.0 6.0391868062477485
0 0 19.153042959028497 -1
1 0 19.416651779110413 -1
2 0 18.105271819843402 -1
3 0 17.585992026059678 -1

0 1 20.43574647073491 -1
1 1 20.028487026217473 -1
2 1 18.857685855224066 -1
3 1 17.92117808428265 -1

0 2 21.098771991427505 -1
1 2 20.21429489821206 -1
2 2 19.27944843367117 -1
3 2 19.237165049385514 -1

0 3 21.486975469295206 -1
1 3 21.552072250785503 -1
2 3 20.427402622160056 -1
3 3 20.49418046259445 -1


# 17.360000000000056 17.0 6.0391868062477485
0 0 19.090082191501615 -1
1 0 19.331998496838526 -1
2 0 18.05831851994745 -1
3 0 17.532970272372292 -1

0 1 20.3442132134738 -1
1 1 19.952097958524014 -1
2 1 18.795049450130414 -1
3 1 17.87943082200544 -1

0 2 21.001329370759322 -1
1 2 20.16542811926276 -1
2 2 19.23753545174622 -1
3 2 19.164697878147475 -1

0 3 21.372405171859118 -1
1 3 21.434628047211895 -1
2 3 20.347607839567964 -1
3 3 20.378857634553636 -1


# 17.360000000000056 17.0 6.0391868062477485
0 0 19.027273773131306 -1
1 0 19.24866684299054 -1
2 0 18.010949380895575 -1
3 0 17.4807879050017 -1

0 1 20.253684671736877 -1
1 1 19.87595120552431 -1
2 1 18.732933478846213 -1
3 1 17.837195758625157 -1

0 2 20.904931752741735 -1
1 2 20.11492412702484 -1
2 2 19.194455709945437 -1
3 2 19.092866676502773 -1

0 3 21.259393303271633 -1
1 3 21.319196772467368 -1
2 3 20.267878431709708 -1
3 3 20.265867701008254 -1


# 17.360000000000056 17.0 6.0391868062477485
0 0 18.964640135475307 -1
1 0 19.166601324247683 -1
2 0 17.963213379395107 -1
3 0 17.429404450077882 -1

0 1 20.164136192648826 -1
1 1 19.800048689132353 -1
2 1 18.671291634306773 -1
3 1 17.79451628989355 -1

0 2 20.809546062601925 -1
1 2 20.06288673573741 -1
2 2 19.150260917607135 -1
3 2 19.021654014991764 -1

0 3 21.147920058374687 -1
1 3 21.2056947307336 -1
2 3 20.188249417770088 -1
3 3 20.1551353049651 -1


