# 20.0 20.0 0.0
0 0 20.0 0
1 0 20.06 1
2 0 20.00072 0
3 0 20.00000864 0

0 1 20.0 0
1 1 20.00072 0
2 1 20.00001728 0
3 1 20.00000031104 0

0 2 20.0 0
1 2 20.00000864 0
2 2 20.00000031104 0
3 2 20.06000000746496 1

0 3 20.06 1
1 3 20.06072010368 1
2 3 20.00072864497664 0
3 3 20.060728743829298 1


# 20.0 20.0 0.06072874382929783
0 0 20.00072 0
1 0 20.11750592 1
2 0 20.00210014208 0
3 0 20.000033534397442 0

0 1 20.00001728 0
1 1 20.00209602944 0
2 1 20.0000668120832 0
3 1 20.00072150222367 0

0 2 20.00072031104 0
1 2 20.0007706663424 0
2 2 20.000739089680486 0
3 2 20.118226279180234 1

0 3 20.118577284976638 1
1 3 20.11961077848099 1
2 3 20.00287098523151 0
3 3 20.119995676224384 1


# 20.0 20.0 0.11999567622438434
0 0 20.0021043584 0
1 0 20.17264627771904 1
2 0 20.004084895603036 0
3 0 20.000090003933053 0

0 1 20.000075602626563 0
1 1 20.004078132332136 0
2 1 20.00017908854128 0
3 1 20.00211314359013 0

0 2 20.002123140623667 0
1 2 20.002252288051373 0
2 2 20.002185957067876 0
3 2 20.174752312777255 1

0 3 20.175769309746734 1
1 3 20.176757836781142 1
2 3 20.006337677492667 0
3 3 20.177848911763547 1


# 20.0 20.0 0.17784891176354733
0 0 20.00410126406175 0
1 0 20.225542305558804 1
2 0 20.006623066764107 0
3 0 20.000191598315713 0

0 1 20.00019605776046 0
1 1 20.006620418859136 0
2 1 20.000381003326673 0
3 1 20.00412829053238 0

0 2 20.004172580584175 0
1 2 20.004421019744417 0
2 2 20.00431173528871 0
3 2 20.229648182891626 1

0 3 20.231612779604234 1
1 3 20.23224246535843 1
2 3 20.011044332386902 0
3 3 20.234334661123402 1


# 20.0 20.0 0.23433466112340184
0 0 20.006662478915356 0
1 0 20.276308400299797 1
2 0 20.00966746998332 0
3 0 20.000350249902535 0

0 1 20.000397289074822 0
1 1 20.009680731303245 0
2 1 20.000696173892283 0
3 1 20.006723237610256 0

0 2 20.00683450526072 0
1 2 20.007245644043216 0
2 2 20.00708838399342 0
3 2 20.282980714602903 1

0 3 20.286143643185913 1
1 3 20.286141485248766 1
2 3 20.01691124479104 0
3 3 20.289497316835686 1


# 20.0 20.0 0.2894973168356856
0 0 20.0097430979469 0
1 0 20.32505254307801 1
2 0 20.013174623846496 0
3 0 20.000576415243525 0

0 1 20.00069570294781 0
1 1 20.013220336968224 0
2 1 20.001145236534473 0
3 1 20.009857290027195 0

0 2 20.010076475921892 0
1 2 20.01069617331473 0
2 2 20.010488941992655 0
3 2 20.33481364717585 1

0 3 20.339397087565267 1
1 3 20.33852759693637 1
2 3 20.023863138778992 0
3 3 20.343379534861057 1


# 20.0 20.0 0.3433795348610573
0 0 20.01330132537312 0
1 0 20.371876691702987 1
2 0 20.017104469766714 0
3 0 20.000879205412286 0

0 1 20.00110566108316 0
1 1 20.017203645945372 0
2 1 20.0017461173536 0
3 1 20.013492551485353 0

0 2 20.01386765099673 0
1 2 20.014743811026076 0
2 2 20.01448747334902 0
3 2 20.385207788710808 1

0 3 20.391407535388115 1
1 3 20.38946961168736 1
2 3 20.031828926389043 0
3 3 20.396022312187256 1


# 20.0 20.0 0.3960223121872559
0 0 20.01729826589312 0
1 0 20.416877147230725 1
2 0 20.02142011167647 0
3 0 20.001266505975384 0

0 1 20.00163965807169 0
1 1 20.02159795174418 0
2 1 20.00251428077969 0
3 1 20.017593727228558 0

0 2 20.0181787017087 0
1 2 20.019360912958696 0
2 2 20.019059017534328 0
3 2 20.434221162268354 1

0 3 20.442208643874896 1
1 3 20.439032669795164 1
2 3 20.040741479474903 0
3 3 20.447465060649435 1


# 20.0 20.0 0.44746506064943503
0 0 20.0216977299846 0
1 0 20.460144896567897 1
2 0 20.026087575185933 0
3 0 20.001745087389242 0

0 1 20.00230848503393 0
1 1 20.02637319296454 0
2 1 20.003462957457224 0
3 1 20.022127941170336 0

0 2 20.022981732739343 0
1 2 20.02452094849308 0
2 2 20.024179543265003 0
3 2 20.481909143994102 1

0 3 20.491833305525812 1
1 3 20.487278446465695 1
2 3 20.05053741394152 0
3 3 20.497745677161284 1


# 20.0 20.0 0.4977456771612836
0 0 20.026466052284373 0
1 0 20.501765932757262 1
2 0 20.031075584759368 0
3 0 20.002320706554386 0

0 1 20.003121380398362 0
1 1 20.031501734331513 0
2 1 20.00460335314159 0
3 1 20.027064566085464 0

0 2 20.028250207577297 0
1 2 20.030198462145087 0
2 2 20.02982590566695 0
3 2 20.528324593733313 1

0 3 20.5403136503754 1
1 3 20.53426534603168 1
2 3 20.061156885702296 0
3 3 20.546900610536703 1


# 20.0 20.0 0.5469006105367029
0 0 20.031571922160005 0
1 0 20.541821554476467 1
2 0 20.036355357569544 0
3 0 20.00299820020229 0

0 1 20.004086168790458 0
1 1 20.036958165546245 0
2 1 20.005944840129214 0
3 1 20.032375065918654 0

0 2 20.03395887823478 0
1 2 20.036369035507878 0
2 2 20.03597580645581 0
3 2 20.573517978591447 1

0 3 20.58768104965308 1
1 3 20.58004868514871 1
2 3 20.072543397728495 0
3 3 20.59496492507322 1


# 20.0 20.0 0.5949649250732207
0 0 20.03698622564145 0
1 0 20.580388646173542 1
2 0 20.041900412789683 0
3 0 20.003781570739505 0

0 1 20.00520938893433 0
1 1 20.042719116528964 0
2 1 20.00749513262333 0
3 1 20.038032849333522 0

0 2 20.040083719038062 0
1 2 20.043009249729558 0
2 2 20.042607756850003 0
3 2 20.617537489865686 1

0 3 20.63396612071581 1
1 3 20.624680865590552 1
2 3 20.084643617594065 0
3 3 20.641972361060102 1


# 20.0 20.0 0.6419723610601018
0 0 20.04268189793965 0
1 0 20.617539940161354 1
2 0 20.047686395174807 0
3 0 20.004674065126984 0

0 1 20.006496411401166 0
1 1 20.048763087742557 0
2 1 20.00926044732662 0
3 1 20.044013133689347 0

0 2 20.046601864220623 0
1 2 20.050096648635385 0
2 2 20.049701042962266 0
3 2 20.660429153743866 1

0 3 20.679198733127777 1
1 3 20.668211537228036 1
2 3 20.09740720495012 0
3 3 20.687955392366266 1


# 20.0 20.0 0.6879553923662662
0 0 20.048633785832575 0
1 0 20.653344261899576 1
2 0 20.053690911869705 0
3 0 20.005678247329122 0

0 1 20.007951546975868 0
1 1 20.055070294388965 0
2 1 20.011245650449865 0
3 1 20.050292818692668 0

0 2 20.053491549068227 0
1 2 20.057609702584656 0
2 2 20.05723569344082 0
3 2 20.702236936140622 1

0 3 20.723408015770733 1
1 3 20.710687751744125 1
2 3 20.11078664839283 0
3 3 20.732945281255482 1


# 20.0 20.0 0.732945281255482
0 0 20.054818519249107 0
1 0 20.68786675960589 1
2 0 20.059893381459794 0
3 0 20.006796064827103 0

0 1 20.009578146355356 0
1 1 20.061622523366243 0
2 1 20.013454392231786 0
3 1 20.05685036902597 0

0 2 20.06073205438389 0
1 2 20.065527773135813 0
2 2 20.065192449154473 0
3 2 20.743002842015947 1

0 3 20.766622364876522 1
1 3 20.752154107607733 1
2 3 20.124737111216543 0
3 3 20.776972130569074 1


# 20.0 20.0 0.7769721305690744
0 0 20.061214391427676 0
1 0 20.721169119257485 1
2 0 20.06627489435428 0
3 0 20.00802890965389 0

0 1 20.011378691838566 0
1 1 20.068403001962228 0
2 1 20.015889229978622 0
3 1 20.06366570530666 0

0 2 20.068303654057978 0
1 2 20.07383107857868 0
2 2 20.073552734736538 0
3 2 20.782767009498624 1

0 3 20.808869452880955 1
1 3 20.792652886800322 1
2 3 20.13921628557072 0
3 3 20.82006493340942 1


# 20.0 20.0 0.8200649334094194
0 0 20.067801247069433 0
1 0 20.753309765969302 1
2 0 20.07281808365862 0
3 0 20.009377674373933 0

0 1 20.013354881618422 0
1 1 20.07539627734178 0
2 1 20.018551740552173 0
3 1 20.07072010277688 0

0 2 20.07618756554448 0
1 2 20.08250066037998 0
2 2 20.082298631821203 0
3 2 20.821567799115773 1

0 3 20.85017623800538 1
1 3 20.832224183762182 1
2 3 20.15418425456466 0
3 3 20.862251620450845 1


# 20.0 20.0 0.862251620450845
0 0 20.074560377945986 0
1 0 20.784344052665947 1
2 0 20.079507005756064 0
3 0 20.010842803398866 0

0 1 20.015507707240435 0
1 1 20.082588105959438 0
2 1 20.02144262316143 0
3 1 20.077996097168363 0

0 2 20.084365903059123 0
1 2 20.091518350576965 0
2 2 20.09141285382281 0
3 2 20.859441878410216 1

0 3 20.89056897447904 1
1 3 20.87090602699962 1
2 3 20.169603361888225 0
3 3 20.903559104998195 1


# 20.0 20.0 0.9035591049981946
0 0 20.081474425458808 0
1 0 20.81432443690007 1
2 0 20.086327029875832 0
3 0 20.012424340001036 0

0 1 20.017837524750064 0
1 1 20.089965352098048 0
2 1 20.02456179324526 0
3 1 20.08547739722717 0

0 2 20.092821633328313 0
1 2 20.100866740144255 0
2 2 20.10087872212357 0
3 2 20.896424302209173 1

0 3 20.93007322332173 1
1 3 20.908734493769888 1
2 3 20.18543808853962 0
3 3 20.944013325907246 1


# 20.0 20.0 0.9440133259072461
0 0 20.08852728968209 0
1 0 20.84330064661014 1
2 0 20.093264735979325 0
3 0 20.014121969359476 0

0 1 20.020344120011863 0
1 1 20.09751589479748 0
2 1 20.02790846817102 0
3 1 20.093148803420505 0

0 2 20.10153853373026 0
1 2 20.110529148350384 0
2 2 20.110680143548883 0
3 2 20.932548588790908 1

0 3 20.96871386361215 1
1 3 20.945743818237577 1
2 3 20.20165493627328 0
3 3 20.983639288475356 1


# 20.0 20.0 0.9836392884753558
0 0 20.095704044453 0
1 0 20.87131983555527 1
2 0 20.100307820345222 0
3 0 20.015935057947722 0

0 1 20.023026768647135 0
1 1 20.105228542495887 0
2 1 20.031481245416536 0
3 1 20.100996132382704 0

0 2 20.110501152680904 0
1 2 20.120489593113124 0
2 2 20.120801589021664 0
3 2 20.967846792180246 1

0 3 21.006515104173136 1
1 3 20.981966493474314 1
2 3 20.21822231740146 0
3 3 21.022461103405224 1


# 20.0 20.0 1.0224611034052238
0 0 20.102990858103123 0
1 0 20.89842672911328 1
2 0 20.107445008280454 0
3 0 20.017862689549563 0

0 1 20.025884291003315 0
1 1 20.11309295475984 0
2 1 20.03527817384988 0
3 1 20.109006146689588 0

0 2 20.11969477212778 0
1 2 20.130732762356295 0
2 2 20.13122807329808 0
3 2 21.00234957078939 1

0 3 21.04350049561013 1
1 3 21.017433367652806 1
2 3 20.23511045060287 0
3 3 21.060502023939343 1


# 20.0 20.0 1.0605020239393426
0 0 20.11037491945281 0
1 0 20.92466376108044 1
2 0 20.114665973426433 0
3 0 20.01990369816717 0

0 1 20.028915102537262 0
1 1 20.121099570529253 0
2 1 20.039296818672405 0
3 1 20.11716648958017 0

0 2 20.12910537202446 0
1 2 20.14124398636525 0
2 2 20.14194513569693 0
3 2 21.036086252606836 1

0 3 21.079692942644293 1
1 3 21.052173734766736 1
2 3 20.252291262410388 0
3 3 21.097784481257733 1


# 20.0 20.0 1.097784481257733
0 0 20.11784436871592 0
1 0 20.950071202067118 1
2 0 20.121961263169403 0
3 0 20.022056698066148 0

0 1 20.032117259965933 0
1 1 20.129239542348696 0
2 1 20.04353432054567 0
3 1 20.12546562427243 0

0 2 20.138719596667137 0
1 2 20.15200921113347 0
2 2 20.152938821743835 0
3 2 21.069084897124636 1

0 3 21.115114716686303 1
1 3 21.086215420189294 1
2 3 20.26973829406744 0
3 3 21.13433011822676 1


# 20.0 20.0 1.1343301182267602
0 0 20.125388232986545 0
1 0 20.974687280042353 1
2 0 20.12932222970014 0
3 0 20.02432011118344 0

0 1 20.03548850351139 0
1 1 20.137504676098754 0
2 1 20.04798744938126 0
3 1 20.13389277754526 0

0 2 20.14852472278309 0
1 2 20.163014972688845 0
2 2 20.16419566565928 0
3 2 21.101372354182576 1

0 3 21.149787468601264 1
1 3 21.119584861365635 1
2 3 20.28742661345963 0
3 3 21.170159821582303 1


# 20.0 20.0 1.1701598215823026
0 0 20.132996366001674 0
1 0 20.998548293542182 1
2 0 20.136740966302018 0
3 0 20.026692192107003 0

0 1 20.039026295542516 0
1 1 20.14588737577987 0
2 1 20.052652653234396 0
3 1 20.142437887282647 0

0 2 20.15850862926819 0
1 2 20.174248372384657 0
2 2 20.17570267362677 0
3 2 21.13297431989681 1

0 3 21.183732241619225 1
1 3 21.15230718391784 1
2 3 20.305332731843848 0
3 3 21.20529375262623 1


# 20.0 20.0 1.205293752626229
0 0 20.14065939189463 0
1 0 21.021688718021128 1
2 0 20.144210248477684 0
3 0 20.029171050820274 0

0 1 20.042727855893045 0
1 1 20.154380592936835 0
2 1 20.057526102707033 0
3 1 20.151091553697864 0

0 2 20.16865976847769 0
1 2 20.1856970531377 0
2 2 20.18744730778371 0
3 2 21.16391538983044 1

0 3 21.21696948434968 1
1 3 21.184406273425267 1
2 3 20.32343452511243 0
3 3 21.239751376511 1


# 20.0 20.0 1.2397513765109984
0 0 20.148368652673394 0
1 0 21.044141305793296 1
2 0 20.151723479553468 0
3 0 20.03175467338976 0

0 1 20.046590194114593 0
1 1 20.1629777803449 0
2 1 20.062603731233654 0
3 1 20.159844993975998 0

0 2 20.17896713898085 0
1 2 20.19734917659351 0
2 2 20.199417470883333 0
3 2 21.194219109554005 1

0 3 21.249519063861964 1
1 3 21.21590484312822 1
2 3 20.341711159343976 0
3 3 21.27355149018338 1


# 20.0 20.0 1.2735514901833795
0 0 20.156116159176047 0
1 0 21.06593717997887 1
2 0 20.159274640427448 0
3 0 20.034440940760568 0

0 1 20.050610138903803 0
1 1 20.17167284960886 0
2 1 20.067881271593187 0
3 1 20.1686900000919 0

0 2 20.189420259695964 0
1 2 20.209193401196817 0
2 2 20.211601491581188 0
3 2 21.223908022735014 1

0 3 21.281400278796823 1
1 3 21.24682449778889 1
2 3 20.36014302040617 0
3 3 21.30671224905447 1


# 20.0 20.0 1.3067122490544705
0 0 20.163894545272303 0
1 0 21.087105922843463 1
2 0 20.16685824315186 0
3 0 20.037227645812113 0

0 1 20.054784364924767 0
1 1 20.180460132354334 0
2 1 20.073354288962864 0
3 1 20.17761889957816 0

0 2 20.200009145327755 0
1 2 20.221218861143996 0
2 2 20.22398811030427 0
3 2 21.253003716887385 1

0 3 21.31263187247754 1
1 3 21.277185793930087 1
2 3 20.378711647388577 0
3 3 21.33925119245982 1


# 20.0 20.0 1.3392511924598196
0 0 20.171697025095717 0
1 0 21.10767565889126 1
2 0 20.174469288063477 0
3 0 20.040112508814577 0

0 1 20.059109417231262 0
1 1 20.189334344716077 0
2 1 20.07901821080459 0
3 1 20.186624519033955 0

0 2 20.210724283034224 0
1 2 20.2334151461929 0
2 2 20.236566465664946 0
3 2 21.28152686690402 1

0 3 21.34323204599192 1
1 3 21.307008296659905 1
2 3 20.397399669655673 0
3 3 21.37118526796998 1


# 20.0 20.0 1.371185267969981
0 0 20.17951735310574 0
1 0 21.12767313304845 1
2 0 20.182103224196823 0
3 0 20.04309319141602 0

0 1 20.06358173347782 0
1 1 20.19829055485199 0
2 1 20.084868353850943 0
3 1 20.19570015018058 0

0 2 20.221556610254737 0
1 2 20.24577228230482 0
2 2 20.249326081385615 0
3 2 21.309497276488486 1

0 3 21.373218471219186 1
1 3 21.336310633278345 1
2 3 20.416190747321743 0
3 3 21.402530854608784 1


# 20.0 20.0 1.4025308546087842
0 0 20.18734978679225 0
1 0 21.147123784250507 1
2 0 20.189755912734764 0
3 0 20.046167309280026 0

0 1 20.06819766409454 0
1 1 20.207324153233106 0
2 1 20.09089994843651 0
3 1 20.204839518283457 0

0 2 20.23249749363546 0
1 2 20.258280713092578 0
2 2 20.262256853703178 0
3 2 21.336933917595115 1

0 3 21.402608303778262 1
1 3 21.365110543850964 1
2 3 20.435069514960183 0
3 3 21.43330378503353 1


# 20.0 20.0 1.4333037850335302
0 0 20.19518905184787 0
1 0 21.166051814725776 1
2 0 20.19742359326921 0
3 0 20.049332443484577 0

0 1 20.072953490587167 0
1 1 20.21643082548002 0
2 1 20.097108160400385 0
3 1 20.214036752773314 0

0 2 20.24353870899227 0
1 2 20.27093128204845 0
2 2 20.275349039225475 0
3 2 21.363854967980508 1

0 3 21.431418195876365 1
1 3 21.393424928923842 1
2 3 20.45402152837005 0
3 3 21.46351936672853 1


# 20.0 20.0 1.46351936672853
0 0 20.2030303096451 0
1 0 21.184480255248026 1
2 0 20.2051028526615 0
3 0 20.05258615078435 0

0 1 20.077845442111915 0
1 1 20.225606527534687 0
2 1 20.103488110767508 0
3 1 20.223286359911224 0

0 2 20.254672422255034 0
1 2 20.283715215525394 0
2 2 20.288593243214372 0
3 2 21.390277846963578 1

0 3 21.459664309038963 1
1 3 21.421269894544253 1
2 3 20.473033214232352 0
3 3 21.493192402260654 1


# 20.0 20.0 1.4931924022606538
0 0 20.210869126866196 0
1 0 21.20243102661236 1
2 0 20.212790596307688 0
3 0 20.05592597283074 0

0 1 20.082869710463086 0
1 1 20.23484746297344 0
2 1 20.110034893399547 0
3 1 20.23258319735328 0

0 2 20.26589117134065 0
1 2 20.296624106445048 0
2 2 20.30198040827257 0
3 2 21.416219249485746 1

0 3 21.48736232670418 1
1 3 21.448660794741972 1
2 3 20.492091822497894 0
3 3 21.522337208643073 1


# 20.0 20.0 1.5223372086430729
0 0 20.218701447143918 0
1 0 21.21992499757174 1
2 0 20.22048402162839 0
3 0 20.059349444436613 0

0 1 20.08802246360113 0
1 1 20.244150062282927 0
2 1 20.116743590790815 0
3 1 20.241922450481 0

0 2 20.27718784890535 0
1 2 20.30964989870612 0
2 2 20.31550180341325 0
3 2 21.441695178557794 1

0 3 21.514527466666596 1
1 3 21.475612271617255 1
2 3 20.511185381357066 0
3 3 21.5509676358509 1


# 20.0 20.0 1.550967635850899
0 0 20.226523564580813 0
1 0 21.236982039455633 1
2 0 20.228180593616194 0
3 0 20.06285410096606 0

0 1 20.093299857839114 0
1 1 20.253510963934847 0
2 1 20.1236092881702 0
3 1 20.251299610373124 0

0 2 20.288555685929868 0
1 2 20.32278487226697 0
2 2 20.32914901349364 0
3 2 21.46672097617498 1

0 3 21.541174493357165 1
1 3 21.502138293173104 1
2 3 20.53030265465028 0
3 3 21.57909708453017 1


# 20.0 20.0 1.5790970845301686
0 0 20.23433209902344 0
1 0 21.25362107767739 1
2 0 20.235878022286077 0
3 0 20.066437484923192 0

0 1 20.09869804879653 0
1 1 20.262926997108906 0
2 1 20.13062708605717 0
3 1 20.260710453303318 0

0 2 20.29998823609386 0
1 2 20.336021628876587 0
2 2 20.342913928995056 0
3 2 21.491311352777572 1

0 3 21.56731772994751 1
1 3 21.528252189021526 1
2 3 20.54943310158553 0
3 3 21.60673852293944 1


# 20.0 20.0 1.606738522939441
0 0 20.242123972976284 0
1 0 21.269860140323395 1
2 0 20.243574241885707 0
3 0 20.070097151808227 0

0 1 20.104213201221224 0
1 1 20.27239516592542 0
2 1 20.13779211140774 0
3 1 20.270151021656503 0

0 2 20.311479360898463 0
1 2 20.349353078428596 0
2 2 20.356788736133687 0
3 2 21.51548041532967 1

0 3 21.59297107026844 1
1 3 21.553966684086014 1
2 3 20.568566838636848 0
3 3 21.63390450316122 1


# 20.0 20.0 1.6339045031612187
0 0 20.249896390047674 0
1 0 21.28571640400412 1
2 0 20.251267391733148 0
3 0 20.073830675303807 0

0 1 20.10984149777239 0
1 1 20.281912635060355 0
2 1 20.145099527475175 0
3 1 20.279617606164233 0

0 2 20.32302321549836 0
1 2 20.362772425913363 0
2 2 20.37076590728753 0
3 2 21.539241694085177 1

0 3 21.61814799053379 1
1 3 21.57929393041541 1
2 3 20.58769460350447 0
3 3 21.66060717661849 1


# 20.0 20.0 1.660607176618491
0 0 20.257646814827275 0
1 0 21.301206237135396 1
2 0 20.258955798559327 0
3 0 20.07763565184955 0

0 1 20.115579146850582 0
1 1 20.29147671662595 0
2 1 20.15254454250001 0
3 1 20.28910672936655 0

0 2 20.334614235207003 0
1 2 20.376273158943953 0
2 2 20.384838191726132 0
3 2 21.562608168106134 1

0 3 21.64286156086204 1
1 3 21.60424553721769 1
2 3 20.60680772102403 0
3 3 21.686858308929786 1


# 20.0 20.0 1.6868583089297857
0 0 20.265372954101323 0
1 0 21.31634524080715 1
2 0 20.266637960241717 0
3 0 20.081509704658266 0

0 1 20.12142238955407 0
1 1 20.301084858209567 0
2 1 20.160122417334538 0
3 1 20.298615130214344 0

0 2 20.34624712264063 0
1 2 20.38984903583217 0
2 2 20.39899860663084 0
3 2 21.585592289594977 1

0 3 21.667124456589306 1
1 3 21.628832599215894 1
2 3 20.62589807091834 0
3 3 21.712669294134475 1


# 20.0 20.0 1.712669294134475
0 0 20.27307273931801 0
1 0 21.33114828738648 1
2 0 20.274312530824115 0
3 0 20.08545048722303 0

0 1 20.187367505834818 1
1 1 20.311454631972165 0
2 1 20.167837112098177 0
3 1 20.308139853412335 0

0 2 20.3586368354688 0
1 2 20.40351135419168 0
2 2 20.413240739434197 0
3 2 21.60820601207576 1

0 3 21.690957609368308 1
1 3 21.653066034462565 1
2 3 20.644958064756143 0
3 3 21.738051168467617 1


# 20.0 20.0 1.7380511684676172
0 0 20.281464310221217 0
1 0 21.345646836992458 1
2 0 20.281978617765265 0
3 0 20.089455691337132 0

0 1 20.250916739921703 1
1 1 20.322519754155948 0
2 1 20.175691478294677 0
3 1 20.317678217749506 0

0 2 20.37171871682089 0
1 2 20.41726935212896 0
2 2 20.427558682828423 0
3 2 21.630460816397125 1

0 3 21.71438055244645 1
1 3 21.676956556647117 1
2 3 20.663980622931703 0
3 3 21.763014623674728 1


# 20.0 20.0 1.763014623674728
0 0 20.290490357976225 0
1 0 21.359869534597543 1
2 0 20.289635716269878 0
3 0 20.09352305365723 0

0 1 20.312194982792427 1
1 1 20.334219110130228 0
2 1 20.183687388060267 0
3 1 20.327227787701403 0

0 2 20.445432669362827 1
1 2 20.431850427454396 0
2 2 20.44195561711078 0
3 2 21.65236783845029 1

0 3 21.738131523270496 1
1 3 21.700531932151815 1
2 3 20.68295946284382 0
3 3 21.78757002483797 1


# 20.0 20.0 1.7875700248379687
0 0 20.30009747929776 0
1 0 21.37384244181282 1
2 0 20.297283650788906 0
3 0 20.09765036098745 0

0 1 20.372039784620636 1
1 1 20.346513633347353 0
2 1 20.191826161700757 0
3 1 20.336786352951606 0

0 2 20.517228758073735 1
1 2 20.44719636622479 0
2 2 20.456433945440097 0
3 2 21.673937873114134 1

0 3 21.762171916715467 1
1 3 21.72381752395085 1
2 3 20.701889023335124 0
3 3 21.811727426701193 1


# 20.0 20.0 1.811727426701193
0 0 20.310244556760242 0
1 0 21.38758956134744 1
2 0 20.3049225304642 0
3 0 20.101835454592894 0

0 1 20.430501957044747 1
1 1 20.359366347502494 0
2 1 20.20010861605542 0
3 1 20.34635190945279 0

0 2 20.587183593114457 1
1 2 20.463252557566097 0
2 2 20.53099537289982 1
3 2 21.695901378951987 1

0 3 21.786465741118494 1
1 3 21.74683647580915 1
2 3 20.72148439565997 0
3 3 21.835513868635292 1


# 20.0 20.0 1.8355138686352923
0 0 20.32089285093758 0
1 0 21.401132980517698 1
2 0 20.312552708798695 0
3 0 20.10607623364657 0

0 1 20.487630188347524 1
1 1 20.372742254932216 0
2 1 20.209255109437763 0
3 1 20.355939921920207 0

0 2 20.655370064048036 1
1 2 20.480687764815194 0
2 2 20.602795538787007 1
3 2 21.718204512988112 1

0 3 21.810979452916516 1
1 3 21.769627163185866 1
2 3 20.74167728988955 0
3 3 21.858953950998952 1


# 20.0 20.0 1.858953950998952
0 0 20.33200586633021 0
1 0 21.414493005296688 1
2 0 20.32018338720972 0
3 0 20.110370968944853 0

0 1 20.543471138660653 1
1 1 20.386625510913994 0
2 1 20.21919739649072 0
3 1 20.365563719740642 0

0 2 20.721866181634727 1
1 2 20.499385724838323 0
2 2 20.67200293201571 1
3 2 21.740798170675674 1

0 3 21.835682112749367 1
1 3 21.792223763861788 1
2 3 20.76240501147671 0
3 3 21.88207004694882 1


# 20.0 20.0 1.8820700469488187
0 0 20.34354922486981 0
1 0 21.427688596550148 1
2 0 20.32782276849074 0
3 0 20.114718251921616 0

0 1 20.598069841845927 1
1 1 20.400999585106824 0
2 1 20.229872589523413 0
3 1 20.375234711656983 0

0 2 20.786745454159274 1
1 2 20.519238870867806 0
2 2 20.73877456698948 1
3 2 21.76363759941444 1

0 3 21.86054518730664 1
1 3 21.814656634615407 1
2 3 20.78361001597733 0
3 3 21.904882496643364 1


# 20.0 20.0 1.9048824966433635
0 0 20.35549055403525 0
1 0 21.440737430386637 1
2 0 20.33547815147611 0
3 0 20.119116949210035 0

0 1 20.651469735608014 1
1 1 20.415847428538328 0
2 1 20.24122272353022 0
3 1 20.384962581033246 0

0 2 20.850077190609973 1
1 2 20.54014767491519 0
2 2 20.80325680394003 1
3 2 21.666682042818433 -1

0 3 21.885542366466307 1
1 3 21.836952656649867 1
2 3 20.80523949879308 0
3 3 21.92596978526354 1


# 20.0 20.0 1.9259697852635398
0 0 20.367799380081916 0
1 0 21.453655957831554 1
2 0 20.343156016680975 0
3 0 20.123566162211045 0

0 1 20.70371269470324 1
1 1 20.431151620580252 0
2 1 20.253194357067585 0
3 1 20.393315463375014 0

0 2 20.91192678143737 1
1 2 20.56202004087055 0
2 2 20.864146108625505 1
3 2 21.574882573307228 -1

0 3 21.910649394530566 1
1 3 21.859135552280904 1
2 3 20.82721045719781 0
3 3 21.945459989360113 1


# 20.0 20.0 1.9454599893601134
0 0 20.380447026229383 0
1 0 21.466459463564515 1
2 0 20.350862103774492 0
3 0 20.12804791117724 0

0 1 20.754839066664665 1
1 1 20.44689449793041 0
2 1 20.265703646012806 0
3 1 20.400419823479233 0

0 2 20.97235595864179 1
1 2 20.584753464318506 0
2 2 20.921697697101518 1
3 2 21.487948435347615 -1

0 3 21.935843914458538 1
1 3 21.881225553116803 1
2 3 20.849448216870446 0
3 3 21.963472189569767 1


# 20.0 20.0 1.9634721895697673
0 0 20.393406515647875 0
1 0 21.479162123503038 1
2 0 20.358600859584282 0
3 0 20.132546434571623 0

0 1 20.80488770953139 1
1 1 20.463057645350137 0
2 1 20.278675183310373 0
3 1 20.40639223153186 0

0 2 21.031422829438533 1
1 2 20.6082541427313 0
2 2 20.97614811937976 1
3 2 21.405606751548792 -1

0 3 21.961105314128694 1
1 3 21.90323977197066 1
2 3 20.87188571273293 0
3 3 21.980117100316637 1


# 20.0 20.0 1.9801171003166367
0 0 20.406652479080964 0
1 0 21.491777046124096 1
2 0 20.366375607449815 0
3 0 20.137047976994825 0

0 1 20.853896021177505 1
1 1 20.479622107093448 0
2 1 20.292041231296935 0
3 1 20.41134010932561 0

0 2 21.089182136338565 1
1 2 20.632436249497587 0
2 2 21.02771664899045 1
3 2 21.327601354287335 -1

0 3 21.98641458571977 1
1 3 21.925192540123298 1
2 3 20.894462828271312 0
3 3 21.995497654895942 1


# 20.0 20.0 1.9954976548959422
0 0 20.42016106664167 0
1 0 21.504316315561102 1
2 0 20.374188698223158 0
3 0 20.141540595513597 0

0 1 20.901899972008934 1
1 1 20.496568571173338 0
2 1 20.305741020527233 0
3 1 20.415362420377875 0

0 2 21.14568549629906 1
1 2 20.657221268600736 0
2 2 21.076606567499148 1
3 2 21.253691697120544 -1

0 3 22.01175419707093 1
1 3 21.947095712965435 1
2 3 20.917125788708244 0
3 3 22.009709549149633 1


# 20.0 20.0 2.0117541970709283
0 0 20.43390986369341 0
1 0 21.516791035904614 1
2 0 20.38204164472113 0
3 0 20.146013982856296 0

0 1 20.94893414035855 1
1 1 20.513877529341713 0
2 1 20.319720109485203 0
3 1 20.41855030819555 0

0 2 21.20098162072686 1
1 2 20.682537384874298 0
2 2 21.12300635202145 1
3 2 21.183651840353882 -1

0 3 22.03710797398068 1
1 3 21.968958946791645 1
2 3 20.93982660375805 0
3 3 22.022841746709588 1


# 20.0 20.0 2.0371079739806817
0 0 20.447877810715603 0
1 0 21.52921137621396 1
2 0 20.38993524126551 0
3 0 20.150459306067003 0

0 1 20.9950317499929 1
1 1 20.531529415380106 0
2 1 20.333929800032266 0
3 1 20.420987686608772 0

0 2 21.255116517962506 1
1 2 20.7083189251862 0
2 2 21.167090773156385 1
3 2 21.117269505536715 -1

0 3 22.062460992494426 1
1 3 21.99078994928366 1
2 3 20.962522556030006 0
3 3 22.034976948566843 1


# 20.0 20.0 2.062460992494426
0 0 20.462045127044323 0
1 0 21.541586615817256 1
2 0 20.397869669795355 0
3 0 20.15486905932544 0

0 1 21.040224709217842 1
1 1 20.549504724044905 0
2 1 20.348326603873982 0
3 1 20.422751785796038 0

0 2 21.30813367973086 1
1 2 20.734505846291853 0
2 2 21.20902191018567 1
3 2 21.054345194038756 -1

0 3 22.0877994803128 1
1 3 22.012594706005363 1
2 3 20.98517573145384 0
3 3 22.04619202952435 1


# 20.0 20.0 2.0877994803127997
0 0 20.47639323837115 0
1 0 21.553925189539466 1
2 0 20.405844593896816 0
3 0 20.159236929746037 0

0 1 21.084543651136457 1
1 1 20.56778411278085 0
2 1 20.362871755719944 0
3 1 20.42391365734666 0

0 2 21.36007425291506 1
1 2 20.761043265452486 0
2 2 21.248950089856738 1
3 2 20.99469136520986 -1

0 3 22.113110726528586 1
1 3 22.034377685034357 1
2 3 21.007752588385763 0
3 3 22.05655844390462 1


# 20.0 20.0 2.1131107265285856
0 0 20.4909047078779 0
1 0 21.566234732553475 1
2 0 20.413859241969384 0
3 0 20.163557675066972 0

0 1 21.12801797467161 1
1 1 20.58634848810814 0
2 1 20.377530769172758 0
3 1 20.424538641451495 0

0 2 21.410977197892457 1
1 2 20.787881030241465 0
2 2 21.287014754579733 1
3 2 20.938131669950277 -1

0 3 22.138382998968677 1
1 3 22.056142021674066 1
2 3 21.030223562315463 0
3 3 22.066142602711242 1


# 20.0 20.0 2.1383829989686767
0 0 20.505563170880997 0
1 0 21.578522124597733 1
2 0 20.42191248063272 0
3 0 20.167827012229573 0

0 1 21.170675886017982 1
1 1 20.60517907839931 0
2 1 20.392273031713223 0
3 1 20.42468679907725 0

0 2 21.46087943456371 1
1 2 20.814973324260478 0
2 2 21.32334526541878 1
3 2 20.88450023581885 -1

0 3 22.163605468480657 1
1 3 22.077889685024434 1
2 3 21.05256270333607 0
3 3 22.075006224283495 1


# 20.0 20.0 2.1636054684806574
0 0 20.52035327285667 0
1 0 21.59079353334729 1
2 0 20.430002879373628 0
3 0 20.17204151593072 0

0 1 21.212544440235064 1
1 1 20.624257494590815 0
2 1 20.407071435452515 0
3 1 20.424413311762432 0

0 2 21.50981597710775 1
1 2 20.842278305761678 0
2 2 21.358061644843108 1
3 2 20.833641000085127 -1

0 3 22.18876813956094 1
1 3 22.099621628037312 1
2 3 21.07474734376192 0
3 3 22.083206660335453 1


# 20.0 20.0 2.1887681395609384
0 0 20.53526061071682 0
1 0 21.60305445676288 1
2 0 20.438128767337687 0
3 0 20.176198526306415 0

0 1 21.253649582734177 1
1 1 20.643565780218992 0
2 1 20.42190204060074 0
3 1 20.423768851472317 0

0 2 21.557820058405905 1
1 2 20.86975777642318 0
2 2 21.39127526382109 1
3 2 20.785407087389096 -1

0 3 22.213861786774064 1
1 3 22.121337922543255 1
2 3 21.09675779348432 0
3 3 22.090797199133856 1


# 20.0 20.0 2.213861786774064
0 0 20.55027167720498 0
1 0 21.615309764275977 1
2 0 20.446288283083703 0
3 0 20.180296064974055 0

0 1 21.294016190449298 1
1 1 20.66308645202947 0
2 1 20.436743768856786 0
3 1 20.42279992276512 0

0 2 21.604923244996616 1
1 2 20.897376877755555 0
2 2 21.423089477487505 1
3 2 20.739660228911394 -1

0 3 22.238877896460675 1
1 3 22.143037880608844 1
2 3 21.11857706084474 0
3 3 22.09782734744211 1


# 20.0 20.0 2.238877896460675
0 0 20.565373808282303 0
1 0 21.627563736697134 1
2 0 20.454479418040524 0
3 0 20.184332758724658 0

0 1 21.33366811251413 1
1 1 20.68280253228194 0
2 1 20.451578124158562 0
3 1 20.42154917935052 0

0 2 21.65115554334752 1
1 2 20.925103812828 0
2 2 21.45360021328902 1
3 2 20.696270220178096 -1

0 3 22.263808613275568 1
1 3 22.16472016346665 1
2 3 21.140190596979632 0
3 3 22.104343092740088 1


# 20.0 20.0 2.263808613275568
0 0 20.580555133374673 0
1 0 21.63982010476022 1
2 0 20.462700054334544 0
3 0 20.18830777021479 0

0 1 21.372628210296586 1
1 1 20.70269757375693 0
2 1 20.46638893844772 0
3 1 20.420055716963887 0

0 2 21.696545498163726 1
1 2 20.95290959119637 0
2 2 21.48289651521277 1
3 2 20.65511441482962 -1

0 3 22.288646691137213 1
1 3 22.18638287915281 1
2 3 21.161586061751755 0
3 3 22.11038714712042 1


# 20.0 20.0 2.288646691137213
0 0 20.595804528353867 0
1 0 21.652082086237634 1
2 0 20.470947997591296 0
3 0 20.19222073506172 0

0 1 21.410918396667423 1
1 1 20.722755678367186 0
2 1 20.48116214029985 0
3 1 20.418355344333698 0

0 2 21.741120283388863 1
1 2 20.980767795092405 0
2 2 21.51106104742624 1
3 2 20.61607725187334 -1

0 3 22.313385448206773 1
1 3 22.208023669889002 1
2 3 21.18275310953141 0
3 3 22.11599917416094 1


# 20.0 20.0 2.3133854482067733
0 0 20.61111157112799 0
1 0 21.66435242158069 1
2 0 20.47922100525577 0
3 0 20.196071704794573 0

0 1 21.448559674402 1
1 1 20.74296151018206 0
2 1 20.49588554445183 0
3 1 20.41648083388512 0

0 2 21.784905786498946 1
1 2 21.008654365095925 0
2 2 21.53817056040121 1
3 2 20.579049814116026 -1

0 3 22.338018725547986 1
1 3 22.22963979015577 1
2 3 21.203683193227707 0
3 3 22.12121599997927 1


# 20.0 20.0 2.338018725547986
0 0 20.62646649971917 0
1 0 21.676633408056187 1
2 0 20.48751681092266 0
3 0 20.19986109515966 0

0 1 21.485572173633916 1
1 1 20.763300303588174 0
2 1 20.51054866042371 0
3 1 20.414462153698338 0

0 2 21.827926686637323 1
1 2 21.03654740366071 0
2 2 21.564296322359088 1
3 2 20.543929415635592 -1

0 3 22.362540849149777 1
1 3 22.251228176321685 1
2 3 21.224369385096065 0
3 3 22.126071809588797 1


# 20.0 20.0 2.3625408491497772
0 0 20.641860172709563 0
1 0 21.68892693236447 1
2 0 20.49583314511928 0
3 0 20.203589639319727 0

0 1 21.521975188296512 1
1 1 20.783757867232886 0
2 1 20.525142518584286 0
3 1 20.41232668212548 0

0 2 21.870206527091838 1
1 2 21.06442699500106 0
2 2 21.589504518657655 1
3 2 20.51061921630336 -1

0 3 22.386946595021346 1
1 3 22.272785508617595 1
2 3 21.2448062129644 0
3 3 22.130598329594815 1


# 20.0 20.0 2.386946595021346
0 0 20.65728403193995 0
1 0 21.701234501736668 1
2 0 20.50416775293996 0
3 0 20.207258345525002 0

0 1 21.557787211503236 1
1 1 20.80432058432761 0
2 1 20.539659512148848 0
3 1 20.410099406363937 0

0 2 21.911767782572287 1
1 2 21.09227503997111 0
2 2 21.61385662153874 1
3 2 20.47902786150859 -1

0 3 22.411231157094857 1
1 3 22.29430826617602 1
2 3 21.264989510627608 0
3 3 22.134824998195036 1


# 20.0 20.0 2.411231157094857
0 0 20.672730067348994 0
1 0 21.713557273519125 1
2 0 20.5125184088908 0
3 0 20.210868458869157 0

0 1 21.593025969831086 1
1 1 20.824975409825527 0
2 1 20.55409325372513 0
3 1 20.407803106185884 0

0 2 21.952631921707017 1
1 2 21.120075104683465 0
2 2 21.63740973247142 1
3 2 20.44906914536746 -1

0 3 22.435390117694038 1
1 3 22.31579277579269 1
2 3 21.28491628125876 0
3 3 22.13877912337953 1


# 20.0 20.0 2.4353901176940376
0 0 20.688190783844632 0
1 0 21.725896083262054 1
2 0 20.52088292926766 0
3 0 20.21442142677531 0

0 1 21.627708456482708 1
1 1 20.84570986493174 0
2 1 20.568438445140604 0
3 1 20.40545852393348 0

0 2 21.992819465141643 1
1 2 21.14781228171871 0
2 2 21.660216899154616 1
3 2 20.42066169581964 -1

0 3 22.459419420348265 1
1 3 22.337235255009308 1
2 3 21.304584572776413 0
3 3 22.142486030161017 1


# 20.0 20.0 2.459419420348265
0 0 20.703659170103162 0
1 0 21.738251471336678 1
2 0 20.52925918235745 0
3 0 20.21791886788689 0

0 1 21.661850963312553 1
1 1 20.86651202935312 0
2 1 20.58269075939144 0
3 1 20.40308452180545 0

0 2 22.03235003959025 1
1 2 21.1754730628735 0
2 2 21.682327409085527 1
3 2 20.39372868012784 -1

0 3 22.483315344750924 1
1 3 22.358631850063727 1
2 3 21.323993364191526 0
3 3 22.14596919760705 1


# 20.0 20.0 2.483315344750924
0 0 20.71912866919524 0
1 0 21.75062370811141 1
2 0 20.537645096723114 0
3 0 20.221362544065304 0

0 1 21.695469111711088 1
1 1 20.88737053164922 0
2 1 20.59684673365181 0
3 1 20.40069822738376 0

0 2 22.071242428159483 1
1 2 21.203045222483066 0
2 2 21.70378706145487 1
3 2 20.36819752939982 -1

0 3 22.50707448367857 1
1 3 22.37997866920529 1
2 3 21.343142462034688 0
3 3 22.149250386390413 1


# 20.0 20.0 2.5070744836785686
0 0 20.734593150942082 0
1 0 21.7630128177225 1
2 0 20.54603866780602 0
3 0 20.22475433522123 0

0 1 21.72857788234823 1
1 1 20.908274538004527 0
2 1 20.610903672372313 0
3 1 20.398315168277563 0

0 2 22.109514617238904 1
1 2 21.23051771043472 0
2 2 21.724638418995937 1
3 2 20.34399968084899 -1

0 3 22.53069372170347 1
1 3 22.401271811828742 1
2 3 21.362032406035812 0
3 3 22.152349757522977 1


# 20.0 20.0 2.5306937217034715
0 0 20.750046885909015 0
1 0 21.77541860047879 1
2 0 20.554437963055033 0
3 0 20.22809621672926 0

0 1 21.761191643783434 1
1 1 20.92921373970514 0
2 1 20.624859559578844 0
3 1 20.39594939669579 0

0 2 22.14718384022593 1
1 2 21.257880554062925 0
2 2 21.74492104129045 1
3 2 20.321070336599444 -1

0 3 22.5541702155468 1
1 3 22.42250739383968 1
2 3 21.380664383294146 0
3 3 22.155285982890874 1


# 20.0 20.0 2.554170215546801
0 0 20.765484520947435 0
1 0 21.78784065394317 1
2 0 20.562841125769737 0
3 0 20.231390239196593 0

0 1 21.79332417995507 1
1 1 20.950178339569774 0
2 1 20.638712979558967 0
3 1 20.393613604698828 0

0 2 22.18426661833122 1
1 2 21.28512476818428 0
2 2 21.76467170092015 1
3 2 20.299348237924384 -1

0 3 22.577501375933167 1
1 3 22.44368156962735 1
2 3 21.399040150237052 0
3 3 22.15807634816474 1


# 20.0 20.0 2.577501375933167
0 0 20.780901056200108 0
1 0 21.800278392736033 1
2 0 20.571246377825307 0
3 0 20.234638510375806 0

0 1 21.82498871656617 1
1 1 20.97115903755497 0
2 1 20.65246304519213 0
3 1 20.391319230823385 0

0 2 22.220778798689512 1
1 2 21.312242272592936 0
2 2 21.783924583747343 1
3 2 20.278775453884386 -1

0 3 22.600684850819377 1
1 3 22.464790550986795 1
2 3 21.417161961721884 0
3 3 22.160736848618086 1


# 20.0 20.0 2.600684850819377
0 0 20.79629182348853 0
1 0 21.812731067107546 1
2 0 20.57965202142875 0
3 0 20.2378431790293 0

0 1 21.856197946387187 1
1 1 20.99214701572769 0
2 1 20.666109333243632 0
3 1 20.38907655872269 0

0 2 22.256735589982146 1
1 2 21.339225816393803 0
2 2 21.802711474510396 1
3 2 20.259297183403454 -1

0 3 22.623718509881506 1
1 3 22.485830623301315 1
2 3 21.435032506686724 0
3 3 22.163282278348916 1


# 20.0 20.0 2.623718509881506
0 0 20.81165246600488 0
1 0 21.825197780326963 1
2 0 20.588056440039942 0
3 0 20.2410064205694 0

0 1 21.8869640534995 1
1 1 21.013133922774326 0
2 1 20.679651826000505 0
3 1 20.386894808416017 0

0 2 22.292151595760192 1
1 2 21.366068908603054 0
2 2 21.821061928830222 1
3 2 20.240861569887652 -1

0 3 22.64660043015451 1
1 3 22.50679815926799 1
2 3 21.45265484980325 0
3 3 22.165726313364647 1


# 20.0 20.0 2.6466004301545105
0 0 20.826978919234623 0
1 0 21.83767750493782 1
2 0 20.596458098576356 0
3 0 20.244130424312807 0

0 1 21.917298736505753 1
1 1 21.034111858193725 0
2 1 20.693090858680677 0
3 1 20.38478222069712 0

0 2 22.327040845641424 1
1 2 21.392765754493308 0
2 2 21.83900343264075 1
3 2 20.2234195275528 -1

0 3 22.66932888272786 1
1 3 22.527689630423026 1
2 3 21.470032378628655 0
3 3 22.168081588957698 1


# 20.0 20.0 2.6693288827278607
0 0 20.8422673930395 0
1 0 21.850169097928145 1
2 0 20.604855543007208 0
3 0 20.247217382202 0

0 1 21.947213230735006 1
1 1 21.055073356302472 0
2 1 20.706427072095774 0
3 1 20.382746135210045 0

0 2 22.36141682453996 1
1 2 21.419311197204504 0
2 2 21.856561549979777 1
3 2 20.206924578685353 -1

0 3 22.691902320409213 1
1 3 22.548501616700168 1
2 3 21.487168755793903 0
3 3 22.17035977176897 1


# 20.0 20.0 2.6919023204092127
0 0 20.857514354834034 0
1 0 21.862671314864887 1
2 0 20.613247399430858 0
3 0 20.250269478858417 0

0 1 21.976718329472252 1
1 1 21.076011370163602 0
2 1 20.719661370092588 0
3 1 20.38079306266286 0

0 2 22.395292500074312 1
1 2 21.4457006641817 0
2 2 21.87376006000579 1
3 2 20.19133270111382 -1

0 3 22.714319366275774 1
1 3 22.569230814233777 1
2 3 21.50406787580266 0
3 3 22.172571626908287 1


# 20.0 20.0 2.714319366275774
0 0 20.872716513792053 0
1 0 21.8751828230412 1
2 0 20.62163237271867 0
3 0 20.253288882844092 0

0 1 22.005824404242777 1
1 1 21.09691925553445 0
2 1 20.732794881339206 0
3 1 20.378928751614584 0

0 2 22.428680348287592 1
1 2 21.47193011803772 0
2 2 21.890621084041033 1
3 2 20.176602185217806 -1

0 3 22.736578803040103 1
1 3 22.589874041598524 1
2 3 21.520733826049526 0
3 3 22.174727080474796 1


# 20.0 20.0 2.7365788030401035
0 0 20.887870806022946 0
1 0 21.887702213684783 1
2 0 20.630009244798902 0
3 0 20.256277739018667 0

0 1 22.03454142418272 1
1 1 21.117790754915728 0
2 1 20.745828925059367 0
3 1 20.37715825023832 0

0 2 22.46159237780264 1
1 2 21.497996011472203 0
2 2 21.90716520338065 1
3 2 20.162693499847784 -1

0 3 22.758679563163472 1
1 3 22.61042824465961 1
2 3 21.537170851697628 0
3 3 22.176835277796247 1


# 20.0 20.0 2.758679563163472
0 0 20.90297438066053 0
1 0 21.900228013274525 1
2 0 20.63837687264558 0
3 0 20.259238161888604 0

0 1 22.062878974527592 1
1 1 21.138619981771775 0
2 1 20.758764980352954 0
3 1 20.375485963433384 0

0 2 22.494040152524885 1
1 2 21.523895245909582 0
2 2 21.923411568552073 1
3 2 20.149569166571556 -1

0 3 22.7806207196558 1
1 3 22.63089050019106 1
2 3 21.5533833240848 0
3 3 22.17890463768346 1


# 20.0 20.0 2.7806207196558006
0 0 20.91802458681038 0
1 0 21.91275869401173 1
2 0 20.646734186029505 0
3 0 20.26217222985417 0

0 1 22.09084627425072 1
1 1 21.15940140498103 0
2 1 20.771604658771963 0
3 1 20.373915705631553 0

0 2 22.526034812996635 1
1 2 21.54962513354657 0
2 2 21.93937800065727 1
3 2 20.137193641703217 -1

0 3 22.802401477506443 1
1 3 22.65125801840469 1
2 3 21.56937571235418 0
3 3 22.180942902975545 1


# 20.0 20.0 2.802401477506443
0 0 20.933018961304356 0
1 0 21.925292683491016 1
2 0 20.655080185081673 0
3 0 20.26508198026798 0

0 1 22.118452192883574 1
1 1 21.18012983356626 0
2 1 20.78434967985015 0
3 1 20.372450749616885 0

0 2 22.557587096498015 1
1 2 21.57518336252585 0
2 2 21.955081085382922 1
3 2 20.125533205607386 -1

0 3 22.824021165695044 1
1 3 22.671528144518593 1
2 3 21.58515255802983 0
3 3 22.182957187632073 1


# 20.0 20.0 2.8240211656950436
0 0 20.947955217213895 0
1 0 21.937828373614735 1
2 0 20.663413937713038 0
3 0 20.267969405226292 0

0 1 22.1457052665498 1
1 1 21.200800401745564 0
2 1 20.797001849310842 0
3 1 20.37109387165471 0

0 2 22.588707355982347 1
1 2 21.60056796497616 0
2 2 21.97053626021963 1
3 2 20.114555858805954 -1

0 3 22.845479229736032 1
1 3 22.691698359481716 1
2 3 21.600718452280578 0
3 3 22.184954020610355 1


# 20.0 20.0 2.845479229736032
0 0 20.96283123307617 0
1 0 21.950364128793332 1
2 0 20.671734576929055 0
3 0 20.27083644802115 0

0 1 22.172613713244356 1
1 1 21.221408554337675 0
2 1 20.809563039701615 0
3 1 20.369847393203557 0

0 2 22.619405577926567 1
1 2 21.625777287680894 0
2 2 21.98575789539072 1
3 2 20.104231224446558 -1

0 3 22.866775224714434 1
1 3 22.711766279959594 1
2 3 21.616078015636322 0
3 3 22.186939386749376 1


# 20.0 20.0 2.8667752247144342
0 0 20.97764504278988 0
1 0 21.96289829347269 1
2 0 20.68004129807238 0
3 0 20.2736850001877 0

0 1 22.199185447388743 1
1 1 21.241950032548395 0
2 1 20.822035173226517 0
3 1 20.368713219463338 0

0 2 22.64969139917106 1
1 2 21.65080996515705 0
2 2 22.000759368953563 1
3 2 20.0945304567218 -1

0 3 22.88790880877428 1
1 3 22.7317296576761 1
2 3 21.631235879940146 0
3 3 22.188918764866344 1


# 20.0 20.0 2.887908808774281
0 0 20.992394826139783 0
1 0 21.975429199027964 1
2 0 20.688333356022646 0
3 0 20.276516899086776 0

0 1 22.225428093692727 1
1 1 21.262420860159324 0
2 1 20.83442020656683 0
3 1 20.367692874994383 0

0 2 22.679574122817364 1
1 2 21.675664894944788 0
2 2 22.015553136501875 1
3 2 20.085426154855835 -1

0 3 22.90887973702433 1
1 3 22.751586378196617 1
2 3 21.64619667233744 0
3 3 22.190897163257475 1


# 20.0 20.0 2.9088797370243284
0 0 21.0070788999114 0
1 0 21.98795517006191 1
2 0 20.69661006237828 0
3 0 20.279333925968125 0

0 1 22.25134900035229 1
1 1 21.282817330134787 0
2 1 20.846720117499732 0
3 1 20.366787536624503 0

0 2 22.709062733246892 1
1 2 21.7003412149244 0
2 2 22.030150795865193 1
3 2 20.076892282300857 -1

0 3 22.929687855828774 1
1 3 22.771334459229447 1
2 3 21.660965001119493 0
3 3 22.19287915278125 1


# 20.0 20.0 2.9296878558287744
0 0 21.02169570955956 0
1 0 22.00047453014418 1
2 0 20.704870782641738 0
3 0 20.282137804464465 0

0 1 22.276955251612787 1
1 1 21.30313599165849 0
2 1 20.858936893141223 0
3 1 20.365998063845154 0

0 2 22.738165910318916 1
1 2 21.724838282492893 0
2 2 22.04456314717232 1
3 2 20.068904090809806 -1

0 3 22.95033309745352 1
1 3 22.7909720485146 1
2 3 21.67554544325409 0
3 3 22.19486889768989 1


# 20.0 20.0 2.9503330974535196
0 0 21.0362438213965 0
1 0 22.012985607026486 1
2 0 20.713114933426372 0
3 0 20.284930199471003 0

0 1 22.302253679725535 1
1 1 21.323373637607517 0
2 1 20.871072519655062 0
3 1 20.36532502688289 0

0 2 22.766892042801583 1
1 2 21.749155655446387 0
2 2 22.05880024861803 1
3 2 20.061438049074084 -1

0 3 22.970815475040986 1
1 3 22.810497421361884 1
2 3 21.689942533449457 0
3 3 22.196870184363338 1


# 20.0 20.0 2.970815475040986
0 0 21.05072191526725 0
1 0 22.025486737366986 1
2 0 20.72134197970038 0
3 0 20.287712716369047 0

0 1 22.327250876325177 1
1 1 21.34352729246788 0
2 1 20.88312897328365 0
3 1 20.36476873261853 0

0 2 22.795249241085667 1
1 2 21.77329307442736 0
2 2 22.07287146824718 1
3 2 20.054471775635722 -1

0 3 22.99113507788888 1
1 3 22.829908977893872 1
2 3 21.704160754610633 0
3 3 22.198886448089215 1


# 20.0 20.0 2.991135077888881
0 0 21.065128777681934 0
1 0 22.037976270995774 1
2 0 20.729551432080747 0
3 0 20.290486900556154 0

0 1 22.351953203254347 1
1 1 21.363594200692955 0
2 1 20.895108212569706 0
3 1 20.36432924851369 0

0 2 22.823245349226916 1
1 2 21.797250446807578 0
2 2 22.086785532046797 1
3 2 20.04798397580282 -1

0 3 23.01129206701033 1
1 3 22.84920524004347 1
2 3 21.71820452955914 0
3 3 22.20092079802235 1


# 20.0 20.0 3.0112920670103307
0 0 21.079463295376385 0
1 0 22.050452574751752 1
2 0 20.73774284418789 0
3 0 20.29325423724855 0

0 1 22.37636680286122 1
1 1 21.383571815503576 0
2 1 20.907012171649384 0
3 1 20.364006424692526 0

0 2 22.850887956359536 1
1 2 21.821027831888255 0
2 2 22.100550568615347 1
3 2 20.041954382315062 -1

0 3 23.031286670954795 1
1 3 22.86838484835047 1
2 3 21.732078213897516 0
3 3 22.202976040448096 1


# 20.0 20.0 3.0312866709547954
0 0 21.09372444927419 0
1 0 22.062914035919768 1
2 0 20.74591581006981 0
3 0 20.29601615152475 0

0 1 22.400497607794698 1
1 1 21.403457788126428 0
2 1 20.918842754508262 0
3 1 20.363799914315617 0

0 2 22.878184407520088 1
1 2 21.844625427308966 0
2 2 22.11417415065817 1
3 2 20.03636369952289 -1

0 3 23.05111918187087 1
1 3 22.88744655859668 1
2 3 21.745786089910254 0
3 3 22.205054700465162 1


# 20.0 20.0 3.0511191818708703
0 0 21.107911308824892 0
1 0 22.07535906529539 1
2 0 20.754069961702818 0
3 0 20.29877400858208 0

0 1 22.42435135032098 1
1 1 21.42324995746556 0
2 1 20.930601830101573 0
3 1 20.36370919237284 0

0 2 22.905141813918252 1
1 2 21.868043556565798 0
2 2 22.127663333539783 1
3 2 20.031193550859463 -1

0 3 23.0707899517937 1
1 3 22.906389238314855 1
2 3 21.75933236140186 0
3 3 22.207159042195553 1


# 20.0 20.0 3.0707899517936994
0 0 21.122023026694592 0
1 0 22.08778609990334 1
2 0 20.762204966574345 0
3 0 20.30152911418049 0

0 1 22.44793357118444 1
1 1 21.442946340200276 0
2 1 20.942291228248944 0
3 1 20.36373357301265 0

0 2 22.931767062688213 1
1 2 21.891282657547556 0
2 2 22.141024691106566 1
3 2 20.02642642939914 -1

0 3 23.090299389141162 1
1 3 22.92521186320272 1
2 3 21.77272114938104 0
3 3 22.209291087621875 1


# 20.0 20.0 3.090299389141162
0 0 21.136058833786638 0
1 0 22.100193605394136 1
2 0 20.770320525352105 0
3 0 20.30428271525037 0

0 1 22.471249628034794 1
1 1 21.462545121301368 0
2 1 20.953912736222268 0
3 1 20.36387222551658 0

0 2 22.95806682615199 1
1 2 21.914343272006427 0
2 2 22.154264348977556 1
3 2 20.02204565130977 -1

0 3 23.109647955404338 1
1 3 22.943913513469706 1
2 3 21.785956488507868 0
3 3 22.2114526341453 1


# 20.0 20.0 3.1096479554043377
0 0 21.150018034571467 0
1 0 22.11258007814228 1
2 0 20.778416369642695 0
3 0 20.30703600064327 0

0 1 22.49430470344163 1
1 1 21.482044644956652 0
2 1 20.96546809595272 0
3 1 20.36412418901975 0

0 2 22.984047570623833 1
1 2 21.93722603588645 0
2 2 22.167388015486516 1
3 2 20.01803531201858 -1

0 3 23.128836162018903 1
1 3 22.962493370140937 1
2 3 21.79904232422781 0
3 3 22.213645270951027 1


# 20.0 20.0 3.128836162018903
0 0 21.1639000027059 0
1 0 22.124944047067967 1
2 0 20.78649225984167 0
3 0 20.30979010200645 0

0 1 22.51710381251652 1
1 1 21.501443405895817 0
2 1 20.976959001789915 0
3 1 20.3644883860707 0

0 2 23.009715564782695 1
1 2 21.959931670439573 0
2 2 22.180401010444875 1
3 2 20.014380244923398 -1

0 3 23.147864567405307 1
1 3 22.98095071133989 1
2 3 21.81198251052307 0
3 3 22.215870394262147 1


# 20.0 20.0 3.147864567405307
0 0 21.177704176923502 0
1 0 22.137284075203045 1
2 0 20.794547983076313 0
3 0 20.31254609476398 0

0 1 22.539651810162052 1
1 1 21.520740041103952 0
2 1 20.988387098752348 0
3 1 20.364963635117007 0

0 2 23.035076887637906 1
1 2 21.982460974064793 0
2 2 22.193308291882683 1
3 2 20.011065982491758 -1

0 3 23.16673377416645 1
1 3 22.999284908568665 1
2 3 21.824780808217664 0
3 3 22.218129221557223 1


# 20.0 20.0 3.166733774166449
0 0 21.191430057178636 0
1 0 22.149598761020822 1
2 0 20.802583351241555 0
3 0 20.31530499918878 0

0 1 22.561953397966292 1
1 1 21.539933321912613 0
2 1 20.99975398121408 0
3 1 20.36554866199683 0

0 2 23.060137436111486 1
1 2 22.00481481481139 0
2 2 22.206114480913133 1
3 2 20.00807871960071 -1

0 3 23.185444426432618 1
1 3 23.01749542300232 1
2 3 21.837440883778193 0
3 3 22.22042280482171 1


# 20.0 20.0 3.1854444264326176
0 0 21.20507720102805 0
1 0 22.161886739548134 1
2 0 20.810598199128822 0
3 0 20.31806778155149 0

0 1 22.584013130760333 1
1 1 21.559022146456815 0
2 1 21.011061191977753 0
3 1 20.366242110510523 0

0 2 23.084902932258856 1
1 2 22.026994123492017 0
2 2 22.218823884855485 1
3 2 20.005405278979733 -1

0 3 23.203997207344177 1
1 3 23.035581801811595 1
2 3 21.849966308557374 0
3 3 22.222752042898573 1


# 20.0 20.0 3.2039972073441767
0 0 21.21864522023474 0
1 0 22.174146683276955 1
2 0 20.818592382647086 0
3 0 20.32083535533353 0

0 1 22.605835422855804 1
1 1 21.57800553248612 0
2 1 21.022310221688812 0
3 1 20.367042552141108 0

0 2 23.10937893014829 1
1 2 22.04899988735602 0
2 2 22.231440518741405 1
3 2 20.003033078627958 -1

0 3 23.222392836663303 1
1 3 23.053543674526427 1
2 3 21.86236055843196 0
3 3 22.225117692998943 1


# 20.0 20.0 3.2223928366633032
0 0 21.232133777579882 0
1 0 22.18637730289188 1
2 0 20.826565777134878 0
3 0 20.323608582492835 0

0 1 22.627424553978432 1
1 1 21.596882610517767 0
2 1 21.03350250855017 0
3 1 20.367948494987232 0

0 2 23.133570822418033 1
1 2 22.070833144277373 0
2 2 22.243968125320468 1
3 2 20.000950101085262 -1

0 3 23.24063206850676 1
1 3 23.07138074945091 1
2 3 21.87462701379106 0
3 3 22.227520381429496 1


# 20.0 20.0 3.240632068506759
0 0 21.24554258386945 0
1 0 22.198577347828685 1
2 0 20.834518275761674 0
3 0 20.32638827477208 0

0 1 22.648784674913003 1
1 1 21.615652617319746 0
2 1 21.044639438300432 0
3 1 20.368958391967663 0

0 2 23.15748384652884 1
1 2 22.092494977415498 0
2 2 22.256410193672192 1
3 2 19.999144864444514 -1

0 3 23.25871568919227 1
1 3 23.08909281013876 1
2 3 21.88676895983472 0
3 3 22.229960613589384 1


# 20.0 20.0 3.2587156891922717
0 0 21.25887139512305 0
1 0 22.210745606678334 1
2 0 20.842449788016694 0
3 0 20.329175195040097 0

0 1 22.669919812874316 1
1 1 21.63431488971162 0
2 1 21.05572234442243 0
3 1 20.370070648351906 0

0 2 23.181123090728416 1
1 2 22.113986510310568 0
2 2 22.268769976524073 1
3 2 19.99760639499943 -1

0 3 23.276644515191755 1
1 3 23.106679711936977 1
2 3 21.898789587146265 0
3 3 22.232438783285914 1


# 20.0 20.0 3.276644515191755
0 0 21.272120009933253 0
1 0 22.22288090744978 1
2 0 20.850360238282942 0
3 0 20.33197005865827 0

0 1 22.690833876618075 1
1 1 21.652868858671074 0
2 1 21.066752508552113 0
3 1 20.371283628667644 0

0 2 23.20449349974327 1
1 2 22.135308902378164 0
2 2 22.28105050636783 1
3 2 19.99632420142931 -1

0 3 23.294419391185016 1
1 3 23.124141378604136 1
2 3 21.910691992505217 0
3 3 22.234955181414836 1


# 20.0 20.0 3.2944193911850164
0 0 21.22528826698447 -1
1 0 22.23426211770415 1
2 0 20.858240924494034 0
3 0 20.334773431184512 0

0 1 22.7108106613049 1
1 1 21.671296763734134 0
2 1 21.077730850020775 0
3 1 20.372595658055218 0

0 2 23.22759124021247 1
1 2 22.156463033731036 0
2 2 22.29325460299441 1
3 2 19.995288250278854 -1

0 3 23.312041084528154 1
1 3 23.141477794031935 1
2 3 21.922479179761293 0
3 3 22.237510004044385 1


# 20.0 20.0 3.312041084528154
0 0 21.18051876272114 -1
1 0 22.24494378617197 1
2 0 20.866084182473813 0
3 0 20.337585745748218 0

0 1 22.72990949473011 1
1 1 21.689583085050742 0
2 1 21.08865797956267 0
3 1 20.374005024123974 0

0 2 23.250413371479418 1
1 2 22.177449554354624 0
2 2 22.305384881618167 1
3 2 19.99448894268458 -1

0 3 23.329510299471277 1
1 3 23.15868899508564 1
2 3 21.934154060780298 0
3 3 22.240103359940367 1


# 19.880000000000003 20.0 3.329510299471277
0 0 21.136998326634004 -1
1 0 22.25460813428265 1
2 0 20.873518869125036 0
3 0 20.33968294562027 0

0 1 22.747817233349416 1
1 1 21.7077054917869 0
2 1 21.09952976774351 0
3 1 20.37514123298335 0

0 2 23.272593334923386 1
1 2 22.19826444818657 0
2 2 22.317443653933235 1
3 2 19.99355266605411 -1

0 3 23.34610331665042 1
1 3 23.17540631919945 1
2 3 21.945355030224402 0
3 3 22.242006531337857 1


# 19.760000000000005 19.0 3.346103316650421
0 0 21.093935491286764 -1
1 0 22.26293651086916 1
2 0 20.880176867312578 0
3 0 20.340358176781493 0

0 1 22.764219721364704 1
1 1 21.725635033559097 0
2 1 21.11033310034528 0
3 1 20.375636228516218 0

0 2 23.293767464691022 1
1 2 22.21889478433021 0
2 2 22.329423985515888 1
3 2 19.992108255024277 -1

0 3 23.36111368265769 1
1 3 23.19126361575962 1
2 3 21.955722448546336 0
3 3 22.242508264652542 1


# 19.640000000000008 19.0 4.361113682657692
0 0 21.051279688387247 -1
1 0 22.14997827648376 -1
2 0 20.884617473528778 0
3 0 20.3396283268419 0

0 1 22.779170679307036 1
1 1 21.741905074033856 0
2 1 21.12101610466784 0
3 1 20.375492539156944 0

0 2 23.31393938092954 1
1 2 22.23930621935723 0
2 2 22.341309470542274 1
3 2 19.99015143160548 -1

0 3 23.374576026042284 1
1 3 23.206265800225065 1
2 3 21.96526310813243 0
3 3 22.241642941601906 1


# 19.52000000000001 19.0 4.374576026042284
0 0 21.007543407074795 -1
1 0 22.040767980327093 -1
2 0 20.88696048858261 0
3 0 20.337511143408467 0

0 1 22.7926861651206 1
1 1 21.756618948113903 0
2 1 21.131531909000532 0
3 1 20.374712186320526 0

0 2 23.33311274785674 1
1 2 22.259467204428937 0
2 2 22.353083579794255 1
3 2 19.98767833597065 -1

0 3 23.386523831681743 1
1 3 23.22041768634653 1
2 3 21.97398378808378 0
3 3 22.23944374119289 1


# 19.400000000000013 19.0 4.3865238316817425
0 0 20.962793294165476 -1
1 0 21.935092197923698 -1
2 0 20.887317771066133 0
3 0 20.3340251017344 0

0 1 22.80478364606717 1
1 1 21.76987173809348 0
2 1 21.1418382006718 0
3 1 20.373296774155587 0

0 2 23.35129130863289 1
1 2 22.279348750370755 0
2 2 22.364729756865295 1
3 2 19.98468548912645 -1

0 3 23.396989481680954 1
1 3 23.2337240077616 1
2 3 21.981891239054097 0
3 3 22.235942687248112 1


# 19.280000000000015 19.0 4.396989481680954
0 0 20.91709124570341 -1
1 0 21.83274969466926 -1
2 0 20.88579378064626 0
3 0 20.329189284729583 0

0 1 22.815481784441506 1
1 1 21.781750915826834 0
2 1 21.15189682176948 0
3 1 20.371247568788558 0

0 2 23.368478913868227 1
1 2 22.29892421348482 0
2 2 22.376231501696978 1
3 2 19.981169759675943 -1

0 3 23.4060042954 1
1 3 23.24618943641088 1
2 3 21.988992170518095 0
3 3 22.231170693669508 1


# 19.160000000000018 19.0 4.406004295399999
0 0 20.870494738607416 -1
1 0 21.733550680714117 -1
2 0 20.882486083305675 0
3 0 20.32302327430445 0

0 1 22.82480024431459 1
1 1 21.79233693539054 0
2 1 21.161673399394726 0
3 1 20.36856556809994 0

0 2 23.384679544524154 1
1 2 22.31816910025382 0
2 2 22.387572442773635 1
3 2 19.97712833422407 -1

0 3 23.41359856853682 1
1 3 23.257818598153328 1
2 3 21.995293240171492 0
3 3 22.225157607590152 1


# 19.04000000000002 19.0 4.41359856853682
0 0 20.823057139117893 -1
1 0 21.637316114017892 -1
2 0 20.87748582125944 0
3 0 20.315547053101803 0

0 1 22.83275951748177 1
1 1 21.801703780065573 0
2 1 21.171137007570163 0
3 1 20.365251562978493 0

0 2 23.39989732988941 1
1 2 22.337060889252218 0
2 2 22.398736399175117 1
3 2 19.972558691023583 -1

0 3 23.419801611206008 1
1 3 23.268616085918445 1
2 3 22.000801045196493 0
3 3 22.21793225055155 1


# 18.920000000000023 19.0 4.419801611206008
0 0 20.774827989687644 -1
1 0 21.543877048321292 -1
2 0 20.870878150074464 0
3 0 20.306780915746774 0

0 1 22.839380766943247 1
1 1 21.809919467167468 0
2 1 21.18025985815954 0
3 1 20.361306190912554 0

0 2 23.414136561242874 1
1 2 22.35557886873016 0
2 2 22.40970743357203 1
3 2 19.967458576501027 -1

0 3 23.42464178496853 1
1 3 23.278586470696613 1
2 3 22.005522115156083 0
3 3 22.20952245783158 1


# 18.800000000000026 19.0 4.424641784968529
0 0 20.725853275842063 -1
1 0 21.453074023008806 -1
2 0 20.86274264533432 0
3 0 20.296745388814852 0

0 1 22.84468568638266 1
1 1 21.817046513978802 0
2 1 21.189017018373455 0
3 1 20.3567299826985 0

0 2 23.42740170175165 1
1 2 22.3737039884711 0
2 2 22.420469897142592 1
3 2 19.961825984340056 -1

0 3 23.428146538779043 1
1 3 23.287734310636232 1
2 3 22.00946290630685 0
3 3 22.199955116037405 1


# 18.680000000000028 19.0 4.428146538779043
0 0 20.676175674424446 -1
1 0 21.364756492047288 -1
2 0 20.853153681021105 0
3 0 20.28546115878215 0

0 1 22.72869637423645 -1
1 1 21.82170236778536 0
2 1 21.197368872635302 0
3 1 20.351523195614252 0

0 2 23.438257393095917 1
1 2 22.391384164648407 0
2 2 22.431007845214914 1
3 2 19.95565912688017 -1

0 3 23.430325163827785 1
1 3 23.29606353640691 1
2 3 22.012629782213875 0
3 3 22.189256198769186 1


# 18.56000000000003 19.0 4.438257393095917
0 0 20.62439478454057 -1
1 0 21.278747729381468 -1
2 0 20.842180159547805 0
3 0 20.27294899732794 0

0 1 22.61642338106358 -1
1 1 21.824067743904408 0
2 1 21.145280514080184 -1
3 1 20.344965885057913 0

0 2 23.446828175100364 1
1 2 22.408573332352802 0
2 2 22.440585181710922 1
3 2 19.94893913073766 -1

0 3 23.43118815846807 1
1 3 23.303577563154235 1
2 3 22.015020358684502 0
3 3 22.177450489486564 1


# 18.440000000000033 19.0 4.446828175100364
0 0 20.57065862562245 -1
1 0 21.194883203096342 -1
2 0 20.82916594542085 0
3 0 20.25921241538988 0

0 1 22.507632253594437 -1
1 1 21.823588923834482 0
2 1 21.095566720636626 -1
3 1 20.33712193708665 0

0 2 23.453230116679133 1
1 2 22.425213593824413 0
2 2 22.449253970635397 1
3 2 19.941649604013183 -1

0 3 23.43074707692122 1
1 3 23.31027907785492 1
2 3 22.016633306075477 0
3 3 22.164561666786113 1


# 18.320000000000036 19.0 4.4532301166791335
0 0 20.51510510058033 -1
1 0 21.112992428204326 -1
2 0 20.814234234483944 0
3 0 20.24425704249469 0

0 1 22.4020947886366 -1
1 1 21.82048706586605 0
2 1 21.04803268454293 -1
3 1 20.32805008770162 0

0 2 23.337571117291198 -1
1 2 22.379814436100613 -1
2 2 22.336323340413685 -1
3 2 19.992327541783446 0

0 3 23.427574384493813 1
1 3 23.195415622105052 -1
2 3 22.014570314771966 0
3 3 22.15128022106048 1


# 18.20000000000004 18.0 4.4532301166791335
0 0 20.45786236356153 -1
1 0 21.032917750186684 -1
2 0 20.79749888636231 0
3 0 20.22809037665365 0

0 1 22.29815785407449 -1
1 1 21.814210759403338 0
2 1 21.00104011257144 -1
3 1 20.318489480390255 0

0 2 23.224219690460995 -1
1 2 22.33242537611638 -1
2 2 22.228264180216748 -1
3 2 20.03858619160855 0

0 3 23.420337330402827 1
1 3 23.083976162232133 -1
2 3 21.949080608313654 -1
3 3 22.136806134701366 1


# 18.08000000000004 18.0 5.420337330402827
0 0 20.39903222572445 -1
1 0 20.954504107136724 -1
2 0 20.779047548291434 0
3 0 20.2107295674383 0

0 1 22.195724776310428 -1
1 1 21.804932975417596 0
2 1 20.954558997379806 -1
3 1 20.308399419290986 0

0 2 23.11302431325559 -1
1 2 22.28323132963626 -1
2 2 22.124012985089603 -1
3 2 20.080636194029974 0

0 3 23.40924919221418 1
1 3 22.974987896980352 -1
2 3 21.882888906965736 -1
3 3 22.121123415064066 1


# 17.960000000000043 18.0 5.420337330402827
0 0 20.33870981219974 -1
1 0 20.877607218667887 -1
2 0 20.758962300665026 0
3 0 20.192191643649995 0

0 1 22.094704340915865 -1
1 1 21.79281741523675 0
2 1 20.908550470948963 -1
3 1 20.297743183384313 0

0 2 23.00384351045205 -1
1 2 22.232384167506822 -1
2 2 22.02331387867872 -1
3 2 20.11867563960624 0

0 3 23.39450219818366 1
1 3 22.868275708579052 -1
2 3 21.81608012890104 -1
3 3 22.104220041343847 1


# 17.840000000000046 18.0 5.420337330402827
0 0 20.276983997675554 -1
1 0 20.802092880046764 -1
2 0 20.737319903972843 0
3 0 20.17249350152688 0

0 1 21.99501049767777 -1
1 1 21.77801863549955 0
2 1 20.86297679556184 -1
3 1 20.286487720922512 0

0 2 22.896544845373484 -1
1 2 22.180023564284063 -1
2 2 21.92592788604238 -1
3 2 20.152890890522485 0

0 3 23.376277965696477 1
1 3 22.76367670872531 -1
2 3 21.748730659120532 -1
3 3 22.086087578451185 1


# 17.72000000000005 18.0 5.420337330402827
0 0 20.213937814291928 -1
1 0 20.727836295329972 -1
2 0 20.714192147115007 0
3 0 20.151651893888364 0

0 1 21.896562072317284 -1
1 1 21.76068252572549 0
2 1 20.817801392732534 -1
3 1 20.274603366769487 0

0 2 22.791004325095372 -1
1 2 22.12627793054549 -1
2 2 21.8316317579874 -1
3 2 20.183457345559038 0

0 3 23.354748131337253 1
1 3 22.661039367610886 -1
2 3 21.680909075886063 -1
3 3 22.066720822684285 1


# 17.60000000000005 18.0 5.420337330402827
0 0 20.149648833389186 -1
1 0 20.65472145300087 -1
2 0 20.68964617381164 0
3 0 20.129683420195356 0

0 1 21.79928249349048 -1
1 1 21.740946763727898 0
2 1 20.772988862628928 -1
3 1 20.262063580905767 0

0 2 22.687105846105844 -1
1 2 22.07126527470449 -1
2 2 21.740216880309347 -1
3 2 20.210540152452353 0

0 3 23.330074941173713 1
1 3 22.560222705672402 -1
2 3 21.612676819602843 -1
3 3 22.046117476732313 1


# 17.480000000000054 18.0 5.420337330402827
0 0 20.08418952274507 -1
1 0 20.58264054149825 -1
2 0 20.66374478840342 0
3 0 20.106604517500035 0

0 1 21.703099534354827 -1
1 1 21.718941249627196 0
2 1 20.728504995213687 -1
3 1 20.24884470648972 0

0 2 22.584740677572196 -1
1 2 22.01509399967685 -1
2 2 21.651488261657846 -1
3 2 20.234294871387913 0

0 3 23.302411803890394 1
1 3 22.4610955435122 -1
2 3 21.544088808562353 -1
3 3 22.024277851729355 1


# 17.360000000000056 18.0 5.420337330402827
0 0 20.017627580836486 -1
1 0 20.511493402181728 -1
2 0 20.63654674226922 0
3 0 20.08243145225514 0

0 1 21.607945068008355 -1
1 1 21.69478851922606 0
2 1 20.684316774199143 -1
3 1 20.23492574599126 0

0 2 22.48380697957307 -1
1 2 21.95786363933999 -1
2 2 21.56526359422014 -1
3 2 20.25486809309291 0

0 3 23.271903809227364 1
1 3 22.363535805770244 -1
2 3 21.475194005623372 -1
3 3 22.001204594251693 1


# 17.24000000000006 18.0 5.420337330402827
0 0 19.950026249568655 -1
1 0 20.441187017422862 -1
2 0 20.60810700202044 0
3 0 20.057180312950095 0

0 1 21.513754836132417 -1
1 1 21.66860413750834 0
2 1 20.640392374794466 -1
3 1 20.220288154029674 0

0 2 22.3842093538474 -1
1 2 21.899665539347826 -1
2 2 21.481372381851877 -1
3 2 20.272398014744606 0

0 3 23.23868821401059 1
1 3 22.267429875035674 -1
2 3 21.406035939600862 -1
3 3 21.976902436310777 1


# 17.12000000000006 18.0 5.420337330402827
0 0 19.881444606826847 -1
1 0 20.37163503164737 -1
2 0 20.578477000568284 0
3 0 20.03086700353907 0

0 1 21.42046823019305 -1
1 1 21.64049707301973 0
2 1 20.596701156117966 -1
3 1 20.204915645653248 0

0 2 22.285858424788426 -1
1 2 21.840583486515477 -1
2 2 21.399655130686735 -1
3 2 20.287014976677142 0

0 3 23.2028948979041 1
1 3 22.172671992172422 -1
2 3 21.336653184847666 -1
3 3 21.951377966541887 1


# 17.000000000000064 18.0 5.420337330402827
0 0 19.811937840123164 -1
1 0 20.302757303282714 -1
2 0 20.547704872099693 0
3 0 20.0035072376247 0

0 1 21.328028084580115 -1
1 1 21.61057005388074 0
2 1 20.55321364905215 -1
3 1 20.18879401889606 0

0 2 22.18867044857531 -1
1 2 21.780694290666517 -1
2 2 21.319962597628695 -1
3 2 20.2988419626535 0

0 3 23.164646790868524 1
1 3 22.079163699697773 -1
2 3 21.267079802250485 -1
3 3 21.924639420925228 1


# 16.880000000000067 18.0 5.420337330402827
0 0 19.741557502533084 -1
1 0 20.234479485687004 -1
2 0 20.515835671939872 0
3 0 19.975116533360243 0

0 1 21.23638048108762 -1
1 1 21.578919906172384 0
2 1 20.50990154023329 -1
3 1 20.17191099053739 0

0 2 22.092566948486617 -1
1 2 21.72006832253835 -1
2 2 21.242155092474626 -1
3 2 20.307995066269303 0

0 3 23.12406027417547 1
1 3 21.986813325098037 -1
2 3 21.19734574461794 -1
3 3 21.896696491502567 1


# 16.76000000000007 18.0 5.420337330402827
0 0 19.67035175204319 -1
1 0 20.166732635250014 -1
2 0 20.48291158222452 0
3 0 19.945710209032416 0

0 1 21.145474564162367 -1
1 1 21.54563787542232 0
2 1 20.46673765279 -1
3 1 20.15425604407192 0

0 2 21.997474374580694 -1
1 2 21.658770011067418 -1
2 2 21.166101829732778 -1
3 2 20.31458392586968 0

0 3 23.081245556701298 1
1 3 21.89553550119256 -1
2 3 21.127477229213124 -1
3 3 21.86756015166947 1


# 16.64000000000007 18.0 5.420337330402827
0 0 19.598365575362582 -1
1 0 20.099452844965626 -1
2 0 20.448972104252547 0
3 0 19.915303379287145 0

0 1 21.055262366371934 -1
1 1 21.510809931904387 0
2 1 20.423695924375618 -1
3 1 20.13582028897529 0

0 2 21.903323786057992 -1
1 2 21.596858303122833 -1
2 2 21.09168032649658 -1
3 2 20.31871213018885 0

0 3 23.036307028107057 1
1 3 21.805250720867786 -1
2 3 21.057497079974578 -1
3 3 21.83724249673133 1


# 16.520000000000074 18.0 5.420337330402827
0 0 19.52564099718558 -1
1 0 20.03258090187718 -1
2 0 20.41405423834042 0
3 0 19.883910951960598 0

0 1 20.96569864356609 -1
1 1 21.474517060448278 0
2 1 20.380751382976715 -1
3 1 20.116596330419842 0

0 2 21.81005055474111 -1
1 2 21.53438708852358 -1
2 2 21.018775843004708 -1
3 2 20.32047759676279 0

0 3 22.98934359040251 1
1 3 21.715884923698148 -1
2 3 20.987425041776856 -1
3 3 21.80575659851148 1


# 16.400000000000077 18.0 5.420337330402827
0 0 19.45221727583222 -1
1 0 19.96606196689379 -1
2 0 20.378192651952094 0
3 0 19.85154762547848 0

0 1 20.87674071922857 -1
1 1 21.43683553543823 0
2 1 20.33788012092361 -1
3 1 20.09657814866019 0

0 2 21.71759408821984 -1
1 2 21.471405592958778 -1
2 2 20.947280862769546 -1
3 2 20.319972925018046 0

0 3 22.940448969291037 1
1 3 21.627369112151147 -1
2 3 20.917278068903414 -1
3 3 21.773116372892126 1


# 16.28000000000008 18.0 5.420337330402827
0 0 19.378131086135728 -1
1 0 19.899845275566562 -1
2 0 20.34141983683373 0
3 0 19.818227886787184 0

0 1 20.788348337538498 -1
1 1 21.397837181661046 0
2 1 20.295059267478372 -1
3 1 20.075760987367865 0

0 2 21.625897571312066 -1
1 2 21.407958741231482 -1
2 2 20.877094609388184 -1
3 2 20.317285725803067 0

0 3 22.88971200659812 1
1 3 21.539638995241596 -1
2 3 20.847070589739733 -1
3 3 21.739336459254524 1


# 16.28000000000008 18.0 5.420337330402827
0 0 19.304136690392102 -1
1 0 19.83425249849941 -1
2 0 20.304130679519893 0
3 0 19.7846903828655 0

0 1 20.700852164682264 -1
1 1 21.357598469004014 0
2 1 20.25227143958277 -1
3 1 20.05450999647743 0

0 2 21.5352721482671 -1
1 2 21.34409197231518 -1
2 2 20.80812270486684 -1
3 2 20.312863355246524 0

0 3 22.837941308082694 1
1 3 21.453003403883102 -1
2 3 20.777179175786717 -1
3 3 21.705160857093762 1


# 16.28000000000008 18.0 5.420337330402827
0 0 19.23096902549617 -1
1 0 19.769606271650677 -1
2 0 20.266716008109245 0
3 0 19.751656241137383 0

0 1 20.614582449478817 -1
1 1 21.31620036808815 0
2 1 20.2095089994133 -1
3 1 20.033188919774947 0

0 2 21.446030106798403 -1
1 2 21.27985583664769 -1
2 2 20.740285703438364 -1
3 2 20.307146720089854 0

0 3 22.785923823119898 1
1 3 21.367772766946665 -1
2 3 20.70797628233342 -1
3 3 21.671316542267466 1


# 16.28000000000008 17.0 5.420337330402827
0 0 19.158624405231862 -1
1 0 19.7058612976185 -1
2 0 20.229198254226688 0
3 0 19.719105262544456 0

0 1 20.52950024516213 -1
1 1 21.273719466966018 0
2 1 20.16676927557433 -1
3 1 20.011791240242903 0

0 2 21.358120201172028 -1
1 2 21.21530153415088 -1
2 2 20.673518315419106 -1
3 2 20.300206071021233 0

0 3 22.733701281105006 1
1 3 21.28389005990598 -1
2 3 20.639465977486527 -1
3 3 21.63778521132793 1


# 16.28000000000008 17.0 5.733701281105006
0 0 19.087098265156882 -1
1 0 19.642975314954718 -1
2 0 20.19159812578605 0
3 0 19.687018145485204 0

0 1 20.445568490064858 -1
1 1 21.230228307928588 0
2 1 20.124049982219283 -1
3 1 19.99031129853741 0

0 2 21.271494008386654 -1
1 2 21.15047662881132 -1
2 2 20.607759820193447 -1
3 2 20.292107691999046 0

0 3 22.681312643804738 1
1 3 21.20130174039116 -1
2 3 20.571650567695045 -1
3 3 21.604550042836454 1


# 16.28000000000008 17.0 5.733701281105006
0 0 19.01638525327147 -1
1 0 19.580908891970452 -1
2 0 20.153934728739138 0
3 0 19.655376444575058 0

0 1 20.362751904317175 -1
1 1 21.185795598035835 0
2 1 20.081349200418828 -1
3 1 19.968744224042755 0

0 2 21.186105754157612 -1
1 2 21.085425305581712 -1
2 2 20.542953742012497 -1
3 2 20.282914145041786 0

0 3 22.628794278562353 1
1 3 21.1199575091168 -1
2 3 20.504530779379444 -1
3 3 21.5715955803874 1


# 16.28000000000008 17.0 5.733701281105006
0 0 18.946479313709148 -1
1 0 19.5196252341935 -1
2 0 20.116225680682344 0
3 0 19.624162531427057 0

0 1 20.281016892326686 -1
1 1 21.140486408920363 0
2 1 20.03866535946662 -1
3 1 19.947085871064186 0

0 2 21.101912150200643 -1
1 2 21.020188608636794 -1
2 2 20.47904754910619 -1
3 2 20.272684498956725 0

0 3 22.57618012044592 1
1 3 21.03981008783544 -1
2 3 20.438105925253456 -1
3 3 21.538907624583974 1


# 16.28000000000008 17.0 5.733701281105006
0 0 18.87737376393386 -1
1 0 19.459090004599815 -1
2 0 20.07848721683961 0
3 0 19.593359557350528 0

0 1 20.200331450725624 -1
1 1 21.094362366373332 0
2 1 19.99599721825282 -1
3 1 19.92533275977421 0

0 2 21.018872242049916 -1
1 2 20.954804662366605 -1
2 2 20.41599237440705 -1
3 2 20.261474543105727 0

0 3 22.52350182406849 1
1 3 20.960815013086616 -1
2 3 20.372374056537744 -1
3 3 21.506473133294673 1


# 16.28000000000008 17.0 5.733701281105006
0 0 18.80906136589615 -1
1 0 19.399271155795933 -1
2 0 20.040734288909135 0
3 0 19.56295141787011 0

0 1 20.12066508148698 -1
1 1 21.04748183020224 0
2 1 19.953343846816196 -1
3 1 19.9034820215572 0

0 2 20.936947266698883 -1
1 2 20.889308876385744 -1
2 2 20.353742756309657 -1
3 2 20.249336987229224 0

0 3 22.470788905759452 1
1 3 20.882930444601175 -1
2 3 20.307332102173625 -1
3 3 21.4742801295689 1


# 16.28000000000008 17.0 5.733701281105006
0 0 18.74153439157128 -1
1 0 19.340138773380698 -1
2 0 20.002980657231756 0
3 0 19.532922718972255 0

0 1 20.041988709926194 -1
1 1 20.99990006483064 0
2 1 19.91070460816817 -1
3 1 19.881531348424232 0

0 2 20.85610051940239 -1
1 2 20.823734135740956 -1
2 2 20.292256398006536 -1
3 2 20.236321648277592 0

0 3 22.418068876720156 1
1 3 20.806116987303543 -1
2 3 20.24297599606088 -1
3 3 21.442317616636483 1


# 16.28000000000008 17.0 5.733701281105006
0 0 18.6747846832744 -1
1 0 19.28166492976275 -1
2 0 19.96523897671086 0
3 0 19.503258744990877 0

0 1 19.964274607319382 -1
1 1 20.951669401090665 0
2 1 19.868079140466886 -1
3 1 19.85947894619524 0

0 2 20.776297229024856 -1
1 2 20.758110977410496 -1
2 2 20.23149394404881 -1
3 2 20.2224756251325 0

0 3 22.36536736775417 1
1 3 20.7303375259315 -1
2 3 20.179300793265725 -1
3 3 21.41057549945835 1


# 16.28000000000008 17.0 5.733701281105006
0 0 18.608803709121506 -1
1 0 19.223823547755792 -1
2 0 19.927520876887566 0
3 0 19.4739454280482 0

0 1 19.887496317882814 -1
1 1 20.902839389640505 0
2 1 19.82546733960574 -1
3 1 19.837323491168476 0

0 2 20.697504441362383 -1
1 2 20.69246775410659 -1
2 2 20.171418772879793 -1
3 2 20.207843462039015 0

0 3 22.312708246122547 1
1 3 20.655557071364317 -1
2 3 20.116300776072993 -1
3 3 21.379044512335195 1


# 16.28000000000008 17.0 5.733701281105006
0 0 18.543582613980796 -1
1 0 19.166590273316157 -1
2 0 19.88983703654993 0
3 0 19.444969318971086 0

0 1 19.81162858987154 -1
1 1 20.85345694642056 0
2 1 19.78286934226889 -1
3 1 19.815064090018748 0

0 2 20.61969090990637 -1
1 2 20.626830786316326 -1
2 2 20.11199680418193 -1
3 2 20.192467301511808 0

0 3 22.260113725037385 1
1 3 20.581742617816136 -1
2 3 20.053969550689928 -1
3 3 21.34771615211755 1


# 16.400000000000077 17.0 5.733701281105006
0 0 18.47983226623574 -1
1 0 19.110310996827355 -1
2 0 19.85256167691164 0
3 0 19.417041932691294 0

0 1 19.737015950567688 -1
1 1 20.80357533790414 0
2 1 19.74028998874818 -1
3 1 19.793068988913376 0

0 2 20.54319141723336 -1
1 2 20.56122898269877 -1
2 2 20.053196427464982 -1
3 2 20.176751453670263 0

0 3 22.208328839356636 1
1 3 20.509231756340803 -1
2 3 19.992664561592033 -1
3 3 21.317311362824466 1


# 16.520000000000074 17.0 5.733701281105006
0 0 18.418246228019996 -1
1 0 19.055330533874635 -1
2 0 19.816066035945124 0
3 0 19.39085804341271 0

0 1 19.664001436441737 -1
1 1 20.7532539329859 0
2 1 19.69774309391198 -1
3 1 19.771704322470953 0

0 2 20.468340088811523 -1
1 2 20.495698257996466 -1
2 2 19.994997287352714 -1
3 2 20.16109604828789 0

0 3 22.158079863281625 1
1 3 20.43836133476893 -1
2 3 19.93274068982452 -1
3 3 21.288534194620134 1


# 16.64000000000007 17.0 5.733701281105006
0 0 18.35878134745507 -1
1 0 19.001623867248533 -1
2 0 19.780353962490306 0
3 0 19.36637185326939 0

0 1 19.592557880542213 -1
1 1 20.702549221398968 0
2 1 19.655246682928762 -1
3 1 19.750965315941006 0

0 2 20.395105837103284 -1
1 2 20.430276905780122 -1
2 2 19.93738974148164 -1
3 2 20.145532685284312 0

0 3 22.109350594265955 1
1 3 20.369098576987085 -1
2 3 19.874185851008956 -1
3 3 21.26134358604933 1


# 16.76000000000007 17.0 5.733701281105006
0 0 18.301395399920178 -1
1 0 18.94916724782981 -1
2 0 19.74542852547405 0
3 0 19.343539192648674 0

0 1 19.522659055060508 -1
1 1 20.65151505747101 0
2 1 19.612818425832593 -1
3 1 19.73084745631667 0

0 2 20.323458830606224 -1
1 2 20.365001160781226 -1
2 2 19.880365491365406 -1
3 2 20.13009099090715 0

0 3 22.0621246617635 1
1 3 20.301412176836273 -1
2 3 19.81698750031759 -1
3 3 21.23570015884625 1


# 16.880000000000067 17.0 5.733701281105006
0 0 18.246047081157737 -1
1 0 18.89793811139019 -1
2 0 19.711292076162596 0
3 0 19.32231745610307 0

0 1 19.45427962637879 -1
1 1 20.600202782604995 0
2 1 19.570475635070025 -1
3 1 19.711346472136334 0

0 2 20.253370425107846 -1
1 2 20.2999053155747 -1
2 2 19.8239174610823 -1
3 2 20.114798738393826 0

0 3 22.016385565163347 1
1 3 20.23527220598182 -1
2 3 19.76113270321518 -1
3 3 21.211566130427094 1


# 17.000000000000064 17.0 5.733701281105006
0 0 18.19269599908929 -1
1 0 18.847915001006083 -1
2 0 19.677946306069916 0
3 0 19.302665541021838 0

0 1 19.387395112552504 -1
1 1 20.548661341810394 0
2 1 19.52823526355985 -1
3 1 19.692458314822314 0

0 2 20.184813099172803 -1
1 2 20.235021829723685 -1
2 2 19.76803968536906 -1
3 2 20.099681960948708 0

0 3 21.972116708479323 1
1 3 20.170650028227602 -1
2 3 19.706608199808425 -1
3 3 21.188905231660804 1


# 17.12000000000006 17.0 5.733701281105006
0 0 18.141302664484776 -1
1 0 18.799077494712208 -1
2 0 19.645392300806506 0
3 0 19.2845437889326 0

0 1 19.321981843090914 -1
1 1 20.496937394576534 0
2 1 19.48611390325587 -1
3 1 19.674179141437424 0

0 2 20.117760393583072 -1
1 2 20.170381431918024 -1
2 2 19.712727206422517 -1
3 2 20.084765057543112 0

0 3 21.929301432035796 1
1 3 20.10751821980719 -1
2 3 19.653400463311158 -1
3 3 21.167682629571267 1


# 17.24000000000006 17.0 5.733701281105006
0 0 18.09182848061696 -1
1 0 18.751406138046296 -1
2 0 19.61363059013545 0
3 0 19.267913929309902 0

0 1 19.258016920906414 -1
1 1 20.44507542036638 0
2 1 19.444127784199928 -1
3 1 19.65650529874969 0

0 2 20.052186854470907 -1
1 2 20.10601321559876 -1
2 2 19.65797597876207 -1
3 2 20.070070892011298 0

0 3 21.887923041373845 1
1 3 20.045850495218694 -1
2 3 19.601495753094714 -1
3 3 21.147864854647974 1


# 17.360000000000056 17.0 5.733701281105006
0 0 18.044235732022184 -1
1 0 18.70488238115864 -1
2 0 19.582661194485784 0
3 0 19.25273902577357 0

0 1 19.19547818631066 -1
1 1 20.393117818996007 0
2 1 19.402292774050252 -1
3 1 19.639433308504223 0

0 2 19.988067979902528 -1
1 2 20.041944728524573 -1
2 2 19.60378278155366 -1
3 2 20.055620885883293 0

0 3 21.84796483358584 1
1 3 19.98562163820197 -1
2 3 19.55088016275758 -1
3 3 21.12941973246434 1


# 17.360000000000056 17.0 5.733701281105006
0 0 17.997767572479017 -1
1 0 18.659119880181507 -1
2 0 19.552119244477446 0
3 0 19.238259051481503 0

0 1 19.133975542942142 -1
1 1 20.34109615879258 0
2 1 19.360619898815774 -1
3 1 19.622591107581215 0

0 2 19.925015746007254 -1
1 2 19.97819757745006 -1
2 2 19.550145030337966 -1
3 2 20.041070679120796 0

0 3 21.808685748187262 1
1 3 19.926438691258227 -1
2 3 19.501175237370486 -1
3 3 21.11158757309352 1


# 17.360000000000056 17.0 5.733701281105006
0 0 17.951685084947258 -1
1 0 18.613735651072492 -1
2 0 19.52164161142583 0
3 0 19.223732518256256 0

0 1 19.073122134015538 -1
1 1 20.289031646306782 0
2 1 19.31911105642044 -1
3 1 19.605609252108373 0

0 2 19.862645150190783 -1
1 2 19.914783219949584 -1
2 2 19.49705175119608 -1
3 2 20.0260766935145 0

0 3 21.76936206734991 1
1 3 19.86791211252142 -1
2 3 19.452004494642658 -1
3 3 21.093627394720038 1


# 17.360000000000056 17.0 5.733701281105006
0 0 17.905986715310213 -1
1 0 18.56871867340396 -1
2 0 19.491231410722914 0
3 0 19.209160235553007 0

0 1 19.01290296652858 -1
1 1 20.236944318279686 0
2 1 19.277763766499945 -1
3 1 19.58848967186663 0

0 2 19.80093863292871 -1
1 2 19.851707787171115 -1
2 2 19.444483900040606 -1
3 2 20.01066068398642 0

0 3 21.730011241870717 1
1 3 19.810024486079733 -1
2 3 19.40335793523775 -1
3 3 21.075545031940806 1


# 17.360000000000056 17.0 5.733701281105006
0 0 17.860670653238238 -1
1 0 18.524058645707886 -1
2 0 19.460891483245682 0
3 0 19.194543040934448 0

0 1 18.953303685187738 -1
1 1 20.18485299761706 0
2 1 19.236575722341186 -1
3 1 19.571234459015376 0

0 2 19.739879482916457 -1
1 2 19.788976703786748 -1
2 2 19.39242352538288 -1
3 2 19.994843371455058 0

0 3 21.690649684791325 1
1 3 19.752759269550175 -1
2 3 19.355225635880252 -1
3 3 21.05734623887896 1


# 17.360000000000056 17.0 5.733701281105006
0 0 17.81573485769241 -1
1 0 18.479745934650815 -1
2 0 19.43062441732448 0
3 0 19.179881797976886 0

0 1 18.894310538468563 -1
1 1 20.13277536052241 0
2 1 19.19554478081575 -1
3 1 19.5538458511397 0

0 2 19.679451787758527 -1
1 2 19.726594741323552 -1
2 2 19.3408536985182 -1
3 2 19.97864449931639 0

0 3 21.65129282882654 1
1 3 19.696100738701432 -1
2 3 19.307597767286467 -1
3 3 21.039036681478553 1


# 17.360000000000056 17.0 5.733701281105006
0 0 17.771177080492915 -1
1 0 18.435771527695557 -1
2 0 19.40043256907471 0
3 0 19.165177394292293 0

0 1 18.83591034659817 -1
1 1 20.08072799997453 0
2 1 19.15466895276108 -1
3 1 19.53632621554827 0

0 2 19.61964038767365 -1
1 2 19.664566067638436 -1
2 2 19.289758448433354 -1
3 2 19.962082886490624 0

0 3 21.611955180505287 1
1 3 19.640033935861133 -1
2 3 19.260464609849713 -1
3 3 21.02062193090141 1


