# 20.0 20.0 0.0
0 0 20.0 0
1 0 20.0 0
2 0 20.0 0
3 0 20.0 0

0 1 20.0 0
1 1 20.0 0
2 1 20.0 0
3 1 20.0 0

0 2 20.0 0
1 2 20.0 0
2 2 20.0 0
3 2 20.0 0

0 3 20.0 0
1 3 20.0 0
2 3 20.0 0
3 3 20.0 0


# 20.0 20.0 0.0
0 0 20.0 0
1 0 20.0 0
2 0 20.0 0
3 0 20.0 0

0 1 20.0 0
1 1 20.0 0
2 1 20.0 0
3 1 20.0 0

0 2 20.0 0
1 2 20.0 0
2 2 20.0 0
3 2 20.0 0

0 3 20.0 0
1 3 20.0 0
2 3 20.0 0
3 3 20.0 0


# 20.0 20.0 0.0
0 0 20.0 0
1 0 20.0 0
2 0 20.0 0
3 0 20.0 0

0 1 20.0 0
1 1 20.0 0
2 1 20.0 0
3 1 20.0 0

0 2 20.0 0
1 2 20.0 0
2 2 20.0 0
3 2 20.0 0

0 3 20.0 0
1 3 20.0 0
2 3 20.0 0
3 3 20.0 0


# 20.0 20.0 0.0
0 0 20.0 0
1 0 20.0 0
2 0 20.0 0
3 0 20.0 0

0 1 20.0 0
1 1 20.0 0
2 1 20.0 0
3 1 20.0 0

0 2 20.0 0
1 2 20.0 0
2 2 20.0 0
3 2 20.0 0

0 3 20.0 0
1 3 20.0 0
2 3 20.0 0
3 3 20.0 0


# 20.0 20.0 0.0
0 0 20.0 0
1 0 20.0 0
2 0 20.0 0
3 0 20.0 0

0 1 20.0 0
1 1 20.0 0
2 1 20.0 0
3 1 20.0 0

0 2 20.0 0
1 2 20.0 0
2 2 20.0 0
3 2 20.0 0

0 3 20.0 0
1 3 20.0 0
2 3 20.0 0
3 3 20.0 0


# 20.0 20.0 0.0
0 0 20.0 0
1 0 20.0 0
2 0 20.0 0
3 0 20.0 0

0 1 20.0 0
1 1 20.0 0
2 1 20.0 0
3 1 20.0 0

0 2 20.0 0
1 2 20.0 0
2 2 20.0 0
3 2 20.0 0

0 3 20.0 0
1 3 20.0 0
2 3 20.0 0
3 3 20.0 0


# 20.0 20.0 0.0
0 0 20.0 0
1 0 20.0 0
2 0 20.0 0
3 0 20.0 0

0 1 20.0 0
1 1 20.0 0
2 1 20.0 0
3 1 20.0 0

0 2 20.0 0
1 2 20.0 0
2 2 20.0 0
3 2 20.0 0

0 3 20.0 0
1 3 20.0 0
2 3 20.0 0
3 3 20.0 0


# 20.0 20.0 0.0
0 0 20.0 0
1 0 20.0 0
2 0 20.0 0
3 0 20.0 0

0 1 20.0 0
1 1 20.0 0
2 1 20.0 0
3 1 20.0 0

0 2 20.0 0
1 2 20.0 0
2 2 20.0 0
3 2 20.0 0

0 3 20.0 0
1 3 20.0 0
2 3 20.0 0
3 3 20.0 0


# 20.0 20.0 0.0
0 0 20.0 0
1 0 20.0 0
2 0 20.0 0
3 0 20.0 0

0 1 20.0 0
1 1 20.0 0
2 1 20.0 0
3 1 20.0 0

0 2 20.0 0
1 2 20.0 0
2 2 20.0 0
3 2 20.0 0

0 3 20.0 0
1 3 20.0 0
2 3 20.0 0
3 3 20.0 0


# 20.0 20.0 0.0
0 0 20.0 0
1 0 20.0 0
2 0 20.0 0
3 0 20.0 0

0 1 20.0 0
1 1 20.0 0
2 1 20.0 0
3 1 20.0 0

0 2 20.0 0
1 2 20.0 0
2 2 20.0 0
3 2 20.0 0

0 3 20.0 0
1 3 20.0 0
2 3 20.0 0
3 3 20.0 0


# 20.0 20.0 0.0
0 0 20.0 0
1 0 20.0 0
2 0 20.0 0
3 0 20.0 0

0 1 20.0 0
1 1 20.0 0
2 1 20.0 0
3 1 20.0 0

0 2 20.0 0
1 2 20.0 0
2 2 20.0 0
3 2 20.0 0

0 3 20.0 0
1 3 20.0 0
2 3 20.0 0
3 3 20.0 0


# 20.0 20.0 0.0
0 0 20.0 0
1 0 20.0 0
2 0 20.0 0
3 0 20.0 0

0 1 20.0 0
1 1 20.0 0
2 1 20.0 0
3 1 20.0 0

0 2 20.0 0
1 2 20.0 0
2 2 20.0 0
3 2 20.0 0

0 3 20.0 0
1 3 20.0 0
2 3 20.0 0
3 3 20.0 0


# 20.0 20.0 0.0
0 0 20.0 0
1 0 20.0 0
2 0 20.0 0
3 0 20.0 0

0 1 20.0 0
1 1 20.0 0
2 1 20.0 0
3 1 20.0 0

0 2 20.0 0
1 2 20.0 0
2 2 20.0 0
3 2 20.0 0

0 3 20.0 0
1 3 20.0 0
2 3 20.0 0
3 3 20.0 0


# 20.0 20.0 0.0
0 0 20.0 0
1 0 20.0 0
2 0 20.0 0
3 0 20.0 0

0 1 20.0 0
1 1 20.0 0
2 1 20.0 0
3 1 20.0 0

0 2 20.0 0
1 2 20.0 0
2 2 20.0 0
3 2 20.0 0

0 3 20.0 0
1 3 20.0 0
2 3 20.0 0
3 3 20.0 0


# 20.0 20.0 0.0
0 0 20.0 0
1 0 20.0 0
2 0 20.0 0
3 0 20.0 0

0 1 20.0 0
1 1 20.0 0
2 1 20.0 0
3 1 20.0 0

0 2 20.0 0
1 2 20.0 0
2 2 20.0 0
3 2 20.0 0

0 3 20.0 0
1 3 20.0 0
2 3 20.0 0
3 3 20.0 0


# 20.0 20.0 0.0
0 0 20.0 0
1 0 20.0 0
2 0 20.0 0
3 0 20.0 0

0 1 20.0 0
1 1 20.0 0
2 1 20.0 0
3 1 20.0 0

0 2 20.0 0
1 2 20.0 0
2 2 20.0 0
3 2 20.0 0

0 3 20.0 0
1 3 20.0 0
2 3 20.0 0
3 3 20.0 0


# 20.0 20.0 0.0
0 0 20.0 0
1 0 20.0 0
2 0 20.0 0
3 0 20.0 0

0 1 20.0 0
1 1 20.0 0
2 1 20.0 0
3 1 20.0 0

0 2 20.0 0
1 2 20.0 0
2 2 20.0 0
3 2 20.0 0

0 3 20.0 0
1 3 20.0 0
2 3 20.0 0
3 3 20.0 0


# 20.0 20.0 0.0
0 0 20.0 0
1 0 20.0 0
2 0 20.0 0
3 0 20.0 0

0 1 20.0 0
1 1 20.0 0
2 1 20.0 0
3 1 20.0 0

0 2 20.0 0
1 2 20.0 0
2 2 20.0 0
3 2 20.0 0

0 3 20.0 0
1 3 20.0 0
2 3 20.0 0
3 3 20.0 0


# 20.0 20.0 0.0
0 0 20.0 0
1 0 20.0 0
2 0 20.0 0
3 0 20.0 0

0 1 20.0 0
1 1 20.0 0
2 1 20.0 0
3 1 20.0 0

0 2 20.0 0
1 2 20.0 0
2 2 20.0 0
3 2 20.0 0

0 3 20.0 0
1 3 20.0 0
2 3 20.0 0
3 3 20.0 0


# 20.0 20.0 0.0
0 0 20.0 0
1 0 20.0 0
2 0 20.0 0
3 0 20.0 0

0 1 20.0 0
1 1 20.0 0
2 1 20.0 0
3 1 20.0 0

0 2 20.0 0
1 2 20.0 0
2 2 20.0 0
3 2 20.0 0

0 3 20.0 0
1 3 20.0 0
2 3 20.0 0
3 3 20.0 0


# 20.0 20.0 0.0
0 0 20.0 0
1 0 20.0 0
2 0 20.0 0
3 0 20.0 0

0 1 20.0 0
1 1 20.0 0
2 1 20.0 0
3 1 20.0 0

0 2 20.0 0
1 2 20.0 0
2 2 20.0 0
3 2 20.0 0

0 3 20.0 0
1 3 20.0 0
2 3 20.0 0
3 3 20.0 0


# 20.0 20.0 0.0
0 0 20.0 0
1 0 20.0 0
2 0 20.0 0
3 0 20.0 0

0 1 20.0 0
1 1 20.0 0
2 1 20.0 0
3 1 20.0 0

0 2 20.0 0
1 2 20.0 0
2 2 20.0 0
3 2 20.0 0

0 3 20.0 0
1 3 20.0 0
2 3 20.0 0
3 3 20.0 0


# 20.0 20.0 0.0
0 0 20.06 1
1 0 20.00072 0
2 0 20.00000864 0
3 0 20.00000010368 0

0 1 20.00072 0
1 1 20.00001728 0
2 1 20.00000031104 0
3 1 20.00000000497664 0

0 2 20.00000864 0
1 2 20.00000031104 0
2 2 20.00000000746496 0
3 2 20.0000000001493 0

0 3 20.00000010368 0
1 3 20.00000000497664 0
2 3 20.0000000001493 0
3 3 20.000000000003585 0


# 20.0 20.0 0.05999999999999872
0 0 20.11785728 1
1 0 20.0021043584 0
2 0 20.000033534397442 0
3 0 20.00000050242001 0

0 1 20.0021043584 0
1 1 20.000066962626562 0
2 1 20.000001502223668 0
3 1 20.000000028825138 0

0 2 20.000033534397442 0
1 2 20.000001502223668 0
2 2 20.000000043163592 0
3 2 20.000000001006935 0

0 3 20.00000050242001 0
1 3 20.000000028825138 0
2 3 20.000000001006935 0
3 3 20.000000000027622 0


# 20.0 20.0 0.11785727999999907
0 0 20.1736649225216 1
1 0 20.004101160381747 0
2 0 20.000081363933056 0
3 0 20.00000146104599 0

0 1 20.004101160381747 0
1 1 20.000162212323016 0
2 1 20.00000435389587 0
3 1 20.000000097405866 0

0 2 20.000081363933056 0
1 2 20.00000435389587 0
2 2 20.000000145609405 0
3 2 20.00000000388116 0

0 3 20.00000146104599 0
1 3 20.000000097405866 0
2 3 20.00000000388116 0
3 3 20.000000000119776 0


# 20.0 20.0 0.17366492252159915
0 0 20.227511413159984 1
1 0 20.006661971518707 0
2 0 20.060157960085395 1
3 0 20.00072330513823 0

0 1 20.006661971518707 0
1 1 20.00031441794146 0
2 1 20.000729816361375 0
3 1 20.000017530819388 0

0 2 20.000157960085396 0
1 2 20.000009816361374 0
2 2 20.000009014305974 0
3 2 20.00000032226109 0

0 3 20.00000330513823 0
1 3 20.00000025081939 0
2 3 20.00000011490109 0
3 3 20.00000000536141 0


# 20.0 20.0 0.22751141315998424
0 0 20.279480889602674 1
1 0 20.010461607926477 0
2 0 20.11777430251492 1
3 0 20.002110768153265 0

0 1 20.009741607926475 0
1 1 20.000550640063178 0
2 1 20.00211500302847 0
3 1 20.00006750764629 0

0 2 20.00026838251492 0
1 2 20.00001928462847 0
2 2 20.000034198317117 0
3 2 20.000001529262022 0

0 3 20.000006409753265 0
1 3 20.00000054999637 0
2 3 20.000000527119344 0
3 3 20.000000029844976 0


# 20.0 20.0 0.2794808896026737
0 0 20.329662016167212 1
1 0 20.01539806389851 0
2 0 20.17306326783026 1
3 0 20.064112349805466 1

0 1 20.013298232858507 0
1 1 20.000894176353114 0
2 1 20.004102192684865 0
3 1 20.00088326518617 0

0 2 20.000416997576178 0
1 2 20.000034510033217 0
2 2 20.00008222190709 0
3 2 20.000013051236277 0

0 3 20.00001118957302 0
1 3 20.000001081617228 0
2 3 20.000001504980762 0
3 3 20.00000020344516 0


# 20.0 20.0 0.32966201616721236
0 0 20.378138539146278 1
1 0 20.021376497014728 0
2 0 20.22686970305545 1
3 0 20.12453734083137 1

0 1 20.077293103635355 1
1 1 20.002084931528582 0
2 1 20.006664328896118 0
3 1 20.00242074469992 0

0 2 20.001327549316876 0
1 2 20.00007480296406 0
2 2 20.000159319512477 0
3 2 20.000043466296244 0

0 3 20.0000267303196 0
1 3 20.000002272648477 0
2 3 20.000003383318845 0
3 3 20.000000758316517 0


# 20.0 20.0 0.3781385391462777
0 0 20.425709586944812 1
1 0 20.028334654798456 0
2 0 20.27925561142143 1
3 0 20.1834341128349 1

0 1 20.139196258096153 1
1 1 20.004076095352268 0
2 1 20.00977538236094 0
3 1 20.004638108960428 0

0 2 20.002943365742127 0
1 2 20.00015738506085 0
2 2 20.00027142758032 0
3 2 20.00010056425009 0

0 3 20.000061115688784 0
1 3 20.000004839806063 0
2 3 20.000006565527887 0
3 3 20.00000201657446 0


# 20.0 20.0 0.4257095869448122
0 0 20.472394412769535 1
1 0 20.03621331273144 0
2 0 20.330279949436857 1
3 0 20.24084950147361 1

0 1 20.19910298174248 1
1 1 20.066823431518106 1
2 1 20.01413031901756 0
3 1 20.007504273000986 0

0 2 20.005211602170863 0
1 2 20.001017566190832 0
2 2 20.0004414592363 0
3 2 20.000191713537326 0

0 3 20.00012151282771 0
1 3 20.000018384268767 0
2 3 20.00001183209667 0
3 3 20.000004386525386 0


# 20.0 20.0 0.4723944127695354
0 0 20.51821200944352 1
1 0 20.0456761382815 0
2 0 20.38001606306578 1
3 0 20.29682916345336 1

0 1 20.257823621026887 1
1 1 20.12743967853944 1
2 1 20.07963688139083 1
3 1 20.011708986635522 0

0 2 20.00810026728023 0
1 2 20.002600720485567 0
2 2 20.001409562963083 0
3 2 20.000341136802245 0

0 3 20.000214562184503 0
1 3 20.00005153750668 0
2 3 20.000028920992552 0
3 3 20.00000866930401 0


# 20.0 20.0 0.5182120094435199
0 0 20.563198374215254 1
1 0 20.056605589863523 0
2 0 20.42925224803351 1
3 0 20.351434848385068 1

0 1 20.315379888784175 1
1 1 20.186773250935836 1
2 1 20.143364039666885 1
3 1 20.07715888949508 1

0 2 20.01157839811191 0
1 2 20.00487363889647 0
2 2 20.00312519677715 0
3 2 20.001290322123467 0

0 3 20.000346397173285 0
1 3 20.000112360416146 0
2 3 20.000066661028832 0
3 3 20.000024641006892 0


# 20.0 20.0 0.5631983742152542
0 0 20.607387058487276 1
1 0 20.068909105778733 0
2 0 20.47798814954207 1
3 0 20.40544495831165 1

0 1 20.37180279794566 1
1 1 20.244875529878367 1
2 1 20.206120338951187 1
3 1 20.141272483568923 1

0 2 20.015616379399397 0
1 2 20.007804457827092 0
2 2 20.005558568691015 0
3 2 20.002998396913483 0

0 3 20.000522671752833 0
1 3 20.000208366765975 0
2 3 20.000133360183188 0
3 3 20.000061335015804 0


# 20.0 20.0 0.6073870584872765
0 0 20.650809667226426 1
1 0 20.082499003495787 0
2 0 20.52624141887041 1
3 0 20.458859106641704 1

0 1 20.42712269934999 1
1 1 20.301804062439693 1
2 1 20.26792508108437 1
3 1 20.204096430274703 1

0 2 20.02018588941178 0
1 2 20.07136292649909 1
2 2 20.069400794570008 1
3 2 20.00615516696144 0

0 3 20.000748586643866 0
1 3 20.001066553841717 0
2 3 20.000974103256624 0
3 3 20.000144678197852 0


# 20.0 20.0 0.6508096672264259
0 0 20.693495979640424 1
1 0 20.09729254288037 0
2 0 20.57402820004513 1
3 0 20.51167767436644 1

0 1 20.481369377155193 1
1 1 20.358332866574017 1
2 1 20.32953497668989 1
3 1 20.26569279401938 1

0 2 20.025979852740065 0
1 2 20.133394866839843 1
2 2 20.131710265795622 1
3 2 20.010667222805214 0

0 3 20.001046194403667 0
1 3 20.00264674055437 0
2 3 20.00254721113442 0
3 3 20.000298042990003 0


# 20.0 20.0 0.6934959796404243
0 0 20.735474067413797 1
1 0 20.11322027768779 0
2 0 20.621372210788167 1
3 0 20.563902058146937 1

0 1 20.53458930475541 1
1 1 20.414461762090138 1
2 1 20.390916142201092 1
3 1 20.326119521748403 1

0 2 20.03291706331697 0
1 2 20.193972743212615 1
2 2 20.192565412869673 1
3 2 20.016446995178693 0

0 3 20.06143529705159 1
1 3 20.00563104046787 0
2 3 20.004822162222705 0
3 3 20.00054254333118 0


# 20.0 20.0 0.7354740674137972
0 0 20.77677071597622 1
1 0 20.13021628229116 0
2 0 20.668294991726732 1
3 0 20.615534558215348 1

0 1 20.586826348452284 1
1 1 20.470190775703696 1
2 1 20.452038215800023 1
3 1 20.3854307390653 1

0 2 20.041641359322256 0
1 2 20.25318239459877 1
2 2 20.252040150265533 1
3 2 20.02341238257313 0

0 3 20.119790895155216 1
1 3 20.009928082191937 0
2 3 20.007769760718816 0
3 3 20.000897197490758 0


# 20.0 20.0 0.7767707159762196
0 0 20.817411481769998 1
1 0 20.148217965425335 0
2 0 20.714816090947497 1
3 0 20.66657827607975 1

0 1 20.63813056521884 1
1 1 20.525520448162435 1
2 1 20.51287407058291 1
3 1 20.443677024775386 1

0 2 20.052025668490394 0
1 2 20.311103811847353 1
2 2 20.310204143361453 1
3 2 20.03148640289259 0

0 3 20.176221867937816 1
1 3 20.015452248025923 0
2 3 20.011362073835162 0
3 3 20.001379080101824 0


# 20.0 20.0 0.817411481769998
0 0 20.857420850794007 1
1 0 20.16716589955632 0
2 0 20.76095323408233 1
3 0 20.717037021247172 1

0 1 20.68854868508901 1
1 1 20.580451776255547 1
2 1 20.573399549336628 1
3 1 20.500905665416536 1

0 2 20.063951082792286 0
1 2 20.367811539883903 1
2 2 20.36712305927148 1
3 2 20.04059686762858 0

0 3 20.230830720661874 1
1 3 20.022123305621406 0
2 3 20.015572372074022 0
3 3 20.00200346409459 0


# 20.0 20.0 0.8574208507940071
0 0 20.896822275181165 1
1 0 20.18700365920118 0
2 0 20.80672248100829 1
3 0 20.766915226239373 1

0 1 20.73812434192602 1
1 1 20.634986160079453 1
2 1 20.633593219357778 1
3 1 20.55716089122775 1

0 2 20.077306336544673 0
1 2 20.42337505230768 1
2 2 20.422858802562867 1
3 2 20.0506760770828 0

0 3 20.28371397042404 1
1 3 20.029866063522977 0
2 3 20.020375072409077 0
3 3 20.002783953181087 0


# 20.0 20.0 0.8968222751811652
0 0 20.935638209288168 1
1 0 20.207677667719242 0
2 0 20.85213837016574 1
3 0 20.816217869231476 1

0 1 20.786898288036074 1
1 1 20.689125355124688 1
2 1 20.693436145857575 1
3 1 20.612484094902246 1

0 2 20.09198731813901 0
1 2 20.477859100269107 1
2 2 20.477469736787274 1
3 2 20.061660535263773 0

0 3 20.334962508068717 1
1 3 20.038610049023976 0
2 3 20.025745684235805 0
3 3 20.003732605500563 0


# 20.0 20.0 0.9356382092881681
0 0 20.973890145222857 1
1 0 20.229137052121192 0
2 0 20.8972140514253 1
3 0 20.864950403695072 1

0 1 20.834908593760396 1
1 1 20.742871428782802 1
2 1 20.752911682599184 1
3 1 20.666914034375047 1

0 2 20.107896613202353 0
1 2 20.531324037389748 1
2 2 20.531010892695345 1
3 2 20.073490683173546 0

0 3 20.38466193772496 1
1 3 20.048289206877175 0
2 3 20.03166075795878 0
3 3 20.00486004899613 0


# 20.0 20.0 0.9738901452228568
0 0 21.011598647745412 1
1 0 20.251333505467546 0
2 0 20.94196140836658 1
3 0 20.91311869447495 1

0 1 20.882190833099227 1
1 1 20.796226720903896 1
2 1 20.81200527851051 1
3 1 20.7204870208052 1

0 2 20.124943077146423 0
1 2 20.583826122366514 1
2 2 20.58353416395008 1
3 2 20.086110649285274 0

0 3 20.432892895375144 1
1 3 20.05884161749674 0
2 3 20.038097836089825 0
3 3 20.00617558905677 0


# 20.0 20.0 1.0115986477454122
0 0 21.04878338848938 1
1 0 20.274221156451027 0
2 0 20.98639117076842 1
3 0 20.960728959772734 1

0 1 20.928778256347535 1
1 1 20.849193808064616 1
2 1 20.870704299105068 1
3 1 20.77323709282934 1

0 2 20.143041435195343 0
1 2 20.6354178007894 1
2 2 20.635088491103712 1
3 2 20.09946801609117 0

0 3 20.479731347773942 1
1 3 20.070209233377714 0
2 3 20.04503540673651 0
3 3 20.00768730892466 0


# 20.0 20.0 1.0487833884893796
0 0 21.085463179457346 1
1 0 20.29775644577957 0
2 0 21.030513018052037 1
3 0 21.00778771855149 1

0 1 20.974701950653547 1
1 1 20.901775471233446 1
2 1 20.928997861626648 1
3 1 20.82519617808574 1

0 2 20.16211190810774 0
1 2 20.686147967597382 1
2 2 20.685720034555356 1
3 2 20.11351360167413 0

0 3 20.525248872951906 1
1 3 20.08233763254328 0
2 3 20.052452859365857 0
3 3 20.00940216333585 0


# 20.0 20.0 1.0854631794573457
0 0 21.12165600575408 1
1 0 20.3218980089973 0
2 0 21.074335674363958 1
3 0 21.054301742913033 1

0 1 21.019990989347242 1
1 1 20.953974666545065 1
2 1 20.98687668291117 1
3 1 20.87639424293612 1

0 2 20.182079861925974 0
1 2 20.736062211499544 1
2 2 20.735472337162108 1
3 2 20.128201255325024 0

0 3 20.569512923459268 1
1 3 20.095175787908357 0
2 3 20.060330442733367 0
3 3 20.01132606583246 0


# 20.0 20.0 1.1216560057540796
0 0 21.157379057527066 1
1 0 20.34660656540065 0
2 0 21.11786699593537 1
3 0 21.100278015034622 1

0 1 21.064672570826634 1
1 1 21.005794498918558 1
2 1 21.04433293903086 1
3 1 20.92685943124549 1

0 2 20.202875480194507 0
1 2 20.785203042597768 1
2 2 20.78438647713457 1
3 2 20.14348766629192 0

0 3 20.612587073431968 1
1 3 20.10867585152136 0
2 3 20.068649224872427 0
3 3 20.013463970156465 0


# 20.0 20.0 1.1573790575270664
0 0 21.19264876109082 1
1 0 20.371844812725158 0
2 0 21.16111405130757 1
3 0 21.14572368828401 1

0 1 21.108772147734364 1
1 1 21.057238198275524 1
2 1 21.101360135852936 1
3 1 20.976618193018325 1

0 2 20.224433457191505 0
1 2 20.83361010436255 1
2 2 20.83250121180867 1
3 2 20.15933218480746 0

0 3 20.654531250492973 1
1 3 20.1227929527142 0
2 3 20.077391055043936 0
3 3 20.015819946109048 0


# 20.0 20.0 1.192648761090819
0 0 21.227480809217063 1
1 0 20.397577327296304 0
2 0 21.20408319496985 1
3 0 21.190646052161647 1

0 1 21.15231354710573 1
1 1 21.10830909813371 1
2 1 21.157952989707162 1
3 1 21.02569540363167 1

0 2 20.246692710812997 0
1 2 20.881320371034782 1
2 2 20.879853112848973 1
3 2 20.175696654596624 0

0 3 20.695401953437553 1
1 3 20.137485009254398 0
2 3 20.08653852755064 0
3 3 20.01839725023489 0


# 20.0 20.0 1.227480809217063
0 0 21.26189019057807 1
1 0 20.42377046935404 0
2 0 21.24678013491579 1
3 0 21.2350525007464 1

0 1 21.19531908212159 1
1 1 21.1590106163699 1
2 1 21.214107317414413 1
3 1 21.07411447435223 1

0 2 20.269596113837977 0
1 2 20.928368331452848 1
2 2 20.926476693404396 1
3 2 20.192545256119466 0

0 3 20.73525245659091 1
1 3 20.152712550652847 0
2 3 20.096074947325018 0
3 3 20.02119839166777 0


# 20.0 20.0 1.2618901905780717
0 0 21.29589121833497 1
1 0 20.450392293276618 0
2 0 21.289209994586578 1
3 0 21.278950504346795 1

0 1 21.237809656054996 1
1 1 21.20934623796253 1
2 1 21.26981993498219 1
3 1 21.121897454774818 1

0 2 20.29309024238597 0
1 2 20.97478616023598 1
2 2 20.97240452770494 1
3 2 20.20984435985222 0

0 3 20.7741330016701 1
1 3 20.1684385528362 0
2 3 20.105984297203875 0
3 3 20.024225193452402 0


# 20.0 20.0 1.295891218334969
0 0 21.32949755786689 1
1 0 20.477412462443993 0
2 0 21.331377369635216 1
3 0 21.322347584083232 1

0 1 21.27980485895927 1
1 1 21.25931949953979 1
2 1 21.325088564322904 1
3 1 21.169065127773376 1

0 2 20.31712514045614 0
1 2 21.020603877191096 1
2 2 21.017667363557944 1
3 2 20.227562388955832 0

0 3 20.812090977929486 1
1 3 20.184628283444972 0
2 3 20.116251206806776 0
3 3 20.027478849637266 0


# 20.0 20.0 1.3313773696352165
0 0 21.36272225364052 1
1 0 20.504802168495132 0
2 0 21.373286379913353 1
3 0 21.36525128914848 1

0 1 21.32132305760662 1
1 1 21.308933975573268 1
2 1 21.37991174739722 1
3 1 21.21563709751291 1

0 2 20.34165409950971 0
1 2 21.065849495750953 1
2 2 21.062294228174093 1
3 2 20.245669690723577 0

0 3 20.84917109131948 1
1 3 20.201249157066812 0
2 3 20.12686092293943 0
3 3 20.03095997841428 0


# 20.0 20.0 1.3799117473972196
0 0 21.395577755222682 1
1 0 20.532534054746847 0
2 0 21.414940717052502 1
3 0 21.407669176513917 1

0 1 21.36238147915081 1
1 1 21.3581932660703 1
2 1 21.43428876722787 1
3 1 21.261631871030954 1

0 2 20.366633452124958 0
1 2 21.11054916119614 1
2 2 21.10631252772678 1
3 2 20.264138416239252 0

0 3 20.88541552334228 1
1 3 20.21827059975974 0
2 3 20.13779928144678 0
3 3 20.034668671563598 0


# 20.0 20.0 1.4342887672278692
0 0 21.42807594244144 1
1 0 20.56058214355425 0
2 0 21.45634368798385 1
3 0 21.449608792867593 1

0 1 21.402996288954114 1
1 1 21.407100985630116 1
2 1 21.48821957526939 1
3 1 21.307066933860167 1

0 2 20.39202237881762 0
1 2 21.154727279361936 1
2 2 21.1497481410237 1
3 2 20.28294240771457 0

0 3 20.920864080244886 1
1 3 20.235663922262475 0
2 3 20.149052680444214 0
3 3 20.038604540445213 0


# 20.0 20.0 1.4882195752693903
0 0 21.460228149703646 1
1 0 20.58892176740478 0
2 0 21.49749825471503 1
3 0 21.491077658587262 1

0 1 21.44318266298786 1
1 1 21.45566075374016 1
2 1 21.54170472465653 1
3 1 21.35195882012954 1

0 2 20.417782727178416 0
1 2 21.19840663648302 1
2 2 21.19262550764614 1
3 2 20.30205709300921 0

0 3 20.95555433314936 1
1 3 20.25340220132837 0
2 3 20.160608054858592 0
3 3 20.042766758763598 0


# 20.0 20.0 1.5417047246565296
0 0 21.492045189479025 1
1 0 20.61752950354899 0
2 0 21.53840707065851 1
3 0 21.532083253567578 1

0 1 21.48295485518714 1
1 1 21.50387618619914 1
2 1 21.594745308888616 1
3 1 21.396323177549682 1

0 2 20.443878842534758 0
1 2 21.24160851078434 1
2 2 21.234967710889617 1
3 2 20.321459386869257 0

0 3 20.989521749682343 1
1 3 20.271460168656482 0
2 3 20.17245285221425 0
3 3 20.047154102317112 0


# 20.0 20.0 1.5947453088886157
0 0 21.523537374962615 1
1 0 20.646383111981777 0
2 0 21.57907251378411 1
3 0 21.57263300473515 1

0 1 21.522326260113637 1
1 1 21.5517508875628 1
2 1 21.647342905539396 1
3 1 21.44017482765832 1

0 2 20.470277409395262 0
1 2 21.28435277638474 1
2 2 21.276796555819008 1
3 2 20.34112759845028 0

0 3 21.0227998176304 1
1 3 20.28981410692766 0
2 3 20.184575009602018 0
3 3 20.051764985930323 0


# 20.0 20.0 1.6473429055393964
0 0 21.554714541929105 1
1 0 20.675461476597853 0
2 0 21.619496716847646 1
3 0 21.612734275098756 1

0 1 21.56130947125551 1
1 1 21.599288444517114 1
2 1 21.69949952461161 1
3 1 21.4835278216746 1

0 2 20.49694730298391 0
1 2 21.326658000041245 1
2 2 21.318132642732156 1
3 2 20.361041344719414 0

0 3 21.055420161114643 1
1 3 20.308441752485795 0
2 3 20.19696293177251 0
3 3 20.056597497754733 0


# 20.0 20.0 1.6994995246116105
0 0 21.585586069793898 1
1 0 20.704744549354647 0
2 0 21.659681594928824 1
3 0 21.652394354194442 1

0 1 21.599916335270315 1
1 1 21.646492420091626 1
2 1 21.75121756118338 1
3 1 21.52639549228543 1

0 2 20.5238594502157 0
1 2 21.368541531225567 1
2 2 21.358995436307822 1
3 2 20.381181469357376 0

0 3 21.087412649746934 1
1 3 20.32732220423433 0
2 3 20.209605470297628 0
3 3 20.061649431111423 0


# 20.0 20.0 1.7512175611833811
0 0 21.616160901896816 1
1 0 20.734213297284757 0
2 0 21.699628870493765 1
3 0 21.691620449796794 1

0 1 21.638158002455413 1
1 1 21.693366348633017 1
2 1 21.80249975201922 1
3 1 21.568790501663525 1

0 2 20.550986699507774 0
1 2 21.410019585990934 1
2 2 21.39940333069703 1
3 2 20.40152996680603 0

0 3 21.11880550120095 1
1 3 20.346435838346363 0
2 3 20.222491903746985 0
3 3 20.06691831403805 0


# 20.0 20.0 1.8024997520192194
0 0 21.64644756502541 1
1 0 20.763849652208624 0
2 0 21.739340096181323 1
3 0 21.730419680778247 1

0 1 21.67604497371028 1
1 1 21.73991373146578 1
2 1 21.85334913584239 1
3 1 21.610724885994777 1

0 2 20.578303698859273 0
1 2 21.45110732505579 1
2 2 21.439373710800986 1
3 2 20.422069911130183 0

0 3 21.14962537760418 1
1 3 20.365764228412697 0
2 3 20.23561191882863 0
3 3 20.072401436692186 0


# 20.0 20.0 1.8533491358423895
0 0 21.676454188195525 1
1 0 20.793636463005974 0
2 0 21.778816675497225 1
3 0 21.768799071008136 1

0 1 21.713587144236694 1
1 1 21.786138033173113 1
2 1 21.90376901698755 1
3 1 21.652210096772507 1

0 2 20.605786781669945 0
1 2 21.491818926501793 1
2 2 21.478923009963918 1
3 2 20.442785389383857 0

0 3 21.179897476131423 1
1 3 20.385290070676906 0
2 3 20.248955592445824 0
3 3 20.078095876753224 0


# 20.0 20.0 1.9037690169875496
0 0 21.706188520707396 1
1 0 20.823557450312258 0
2 0 21.818059881586038 1
3 0 21.806765544192146 1

0 1 21.750793844205358 1
1 1 21.83204267843689 1
2 1 21.95376293217326 1
3 1 21.693257039097052 1

0 2 20.63341385980187 0
1 2 21.532167653456263 1
2 2 21.51806676429516 1
3 2 20.46366143919148 0

0 3 21.209645614156436 1
1 3 20.40499711402918 0
2 3 20.26251337462403 0
3 3 20.083998522955895 0


# 20.119999999999997 20.0 1.9537629321732588
0 0 21.73565794949614 1
1 0 20.85359716351337 0
2 0 21.85707087423797 1
3 0 21.84432591956125 1

0 1 21.787673876601552 1
1 1 21.877631049380852 1
2 1 22.003334620153076 1
3 1 21.733876107201844 1

0 2 20.661164323420763 0
1 2 21.572165917103874 1
2 2 21.556819663821862 1
3 2 20.484683990273194 0

0 3 21.238892309296205 1
1 3 20.424870094452242 0
2 3 20.276276072264583 0
3 3 20.090106096879936 0


# 20.239999999999995 20.0 2.003334620153076
0 0 21.76630951579566 1
1 0 20.884478219918783 0
2 0 21.896579562635573 1
3 0 21.882935654495093 1

0 1 21.824972832447454 1
1 1 21.92292417808605 1
2 1 22.052496952526674 1
3 1 21.774814709866906 1

0 2 20.689747794543262 0
1 2 21.61183429385373 1
2 2 21.59519581566543 1
3 2 20.506568662150666 0

0 3 21.269107600829486 1
1 3 20.44563216608862 0
2 3 20.29096368617308 0
3 3 20.097872665572144 0


# 20.359999999999992 20.0 2.052496952526674
0 0 21.79811578585541 1
1 0 20.916181569001118 0
2 0 21.936582591117155 1
3 0 21.92256673854508 1

0 1 21.86269342658648 1
1 1 21.967942292441535 1
2 1 22.101271523714487 1
3 1 21.81607737514542 1

0 2 20.71914201102768 0
1 2 21.651201195171428 1
2 2 21.633226477320004 1
3 2 20.52929889655679 0

0 3 21.30027701732502 1
1 3 20.467264917896934 0
2 3 20.306563580083278 0
3 3 20.10725959933123 0


# 20.47999999999999 20.0 2.1012715237144874
0 0 21.831050117511666 1
1 0 20.948688843115914 0
2 0 21.97707644755474 1
3 0 21.963192181829857 1

0 1 21.900837915721617 1
1 1 22.012705056137023 1
2 1 22.149679514850078 1
3 1 21.857668172508152 1

0 2 20.749325840103136 0
1 2 21.690293805300684 1
2 2 21.670941635970134 1
3 2 20.55285877579512 0

0 3 21.332386133797318 1
1 3 20.48975071357544 0
2 3 20.3230633331063 0
3 3 20.11822931906212 0


# 20.599999999999987 20.0 2.149679514850078
0 0 21.865086634387296 1
1 0 20.981982329361994 0
2 0 22.018057485069946 1
3 0 22.00478597117492 1

0 1 21.939408133628838 1
1 1 22.057231578840145 1
2 1 22.197741684605933 1
3 1 21.89959074644172 1

0 2 20.780279211691525 0
1 2 21.729138140327176 1
2 2 21.70837006064958 1
3 2 20.577232988725566 0

0 3 21.36542059208382 1
1 3 20.51307264839148 0
2 3 20.340450737453075 0
3 3 20.130745268290028 0


# 20.719999999999985 20.0 2.1977416846059334
0 0 21.900200201105243 1
1 0 21.016044942708973 0
2 0 22.059521941878884 1
3 0 22.04732302847247 1

0 1 21.97840552391607 1
1 1 22.101540426554518 1
2 1 22.245478361851145 1
3 1 21.94184834763976 1

0 2 20.811983055876407 0
1 2 21.767759103889137 1
2 2 21.74553935204143 1
3 2 20.602406798814748 0

0 3 21.399366119220016 1
1 3 20.537214508685782 0
2 3 20.35871379602825 0
3 3 20.144771885769703 0


# 20.839999999999982 20.0 2.245478361851145
0 0 21.936366399464955 1
1 0 21.050860200329975 0
2 0 22.101465959407815 1
3 0 22.09077917113203 1

0 1 22.017831170494347 1
1 1 22.145649632118676 1
2 1 22.292909439976782 1
3 1 21.98444386195797 1

0 2 20.84441924425284 0
1 2 21.806180539747643 1
2 2 21.78247599003825 1
3 2 20.62836601411772 0

0 3 21.434208543963358 1
1 3 20.56216073387785 0
2 3 20.377840719911294 0
3 3 20.16027457869034 0


# 20.95999999999998 19.0 2.292909439976782
0 0 21.973561505534107 1
1 0 21.086412197080843 0
2 0 22.14388559881096 1
3 0 22.135131074500503 1

0 1 22.05768582591645 1
1 1 22.18957670580964 1
2 1 22.3400543727373 1
3 1 22.027379837292003 1

0 2 20.87757053490975 0
1 2 21.844425281415383 1
2 2 21.819205379174594 1
3 2 20.655096959066658 0

0 3 21.46993381160613 1
1 3 20.587896380810175 0
2 3 20.39781992573912 0
3 3 20.17721969647516 0


# 21.079999999999977 19.0 3.340054372737299
0 0 22.011762467610847 1
1 0 21.122685582070226 0
2 0 22.186776856012596 1
3 0 22.180356236138138 1

0 1 22.09796993772792 1
1 1 22.233338646018186 1
2 1 22.386932171467876 1
3 1 22.07065850852581 1

0 2 20.911420520812534 0
1 2 21.882515199029232 1
2 2 21.855751892037848 1
3 2 20.682586447950325 0

0 3 21.50652799720778 1
1 3 20.61440709027986 0
2 3 20.41864003300359 0
3 3 20.1955745051735 0


# 21.199999999999974 19.0 3.386932171467876
0 0 22.050946885014433 1
1 0 21.15966553626782 0
2 0 22.230135675386553 1
3 0 22.226432941844113 1

0 1 22.13868367296549 1
1 1 22.27695194996608 1
2 1 22.433561403548413 1
3 1 22.11428182068784 1

0 2 20.945953581368837 0
1 2 21.92047124363966 1
2 2 21.892138910757733 1
3 2 20.71082175997584 0

0 3 21.543977317368082 1
1 3 20.641679055616244 0
2 3 20.44028986127601 0
3 3 20.215307162442276 0


# 21.319999999999972 19.0 3.4335614035484134
0 0 22.091092987664712 1
1 0 21.19733775110078 0
2 0 22.273957962178237 1
3 0 22.273340233332117 1

0 1 22.179826940928937 1
1 1 22.32043262443832 1
2 1 22.479960191994834 1
3 1 22.158251450442584 1

0 2 20.981154836974586 0
1 2 21.9583134890784 1
2 2 21.928388866669263 1
3 2 20.739790615811504 0

0 3 21.58226814065392 1
1 3 20.66969899317246 0
2 3 20.462758427369828 0
3 3 20.23638669311253 0


# 21.43999999999997 19.0 3.4799601919948344
0 0 22.13217961641314 1
1 0 21.235688407990903 0
2 0 22.318239593766567 1
3 0 22.32105787746267 1

0 1 22.221399414343836 1
1 1 22.36379619650618 1
2 1 22.526146216067698 1
3 1 22.2025688260361 1

0 2 21.01701010635057 0
1 2 21.996061171555017 1
2 2 21.964523278238786 1
3 2 20.76948115551607 0

0 3 21.621386996784654 1
1 3 20.69845411460773 0
2 3 20.486034942451802 0
3 3 20.258782965336092 0


# 21.43999999999997 18.0 3.5261462160676977
0 0 22.174186204090283 1
1 0 21.274704158787642 0
2 0 22.362976429856186 1
3 0 22.36956633694472 1

0 1 22.26340054902476 1
1 1 22.407057724219104 1
2 1 22.57213671279665 1
3 1 22.24723514580567 1

0 2 21.053505866492216 0
1 2 22.03373272712307 1
2 2 22.000562787337977 1
3 2 20.79988191776615 0

0 3 21.661320584673607 1
1 3 20.727932100845187 0
2 3 20.510108809111056 0
3 3 20.28246666730652 0


# 21.43999999999997 18.0 4.572136712796649
0 0 22.215652757236782 1
1 0 21.313634827054305 0
2 0 22.407435474323773 1
3 0 22.417397996256266 1

0 1 22.305092322141096 1
1 1 22.45021411252597 1
2 1 22.61793952082233 1
3 1 22.29151390289997 1

0 2 21.089900367706797 0
1 2 22.071336868642152 1
2 2 22.036526978941854 1
3 2 20.830252967809752 0

0 3 21.70060703324798 1
1 3 20.757383585141703 0
2 3 20.53424076590507 0
3 3 20.305951792088063 0


# 21.43999999999997 18.0 4.617939520822329
0 0 22.256593983766603 1
1 0 21.35247308716542 0
2 0 22.4516169116531 1
3 0 22.464569238165677 1

0 1 22.34647894617916 1
1 1 22.493262576198433 1
2 1 22.663553468259177 1
3 1 22.335410827068984 1

0 2 21.12618562643994 0
1 2 22.10887300414799 1
2 2 22.07241672642611 1
3 2 20.86058769530874 0

0 3 21.73926801059003 1
1 3 20.786802055933467 0
2 3 20.55842470063043 0
3 3 20.329245676324163 0


# 21.43999999999997 18.0 4.6635534682591775
0 0 22.29702402475114 1
1 0 21.391212059655704 0
2 0 22.495521018556637 1
3 0 22.51109592773922 1

0 1 22.38756449716831 1
1 1 22.53620040889168 1
2 1 22.70897748955406 1
3 1 22.378931505683312 1

0 2 21.16235429627234 0
1 2 22.14634038179917 1
2 2 22.108232686765163 1
3 2 20.890879930531046 0

0 3 21.77732423843526 1
1 3 20.81618144143464 0
2 3 20.58265478085824 0
3 3 20.352355248513163 0


# 21.43999999999997 18.0 4.708977489554059
0 0 22.336956478541985 1
1 0 21.429845288022047 0
2 0 22.53914816024104 1
3 0 22.5569934303317 1

0 1 22.42835292249171 1
1 1 22.579024982247283 1
2 1 22.754210618074705 1
3 1 22.422081390191863 1

0 2 21.198399626341615 0
1 2 22.183738108314273 1
2 2 22.143975319053773 1
3 2 20.92112391694185 0

0 3 21.814795538664903 1
1 3 20.845516082028436 0
2 3 20.606925439857335 0
3 3 20.37528705184828 0


# 21.43999999999997 18.0 4.754210618074705
0 0 22.37640442384064 1
1 0 21.468366716721068 0
2 0 22.582498786692447 1
3 0 22.60227662896237 1

0 1 22.468848048136213 1
1 1 22.62173374499437 1
2 1 22.799251979298308 1
3 1 22.464865802106235 1

0 2 21.234315422376653 0
1 2 22.221065165936626 1
2 2 22.179644901763602 1
3 2 20.951314285498906 0

0 3 21.85170087732583 1
1 3 20.87480070438068 0
2 3 20.631231363279237 0
3 3 20.39804726576708 0


# 21.43999999999997 18.0 4.799251979298308
0 0 22.415380441760664 1
1 0 21.506770670300153 0
2 0 22.625573428994095 1
3 0 22.64695994109293 1

0 1 22.509053585424073 1
1 1 22.66432422204615 1
2 1 22.84410078455091 1
3 1 22.507289938551487 1

0 2 21.27009601018107 0
1 2 22.258320428032125 1
2 2 22.215241548815282 1
3 2 20.98144603054556 0

0 3 21.88805840631684 1
1 3 20.904030397168228 0
2 3 20.655567476562517 0
3 3 20.42064172628476 0


# 21.319999999999972 18.0 4.8441007845509105
0 0 22.453896636925972 1
1 0 21.54505183360314 0
2 0 22.668372695687307 1
3 0 22.69105733482445 1

0 1 22.5489731372661 1
1 1 22.706794013589363 1
2 1 22.88875632525219 1
3 1 22.54935887741979 1

0 2 21.305736201412845 0
1 2 22.29550267341841 1
2 2 22.250765224541492 1
3 2 21.011514487201598 0

0 3 21.923885502872405 1
1 3 20.9332005883214 0
2 3 20.67992893301666 0
3 3 20.44307594518113 0


# 21.199999999999974 18.0 4.888756325252189
0 0 22.490524657647068 1
1 0 21.582467952994893 0
2 0 22.710168421825298 1
3 0 22.73313359836171 1

0 1 22.587872923972714 1
1 1 22.74912309944473 1
2 1 22.93320900911886 1
3 1 22.590340089704345 1

0 2 21.340502414156667 0
1 2 22.332601641011898 1
2 2 22.28621554260769 1
3 2 21.04078645766905 0

0 3 21.957750060798734 1
1 3 20.96156953122983 0
2 3 20.703582250058187 0
3 3 20.463897635647335 0


# 21.079999999999977 18.0 4.933209009118858
0 0 22.525309860495383 1
1 0 21.619019515550292 0
2 0 22.750965693585005 1
3 0 22.77323645822016 1

0 1 22.625761485655023 1
1 1 22.791292290487416 1
2 1 22.977440740077768 1
3 1 22.630243369808365 1

0 2 21.374394671011675 0
1 2 22.369598426667366 1
2 2 22.32157409105619 1
3 2 21.069262007605094 0

0 3 21.989702629036877 1
1 3 20.989138210587328 0
2 3 20.726527114803233 0
3 3 20.48314679023293 0


# 20.95999999999998 18.0 4.977440740077768
0 0 22.558296077532013 1
1 0 21.65470734463643 0
2 0 22.790769748969648 1
3 0 22.81141210314957 1

0 1 22.662647299725887 1
1 1 22.83328298627731 1
2 1 23.02143402690737 1
3 1 22.66907844592836 1

0 2 21.407413475094348 0
1 2 22.406474607343515 1
2 2 22.3568229077654 1
3 2 21.0969415810128 0

0 3 22.01979195461973 1
1 3 21.015907929863857 0
2 3 20.748763507515843 0
3 3 20.500861966846887 0


# 20.839999999999982 18.0 5.021434026907372
0 0 22.589525674473208 1
1 0 21.689532577078342 0
2 0 22.829585963998547 1
3 0 22.84770524035531 1

0 1 22.69853877876754 1
1 1 22.87507716281716 1
2 1 23.065171967381932 1
3 1 22.70685497666437 1

0 2 21.439559773229156 0
1 2 22.443212239475134 1
2 2 22.39194447973729 1
3 2 21.123825971689243 0

0 3 22.048065056690536 1
1 3 21.041880286453754 0
2 3 20.770291680996632 0
3 3 20.51708034787263 0


# 20.719999999999985 18.0 5.065171967381932
0 0 22.619039606462323 1
1 0 21.723496641640388 0
2 0 22.86741983970314 1
3 0 22.88215914949893 1

0 1 22.733444268569407 1
1 1 22.916657360406738 1
2 1 23.108638232825736 1
3 1 22.743582547892633 1

0 2 21.470834921530354 0
1 2 22.479793856557865 1
2 2 22.426921741614734 1
3 2 21.149916296526854 0

0 3 22.074567297145485 1
1 3 21.067057148439098 0
2 3 20.79111214124989 0
3 3 20.531837796602534 0


# 20.599999999999987 18.0 5.1086382328257365
0 0 22.646877471552198 1
1 0 21.756601238751436 0
2 0 22.90427698988852 1
3 0 22.91481573457034 1

0 1 22.767372046331364 1
1 1 22.95800667160081 1
2 1 23.15181705306206 1
3 1 22.77927066989105 1

0 2 21.501240653226496 0
1 2 22.51620246602166 1
2 2 22.461738073499554 1
3 2 21.175213970552644 0

0 3 22.099342448068235 1
1 3 21.091440632868732 0
2 3 20.811225629353043 0
3 3 20.54516891112371 0


# 20.47999999999999 18.0 5.151817053062061
0 0 22.673077561997314 1
1 0 21.788848321405716 0
2 0 22.94016312962166 1
3 0 22.94571557371996 1

0 1 22.800330319027342 1
1 1 22.999108729278174 1
2 1 23.194693201742567 1
3 1 22.813928774707808 1

0 2 21.53077904858839 0
1 2 22.55242154546344 1
2 2 22.496377298136917 1
3 2 21.199720683597054 0

0 3 22.122432756115263 1
1 3 21.115033085459427 0
2 3 20.830633104456854 0
3 3 20.557107075779903 0


# 20.359999999999992 18.0 5.194693201742567
0 0 22.697676913450607 1
1 0 21.82024007717488 0
2 0 22.9750840644092 1
3 0 22.974897967135444 1

0 1 22.832327221924 1
1 1 23.03994769482848 1
2 1 23.23725198204391 1
3 1 22.847566213763397 1

0 2 21.55945250682971 0
1 2 22.588435038304247 1
2 2 22.53082367752717 1
3 2 21.223438378490822 0

0 3 22.14387900400258 1
1 3 21.137837061631295 0
2 3 20.849335727848928 0
3 3 20.567684510327904 0


# 20.239999999999995 18.0 5.237251982043912
0 0 22.720711352155572 1
1 0 21.850778911270254 0
2 0 23.00904568002941 1
3 0 23.002400983044083 1

0 1 22.863370817248956 1
1 1 23.080508246463122 1
2 1 23.279479212719203 1
3 1 22.880192255676384 1

0 2 21.587263719857532 0
1 2 22.62422734893139 1
2 2 22.56506190902175 1
3 2 21.24636923069452 0

0 3 22.163720569236354 1
1 3 21.15985530879498 0
2 3 20.86733484801701 0
3 3 20.57693231690064 0


# 20.119999999999997 18.0 5.2794792127192025
0 0 22.622215540220203 -1
1 0 21.879027430597457 0
2 0 23.042036652984503 1
3 0 23.028261294558426 1

0 1 22.89202909300299 1
1 1 23.120741007655905 1
2 1 23.321360592412745 1
3 1 22.911816074349964 1

0 2 21.614198367757563 0
1 2 22.659782715301446 1
2 2 22.599077106025813 1
3 2 21.268515628972665 0

0 3 22.181995272862476 1
1 3 21.181090739859762 0
2 3 20.884631986353728 0
3 3 20.584880524876134 0


# 20.0 18.0 5.321360592412745
0 0 22.52650845905548 -1
1 0 21.905099711948715 0
2 0 23.074047772746194 1
3 0 23.052514254119476 1

0 1 22.91842124511049 1
1 1 23.160601410465702 1
2 1 23.362881792339984 1
3 1 22.94244673933245 1

0 2 21.64024442711104 0
1 2 22.695085309168526 1
2 2 22.632854781538594 1
3 2 21.28988015710478 0

0 3 22.198739465043076 1
1 3 21.201546409912435 0
2 3 20.901228823522796 0
3 3 20.591558133748123 0


# 19.880000000000003 18.0 5.362881792339984
0 0 22.433436406014195 -1
1 0 21.92910255111758 0
2 0 23.10507174946178 1
3 0 23.075193962836707 1

0 1 22.94265893973894 1
1 1 23.200049285871728 1
2 1 23.404028536982118 1
3 1 22.97209320816357 1

0 2 21.665391965739783 0
1 2 22.730119323645187 1
2 2 22.6663808341198 1
3 2 21.310465576618757 0

0 3 22.213988104809353 1
1 3 21.221225495719843 0
2 3 20.917127186497893 0
3 3 20.59699315409059 0


# 19.760000000000005 18.0 5.404028536982118
0 0 22.34285383328796 -1
1 0 21.9511359423941 0
2 0 23.13510303729094 1
3 0 23.09633333512004 1

0 1 22.964846805288698 1
1 1 23.239048487449605 1
2 1 23.44478667401126 1
3 1 23.0007643204497 1

0 2 21.68963295398363 0
1 2 22.764869049365494 1
2 2 22.69964153591997 1
3 2 21.33027481052629 0

0 3 22.22777483443266 1
1 3 21.240131277743163 0
2 3 20.932329036278027 0
3 3 20.60121264670498 0


# 19.640000000000008 18.0 5.444786674011262
0 0 22.25462288826179 -1
1 0 21.911293525769576 -1
2 0 23.16341767214353 1
3 0 23.11595551896684 1

0 1 22.985082891422913 1
1 1 23.276846545738856 1
2 1 23.365124954549746 -1
3 1 23.027028482399327 1

0 2 21.71296109121897 0
1 2 22.799310300403402 1
2 2 22.7311832114169 1
3 2 21.349276360570443 0

0 3 22.240132048820627 1
1 3 21.258267020703975 0
2 3 20.94681917130026 0
3 3 20.60424213780605 0


# 19.52000000000001 18.0 5.444786674011262
0 0 22.167892981290674 -1
1 0 21.87215708407733 -1
2 0 23.06863298060463 -1
3 0 23.01260905784008 -1

0 1 22.883441817402133 -1
1 1 23.19059832142058 -1
2 1 23.287808272681456 -1
3 1 22.929529610431658 -1

0 2 21.733931335387286 0
1 2 22.711911164651184 -1
2 2 22.75963619689933 1
3 2 21.365967648768127 0

0 3 22.25107367533618 1
1 3 21.27417745396986 0
2 3 20.96054943556975 0
3 3 20.606087625857086 0


# 19.400000000000013 18.0 5.444786674011262
0 0 22.081156020781965 -1
1 0 21.830731134419768 -1
2 0 22.97444417699853 -1
3 0 22.909242817207 -1

0 1 22.783525489202322 -1
1 1 23.10481731472385 -1
2 1 23.211214603181386 -1
3 1 22.833446467623407 -1

0 2 21.691184343251297 -1
1 2 22.62769721245406 -1
2 2 22.785158806247843 1
3 2 21.380413322316606 0

0 3 22.25985936459073 1
1 3 21.2879592730545 0
2 3 20.973476827737734 0
3 3 20.606755153126883 0


# 19.280000000000015 18.0 5.444786674011262
0 0 21.99440548351728 -1
1 0 21.787124430477014 -1
2 0 22.88080850377498 -1
3 0 22.80588113544433 -1

0 1 22.684502304353735 -1
1 1 23.0195125462227 -1
2 1 23.135303418115107 -1
3 1 22.738700890493735 -1

0 2 21.647419307411525 -1
1 2 22.546448345451502 -1
2 2 22.8078988865114 1
3 2 21.392676221940892 0

0 3 22.266528970431057 1
1 3 21.299702433309655 0
2 3 20.985563078648124 0
3 3 20.606250839221385 0


# 19.160000000000018 18.0 5.444786674011262
0 0 21.907626406928628 -1
1 0 21.741440573880094 -1
2 0 22.787686048145705 -1
3 0 22.70254605783201 -1

0 1 22.586327906697633 -1
1 1 22.934690186933743 -1
2 1 23.060036566190597 -1
3 1 22.64521855924456 -1

0 2 21.602699359171204 -1
1 2 22.46795871526094 -1
2 2 22.70799455494334 -1
3 2 21.341377388060288 -1

0 3 22.27112274900531 1
1 3 21.30949066562562 0
2 3 20.995334262062386 0
3 3 20.603826348810887 0


# 19.04000000000002 18.0 5.444786674011262
0 0 21.82080507804613 -1
1 0 21.693778245534638 -1
2 0 22.69503956455827 -1
3 0 22.59925749723569 -1

0 1 22.488960470106147 -1
1 1 22.85035386592603 -1
2 1 22.983938089549515 -1
3 1 22.552174255454435 -1

0 2 21.557082489298484 -1
1 2 22.39059575583794 -1
2 2 22.610545762252183 -1
3 2 21.289198094159964 -1

0 3 22.15368120790021 -1
1 3 21.25592739237895 -1
2 3 21.00213381709707 -1
3 3 20.59950458318878 -1


