# 20.0 20.0 0.0
0 0 20.0 0
1 0 20.0 0
2 0 20.0 0
3 0 20.0 0

0 1 20.0 0
1 1 20.06 1
2 1 20.06072 1
3 1 20.00072864 0

0 2 20.0 0
1 2 20.00072 0
2 2 20.00073728 0
3 2 20.00001759104 0

0 3 20.0 0
1 3 20.00000864 0
2 3 20.00000895104 0
3 3 20.00000031850496 0


# 20.0 20.0 0.060719999999999885
0 0 20.0 0
1 0 20.00072 0
2 0 20.00073728 0
3 0 20.00001759104 0

0 1 20.00072 0
1 1 20.117874559999997 1
2 1 20.11924637312 1
3 1 20.0021294157824 0

0 2 20.00001728 0
1 2 20.00210909312 0
2 2 20.00215847465984 0
3 2 20.000068310723684 0

0 3 20.00000031104 0
1 3 20.0000336973824 0
2 3 20.000034884982888 0
3 3 20.00000154538726 0


# 20.0 20.0 0.1192463731199993
0 0 20.00001728 0
1 0 20.002113309440002 0
2 0 20.002162841523198 0
3 0 20.000068464850226 0

0 1 20.00210466944 0
1 1 20.17372346246144 1
2 1 20.175684637543362 1
3 1 20.004149837276945 0

0 2 20.000067123123202 0
1 2 20.004119649741764 0
2 2 20.00421375767207 0
3 2 20.000165823357325 0

0 3 20.000001509688627 0
1 3 20.000082154625296 0
2 3 20.000084989305822 0
3 3 20.000004499505277 0


# 20.0 20.0 0.1756846375433625
0 0 20.000067273666563 0
1 0 20.004135993375336 0
2 0 20.00423067132845 0
3 0 20.000166566218883 0

0 1 20.004102567634536 0
1 1 20.22764125044283 1
2 1 20.230134601141923 1
3 1 20.006741147999932 0

0 2 20.000162988676806 0
1 2 20.006707108371163 0
2 2 20.006856607569926 0
3 2 20.00032208583722 0

0 3 20.00000439705946 0
1 3 20.000160262067872 0
2 3 20.000165676184693 0
3 3 20.00001019066735 0


# 20.0 20.0 0.2301346011419234
0 0 20.000163714546684 0
1 0 20.006746709289388 0
2 0 20.006897557652458 0
3 0 20.000324234302834 0

0 1 20.006665875237882 0
1 1 20.279717521950058 1
2 1 20.282690694309178 1
3 1 20.009858063957324 0

0 2 20.0003166717204 0
1 2 20.009829779929046 0
2 2 20.01004358924169 0
3 2 20.00054750035845 0

0 3 20.00000996197078 0
1 3 20.000273596078035 0
2 3 20.00028264629678 0
3 3 20.00001978556319 0


# 20.0 20.0 0.2826906943091778
0 0 20.000318771837332 0
1 0 20.00990655371651 0
2 0 20.010122918018997 0
3 0 20.000552333651648 0

0 1 20.009750144063986 0
1 1 20.33003720696068 1
2 1 20.333442282320483 1
3 1 20.013458530667084 0

0 2 20.00053845013971 0
1 2 20.013448664601494 0
2 2 20.013734150081014 0
3 2 20.00085105493913 0

0 3 20.000019347894444 0
1 3 20.00042711294827 0
2 3 20.000440947735427 0
3 3 20.00003457731501 0


# 20.0 20.0 0.33344228232048323
0 0 20.000543176424554 0
1 0 20.01357891807727 0
2 0 20.013868637870793 0
3 0 20.000860375662644 0

0 1 20.0133140640156 0
1 1 20.378680828174744 1
2 1 20.382473958530625 1
3 1 20.017503497048654 0

0 2 20.000837220151983 0
1 2 20.017527280436894 0
2 2 20.01789042977683 0
3 2 20.001240452681373 0

0 3 20.000033823367446 0
1 3 20.00062519882292 0
2 3 20.000645030401518 0
3 3 20.000055958328662 0


# 20.0 20.0 0.3824739585306247
0 0 20.000846337858384 0
1 0 20.01772935316487 0
2 0 20.018098919328516 0
3 0 20.001256631135316 0

0 1 20.017319245961165 0
1 1 20.425724746479478 1
2 1 20.429865819632756 1
3 1 20.021956705014006 0

0 2 20.001220621102785 0
1 2 20.02203150293011 0
2 2 20.022477082815293 0
3 2 20.00172223062265 0

0 3 20.000054755565326 0
1 3 20.00087171593912 0
2 3 20.00089879620965 0
3 3 20.00008539615082 0


# 20.0 20.0 0.42986581963275583
0 0 20.001236452884996 0
1 0 20.022325441756262 0
2 0 20.02278013942701 0
3 0 20.001748234547737 0

0 1 20.021730019476404 0
1 1 20.471241392054008 1
2 1 20.475693724122106 1
3 1 20.026784493674928 0

0 2 20.00169515035213 0
1 2 20.02692941488339 0
2 2 20.027461112830213 0
3 2 20.00230186896837 0

0 3 20.000083586760468 0
1 3 20.001170045443917 0
2 3 20.001205645421944 0
3 3 20.000124412062075 0


# 20.0 20.0 0.475693724122106
0 0 20.001720606115928 0
1 0 20.02733667885366 0
2 0 20.027880717221358 0
3 0 20.002341280634774 0

0 1 20.02651324444066 0
1 1 20.515299481983014 1
2 1 20.52002953503276 1
3 1 20.03195561715621 0

0 2 20.002266268990354 0
1 2 20.032191165879958 0
2 2 20.032811717998 0
3 2 20.002983891438294 0

0 3 20.000121813410303 0
1 3 20.00152312703182 0
2 3 20.001568519399324 0
3 3 20.00017456215789 0


# 20.0 20.0 0.5200295350327586
0 0 20.002304863375286 0
1 0 20.032734359092764 0
2 0 20.033370989195184 0
3 0 20.00304091380814 0

0 1 20.031638135546338 0
1 1 20.55796422519445 1
2 1 20.562941347945713 1
3 1 20.037441075073957 0

0 2 20.002938499070797 0
1 2 20.03778884074926 0
2 2 20.038500146728488 0
3 2 20.00377195740541 0

0 3 20.000170967640763 0
1 3 20.001933495629956 0
2 3 20.001989940038747 0
3 3 20.000237420689537 0


# 20.0 20.0 0.5629413479457135
0 0 20.002994358229444 0
1 0 20.038491470882295 0
2 0 20.03922309244062 0
3 0 20.00385141092122 0

0 1 20.03707609884333 0
1 1 20.599297515486164 1
2 1 20.60449370520107 1
3 1 20.043213954803182 0

0 2 20.003715512996624 0
1 2 20.043696336443393 0
2 2 20.044499562954584 0
3 2 20.004668946455748 0

0 3 20.000232600909214 0
1 3 20.002403315342193 0
2 3 20.002472046144955 0
3 3 20.000314565455923 0


# 20.0 20.0 0.6044937052010688
0 0 20.00379337216989 0
1 0 20.044582596866398 0
2 0 20.04541085511398 0
3 0 20.004776257847062 0

0 1 20.04280057949974 0
1 1 20.639358113358956 1
2 1 20.644747797186184 1
3 1 20.049249284719316 0

0 2 20.004600215652996 0
1 2 20.049889246781813 0
2 2 20.050784920371587 0
3 2 20.00567703595117 0

0 3 20.000308269648425 0
1 3 20.002934410848724 0
2 3 20.003016626966982 0
3 3 20.000407565054527 0


# 20.0 20.0 0.6447477971861844
0 0 20.004705408888167 0
1 0 20.050983820326344 0
2 0 20.051909693703507 0
3 0 20.005818220305642 0

0 1 20.04878692001555 0
1 1 20.678201817329445 1
2 1 20.683761651514732 1
3 1 20.055523897654364 0

0 2 20.00559481983292 0
1 2 20.05634475455688 0
2 2 20.057332845021627 0
3 2 20.006797772133986 0

0 3 20.000399522709262 0
1 3 20.003528296443875 0
2 3 20.00362515311261 0
3 3 20.000517967815522 0


# 20.0 20.0 0.6837616515147324
0 0 20.005733263052296 0
1 0 20.057672637161662 0
2 0 20.058696516675745 0
3 0 20.0069794093466 0

0 1 20.055012228177475 0
1 1 20.71588162535456 1
2 1 20.721590310858502 1
3 1 20.06201630386095 0

0 2 20.00670091546526 0
1 2 20.063041530525574 0
2 2 20.064121525660155 0
3 2 20.008032135272398 0

0 3 20.000507890434637 0
1 3 20.004186202882106 0
2 3 20.00429880503817 0
3 3 20.00064729225789 0


# 20.0 20.0 0.7215903108585024
0 0 20.00687908396648 0
1 0 20.064627873112833 0
2 0 20.06574963409518 0
3 0 20.008261341865595 0

0 1 20.061455254091456 0
1 1 20.7524478869606 1
2 1 20.758286000144217 1
3 1 20.068706572826176 0

0 2 20.00791953311634 0
1 2 20.069959638843777 0
2 2 20.071130611380052 0
3 2 20.009380599308525 0

0 3 20.00063487521097 0
1 3 20.004909102190172 0
2 3 20.005038499296507 0
3 3 20.00079701891987 0


# 20.0 20.0 0.7582860001442171
0 0 20.00814443447014 0
1 0 20.071829605908405 0
2 0 20.0730486728382 0
3 0 20.009664996506405 0

0 1 20.06809627567418 0
1 1 20.787948446633337 1
2 1 20.793898283781427 1
3 1 20.075576223322635 0

0 2 20.0092512022022 0
1 2 20.077080448528143 0
2 2 20.078341116004786 0
3 2 20.010843186436535 0

0 3 20.000781943356085 0
1 3 20.005697730592352 0
2 3 20.00584491271226 0
3 3 20.000968583428538 0


# 20.0 20.0 0.7938982837814272
0 0 20.009530345408205 0
1 0 20.07925909203881 0
2 0 20.080574497046918 0
3 0 20.01119086527661 0

0 1 20.07491699202679 0
1 1 20.822428778991437 1
2 1 20.828474213544308 1
3 1 20.082608121126174 0

0 2 20.01069600431664 0
1 2 20.084386550557653 0
2 2 20.085735328795565 0
3 2 20.012419517006403 0

0 3 20.000950518214175 0
1 3 20.006552609685283 0
2 3 20.006718504641256 0
3 3 20.001163370684882 0


# 20.0 20.0 0.8284742135443075
0 0 20.011037365982297 0
1 0 20.08689869787743 0
2 0 20.08830913349133 0
3 0 20.012839001182062 0

0 1 20.081900424153147 0
1 1 20.85593211623344 1
2 1 20.862058467689938 1
3 1 20.089786383869416 0

0 2 20.01225362205044 0
1 2 20.091861680252062 0
2 2 20.093296731048454 0
3 2 20.014108855119368 0

0 3 20.001141974339294 0
1 3 20.007474065989292 0
2 3 20.007659537458995 0
3 3 20.001382710051168 0


# 20.0 20.0 0.8620584676899377
0 0 20.012665610271302 0
1 0 20.09473183488653 0
2 0 20.096235701529796 0
3 0 20.014609062164297 0

0 1 20.089030822521377 0
1 1 20.888499568318434 1
2 1 20.894693481858013 1
3 1 20.0970962925366 0

0 2 20.013923383649676 0
1 2 20.099490644588034 0
2 2 20.10100991818642 0
3 2 20.015910150253646 0

0 3 20.00135763265875 0
1 3 20.00846224899421 0
2 3 20.0086680954125 0
3 3 20.001627871437318 0


# 20.0 20.0 0.8946934818580132
0 0 20.01441480019043 0
1 0 20.10274289866176 0
2 0 20.104338347377755 0
3 0 20.016500351605355 0

0 1 20.09629358100138 0
1 1 20.920170236312458 1
2 1 20.92641957226179 1
3 1 20.104524209139512 0

0 2 20.015704303835367 0
1 2 20.107259254135748 0
2 2 20.108860526978237 0
3 2 20.017822075233653 0

0 3 20.001598756516987 0
1 3 20.009517147809238 0
2 3 20.00974410195987 0
3 3 20.001900062191897 0


# 20.0 20.0 0.9264195722617892
0 0 20.016284305139532 0
1 0 20.11091721158392 0
2 0 20.1126021824133 0
3 0 20.018511855646196 0

0 1 20.10367515674277 0
1 1 20.950981319306152 1
2 1 20.95727505164727 1
3 1 20.11205750014598 0

0 2 20.017595121083026 0
1 2 20.11515425931935 0
2 2 20.116835167541204 0
3 2 20.01984306083239 0

0 3 20.00186654850908 0
1 3 20.010638606518707 0
2 3 20.010887335712578 0
3 3 20.00220042471153 0


# 20.0 20.0 0.9572750516472688
0 0 20.01827317857443 0
1 0 20.11924096886092 0
2 0 20.121013225265795 0
3 0 20.020642277547875 0

0 1 20.111162995587136 0
1 1 20.98096821528443 1
2 1 20.98729633846705 1
3 1 20.119684465262015 0

0 2 20.019594331638526 0
1 2 20.123163290723816 0
2 2 20.124921359808056 0
3 2 20.02197132727481 0

0 3 20.00216214802064 0
1 3 20.011826338338405 0
2 3 20.012097445086944 0
3 3 20.002530034690256 0


# 20.0 20.0 0.9872963384670506
0 0 20.020380191719127 0
1 0 20.127701187755996 0
2 0 20.129558347449883 0
3 0 20.022890069308694 0

0 1 20.11874546263618 0
1 1 21.010164616305776 1
2 1 21.01651805968654 1
3 1 20.127394271196252 0

0 2 20.021700220526277 0
1 2 20.131274803188816 0
2 2 20.133107474160113 0
3 2 20.024204912889825 0

0 3 20.002486629398273 0
1 3 20.01307993866028 0
2 3 20.01337396176342 0
3 3 20.002889899937244 0


# 20.0 20.0 1.0165180596865397
0 0 20.022603864621946 0
1 0 20.136285659810774 0
2 0 20.13822522232266 0
3 0 20.025253460735808 0

0 1 20.12641177762291 0
1 1 21.038602598326808 1
2 1 21.044973147613657 1
3 1 20.13517689006088 0

0 2 20.023910889786695 0
1 2 20.13947802344696 0
2 2 20.141382675948993 0
3 2 20.026541700139816 0

0 3 20.0028410006813 0
1 3 20.01439889706725 0
2 3 20.014716313044797 0
3 3 20.00328095969772 0


# 20.0 20.0 1.044973147613657
0 0 20.02494249474476 0
1 0 20.144982905883452 0
2 0 20.147002277155902 0
3 0 20.02773048615592 0

0 1 20.134151954757048 0
1 1 21.066312705987535 1
2 1 21.07269293111804 1
3 1 20.14302304208729 0

0 2 20.02622428416228 0
1 2 20.147762901079496 0
2 2 20.149736873648028 0
3 2 20.02897943923914 0

0 3 20.003226202831527 0
1 3 20.015782608393895 0
2 3 20.016123833197792 0
3 3 20.003704084417844 0


# 20.0 20.0 1.0726929311180413
0 0 20.027394183261634 0
1 0 20.153782133833207 0
2 0 20.155878648128642 0
3 0 20.0303190089369 0

0 1 20.141956746738188 0
1 1 21.09332403265336 1
2 1 21.099707221582584 1
3 1 20.150924142356725 0

0 2 20.028638214435254 0
1 2 20.156120062577248 0
2 2 20.158160670392082 0
3 2 20.031515769557096 0

0 3 20.00364310940354 0
1 3 20.017230382903495 0
2 3 20.017595773856044 0
3 3 20.004160075899758 0


# 20.0 20.0 1.0997072215825838
0 0 20.02995685923107 0
1 0 20.16267319869237 0
2 0 20.16484413805778 0
3 0 20.033016743980145 0

0 1 20.149817592651022 0
1 1 21.119664295992038 1
2 1 21.126044393908202 1
3 1 20.158872251267088 0

0 2 20.031150378604554 0
1 2 20.164540768308246 0
2 2 20.166645318680818 0
3 2 20.03414823898587 0

0 3 20.00409252660311 0
1 3 20.018741455646758 0
2 3 20.01913131355682 0
3 3 20.004649667797878 0


# 20.0 20.0 1.1260443939082023
0 0 20.032628301794873 0
1 0 20.17164656517743 0
2 0 20.173889176696143 0
3 0 20.035821278332417 0

0 1 20.157726569476377 0
1 1 21.145359909346862 1
2 1 21.1517314628725 1
3 1 20.166860028476158 0

0 2 20.033758381075817 0
1 2 20.173016872206453 0
2 2 20.175182678035597 0
3 2 20.03687432144018 0

0 3 20.00457519368607 0
1 3 20.020314995062986 0
2 3 20.02072956647819 0
3 3 20.005173526412175 0


# 20.0 20.0 1.151731462872501
0 0 20.035406160546103 0
1 0 20.180693272399047 0
2 0 20.183004783438154 0
3 0 20.03873009005542 0

0 1 20.165676346969995 0
1 1 21.17043604915159 1
2 1 21.17679415512384 1
3 1 20.174880690079593 0

0 2 20.03645975002498 0
1 2 20.181540784007847 0
2 2 20.18376517541449 0
3 2 20.039691432642567 0

0 3 20.005091783654425 0
1 3 20.021950110880027 0
2 3 20.02238959043859 0
3 3 20.005732251738312 0


# 20.0 20.0 1.1767941551238401
0 0 20.038287974198873 0
1 0 20.18980490063975 0
2 0 20.192182532283578 0
3 0 20.041740565481785 0

0 1 20.17366014567776 0
1 1 21.194916718617705 1
2 1 21.20125697707464 1
3 1 20.182927968798637 0

0 2 20.039251953084012 0
1 2 20.190105433871427 0
2 2 20.19238576820292 0
3 2 20.042596944336456 0

0 3 20.005642904210433 0
1 3 20.02364586136531 0
2 3 20.024110394215846 0
3 3 20.00632637873836 0


# 20.0 20.0 1.2012569770746389
0 0 20.041271187683524 0
1 0 20.198973540075897 0
2 0 20.201414518919254 0
3 0 20.044850014977055 0

0 1 20.18167169787192 0
1 1 21.21882480791078 1
2 1 21.225143278941037 1
3 1 20.190996076968148 0

0 2 20.04213241148593 0
1 2 20.198704239233177 0
2 2 20.201037909609898 0
3 2 20.045588197058123 0

0 3 20.006229098933073 0
1 3 20.02540125997655 0
2 3 20.02589094423868 0
3 3 20.00695637879934 0


# 20.0 20.0 1.2251432789410366
0 0 20.04435316778229 0
1 0 20.208191761328056 0
2 0 20.2106933297876 0
3 0 20.04805568731895 0

0 1 20.189705211207446 0
1 1 21.24218215101958 1
2 1 21.24847531516049 1
3 1 20.199079672129937 0

0 2 20.045098512796006 0
1 2 20.207331073750808 0
2 2 20.20971551631112 0
3 2 20.048662511588567 0

0 3 20.006850848644753 0
1 3 20.027215281457146 0
2 3 20.027730170699467 0
3 3 20.00762266135002 0


# 20.0 20.0 1.2484753151604906
0 0 20.047531217412555 0
1 0 20.217452587730914 0
2 0 20.220012013019044 0
3 0 20.051354782797254 0

0 1 20.19775533491147 0
1 1 21.265009579509286 1
2 1 21.27127430140442 1
3 1 20.207173825049964 0

0 2 20.048147622346256 0
1 2 20.215980238206257 0
2 2 20.218412938190973 0
3 2 20.05181719919694 0

0 3 20.007508572939184 0
1 3 20.029086867418084 0
2 3 20.0296269731336 0
3 3 20.008325575609387 0


# 20.0 20.0 1.2712743014044214
0 0 20.05080258865741 0
1 0 20.226749469220444 0
2 0 20.22936405111331 0
3 0 20.05474446513051 0

0 1 20.205817128331343 0
1 1 21.28732697333879 1
2 1 21.293560468389327 1
3 1 20.215273989990468 0

0 2 20.051277093481435 0
1 2 20.224646433241507 0
2 2 20.227124930045342 0
3 2 20.05504957077841 0

0 3 20.008202631844167 0
1 3 20.031014931445156 0
2 3 20.031580225507188 0
3 3 20.009065412442876 0


# 20.0 20.0 1.2935604683893267
0 0 20.054164494636368 0
1 0 20.236076257742248 0
2 0 20.2387433352617 0
3 0 20.05822187228884 0

0 1 20.213886031678907 0
1 1 21.309153308911153 1
2 1 21.315353112677144 1
3 1 20.2233759770798 0

0 2 20.05448427671639 0
1 2 20.23332473381133 0
2 2 20.235846625116455 0
3 2 20.058356944981387 0

0 3 20.008933327595717 0
1 3 20.03299836376743 0
2 3 20.033588780851808 0
3 3 20.00984240630493 0


# 20.0 20.0 1.315353112677144
0 0 20.057614120302514 0
1 0 20.24542718409078 0
2 0 20.248144141209387 0
3 0 20.061784126305913 0

0 1 20.221957838819552 0
1 1 21.330506704516203 1
2 1 21.336670644643704 1
3 1 20.23147592663362 0

0 2 20.057766527897023 0
1 2 20.24201056524395 0
2 2 20.244573510339514 0
3 2 20.061736655411504 0

0 3 20.009700906502243 0
1 3 20.035036035520374 0
2 3 20.03565147548201 0
3 3 20.010656737248674 0


# 20.0 20.0 1.3366706446437036
0 0 20.061148632246546 0
1 0 20.25479683609463 0
2 0 20.257561106563124 0
3 0 20.06542834215726 0

0 1 20.230028671965048 0
1 1 21.351404463314793 1
2 1 21.357530633783018 1
3 1 20.23957028529123 0

0 2 20.061121215449884 0
1 2 20.250699680807738 0
2 2 20.253301403189027 0
3 2 20.065186056992967 0

0 3 20.010505560879803 0
1 3 20.037126802634553 0
2 3 20.03776713282863 0
3 3 20.01150853298558 0


# 20.0 20.0 1.3575306337830177
0 0 20.06476518758239 0
1 0 20.26418013806818 0
2 0 20.266989209455573 0
3 0 20.06915163577656 0

0 1 20.23809495813868 0
1 1 21.371863114005254 1
2 1 21.377949851504727 1
3 1 20.24765578384029 0

0 2 20.064545726798904 0
1 2 20.2593881406885 0
2 2 20.262026430020132 0
3 2 20.068702531561414 0

0 3 20.011347431041333 0
1 3 20.039269509378602 0
2 3 20.03993456691844 0
3 3 20.012397870979857 0


# 20.0 20.0 1.3779498515047273
0 0 20.068460941983904 0
1 0 20.273572331454655 0
2 0 20.27642374848327 0
3 0 20.072951131276486 0

0 1 20.246153407290315 0
1 1 21.39189844930426 1
2 1 21.397944311572275 1
3 1 20.25572941661192 0

0 2 20.068037474021594 0
1 2 20.268072292288146 0
2 2 20.27074500580725 0
3 2 20.072283492756622 0

0 3 20.012226607324646 0
1 3 20.041462991583074 0
2 3 20.042152585528306 0
3 3 20.013324780564 0


# 20.0 20.0 1.3979443115722745
0 0 20.072233056937424 0
1 0 20.28296895659026 0
2 0 20.285860323840243 0
3 0 20.07682396743596 0

0 1 20.254200991947283 0
1 1 21.411525562366432 1
2 1 21.417529308320315 1
3 1 20.263788422336376 0

0 2 20.071593898811408 0
1 2 20.276748751761133 0
2 2 20.279453815188898 0
3 2 20.075926390277914 0

0 3 20.013143132145693 0
1 3 20.043706079569805 0
2 3 20.04441999303999 0
3 3 20.014289245063512 0


# 20.0 20.0 1.417529308320315
0 0 20.076078706270128 0
1 0 20.292365835523192 0
2 0 20.295294819574305 0
3 0 20.080767303511195 0

0 1 20.262234928294873 0
1 1 21.43075888125964 1
2 1 21.43671945278125 1
3 1 20.271830266357092 0

0 2 20.07521247680775 0
1 2 20.28541438671051 0
2 2 20.288149794733545 0
3 2 20.07962871356009 0

0 3 20.01409700206498 0
1 3 20.04599760080966 0
2 3 20.04673559301959 0
3 3 20.01529120392018 0


# 20.119999999999997 20.0 1.4367194527812508
0 0 20.08071508201022 0
1 0 20.302127695825348 0
2 0 20.305087810577596 0
3 0 20.08550269750801 0

0 1 20.270621298587418 0
1 1 21.44962104896603 1
2 1 21.455533186095362 1
3 1 20.280221370336054 0

0 2 20.079255145030178 0
1 2 20.294070779222878 0
2 2 20.29683022384911 0
3 2 20.08375242116783 0

0 3 20.01581254294072 0
1 3 20.048705128557852 0
2 3 20.049462616788695 0
3 3 20.017059301034532 0


# 20.239999999999995 20.0 1.4555331860953622
0 0 20.086842326990805 0
1 0 20.312616946839096 0
2 0 20.315597956498646 0
3 0 20.091734432319736 0

0 1 20.27972382629859 0
1 1 21.46814257547713 1
2 1 21.473997098676715 1
3 1 20.28932588020791 0

0 2 20.084081714720458 0
1 2 20.302728497531433 0
2 2 20.305501660714327 0
3 2 20.08865746158226 0

0 3 20.018996733514193 0
1 3 20.052193767332433 0
2 3 20.052962243632546 0
3 3 20.020304602659866 0


# 20.359999999999992 20.0 1.4739970986767155
0 0 20.094424092496787 0
1 0 20.323825010565525 0
2 0 20.326817520824445 0
3 0 20.099425713568614 0

0 1 20.289535206186383 0
1 1 21.486352761609748 1
2 1 21.49214121182051 1
3 1 20.299136885882834 0

0 2 20.089685407948984 0
1 2 20.31140233282119 0
2 2 20.314179539998317 0
3 2 20.0943373005383 0

0 3 20.02361540121106 0
1 3 20.05645738883645 0
2 3 20.057229127777916 0
3 3 20.024992434103904 0


# 20.47999999999999 20.0 1.4921412118205097
0 0 20.103425147767926 0
1 0 20.3357435052842 0
2 0 20.338738910117897 0
3 0 20.108540897432153 0

0 1 20.300048287334473 0
1 1 21.504279853099604 1
2 1 21.50999445592231 1
3 1 20.309647608522468 0

0 2 20.096059413071526 0
1 2 20.320106735185842 0
2 2 20.32287893351149 0
3 2 20.100785361629345 0

0 3 20.02963544839036 0
1 3 20.061489834241566 0
2 3 20.062257838833528 0
3 3 20.03108922488172 0


# 20.599999999999987 20.0 1.5099944559223104
0 0 20.113811343959703 0
1 0 20.34836423934839 0
2 0 20.351354671005378 0
3 0 20.11904545247893 0

0 1 20.311256066587994 0
1 1 21.521951078115357 1
2 1 21.527584709531897 1
3 1 20.320851395248205 0

0 2 20.10319689672449 0
1 2 20.328855812808037 0
2 2 20.33161454937657 0
3 2 20.10799503847499 0

0 3 20.037024813019897 0
1 3 20.067284922779358 0
2 3 20.06804287396697 0
3 3 20.03856246773528 0


# 20.719999999999985 20.0 1.5275847095318973
0 0 20.12554957924839 0
1 0 20.361679205236186 0
2 0 20.364657487230115 0
3 0 20.130905922779426 0

0 1 20.323151682440358 0
1 1 21.539392683286017 1
2 1 21.54493883685606 1
3 1 20.332741714225104 0

0 2 20.111091014761282 0
1 2 20.33766333183569 0
2 2 20.3404007319801 0
3 2 20.115959705826324 0

0 3 20.04575243100167 0
1 3 20.073836459664278 0
2 3 20.07457866917291 0
3 3 20.0473806793968 0


# 20.839999999999982 20.0 1.5449388368560584
0 0 20.138607765047567 0
1 0 20.37568057384303 0
2 0 20.378640176768194 0
3 0 20.144089892251287 0

0 1 20.335728409335 0
1 1 21.556629968310727 1
2 1 21.56208272378238 1
3 1 20.34531215008997 0

0 2 20.119734922207375 0
1 2 20.346542716893527 0
2 2 20.349251462633156 0
3 2 20.124672729687056 0

0 3 20.05578820006807 0
1 3 20.081138243391994 0
2 3 20.081859609692714 0
3 3 20.057513363011072 0


# 20.95999999999998 20.0 1.5620827237823782
0 0 20.15295479330399 0
1 0 20.390360689002218 0
2 0 20.39329568900436 0
3 0 20.15856595019937 0

0 1 20.348979652348795 0
1 1 21.573687319216134 1
2 1 21.579041312492148 1
3 1 20.358556399694734 0

0 2 20.129121782306388 0
1 2 20.35550705217321 0
2 2 20.358180360875306 0
3 2 20.134127476523172 0

0 3 20.067102945174 0
1 3 20.08918407245401 0
2 3 20.089880039641706 0
3 3 20.068930972136652 0


# 21.079999999999977 20.0 1.5790413124921479
0 0 20.16856050484126 0
1 0 20.405712062220864 0
2 0 20.408617101965127 0
3 0 20.17430365801211 0

0 1 20.36289894222651 0
1 1 21.59058824032311 1
2 1 21.595838634726825 1
3 1 20.3724682681387 0

0 2 20.139244774724403 0
1 2 20.364569083049417 0
2 2 20.367200686360583 0
3 2 20.14431732162883 0

0 3 20.079668385313877 0
1 3 20.097967751507003 0
2 3 20.098634270896806 0
3 3 20.08160487625004 0


# 21.199999999999974 20.0 1.5958386347268245
0 0 20.185395658720342 0
1 0 20.42172736761969 0
2 0 20.424597619606896 0
3 0 20.191273516976622 0

0 1 20.37747993073821 0
1 1 21.60735538498121 1
2 1 21.612497843768985 1
3 1 20.387041665065368 0

0 2 20.150097102975195 0
1 2 20.373741218172935 0
2 2 20.376325341268885 0
3 2 20.15523565671143 0

0 3 20.093457101696362 0
1 3 20.1074830970329 0
2 3 20.10811659129376 0
3 3 20.0955073276811 0


# 21.319999999999972 20.0 1.6124978437689848
0 0 20.203431902586704 0
1 0 20.438399437065762 0
2 0 20.441230569157142 0
3 0 20.209446937176132 0

0 1 20.392716386333724 0
1 1 21.62401058512621 1
2 1 21.629041245195484 1
3 1 20.402270601201618 0

0 2 20.161672001124675 0
1 2 20.383035531995265 0
2 2 20.385566873190328 0
3 2 20.166875896754426 0

0 3 20.108442507213184 0
1 3 20.117723942523547 0
2 3 20.118321272180165 0
3 3 20.110611429911796 0


# 21.43999999999997 20.0 1.6290412451954843
0 0 20.222641743974375 0
1 0 20.455721255488093 0
2 0 20.45850939850686 0
3 0 20.228796207434293 0

0 1 20.40860219007041 0
1 1 21.640574879713142 1
2 1 21.645490326457445 1
3 1 20.418149185118903 0

0 2 20.173962739828784 0
1 2 20.39246376768256 0
2 2 20.394937478434088 0
3 2 20.179231486212316 0

0 3 20.124598817141738 0
1 3 20.128684143221612 0
2 3 20.129242575367407 0
3 3 20.12689110717393 0


# 21.559999999999967 20.0 1.6454903264574448
0 0 20.242998522538 0
1 0 20.47368595636669 0
2 0 20.476427673652672 0
3 0 20.249294466271916 0

0 1 20.425131331792414 0
1 1 21.6570685420745 1
2 1 21.66186578533885 1
3 1 20.434671620197786 0

0 2 20.186962631755375 0
1 2 20.402037340379625 0
2 2 20.40444900571683 0
3 2 20.192295904588462 0

0 3 20.14190102102436 0
1 3 20.14035758044756 0
2 3 20.140874759522035 0
3 3 20.144321075284992 0


# 21.679999999999964 20.0 1.6618657853388505
0 0 20.26447638318454 0
1 0 20.49228681738623 0
2 0 20.494979076187224 0
3 0 20.270915673842747 0

0 1 20.442297906541306 0
1 1 21.67351110625068 1
2 1 21.678187557342817 1
3 1 20.451832201778767 0

0 2 20.20066503643699 0
1 2 20.411767340787627 0
2 2 20.414112960189314 0
3 2 20.206062671442783 0

0 3 20.160324855670098 0
1 3 20.15273816554052 0
2 3 20.153212086034287 0
3 3 20.162876813664457 0


# 21.79999999999996 20.0 1.6781875573428167
0 0 20.287050250077026 0
1 0 20.511517256246186 0
2 0 20.51415740083654 0
3 0 20.29363458481579 0

0 1 20.460096111179748 0
1 1 21.68992139233732 1
2 1 21.694474842052063 1
3 1 20.469625314483785 0

0 2 20.215063364598286 0
1 2 20.421664539021805 0
2 2 20.42394050776284 0
3 2 20.220525350873118 0

0 3 20.17984677922764 0
1 3 20.165819843439223 0
2 3 20.166248824399243 0
3 3 20.182534538475807 0


# 21.91999999999996 20.0 1.6944748420520632
0 0 20.310695801483366 0
1 0 20.53137082661973 0
2 0 20.533956553043257 0
3 0 20.317426722172748 0

0 1 20.478520241211225 0
1 1 21.706317530891987 1
2 1 21.710746128507747 1
3 1 20.48804542969411 0

0 2 20.230151081998685 0
1 2 20.431739388717872 0
2 2 20.4339424797002 0
3 2 20.235677555510886 0

0 3 20.200443946280696 0
1 3 20.17959659592755 0
2 3 20.179979257143717 0
3 3 20.20327117684253 0


# 22.039999999999957 20.0 1.710746128507747
0 0 20.335389445443937 0
1 0 20.551841214254253 0
2 0 20.554370546594658 0
3 0 20.342268351889995 0

0 1 20.49756468778037 0
1 1 21.722716986440293 1
2 1 21.727019219648525 1
3 1 20.50708710317155 0

0 2 20.245921712828086 0
1 2 20.442002031358168 0
2 2 20.444129377438525 0
3 2 20.25151295006886 0

0 3 20.22209418391966 0
1 3 20.19406244456765 0
2 3 20.194397684329864 0
3 3 20.225064342088984 0


# 22.159999999999954 20.0 1.7270192196485254
0 0 20.36110829623237 0
1 0 20.572922233206782 0
2 0 20.575393501294627 0
3 0 20.36813645847555 0

0 1 20.517223934839603 0
1 1 21.739136580119798 1
2 1 21.74331125584969 1
3 1 20.526744972811073 0

0 2 20.262368842690716 0
1 2 20.452462300790778 0
2 2 20.454511377613947 0
3 2 20.268025254476136 0

0 3 20.24477596874565 0
1 3 20.209211453342203 0
2 3 20.209498427664553 0
3 3 20.247892309959468 0


# 22.27999999999995 20.0 1.7433112558496902
0 0 20.38783015158456 0
1 0 20.594607822208086 0
2 0 20.597019640678653 0
3 0 20.395008721332307 0

0 1 20.53749255646908 0
1 1 21.75559251149786 1
2 1 21.759638737600124 1
3 1 20.54701375651391 0

0 2 20.27948612120977 0
1 2 20.463129727916787 0
2 2 20.46509833726037 0
3 2 20.285208246632944 0

0 3 20.26846840476543 0
1 3 20.225037731025992 0
2 3 20.22527583424159 0
3 3 20.27173399577142 0


# 22.39999999999995 20.0 1.759638737600124
0 0 20.41553347067164 0
1 0 20.616892041149523 0
2 0 20.619243289771134 0
3 0 20.422863491919763 0

0 1 20.55836521433793 0
1 1 21.772100379598015 1
2 1 21.77601754735304 1
3 1 20.567888250171194 0

0 2 20.297267264283203 0
1 2 20.47401354552279 0
2 2 20.475899799156874 0
3 2 20.303055764815554 0

0 3 20.293151202137583 0
1 3 20.241535433305724 0
2 3 20.24172427994225 0
3 3 20.296568932460744 0


# 22.519999999999946 20.0 1.7760175473530389
0 0 20.44419735279331 0
1 0 20.639769067687194 0
2 0 20.642058872884267 0
3 0 20.451679771687317 0

0 1 20.57983665529583 0
1 1 21.788675203167617 1
2 1 21.79246297058465 1
3 1 20.589363325749055 0

0 2 20.315706056018783 0
1 2 20.485122693237486 0
2 2 20.486924997300303 0
3 2 20.321561709759422 0

0 3 20.318804656732524 0
1 3 20.25869876466583 0
2 3 20.258838172517798 0
3 3 20.322377249479484 0


# 22.639999999999944 20.0 1.7924629705846513
0 0 20.473801516768546 0
1 0 20.663233193958177 0
2 0 20.665460911457888 0
3 0 20.481437190753056 0

0 1 20.601901709084864 0
1 1 21.805331440217955 1
2 1 21.80898971609329 1
3 1 20.611433929466862 0

0 2 20.334796350374653 0
1 2 20.496465822592793 0
2 2 20.49818286248145 0
3 2 20.34072004644666 0

0 3 20.345409630470638 0
1 3 20.276521980056838 0
2 3 20.276611954376264 0
3 3 20.349139652508097 0


# 22.75999999999994 20.0 1.80898971609329
0 0 20.504326281001394 0
1 0 20.68727882340406 0
2 0 20.68944402193966 0
3 0 20.512115987302824 0

0 1 20.624555286162426 0
1 1 21.822083006866524 1
2 1 21.825611935569867 1
3 1 20.634095080061087 0

0 2 20.354532072529626 0
1 2 20.508051302171552 0
2 2 20.50968202794511 0
3 2 20.36052480562207 0

0 3 20.37294753240473 0
1 3 20.29499938636188 0
2 3 20.29504010509424 0
3 3 20.3768374039464 0


# 22.87999999999994 20.0 1.8256119355698672
0 0 20.53575254420014 0
1 0 20.711900467697166 0
2 0 20.714002913705034 0
3 0 20.543696987685117 0

0 1 20.64779237562676 0
1 1 21.838943295509715 1
2 1 21.842343242469166 1
3 1 20.657341867127837 0

0 2 20.374907220005817 0
1 2 20.519887222825187 0
2 2 20.521430835115872 0
3 2 20.380970085060223 0

0 3 20.40140030051457 0
1 3 20.31412534367589 0
2 3 20.31411714367314 0
3 3 20.40545230414913 0


# 22.999999999999936 20.0 1.8423432424691661
0 0 20.56806176672882 0
1 0 20.737092743765206 0
2 0 20.739132387016458 0
3 0 20.576161587178184 0

0 1 20.67160804323737 0
1 1 21.85592519235281 1
2 1 21.85919673021 1
3 1 20.681169449537848 0

0 2 20.395915863564497 0
1 2 20.531981402946087 0
2 2 20.533437339372984 0
3 2 20.402050050604412 0

0 3 20.43075038418293 0
1 3 20.33389426641113 0
2 3 20.33383763055807 0
3 3 20.434966673373708 0


# 23.119999999999933 20.0 1.8591967302100016
0 0 20.601235952570615 0
1 0 20.762850370910346 0
2 0 20.764827331021348 0
3 0 20.60949173140648 0

0 1 20.695997429523256 0
1 1 21.87304109432295 1
2 1 21.876184989730984 1
3 1 20.70557305391816 0

0 2 20.417552147894614 0
1 2 20.544341393780694 0
2 2 20.54570931585917 0
3 2 20.42375893699684 0

0 3 20.46098072732401 0
1 3 20.354300624241816 0
2 3 20.354196169436324 0
3 3 20.465363334409453 0


# 23.23999999999993 20.0 1.8761849897309837
0 0 20.635257631883274 0
1 0 20.789168168018843 0
2 0 20.791082721788325 0
3 0 20.64366989838432 0

0 1 20.72095574797249 0
1 1 21.890302925389484 1
2 1 21.89332012642736 1
3 1 20.7305479731953 0

0 2 20.439810292111968 0
1 2 20.55697448477045 0
2 2 20.5582542653095 0
3 2 20.446091048517943 0

0 3 20.492074752136592 0
1 3 20.37533894289978 0
2 3 20.375187408831422 0
3 3 20.496625595858905 0


# 23.35999999999993 20.0 1.8933201264273585
0 0 20.67010984412737 0
1 0 20.816041050857713 0
2 0 20.81789362038125 0
3 0 20.678679081165402 0

0 1 20.74647828329719 0
1 1 21.90772215231502 1
2 1 21.910613776493257 1
3 1 20.756089565195214 0

0 2 20.462684590085715 0
1 2 20.569887708908787 0
2 2 20.57107941988766 0
3 2 20.46904075945149 0

0 3 20.5240163434555 0
1 3 20.397003804832337 0
2 3 20.39680604350745 0
3 3 20.52873723604349 0


# 23.479999999999926 20.0 1.910613776493257
0 0 20.70577612174864 0
1 0 20.843464029455028 0
2 0 20.8452551709706 0
3 0 20.714502771077438 0

0 1 20.7725603897685 0
1 1 21.925309799859406 1
2 1 21.928077122692535 1
3 1 20.782193251295674 0

0 2 20.486169410607708 0
1 2 20.58308784810341 0
2 2 20.58419174901811 0
3 2 20.492602514390814 0

0 3 20.556789833676383 0
1 3 20.419289849732827 0
2 3 20.41904681569767 0
3 3 20.561682487506985 0


# 23.599999999999923 20.0 1.9280771226925353
0 0 20.74224047439637 0
1 0 20.871432205560634 0
2 0 20.8731625989818 0
3 0 20.75112494152198 0

0 1 20.799197489616585 0
1 1 21.883076465457833 0
2 1 21.885000909580334 0
3 1 20.80812587512717 0

0 2 20.51025919741894 0
1 2 20.59586143853398 0
2 2 20.596860685203673 0
3 2 20.516753237360454 0

0 3 20.590379988229852 0
1 3 20.442183134953584 0
2 3 20.441895565130338 0
3 3 20.595445703586623 0


# 23.71999999999992 20.0 1.9280771226925353
0 0 20.779487373660228 0
1 0 20.899220770184286 0
2 0 20.900873929280003 0
3 0 20.788512441280073 0

0 1 20.82566507149113 0
1 1 21.843157773393333 0
2 1 21.844309085076528 0
3 1 20.833939485536433 0

0 2 20.534931189106402 0
1 2 20.608265682876233 0
2 2 20.60914605515922 0
3 2 20.5414719763227 0

0 3 20.624771680542295 0
1 3 20.46567063842812 0
2 3 20.46533910016095 0
3 3 20.63001139117531 0


# 23.839999999999918 20.0 1.9280771226925353
0 0 20.817484458308563 0
1 0 20.926871691768326 0
2 0 20.92843354286774 0
3 0 20.826634469734838 0

0 1 20.852014019538203 0
1 1 21.805463726021564 0
2 1 21.805906042707875 0
3 1 20.859682177009088 0

0 2 20.560164695759415 0
1 2 20.620354271482594 0
2 2 20.621103901199664 0
3 2 20.566739722949755 0

0 3 20.659949924053024 0
1 3 20.489740191162497 0
2 3 20.489365123756638 0
3 3 20.665364239253474 0


# 23.959999999999916 20.0 1.9280771226925353
0 0 20.85620164634513 0
1 0 20.95442426769687 0
2 0 20.95588291142897 0
3 0 20.86546240988564 0

0 1 20.87829139153511 0
1 1 21.7699091788536 0
2 1 21.769701490679793 0
3 1 20.885398369056887 0

0 2 20.585940925582367 0
1 2 20.63217759681301 0
2 2 20.63278672115247 0
3 2 20.59253924653942 0

0 3 20.695899900188053 0
1 3 20.514380414582764 0
2 3 20.51396216505872 0
3 3 20.701489143579526 0


# 24.079999999999913 20.0 1.9280771226925353
0 0 20.895610974987488 0
1 0 20.98191528523684 0
2 0 20.98326077937858 0
3 0 20.904969672910983 0

0 1 20.904540686043717 0
1 1 21.736413558973908 0
2 1 21.735610132269905 0
3 1 20.91112906617714 0

0 2 20.612242824904445 0
1 2 20.643782954401345 0
2 2 20.644243692516383 0
3 2 20.618854941012042 0

0 3 20.732606982655128 0
1 3 20.539580662395668 0
2 3 20.539119516108155 0
3 3 20.738371227896103 0


# 24.19999999999991 20.0 1.9280771226925353
0 0 20.935686451543305 0
1 0 21.009379172735642 0
2 0 21.010603334379677 0
3 0 20.945131553492867 0

0 1 20.93080209125494 0
1 1 21.704900600351102 0
2 1 21.703551366242042 0
3 1 20.936912099726662 0

0 2 20.639054930598196 0
1 2 20.65521473122042 0
2 2 20.655520881930588 0
3 2 20.645672684004175 0

0 3 20.77005675839547 0
1 3 20.56533096664374 0
2 3 20.564827173349258 0
3 3 20.775995861980082 0


# 24.319999999999908 20.0 1.9280771226925353
0 0 20.97640391445563 0
1 0 21.03684814167098 0
2 0 21.0379443670726 0
3 0 20.985925095168714 0

0 1 20.957112716767092 0
1 1 21.675298095005054 0
2 1 21.673449005987244 0
3 1 20.962782352960062 0

0 2 20.666363233989667 0
1 2 20.666514582252667 0
2 2 20.66666144094504 0
3 2 20.67297970714662 0

0 3 20.808235045500833 0
1 3 20.591621987657934 0
2 3 20.591075783555585 0
3 3 20.814348676837223 0


# 24.439999999999905 20.0 1.9280771226925353
0 0 21.017740903836483 0
1 0 21.06435232011177 0
2 0 21.065315420710764 0
3 0 21.02732896502669 0

0 1 20.98350680945685 0
1 1 21.647537659058514 0
2 1 21.64523101618395 0
3 1 20.988771970396026 0

0 2 20.694155055408626 0
1 2 20.67772159602138 0
2 2 20.67770578901457 0
3 2 20.700764476681435 0

0 3 20.8471279083796 0
1 3 20.618444967631778 0
2 3 20.617856593848053 0
3 3 20.853415577317435 0


# 24.559999999999903 20.0 1.9280771226925353
0 0 21.059676540853193 0
1 0 21.091919878114545 0
2 0 21.092745931352813 0
3 0 21.069323337106713 0

0 1 21.010015954523503 0
1 1 21.621554512761826 0
2 1 21.618829265849424 0
3 1 21.014910552595044 0

0 2 20.722418928588556 0
1 2 20.688872449788317 0
2 2 20.688691784575877 0
3 2 20.729016583634674 0

0 3 20.88672167043258 0
1 3 20.64579168756007 0
2 3 20.645161405499874 0
3 3 20.89318275240362 0


# 24.6799999999999 20.0 1.9280771226925353
0 0 21.102191415374133 0
1 0 21.1195771455476 0
2 0 21.12026335921804 0
3 0 21.111889783912627 0

0 1 21.03666926271421 0
1 1 21.597287273636052 0
2 1 21.594179296728953 0
3 1 21.041225337357368 0

0 2 20.75114449418306 0
1 2 20.70000155507794 0
2 2 20.699654885007533 0
3 2 20.75772664281924 0

0 3 20.92700292447792 0
1 3 20.673654427303216 0
2 3 20.672982531245452 0
3 3 20.933636683405865 0


# 24.799999999999898 20.0 1.9280771226925353
0 0 21.145267481319806 0
1 0 21.147348722804686 0
2 0 21.147893311772236 0
3 0 21.155011175481327 0

0 1 21.06349354466988 0
1 1 21.5746777619329 0
2 1 21.571220106038805 0
3 1 21.06774136828043 0

0 2 20.780322401718077 0
1 2 20.71114119414574 0
2 2 20.71062829621816 0
3 2 20.786886199995685 0

0 3 20.96795854114497 0
1 3 20.702025928554914 0
2 3 20.70131275583129 0
3 3 20.974764150273177 0


# 24.919999999999895 20.0 1.9280771226925353
0 0 21.188887959201985 0
1 0 21.175257584841773 0
2 0 21.175659659074146 0
3 0 21.198671585492253 0

0 1 21.09051347326798 0
1 1 21.553670817659654 0
2 1 21.54989394264373 0
3 1 21.094481651550232 0

0 2 20.809944219348623 0
1 2 20.72232164796812 0
2 2 20.721643112556954 0
3 2 20.81648764656843 0

0 3 21.009575675438594 0
1 3 20.730899360506463 0
2 3 20.730145299566413 0
3 3 21.01655223621696 0


# 25.039999999999893 20.0 1.9280771226925353
0 0 21.233037245368028 0
1 0 21.20332517894364 0
2 0 21.20358464187799 0
3 0 21.24285620393567 0

0 1 21.11775173477924 0
1 1 21.534214128464008 0
2 1 21.530146115810222 0
3 1 21.121467301780893 0

0 2 20.84000235083421 0
1 2 20.73357131629399 0
2 2 20.732728447693088 0
3 2 20.846524141240845 0

0 3 21.051841771658893 0
1 3 20.76026828801542 0
2 3 20.759473784647728 0
3 3 21.058988330823812 0


# 25.15999999999989 20.0 1.9280771226925353
0 0 21.27770082749945 0
1 0 21.231571516602102 0
2 0 21.23168897295529 0
3 0 21.28755125589082 0

0 1 21.145229169600082 0
1 1 21.516258067717413 0
2 1 21.511924815733092 0
3 1 21.14871767766047 0

0 2 20.87048995918981 0
1 2 20.744916830263268 0
2 2 20.74391155706644 0
3 2 20.876989538095337 0

0 3 21.094744566845634 0
1 3 20.790126642099853 0
2 3 20.789292204052405 0
3 3 21.102060131819925 0


# 25.279999999999887 20.0 1.9280771226925353
0 0 21.322865205943895 0
1 0 21.26001525986421 0
2 0 21.259991932069024 0
3 0 21.3327439259955 0

0 1 21.17296490327109 0
1 1 21.49975554217656 0
2 1 21.495180945085572 0
3 1 21.176250508108847 0

0 2 20.9014008965084 0
1 2 20.756383158064846 0
2 2 20.75521795247083 0
3 2 20.907878320604127 0

0 3 21.13827209290249 0
1 3 20.820468692591895 0
2 3 20.819594892804794 0
3 3 21.145755645635315 0


# 25.399999999999885 20.0 1.9280771226925353
0 0 21.368517820487536 0
1 0 21.28867380248671 0
2 0 21.288511455004937 0
3 0 21.378422288217028 0

0 1 21.200976468443773 0
1 1 21.484661848641053 0
2 1 21.47986796089217 0
3 1 21.204082009604836 0

0 2 20.932729639487977 0
1 2 20.767993704076034 0
2 2 20.766671509292756 0
3 2 20.939185541113147 0

0 3 21.182412677542956 0
1 3 20.85128902279612 0
2 3 20.850376501439683 0
3 3 21.190063186903078 0


# 25.519999999999882 20.0 1.9280771226925353
0 0 21.41464698220115 0
1 0 21.31756334621243 0
2 0 21.317264217038588 0
3 0 21.424575240560934 0

0 1 21.229279918413095 0
1 1 21.470934539061407 0
2 1 21.465941726069317 0
3 1 21.232226995294354 0

0 2 20.964471230229865 0
1 2 20.779770401896947 0
2 2 20.77829456689293 0
3 2 20.970906765375478 0

0 3 21.22715494418772 0
1 3 20.882582506008976 0
2 3 20.881631971496876 0
3 3 21.234971377017033 0


# 25.63999999999988 20.0 1.9280771226925353
0 0 21.461241810017412 0
1 0 21.346698972464917 0
2 0 21.346265711192107 0
3 0 21.471192444378577 0

0 1 21.25788993279145 0
1 1 21.45853329358513 0
2 1 21.453360370021564 0
3 1 21.260698976449298 0

0 2 20.99662122190672 0
1 2 20.79173380166662 0
2 2 20.790108022584796 0
3 2 21.00303802174232 0

0 3 21.27248781093195 0
1 3 20.914344283765743 0
2 3 20.913356512894417 0
3 3 21.28046914186006 0


# 25.759999999999877 20.0 1.9280771226925353
0 0 21.508292171719862 0
1 0 21.376094709739355 0
2 0 21.375530321611713 0
3 0 21.51826426795768 0

0 1 21.28681991586075 0
1 1 21.447419801060505 0
2 1 21.442084157721006 0
3 1 21.28951025680748 0

0 2 21.02917562892815 0
1 2 20.80390315202269 0
2 2 20.80213141963329 0
3 2 21.03557575464875 0

0 3 21.318400488690724 0
1 3 20.946569745690876 0
2 3 20.94554558303906 0
3 3 21.32654570880535 0


# 25.879999999999875 20.0 1.9280771226925353
0 0 21.555788629045146 0
1 0 21.40576359695091 0
2 0 21.405071392375575 0
3 0 21.5657817341014 0

0 1 21.316082088103002 0
1 1 21.437557646547173 0
2 1 21.43207536673476 0
3 1 21.318672020287384 0

0 2 21.062130881258966 0
1 2 20.816296477043167 0
2 2 20.81438302966848 0
3 2 21.068516782058637 0

0 3 21.364882478621254 0
1 3 20.979254510836302 0
2 3 20.97819486754314 0
3 3 21.37319060308358 0


# 25.999999999999872 20.0 1.9280771226925353
0 0 21.603722386620166 0
1 0 21.435717742985485 0
2 0 21.43490129202166 0
3 0 21.613736471421458 0

0 1 21.34568757137579 0
1 1 21.42891220541058 0
2 1 21.42329817170015 0
3 1 21.348194412537477 0

0 2 21.09548378257057 0
1 2 20.828930648486928 0
2 2 20.82687992988186 0
3 2 21.10185825655821 0

0 3 21.41192356891177 0
1 3 21.01239441040048 0
2 3 21.01130026242672 0
3 3 21.420393643600388 0


# 26.11999999999987 20.0 1.9280771226925353
0 0 21.652085244474176 0
1 0 21.46596838268297 0
2 0 21.465031474066404 0
3 0 21.66212066908953 0

0 1 21.37564646816747 0
1 1 21.42145054360332 0
2 1 21.41571853577961 0
3 1 21.378086616748032 0

0 2 21.1292314719294 0
1 2 20.841821453629336 0
2 2 20.839638075348255 0
3 2 21.135597629811123 0

0 3 21.459513831018903 0
1 3 21.045985471728557 0
2 3 21.04485785769292 0
3 3 21.468144938280822 0


# 26.239999999999867 20.0 1.9280771226925353
0 0 21.700869553883308 0
1 0 21.49652592946892 0
2 0 21.49547253376767 0
3 0 21.710927034808492 0

0 1 21.40596793533743 0
1 1 21.415141323760945 0
2 1 21.40930410865769 0
3 1 21.408356924123943 0

0 2 21.163371388748192 0
1 2 20.85498365897016 0
2 2 20.852672366793122 0
3 2 21.16973262010943 0

0 3 21.50764361542794 0
1 3 21.080023903501047 0
2 3 21.07886392217272 0
3 3 21.5164348790101 0


# 26.359999999999864 20.0 1.9280771226925353
0 0 21.750068176321182 0
1 0 21.527400024837423 0
2 0 21.526234261369073 0
3 0 21.7601487557813 0

0 1 21.43666025271922 0
1 1 21.409954716762634 0
2 1 21.404024130670706 0
3 1 21.439012799389474 0

0 2 21.197901240746177 0
1 2 20.86843107007323 0
2 2 20.865996714103364 0
3 2 21.204261182774868 0

0 3 21.556303547003502 0
1 3 21.114506082024995 0
2 3 21.113314889543126 0
3 3 21.56525413623355 0


# 26.479999999999862 20.0 1.9280771226925353
0 0 21.799674445304298 0
1 0 21.558599584875484 0
2 0 21.557325692047502 0
3 0 21.809779462470416 0

0 1 21.46773088693877 0
1 1 21.405862318428724 0
2 1 21.399849342686142 0
3 1 21.47006094167029 0

0 2 21.232818974683024 0
1 2 20.882176587780595 0
2 2 20.879624095859818 0
3 2 21.239181483183486 0

0 3 21.60548451999187 0
1 3 21.14942853854773 0
2 3 21.148207345430006 0
3 3 21.6145936532725 0


# 26.59999999999986 20.0 1.9280771226925353
0 0 21.84968213093511 0
1 0 21.59013284400765 0
2 0 21.588755152771476 0
3 0 21.859813194954782 0

0 1 21.499186550775903 0
1 1 21.40283707104715 0
2 1 21.396751901373392 0
3 1 21.501507341074277 0

0 2 21.268122749648917 0
1 2 20.89623226102837 0
2 2 20.89356661515073 0
3 2 21.27449187220375 0

0 3 21.65517769273052 0
1 3 21.18478794751899 0
2 3 21.18353801551325 0
3 3 21.664444640407293 0


# 26.719999999999857 20.0 1.9280771226925353
0 0 21.900085406958848 0
1 0 21.622007396128655 0
2 0 21.620530306264556 0
3 0 21.910244371704476 0

0 1 21.531033258375174 0
1 1 21.400853189439754 0
2 1 21.39470529953062 0
3 1 21.533357331270423 0

0 2 21.30381091270927 0
1 2 20.910609336476835 0
2 2 20.907835551908185 0
3 2 21.310190863854224 0

0 3 21.70537448211496 0
1 3 21.220581115732454 0
2 3 21.21930375455827 0
3 3 21.714798568773578 0


# 26.839999999999854 20.0 1.9280771226925353
0 0 21.950878820162373 0
1 0 21.654230233281652 0
2 0 21.652658192255643 0
3 0 21.961067760605424 0

0 1 21.56327637659115 0
1 1 21.39988609129721 0
2 1 21.393684291153928 0
3 1 21.56561563834443 0

0 2 21.339881976717674 0
1 2 20.925318305153812 0
2 2 20.922441411993237 0
3 2 21.34627711500168 0

0 3 21.75606655786822 0
1 3 21.256804972282655 0
2 3 21.255501536303413 0
3 3 21.76564716411339 0


# 26.95999999999985 20.0 1.9610677606054239
0 0 22.002057261955 0
1 0 21.686807782029916 0
2 0 21.685145266186378 0
3 0 22.012278452077997 0

0 1 21.59592067273396 0
1 1 21.3999123315278 0
2 1 21.393664820955163 0
3 1 21.59828642619038 0

0 2 21.376334600124604 0
1 2 20.940368946297568 0
2 2 20.937393973240255 0
3 2 21.38274940693414 0

0 3 21.80724583665385 0
1 3 21.29345655927784 0
2 3 21.292128444138246 0
3 3 21.816982400418173 0


# 27.07999999999985 20.0 2.0122784520779966
0 0 22.053615941981782 0
1 0 21.71974593766101 0
2 0 21.71799743553488 0
3 0 22.06387183414389 0

0 1 21.628970358962743 0
1 1 21.400909540380983 0
2 1 21.394623958053472 0
3 1 21.63137333867996 0

0 2 21.413167568622338 0
1 2 20.955770368573543 0
2 2 20.952702328657114 0
3 2 21.419606628655966 0

0 3 21.85890447606911 0
1 3 21.33053302325354 0
2 3 21.329181662512386 0
3 3 21.868796493497136 0


# 27.199999999999847 20.0 2.063871834143889
0 0 22.10555036362992 0
1 0 21.753050096353796 0
2 0 21.751220093905026 0
3 0 22.115843569305728 0

0 1 21.662429133557907 0
1 1 21.40285636512116 0
2 1 21.396539833583265 0
3 1 21.66487953883394 0

0 2 21.450379778478606 0
1 2 20.971531048828137 0
2 2 20.96837492696453 0
3 2 21.456847761763964 0

0 3 21.911034868551408 0
1 3 21.368031607235594 0
2 3 21.36665846901923 0
3 3 21.921081894500634 0


# 27.319999999999844 20.0 2.115843569305728
0 0 22.15785630129818 0
1 0 21.78672518543083 0
2 0 21.78481815302085 0
3 0 22.168189573112976 0

0 1 21.69630021928725 0
1 1 21.405732415040898 0
2 1 21.399391581977593 0
3 1 21.69880774520517 0

0 2 21.487970221422504 0
1 2 20.98765886853235 0
2 2 20.984419610645748 0
3 2 21.494471866774095 0

0 3 21.963629635227452 0
1 3 21.405949643405044 0
2 3 21.40455622710304 0
3 3 21.973831283425135 0


# 27.43999999999984 20.0 2.1681895731129757
0 0 22.21052977930806 0
1 0 21.82077569181117 0
2 0 21.818796072756793 0
3 0 22.22090599429645 0

0 1 21.73058639906644 0
1 1 21.409518209615587 0
2 1 21.40315928570135 0
3 1 21.733160265667813 0

0 2 21.525937970956672 0
1 2 21.004161148058273 0
2 2 21.000843651666393 0
3 2 21.532478070778694 0

0 3 22.016681619731603 0
1 3 21.44428454632075 0
2 3 21.442872379341658 0
3 3 22.02703756262327 0


# 27.55999999999984 19.0 2.2209059942964515
0 0 22.2635670523435 0
1 0 21.85520568877169 0
2 0 21.85315788932624 0
3 0 22.273989196361708 0

0 1 21.76529004910064 0
1 1 21.414195129613624 0
2 1 21.407823923222974 0
3 1 21.767939028794125 0

0 2 21.564282169979176 0
1 2 21.021044678922436 0
2 2 21.017653785013596 0
3 2 21.57086555632316 0

0 3 22.070183882016863 0
1 3 21.483033806658646 0
2 3 21.481604441260853 0
3 3 22.080693850339838 0


# 27.679999999999836 19.0 3.2739891963617076
0 0 22.3169645873136 0
1 0 21.89001886111832 0
2 0 21.887907241742973 0
3 0 22.32743574053913 0

0 1 21.80041316968129 0
1 1 21.41974537098751 0
2 1 21.41336732002673 0
3 1 21.80314561298744 0

0 2 21.603002019607498 0
1 2 21.038315754121367 0
2 2 21.03485624019373 0
3 2 21.60963355139984 0

0 3 22.124129692179448 0
1 3 21.52219498542972 0
2 3 21.520749995639456 0
3 3 22.134793474292074 0


# 27.799999999999834 19.0 3.32743574053913
0 0 22.370719046539904 0
1 0 21.925218528862594 0
2 0 21.92304739666291 0
3 0 22.381242369995523 0

0 1 21.83595741380029 0
1 1 21.426151901381843 0
2 1 21.419772102480156 0
3 1 21.838781273528472 0

0 2 21.642096769105194 0
1 2 21.055980196676867 0
2 2 21.052456770818786 0
3 2 21.648781320464717 0

0 3 22.178512524315405 0
1 3 21.561765708641254 0
2 3 21.560306687267623 0
3 3 22.189329965310346 0


# 27.91999999999983 19.0 3.3812423699955225
0 0 22.42482727217642 0
1 0 21.96080766949302 0
2 0 21.95858127170669 0
3 0 22.435405995218503 0

0 1 21.87192411373264 0
1 1 21.43339841910411 0
2 1 21.427021654383005 0
3 1 21.87484696768107 0

0 2 21.681565706819473 0
1 2 21.074043386500982 0
2 2 21.07046068240288 0
3 2 21.68830815638993 0

0 3 22.23332605042558 0
1 3 21.60174366236865 0
2 3 21.600272218123365 0
3 3 22.24429705105333 0


# 28.03999999999983 19.0 3.4354059952185025
0 0 22.479286271776772 0
1 0 21.996788938925363 0
2 0 21.994511457357333 0
3 0 22.489923680491096 0

0 1 21.908314305728272 0
1 1 21.441469314413563 0
2 1 21.435100076034878 0
3 1 21.911343377993454 0

0 2 21.721408152044912 0
1 2 21.092510285683694 0
2 2 21.088872858482326 0
3 2 21.728213373271902 0

0 3 22.28856413438322 0
1 3 21.64212658820745 0
2 3 21.6406443429351 0
3 3 22.29968864980989 0


# 28.159999999999826 19.0 3.4899236804910956
0 0 22.53409320492865 0
1 0 22.033164691210892 0
2 0 22.03084023752117 0
3 0 22.54479263137959 0

0 1 21.945128752944328 0
1 1 21.450349632992197 0
2 1 21.443992145669075 0
3 1 21.948270933921574 0

0 2 21.76162344773516 0
1 2 21.111385462299882 0
2 2 21.107697785165286 0
3 2 21.768496300021244 0

0 3 22.34422082597673 0
1 3 21.682912279077275 0
2 3 21.681420865100456 0
3 3 22.355498864398193 0


# 28.279999999999824 19.0 3.5447926313795897
0 0 22.589245370881077 0
1 0 22.069936997076766 0
2 0 22.067569608834784 0
3 0 22.600010183162997 0

0 1 21.982367966739965 0
1 1 21.46002504147 0
2 1 21.453683283109658 0
3 1 21.985629831892393 0

0 2 21.802210953990482 0
1 2 21.130673112825924 0
2 2 21.126939574210038 0
3 2 21.809156274666357 0

0 3 22.40029035503838 0
1 3 21.724098575351604 0
2 3 21.722599632933754 0
3 3 22.41172197617106 0


# 28.39999999999982 19.0 3.600010183162997
0 0 22.644740197095157 0
1 0 22.10710766136834 0
2 0 22.104701298795415 0
3 0 22.65557379013738 0

0 1 22.02003222644755 0
1 1 21.47048179488446 0
2 1 21.464159515517782 0
3 1 22.02342005391677 0

0 2 21.843170042254624 0
1 2 21.15037708325069 0
2 2 21.14660198472438 0
3 2 21.850192639308116 0

0 3 22.45676712566827 0
1 3 21.765683361289067 0
2 3 21.76417853621675 0
3 3 22.468352439135195 0


# 28.51999999999982 19.0 3.6555737901373817
0 0 22.70057522865352 0
1 0 22.14467823945887 0
2 0 22.142236782787375 0
3 0 22.711481015732883 0

0 1 22.058121597726263 0
1 1 21.48170670596145 0
2 1 21.47540744510161 0
3 1 22.061641384853974 0

0 2 21.884500090159673 0
1 2 21.17050088896027 0
2 2 21.166688443572653 0
3 2 21.891604735667915 0

0 3 22.513645710561597 0
1 3 21.80766456174379 0
2 3 21.806155503029064 0
3 3 22.52538487419069 0


# 28.639999999999816 19.0 3.7114810157328826
0 0 22.756748118468213 0
1 0 22.1826500526882 0
2 0 22.180177300072575 0
3 0 22.767729523385615 0

0 1 22.09663594959683 0
1 1 21.493687116111463 0
2 1 21.48741421867206 0
3 1 22.100293428422813 0

0 2 21.92620047696239 0
1 2 21.19104773347086 0
2 2 21.187202064571245 0
3 2 21.93339190117608 0

0 3 22.57092084544585 0
1 3 21.8500401391339 0
2 3 21.848528496836593 0
3 3 22.582814063495974 0


# 28.759999999999813 19.0 3.767729523385615
0 0 22.813256618230774 0
1 0 22.221024202888273 0
2 0 22.218523868808877 0
3 0 22.82431706811051 0

0 1 22.13557497024942 0
1 1 21.50641086804148 0
2 1 21.500167498933934 0
3 1 22.139375622047698 0

0 2 21.968270579519963 0
1 2 21.212020526079456 0
2 2 21.208145666548138 0
3 2 21.975553465551783 0

0 3 22.628587423633643 0
1 3 21.89280809064887 0
2 3 21.89129551381777 0
3 3 22.64063494496255 0


# 28.87999999999981 19.0 3.82431706811051
0 0 22.870098570052118 0
1 0 22.259801586049793 0
2 0 22.257277300156034 0
3 0 22.881241488724974 0

0 1 22.174938181710306 0
1 1 21.51986627988877 0
2 1 21.513655437408794 0
3 1 22.17888725062192 0

0 2 22.010709768757206 0
1 2 21.23342189849776 0
2 2 21.22952179033714 0
3 2 22.018088747829665 0

0 3 22.6866404906957 0
1 3 21.935966445677753 0
2 3 21.934454580409152 0
3 3 22.69884260688276 0


# 28.999999999999808 19.0 3.8812414887249744
0 0 22.92727189874336 0
1 0 22.29898290518116 0
2 0 22.29643821152526 0
3 0 22.938500700676638 0

0 1 22.214724953447146 0
1 1 21.534042120788527 0
2 1 21.527866648892445 0
3 1 22.21882745926458 0

0 2 22.05351740658109 0
1 2 21.25525422053048 0
2 2 21.2513327147729 0
3 2 22.060997053791862 0

0 3 22.74507523925776 0
1 3 21.979513263441653 0
2 3 21.978003751053134 0
3 3 22.757432282693117 0


# 29.119999999999806 19.0 3.938500700676638
0 0 22.984774604692138 0
1 0 22.33856868240762 0
2 0 22.336007039024917 0
3 0 22.99609268943175 0

0 1 22.254934514987106 0
1 1 21.54892758779249 0
2 1 21.542790187355866 0
3 1 22.25919526514242 0

0 2 22.096692843201986 0
1 2 21.277519614855528 0
2 2 21.273580471748478 0
3 2 22.104277673767612 0

0 3 22.8038870039242 0
1 3 22.023446630815098 0
2 3 22.02194110613198 0
3 3 22.816399345874956 0


# 29.239999999999803 19.0 3.9960926894317517
0 0 23.042604757291954 0
1 0 22.37855927035581 0
2 0 22.37598404915159 0
3 0 23.054015504383734 0

0 1 22.295565967617083 0
1 1 21.564512284060662 0
2 1 21.558415523204022 0
3 1 22.299989568422703 0

0 2 22.140235414824264 0
1 2 21.300219970959844 0
2 2 21.296266860393313 0
3 2 22.147929880765663 0

0 3 22.8630712563306 0
1 3 22.06776466032193 0
2 3 22.06626475007352 0
3 3 22.875739304993527 0


# 29.3599999999998 19.0 4.0540155043837345
0 0 23.100760488885115 0
1 0 22.418954862866034 0
2 0 22.41636934977267 0
3 0 23.112267253244262 0

0 1 22.336618295230405 0
1 1 21.580786198252873 0
2 1 21.57473252181233 0
3 1 22.341209162418814 0

0 2 22.184144441671894 0
1 2 21.32335695828145 0
2 2 21.31939346042563 0
3 2 22.191952928907558 0

0 3 22.92262360032662 0
1 3 22.11246548829259 0
2 3 22.11097280961497 0
3 3 22.935447798876027 0


# 29.479999999999798 19.0 4.112267253244262
0 0 23.159239989182407 0
1 0 22.459755505072156 0
2 0 22.45716290044376 0
3 0 23.170846096881817 0

0 1 22.37809037438001 0
1 1 21.597739685051287 0
2 1 21.59173142326541 0
3 1 22.38285274298588 0

0 2 22.22841922631753 0
1 2 21.346932038604987 0
2 2 21.342961644729915 0
3 2 22.23634605213254 0

0 3 22.98253976729018 0
1 3 22.15754727317042 0
2 3 22.156063432212456 0
3 3 22.995520591928628 0


# 29.599999999999795 18.0 4.170846096881817
0 0 23.218041500125263 0
1 0 22.500961102886567 0
2 0 22.498364522101525 0
3 0 23.22975024457512 0

0 1 22.41998098359398 0
1 1 21.615363446749036 0
2 1 21.60940282322747 0
3 1 22.424918917219692 0

0 2 22.27305905228606 0
1 2 21.370946477755172 0
2 2 21.36697259120681 0
3 2 22.281108463147234 0

0 3 23.04281561157321 0
1 3 22.20300819395575 0
2 3 22.201534784584627 0
3 3 23.055953569591978 0


# 29.719999999999793 18.0 5.2297502445751185
0 0 23.277163311158517 0
1 0 22.542571431925438 0
2 0 22.539973906169998 0
3 0 23.288977949651088 0

0 1 22.462288812005355 0
1 1 21.633648515844044 0
2 1 21.627737654877837 0
3 1 22.467406211508578 0

0 2 22.31806318290605 0
1 2 21.395401356629876 0
2 2 21.39142729393976 0
3 2 22.326239352595532 0

0 3 23.103447106078914 0
1 3 22.24884644877713 0
2 3 22.247385051379776 0
3 3 23.116742733934366 0


# 29.83999999999979 18.0 5.288977949651088
0 0 23.336603754883978 0
1 0 22.584586145907345 0
2 0 22.58199062311609 0
3 0 23.348527505479144 0

0 1 22.505012467344738 0
1 1 21.652586238580646 0
2 1 21.64672717184944 0
3 1 22.510313078984307 0

0 2 22.36343086038464 0
1 2 21.420297581611827 0
2 2 21.41632657371989 0
3 2 22.371737888426182 0

0 3 23.16443033797001 0
1 3 22.29506025358003 0
2 3 22.293612433956635 0
3 3 23.17788419938132 0


# 29.959999999999788 18.0 5.348527505479144
0 0 23.396361203067176 0
1 0 22.6270047845564 0
2 0 22.624414130487835 0
3 0 23.40839724179556 0

0 1 22.548150483340645 0
1 1 21.672168259385074 0
2 1 21.666362932111593 0
3 1 22.553637906414966 0

0 2 22.409161305083554 0
1 2 21.445635894395682 0
2 2 21.441671087968015 0
3 2 22.417603215437452 0

0 3 23.22576150450705 0
1 3 22.34164784092398 0
2 3 22.340215149269735 0
3 3 23.239374188580076 0


# 30.079999999999785 18.0 5.408397241795559
0 0 23.45643406297152 0
1 0 22.669826781039166 0
2 0 22.667243780466702 0
3 0 23.468585521333495 0

0 1 22.59170132656962 0
1 1 21.692386506143983 0
2 1 21.68663678274216 0
3 1 22.597379020579694 0

0 2 22.45525371497571 0
1 2 21.47141688126483 0
2 2 21.46746134009012 0
3 2 22.463834454980077 0

0 3 23.287436909015593 0
1 3 22.388607458879772 0
2 3 22.387191428851004 0
3 3 23.301209028397164 0


# 30.199999999999783 18.0 5.468585521333495
0 0 23.51682077399585 0
1 0 22.7130514689628 0
2 0 22.71047882696356 0
3 0 23.529090736736006 0

0 1 22.635663402795082 0
1 1 21.71323317627825 0
2 1 21.707540845537476 0
3 1 22.641534694162388 0

0 2 22.501707265263637 0
1 2 21.49764098185026 0
2 2 21.493697688300422 0
3 2 22.510430704801234 0

0 3 23.34945295698075 0
1 3 22.435937370019005 0
2 3 22.43453951787986 0
3 3 23.363385146047037 0


# 30.31999999999978 18.0 5.529090736736006
0 0 23.57751980459309 0
1 0 22.756678088960378 0
2 0 22.754118432285896 0
3 0 23.589911307730887 0

0 1 22.68003506283131 0
1 1 21.734700723567048 0
2 1 21.729067503411468 0
3 1 22.68610315119889 0

0 2 22.54852110814251 0
1 2 21.524308497401794 0
2 2 21.520380353943935 0
3 2 22.557391039013858 0

0 3 23.411806152267378 0
1 3 22.483635850488792 0
2 3 22.48225767433466 0
3 3 23.425899065349522 0


# 30.439999999999777 18.0 5.589911307730887
0 0 23.63852964944924 0
1 0 22.800705794887666 0
2 0 22.798161673402248 0
3 0 23.651045678547785 0

0 1 22.724814607966298 0
1 1 21.756781845679836 0
2 1 21.751209387538417 0
3 1 22.731082572109734 0

0 2 22.595694372692147 0
1 2 21.551419598600166 0
2 2 21.547509429348473 0
3 2 22.60471450817697 0

0 3 23.47449309346392 0
1 3 22.531701189165044 0
2 3 22.53034416821896 0
3 3 23.48874740311369 0


# 30.559999999999775 18.0 5.651045678547785
0 0 23.699848826903313 0
1 0 22.845133659654206 0
2 0 22.842607547828237 0
3 0 23.712492315559317 0

0 1 22.770000294975016 0
1 1 21.779469472376416 0
2 1 21.77395936519653 0
3 1 22.776471098348317 0

0 2 22.643226164883544 0
1 2 21.57897433293664 0
2 2 21.575084885234094 0
3 2 22.652400139473887 0

0 3 23.5375104703478 0
1 3 22.58013168687815 0
2 3 22.578797280856474 0
3 3 23.55192686564556 0


# 30.679999999999772 18.0 5.712492315559317
0 0 23.761475876590342 0
1 0 22.889960680710267 0
2 0 22.88745497915704 0
3 0 23.774249705129243 0

0 1 22.81559034075227 0
1 1 21.802756754337498 0
2 1 21.797310528272018 0
3 1 22.822266836692187 0

0 2 22.691115567686875 0
1 2 21.60697263168532 0
2 2 21.60310657770631 0
3 2 22.700446936976512 0

0 3 23.600855060470057 0
1 3 22.62892565570541 0
2 3 22.627615304249186 0
3 3 23.615434245377024 0


# 30.79999999999977 18.0 5.774249705129243
0 0 23.823409357290636 0
1 0 22.935185785209857 0
2 0 22.932702822255777 0
3 0 23.836316351651963 0

0 1 22.86158292659245 0
1 1 21.826637052590414 0
2 1 21.8212561823859 0
3 1 22.868467863203286 0

0 2 22.739361641269 0
1 2 21.63541431649168 0
2 2 21.631574254857647 0
3 2 22.748853881984754 0

0 3 23.664523725856824 0
1 3 22.678081418324954 0
2 3 22.676796540493434 0
3 3 23.679266417613185 0


# 30.919999999999767 18.0 5.836316351651963
0 0 23.8856478449698 0
1 0 22.980807834868834 0
2 0 22.978349868147912 0
3 0 23.898690775768703 0

0 1 22.907976202141516 0
1 1 21.85110392849673 0
2 1 21.845789836607842 0
3 1 22.915072226881083 0

0 2 22.78796342326958 0
1 2 21.664299105599465 0
2 2 21.660487563000707 0
3 2 22.79761993343133 0

0 3 23.728513409825112 0
1 3 22.727597307426322 0
2 3 22.72633930124919 0
3 3 23.743420337395275 0


# 31.039999999999765 18.0 5.898690775768703
0 0 23.948189930995007 0
1 0 23.026825630536017 0
2 0 23.02439484860065 0
3 0 23.96137151274681 0

0 1 22.954768289044708 0
1 1 21.876151134270344 0
2 1 21.8709051937237 0
3 1 22.9620779530309 0

0 2 22.83691992914589 0
1 2 21.69362661973681 0
2 2 21.689846052554365 0
3 2 22.846744028342982 0

0 3 23.792821133910273 0
1 3 22.77747166517317 0
2 3 22.776241907258196 0
3 3 23.807893036476255 0


# 31.159999999999762 18.0 5.961371512746808
0 0 24.01103422051415 0
1 0 23.073237916494126 0
2 0 23.070836440435 0
3 0 24.02435711100951 0

0 1 23.00195728431199 0
1 1 21.901772603996566 0
2 1 21.896596141025164 0
3 1 23.009483046368132 0

0 2 22.88623015257727 0
1 2 21.72339638768106 0
2 2 21.719649183603444 0
3 2 22.89622508234995 0

0 3 23.857443994902507 0
1 3 22.827702842713997 0
2 3 22.826502687906874 0
3 3 23.87268162040619 0


# 31.27999999999976 18.0 6.024357111009511
0 0 24.014179330985314 -1
1 0 23.059323384506374 -1
2 0 23.11694462957522 0
3 0 24.087637387124484 0

0 1 23.048821263421598 0
1 1 21.92722516512434 0
2 1 21.922839150552008 0
3 1 23.057285177860987 0

0 2 22.935884425921085 0
1 2 21.753598900480725 0
2 2 21.749896012645955 0
3 2 22.946061982622208 0

0 3 23.922379058309634 0
1 3 22.878289091080376 0
2 3 22.877119975704375 0
3 3 23.937783265571483 0


# 31.399999999999757 18.0 6.087637387124484
0 0 24.019046610844974 -1
1 0 23.04763039922364 -1
2 0 23.10277023837586 -1
3 0 24.150483106182843 0

0 1 23.095396644780575 0
1 1 21.952551938338814 0
2 1 21.94889291173217 0
3 1 23.10546445639727 0

0 2 22.985873775275248 0
1 2 21.784225483065736 0
2 2 21.780576608276444 0
3 2 22.996253271315016 0

0 3 23.98762336660675 0
1 3 22.92922857515952 0
2 3 22.92809199811288 0
3 3 24.00319521124404 0


# 31.519999999999754 18.0 6.150483106182843
0 0 24.025597257382604 -1
1 0 23.037360955665413 -1
2 0 23.09085473204704 -1
3 0 24.21294154462159 0

0 1 23.14171826135175 0
1 1 21.97777581664033 0
2 1 21.974802111329357 0
3 1 23.154002912355775 0

0 2 23.036189882045978 0
1 2 21.815267910464048 0
2 2 21.811681914573832 0
3 2 23.046797194377866 0

0 3 24.05317394689537 0
1 3 22.980519381268486 0
2 3 22.979416892277175 0
3 3 24.068914752679113 0


# 31.639999999999752 18.0 6.212941544621589
0 0 24.033784706721033 -1
1 0 23.028500778592367 -1
2 0 23.081113766515582 -1
3 0 24.275057049161667 0

0 1 23.18781909923986 0
1 1 22.002919256237103 0
2 1 22.000608224181736 0
3 1 23.202884339649486 0

0 2 23.086825038479237 0
1 2 21.846718397848477 0
2 2 21.84320367117851 0
3 2 23.09769174537608 0

0 3 24.119027817844106 0
1 3 23.032159524550845 0
2 3 23.031092718182435 0
3 3 24.134939235145364 0


# 31.75999999999975 18.0 6.275057049161667
0 0 24.04356429581306 -1
1 0 23.021034913714274 -1
2 0 23.073467390566616 -1
3 0 24.276871216154436 -1

0 1 23.233730400158137 0
1 1 22.028004235168552 0
2 1 22.026349745059772 0
3 1 23.251374149863288 0

0 2 23.137772106253315 0
1 2 21.878569589197564 0
2 2 21.875134340535734 0
3 2 23.148926064776813 0

0 3 24.185181995971366 0
1 3 23.084146956159923 0
2 3 23.083117470400865 0
3 3 24.20126594510226 0


# 31.879999999999747 18.0 6.276871216154436
0 0 24.054893164930256 -1
1 0 23.01494782482626 -1
2 0 23.067119785595303 -1
3 0 24.280565779598376 -1

0 1 23.21948175742772 -1
1 1 21.992332218878598 -1
2 1 22.05131648323538 0
3 1 23.299506135500355 0

0 2 23.188304477901834 0
1 2 21.910077264837795 0
2 2 21.90744913958903 0
3 2 23.200489824698487 0

0 3 24.251624861325134 0
1 3 23.136470619159972 0
2 3 23.13548876509024 0
3 3 24.26789211415604 0


# 31.999999999999744 18.0 6.280565779598376
0 0 24.067010165979813 -1
1 0 23.009477562228998 -1
2 0 23.062037072501052 -1
3 0 24.28608393002885 -1

0 1 23.206875285968877 -1
1 1 21.958833231527677 -1
2 1 22.0755871989895 0
3 1 23.34731280925394 0

0 2 23.23845861877554 0
1 2 21.941288095434206 0
2 2 21.940125827499305 0
3 2 23.25237322107206 0

0 3 24.318345517172652 0
1 3 23.189120321687618 0
2 3 23.188203896116566 0
3 3 24.334814923452683 0


# 32.11999999999975 18.0 6.334814923452683
0 0 24.07991403418291 -1
1 0 23.00464891667392 -1
2 0 23.058187356004314 -1
3 0 24.293370910530907 -1

0 1 23.195872994572017 -1
1 1 21.927418002882384 -1
2 1 22.159235541385684 1
3 1 23.335545427341135 -1

0 2 23.228269436073113 -1
1 2 21.971525469911075 0
2 2 21.97385584532116 0
3 2 23.303864140140412 0

0 3 24.384613755647564 0
1 3 23.24206938563684 0
2 3 23.241268214332596 0
3 3 24.40202317446206 0


# 32.23999999999975 18.0 6.402023174462059
0 0 24.093603391887275 -1
1 0 23.0004841671829 -1
2 0 23.056260574481325 -1
3 0 24.30167122977366 -1

0 1 23.185717818770105 -1
1 1 21.898705494711027 -1
2 1 22.238764643501426 1
3 1 23.32666411955379 -1

0 2 23.220264404289985 -1
1 2 21.94091098891485 -1
2 2 21.947808460588416 -1
3 2 23.354299795309764 0

0 3 24.45047566592337 0
1 3 23.29457432987014 0
2 3 23.293947820909672 0
3 3 24.469489311576055 0


# 32.35999999999976 18.0 6.469489311576055
0 0 24.108068093610765 -1
1 0 22.997020242114854 -1
2 0 23.056147103737786 -1
3 0 24.311004800181305 -1

0 1 23.1764421262931 -1
1 1 21.871805286974787 -1
2 1 22.313733040263614 1
3 1 23.320492678161585 -1

0 2 23.21362724468338 -1
1 2 21.91168104531234 -1
2 2 21.924797594901715 -1
3 2 23.343796558922424 -1

0 3 24.45595696084477 -1
1 3 23.345941237940394 0
2 3 23.286284750164484 -1
3 3 24.535748672068358 0


# 32.47999999999976 18.0 6.535748672068358
0 0 24.12329919066167 -1
1 0 22.99428041092252 -1
2 0 23.057737144397205 -1
3 0 24.32138738524548 -1

0 1 23.168056337656626 -1
1 1 21.846611643209858 -1
2 1 22.384469523059003 1
3 1 23.31614782728552 -1

0 2 23.207603232532442 -1
1 2 21.88381979964036 -1
2 2 21.903187757927867 -1
3 2 23.334938114535063 -1

0 3 24.463225043900028 -1
1 3 23.335531661071354 -1
2 3 23.280074407750384 -1
3 3 24.60088187014132 0


# 32.47999999999976 18.0 6.600881870141318
0 0 24.138568460780796 -1
1 0 22.99191564064443 -1
2 0 23.060565454919907 -1
3 0 24.332097998763103 -1

0 1 23.160191371513324 -1
1 1 21.82301904035407 -1
2 1 22.451250026918018 1
3 1 23.31316905222212 -1

0 2 23.201850731346724 -1
1 2 21.85655951954602 -1
2 2 21.882908610372322 -1
3 2 23.32731422811742 -1

0 3 24.470757531028642 -1
1 3 23.325608028806258 -1
2 3 23.274904064736706 -1
3 3 24.604236742330478 -1


# 32.47999999999976 18.0 6.604236742330478
0 0 24.153165280338577 -1
1 0 22.98957618104471 -1
2 0 23.064176796293978 -1
3 0 24.342430620989823 -1

0 1 23.152479754534237 -1
1 1 21.800912512201588 -1
2 1 22.514324029279035 1
3 1 23.311104778569423 -1

0 2 23.196010562291466 -1
1 2 21.829909939171873 -1
2 2 21.86388642421011 -1
3 2 23.319797765877805 -1

0 3 24.47782968300478 -1
1 3 23.315804215839353 -1
2 3 23.26964522260632 -1
3 3 24.607317535468386 -1


# 32.47999999999976 18.0 6.607317535468386
0 0 24.16711600147333 -1
1 0 22.987280445160458 -1
2 0 23.068489791994782 -1
3 0 24.35241825348096 -1

0 1 23.144924073755394 -1
1 1 21.780185973464313 -1
2 1 22.573920479492504 1
3 1 23.30987201585572 -1

0 2 23.19009008302641 -1
1 2 21.803873862450107 -1
2 2 21.846026723813146 -1
3 2 23.312404855012584 -1

0 3 24.484458546002994 -1
1 3 23.30611617034681 -1
2 3 23.264313648412394 -1
3 3 24.610134726232623 -1


# 32.47999999999976 18.0 6.610134726232623
0 0 24.180446279647278 -1
1 0 22.985044131004994 -1
2 0 23.07342981509874 -1
3 0 24.362090818327093 -1

0 1 23.13752593069132 -1
1 1 21.76074141958169 -1
2 1 22.630253136169056 1
3 1 23.309394376903885 -1

0 2 23.18409659960903 -1
1 2 21.77845168801271 -1
2 2 21.829242521001397 -1
3 2 23.30514911059171 -1

0 3 24.490660591586355 -1
1 3 23.296540402328382 -1
2 3 23.25892348697382 -1
3 3 24.61269874725903 -1


# 32.47999999999976 18.0 6.6126987472590315
0 0 24.193181054320327 -1
1 0 22.98288050497079 -1
2 0 23.078928456378197 -1
3 0 24.371475422866702 -1

0 1 23.130286070484416 -1
1 1 21.742488288237414 -1
2 1 22.683521629343193 1
3 1 23.30960156702754 -1

0 2 23.17803732262645 -1
1 2 21.753641709398423 -1
2 2 21.813453711229016 -1
3 2 23.298041896253043 -1

0 3 24.4964517429887 -1
1 3 23.28707390870292 -1
2 3 23.25348741692721 -1
3 3 24.615019944115865 -1


# 32.47999999999976 18.0 6.615019944115865
0 0 24.205344535270253 -1
1 0 22.980800659120646 -1
2 0 23.08492303374628 -1
3 0 24.380596602852783 -1

0 1 23.12320449727768 -1
1 1 21.7253428723437 -1
2 1 22.733912445346878 1
3 1 23.310428912545813 -1

0 2 23.171919330472118 -1
1 2 21.729440385220272 -1
2 2 21.798586518814993 -1
3 2 23.291092561116134 -1

0 3 24.501847399111206 -1
1 3 23.277714106952498 -1
2 3 23.248016792254866 -1
3 3 24.617108538368143 -1


# 32.59999999999977 18.0 6.617108538368143
0 0 24.2176801938773 -1
1 0 22.979182384637184 -1
2 0 23.091720563522976 -1
3 0 24.390200918862906 -1

0 1 23.116649217152332 -1
1 1 21.709236627659482 -1
2 1 22.781604319440746 1
3 1 23.312185671811925 -1

0 2 23.166113962610094 -1
1 2 21.705847061322142 -1
2 2 21.78457309472148 -1
3 2 23.284673081208073 -1

0 3 24.50758682957795 -1
1 3 23.268827522658352 -1
2 3 23.242886196849135 -1
3 3 24.619703342323575 -1


# 32.71999999999977 18.0 6.619703342323575
0 0 24.230913686119187 -1
1 0 22.97839917501004 -1
2 0 23.099630752814775 -1
3 0 24.40101548287936 -1

0 1 23.110985121348598 -1
1 1 21.694115297657287 -1
2 1 22.826773369911656 1
3 1 23.315183416803812 -1

0 2 23.160990204327454 -1
1 2 21.682868475811055 -1
2 2 21.77135999966021 -1
3 2 23.279151772902782 -1

0 3 24.51439151643697 -1
1 3 23.260778520975865 -1
2 3 23.238467078936985 -1
3 3 24.623525448222 -1


