# 20.0 20.0 0.0
0 0 20.0 0
1 0 20.06 1
2 0 20.00072 0
3 0 20.00000864 0

0 1 20.0 0
1 1 20.00072 0
2 1 20.06001728 1
3 1 20.00072031104 0

0 2 20.0 0
1 2 20.00000864 0
2 2 20.00072031104 0
3 2 20.00001728746496 0

0 3 20.0 0
1 3 20.00000010368 0
2 3 20.00000864497664 0
3 3 20.0000003111893 0


# 20.0 20.0 0.060017280000000284
0 0 20.00072 0
1 0 20.11750592 1
2 0 20.00282014208 0
3 0 20.00005081439744 0

0 1 20.00001728 0
1 1 20.00281602944 0
2 1 20.1172213720832 1
3 1 20.002097531663665 0

0 2 20.00000031104 0
1 2 20.0000506663424 0
2 2 20.002093311760486 0
3 2 20.000066855246793 0

0 3 20.00000000497664 0
1 3 20.00000081112099 0
2 3 20.000033415096468 0
3 3 20.000001503230603 0


# 20.0 20.0 0.11750591999999926
0 0 20.0021043584 0
1 0 20.17266355771904 1
2 0 20.006180925043036 0
3 0 20.000148326559614 0

0 1 20.000075602626563 0
1 1 20.006160994412134 0
2 1 20.17179313937776 1
3 1 20.004073535188002 0

0 2 20.00000181326367 0
1 2 20.00014731752465 0
2 2 20.004057321522932 0
3 2 20.000161635645725 0

0 3 20.0000000362901 0
1 3 20.000002946280844 0
2 3 20.00008075291483 0
3 3 20.000004357777026 0


# 20.0 20.0 0.17266355771904074
0 0 20.004101471421748 0
1 0 20.225609008985366 1
2 0 20.010691931890303 0
3 0 20.000320172408408 0

0 1 20.000195598665417 0
1 1 20.01063820745499 0
2 1 20.1639006006403 0
3 1 20.00587503561444 0

0 2 20.000005852536358 0
1 2 20.00031669821701 0
2 2 20.005836086338846 0
3 2 20.000295432705368 0

0 3 20.000000140569462 0
1 3 20.000007593637463 0
2 3 20.00014753774545 0
3 3 20.000009516542463 0


# 20.0 20.0 0.22560900898536573
0 0 20.006663473742375 0
1 0 20.276469353965034 1
2 0 20.015531152275074 0
3 0 20.00056552045638 0

0 1 20.000395073926274 0
1 1 20.01542055421813 0
2 1 20.156545325750923 0
3 1 20.007517159465586 0

0 2 20.000014149682382 0
1 2 20.000556837309116 0
2 2 20.00744649579671 0
3 2 20.0004627025934 0

0 3 20.0000003964288 0
1 3 20.00001573196249 0
2 3 20.00023100209176 0
3 3 20.000017498403157 0


# 20.0 20.0 0.2764693539650338
0 0 20.009745961822343 0
1 0 20.32534601311829 1
2 0 20.020668326191426 0
3 0 20.000883387547834 0

0 1 20.000680648810047 0
1 1 20.02047791351552 0
2 1 20.14970446885451 0
3 1 20.00901404547598 0

0 2 20.000028409986296 0
1 2 20.00086573173341 0
2 2 20.008904230861745 0
3 2 20.000658498381366 0

0 3 20.00000091186075 0
1 3 20.000028242968295 0
2 3 20.000328699670703 0
3 3 20.000028714837267 0


# 20.0 20.0 0.32534601311828837
0 0 20.01330742713988 0
1 0 20.372334924569483 1
2 0 20.026075329863048 0
3 0 20.00127265810018 0

0 1 20.001057826567724 0
1 1 20.025782529087476 0
2 1 20.14335596797295 0
3 1 20.010378901059443 0

0 2 20.000050310408813 0
1 2 20.00124136037012 0
2 2 20.010223842097123 0
3 2 20.000878418945273 0

0 3 20.00000182167429 0
1 3 20.000045919344206 0
2 3 20.00043847599988 0
3 3 20.000043483842468 0


# 20.0 20.0 0.3723349245694827
0 0 20.017309072776488 0
1 0 20.41752686091829 1
2 0 20.031726031852696 0
3 0 20.00173210160352 0

0 1 20.001531100799152 0
1 1 20.031308831172 0
2 1 20.137478532784424 0
3 1 20.011624055854945 0

0 2 20.000081488765765 0
1 2 20.0016816960489 0
2 2 20.0114188231618 0
3 2 20.001118561703883 0

0 3 20.000003284991333 0
1 3 20.000069472216232 0
2 3 20.00055844135853 0
3 3 20.00006204246089 0


# 20.0 20.0 0.41752686091829005
0 0 20.021714641697145 0
1 0 20.461007726816383 1
2 0 20.037596158849333 0
3 0 20.002260388522245 0

0 1 20.002104054105207 0
1 1 20.037033271392804 0
2 1 20.13205163092188 0
3 1 20.012761012482812 0

0 2 20.000123534659348 0
1 2 20.002184715855716 0
2 2 20.012501679848114 0
3 2 20.001375478929823 0

0 3 20.000005482814153 0
1 3 20.00009953806349 0
2 3 20.00068694594594 0
3 3 20.000084558030807 0


# 20.0 20.0 0.46100772681638347
0 0 20.026490255967108 0
1 0 20.502858838524606 1
2 0 20.043663170473284 0
3 0 20.002856104730917 0

0 1 20.00277944857702 0
1 1 20.0429341699725 0
2 1 20.12705547303095 0
3 1 20.013800494638833 0

0 2 20.00017798197062 0
1 2 20.0027484099329 0
2 2 20.01348399490948 0
3 2 20.00164613738572 0

0 3 20.000008615673252 0
1 3 20.00013668512345 0
2 3 20.000822557072976 0
3 3 20.0001111382752 0


# 20.0 20.0 0.502858838524606
0 0 20.031604266197512 0
1 0 20.543157186586292 1
2 0 20.049906142485582 0
3 0 20.003517764606098 0

0 1 20.003559308754472 0
1 1 20.048991574353476 0
2 1 20.122470996802114 0
3 1 20.014752492649528 0

0 2 20.00024630274018 0
1 2 20.003370788941638 0
2 2 20.014376488916252 0
3 2 20.00192788105361 0

0 3 20.00001290136338 0
1 3 20.000181419316803 0
2 3 20.00096403823401 0
3 3 20.000141840328745 0


# 20.0 20.0 0.5431571865862921
0 0 20.03702711055849 0
1 0 20.58197568267844 1
2 0 20.05630565783023 0
3 0 20.004243822886036 0

0 1 20.00444499763861 0
1 1 20.055187128377238 0
2 1 20.118279850168893 0
3 1 20.01562630660755 0

0 2 20.000329902280416 0
1 2 20.00404989033913 0
2 2 20.015189077365818 0
3 2 20.002218396740986 0

0 3 20.000018572773467 0
1 3 20.000234189721656 0
2 3 20.001110329917175 0
3 3 20.00017667879681 0


# 20.0 20.0 0.5819756826784399
0 0 20.04273118274219 0
1 0 20.61938339163334 1
2 0 20.06284370497762 0
3 0 20.00503268540116 0

0 1 20.005437286298587 0
1 1 20.06150395123641 0
2 1 20.114464373843035 0
3 1 20.016430587201857 0

0 2 20.000430115377572 0
1 2 20.00478378360727 0
2 2 20.01593092426156 0
3 2 20.002515682360986 0

0 3 20.000025875814814 0
1 3 20.000295393625418 0
2 3 20.001260532020858 0
3 3 20.000215632932704 0


# 20.0 20.0 0.6193833916333418
0 0 20.048690708298654 0
1 0 20.655445749558893 1
2 0 20.069503583074198 0
3 0 20.00588271877003 0

0 1 20.006536417573 0
1 1 20.06792652547205 0
2 1 20.111007583338687 0
3 1 20.017173374353014 0

0 2 20.000548203455654 0
1 2 20.005570574555897 0
2 2 20.01661049236432 0
3 2 20.002818017697624 0

0 3 20.000035067450455 0
1 3 20.000365381181478 0
2 3 20.001413887753724 0
3 3 20.000258653012544 0


# 20.0 20.0 0.6554457495588935
0 0 20.054881628805486 0
1 0 20.690224768925642 1
2 0 20.076269813437495 0
3 0 20.006792259147797 0

0 1 20.00774216432773 0
1 1 20.074440593343166 0
2 1 20.107893150620406 0
3 1 20.017862133759778 0

0 2 20.000685352586526 0
1 2 20.00640840881092 0
2 2 20.017235590309426 0
3 2 20.003123937479305 0

0 3 20.000046413827455 0
1 3 20.00044445969656 0
2 3 20.00156976890429 0
3 3 20.000305665980697 0


# 20.0 20.0 0.690224768925642
0 0 20.061281493367527 0
1 0 20.723779231432545 1
2 0 20.083128056967528 0
3 0 20.007759620107205 0

0 1 20.009053882697533 0
1 1 20.08103306094543 0
2 1 20.10510538549441 0
3 1 20.018503791458837 0

0 2 20.000842672241923 0
1 2 20.007295474586314 0
2 2 20.017813416772146 0
3 2 20.003432206595715 0

0 3 20.00006018851293 0
1 3 20.000532897573347 0
2 3 20.001727662374222 0
3 3 20.00035658043303 0


# 20.0 20.0 0.7237792314325446
0 0 20.06786935697586 0
1 0 20.756164869411045 1
2 0 20.090065037075043 0
3 0 20.00878309972575 0

0 1 20.010470560706196 0
1 1 20.087691909502425 0
2 1 20.10262921684838 0
3 1 20.019104766495605 0

0 2 20.00102119469343 0
1 2 20.00823000482867 0
2 2 20.01835060185485 0
3 2 20.003741797304098 0

0 3 20.000076670833664 0
1 3 20.000630927931706 0
2 3 20.00188715787714 0
3 3 20.00041129099962 0


# 20.0 20.0 0.7561648694110445
0 0 20.074625685286133 0
1 0 20.787434536478145 1
2 0 20.097068467754518 0
3 0 20.009860986946624 0

0 1 20.01199086263032 0
1 1 20.094406113295733 0
2 1 20.100450173832467 0
3 1 20.01967100179979 0

0 2 20.001221874975815 0
1 2 20.00921027881359 0
2 2 20.018853245859745 0
3 2 20.004051868281234 0

0 3 20.000096144318544 0
1 3 20.000738751930687 0
2 3 20.00204793671178 0
3 3 20.00046968218355 0


# 20.0 20.0 0.7874345364781448
0 0 20.081532265405134 0
1 0 20.817638368103527 1
2 0 20.10412698645542 0
3 0 20.010991567275607 0

0 1 20.013613169443968 0
1 1 20.101165563739862 0
2 1 20.098554367062768 0
3 1 20.020207993355633 0

0 2 20.001445591337745 0
1 2 20.010234623264953 0
2 2 20.019326955602327 0
3 2 20.004361745387122 0

0 3 20.0001188952423 0
1 3 20.000856541812226 0
2 3 20.002209761525062 0
3 3 20.000531631707887 0


# 20.0 20.0 0.8176383681035269
0 0 20.08857212230112 0
1 0 20.846823932713136 1
2 0 20.11123009142891 0
3 0 20.0121731278711 0

0 1 20.015335615655864 0
1 1 20.10796099914471 0
2 1 20.096928469918133 0
3 1 20.020720817752814 0

0 2 20.001693146111517 0
1 2 20.011301413060284 0
2 2 20.019776878412102 0
3 2 20.004670904015338 0

0 3 20.00014521126866 0
1 3 20.00098444368636 0
2 3 20.002372466986685 0
3 3 20.000597013418428 0


# 20.0 20.0 0.8468239327131357
0 0 20.095729440478706 0
1 0 20.87503637391181 1
2 0 20.118368083249308 0
3 0 20.013403962079767 0

0 1 20.01715612282714 0
1 1 20.11478393974237 0
2 1 20.09555969999194 0
3 1 20.02121415820024 0

0 2 20.001965266940708 0
1 2 20.01240907157877 0
2 2 20.020207733959193 0
3 2 20.00497895291363 0

0 3 20.000175380190512 0
1 3 20.001122580076604 0
2 3 20.002535951302693 0
3 3 20.000665699785962 0


# 20.0 20.0 0.8750363739118114
0 0 20.102989490582342 0
1 0 20.902318544370402 1
2 0 20.125532010230142 0
3 0 20.01468237346606 0

0 1 20.019072430035585 0
1 1 20.12162662758646 0
2 1 20.09443580075204 0
3 1 20.02169232908141 0

0 2 20.002262608310858 0
1 2 20.013556070742187 0
2 2 20.02062384403768 0
3 2 20.005285619366116 0

0 3 20.000209688764304 0
1 3 20.001271052243098 0
2 3 20.00270016850078 0
3 3 20.00073756404807 0


# 20.0 20.0 0.9023185443704023
0 0 20.11033856061425 0
1 0 20.928711131888015 1
2 0 20.132713617473748 0
3 0 20.01600667937994 0

0 1 20.02108212153223 0
1 1 20.128481970961282 0
2 1 20.093545023454592 0
3 1 20.0221592991264 0

0 2 20.002585753334266 0
1 2 20.01474093079348 0
2 2 20.02102916042925 0
3 2 20.005590735635984 0

0 3 20.000248421635717 0
1 3 20.001429942300046 0
2 3 20.002865121425074 0
3 3 20.000812482027072 0


# 20.0 20.0 0.928711131888015
0 0 20.117763891473178 0
1 0 20.954252778107616 1
2 0 20.139905299311156 0
3 0 20.017375214103513 0

0 1 20.023182651817102 0
1 1 20.135343492965212 0
2 1 20.092876109350755 0
3 1 20.022618713272173 0

0 2 20.002935215745183 0
1 2 20.015962219852668 0
2 2 20.02142729096382 0
3 2 20.00589422657443 0

0 3 20.000291860353375 0
1 3 20.001599315143018 0
2 3 20.00303085538283 0
3 3 20.000890333657583 0


# 20.0 20.0 0.954252778107616
0 0 20.12525361653924 0
1 0 20.978980190332884 1
2 0 20.147100054905533 0
3 0 20.01878633161392 0

0 1 20.02537136834378 0
1 1 20.142205283957445 0
2 1 20.092418272219106 0
3 1 20.02307391327963 0

0 2 20.003311442066483 0
1 2 20.017218553285307 0
2 2 20.0218215238871 0
3 2 20.006196098308195 0

0 3 20.000340282467167 0
1 3 20.001779220200635 0
2 3 20.003197452389692 0
3 3 20.000971004254286 0


# 20.0 20.0 0.9789801903328836
0 0 20.132796705047948 0
1 0 21.002928246865835 1
2 0 20.154291446807886 0
3 0 20.02023840799687 0

0 1 20.027645532046204 0
1 1 20.149061957580486 0
2 1 20.09216118125125 0
3 1 20.02352795717256 0

0 2 20.003714813913273 0
1 2 20.01850859291459 0
2 2 20.022214850638882 0
3 2 20.006496427924038 0

0 3 20.000393960707715 0
1 3 20.001969693024353 0
2 3 20.003365025964335 0
3 3 20.001054385547793 0


# 20.0 20.0 1.0029282468658351
0 0 20.140382909013166 0
1 0 21.02613009625829 1
2 0 20.161473562268032 0
3 0 20.02172984354227 0

0 1 20.030002335866346 0
1 1 20.15590861009211 0
2 1 20.09209494431325 0
3 1 20.02398363756067 0

0 2 20.00414565040278 0
1 2 20.019831046104585 0
2 2 20.02260998713989 0
3 2 20.006795354074207 0

0 3 20.000453162243364 0
1 3 20.00217075672908 0
2 3 20.003533716426833 0
3 3 20.001140376514083 0


# 20.0 20.0 1.0261300962582887
0 0 20.148002713474188 0
1 0 21.048617250845453 1
2 0 20.168640977117185 0
3 0 20.023259064550885 0

0 1 20.03243892144759 0
1 1 20.162740782760217 0
2 1 20.09221009160115 0
3 1 20.024443498905836 0

0 2 20.00460421064341 0
1 2 20.021184664738836 0
2 2 20.023009393679267 0
3 2 20.00709306843228 0

0 3 20.00051814801107 0
1 3 20.002382423296577 0
2 3 20.003703686658785 0
3 3 20.00122888402067 0


# 20.0 20.0 1.048617250845453
0 0 20.155647289856635 0
1 0 21.070419674906752 1
2 0 20.175788722050967 0
3 0 20.024824524878536 0

0 1 20.034952394145915 0
1 1 20.16955442709244 0
2 1 20.092497559705038 0
3 1 20.02490985378798 0

0 2 20.005090696279137 0
1 2 20.02256824411554 0
2 2 20.023415293489602 0
3 2 20.007389807933702 0

0 3 20.000589172117582 0
1 3 20.002604694752822 0
2 3 20.003875118286274 0
3 3 20.001319823310563 0


# 20.0 20.0 1.070419674906752
0 0 20.163308452250426 0
1 0 21.091565867777394 1
2 0 20.18291225115316 0
3 0 20.026424707242203 0

0 1 20.03753983649925 0
1 1 20.17634587268917 0
2 1 20.092948676092636 0
3 1 20.02538479822411 0

0 2 20.0056052540682 0
1 2 20.02398062177799 0
2 2 20.023829690091187 0
3 2 20.007685847739996 0

0 3 20.000666481307203 0
1 3 20.00283756422966 0
2 3 20.004048208249827 0
3 3 20.00141311834326 0


# 20.0 20.0 1.091565867777394
0 0 20.17097861642073 0
1 0 21.1120829422139 1
2 0 20.19000741251131 0
3 0 20.02805812431031 0

0 1 20.040198320284418 0
1 1 20.183111797524514 0
2 1 20.093555144020403 0
3 1 20.025870226091545 0

0 2 20.00614797847777 0
1 2 20.025420676296523 0
2 2 20.02425438348249 0
3 2 20.007981494869924 0

0 3 20.00075031449263 0
1 3 20.003081016920483 0
2 3 20.004223165728288 0
3 3 20.00150870201008 0


# 20.0 20.0 1.112082942213899
0 0 20.17865076137956 0
1 0 21.1319966982979 1
2 0 20.19707042078538 0
3 0 20.02972331959766 0

0 1 20.042924917281056 0
1 1 20.18984920047409 0
2 1 20.094309027877426 0
3 1 20.02636784270384 0

0 2 20.006718914278547 0
1 2 20.02688732601616 0
2 2 20.024690985249233 0
3 2 20.008277082444945 0

0 3 20.000840902345285 0
1 3 20.0033350309389 0
2 3 20.004400209386077 0
3 3 20.00160651623969 0


# 20.0 20.0 1.1319966982979004
0 0 20.186318393356846 0
1 0 21.151331693144783 1
2 0 20.20409783159983 0
3 0 20.03141886818379 0

0 1 20.045716708852567 0
1 1 20.196555375922024 0
2 1 20.095202738965007 0
3 1 20.026879177585403 0

0 2 20.007318059125417 0
1 2 20.02837952778221 0
2 2 20.025140932660207 0
3 2 20.00857296450008 0

0 3 20.000938466941626 0
1 3 20.003599578088785 0
2 3 20.004579564915726 0
3 3 20.001706512008052 0


# 20.0 20.0 1.1513316931447832
0 0 20.193975512019968 0
1 0 21.170111306667206 1
2 0 20.21108651763843 0
3 0 20.03314337727186 0

0 1 20.048570794445567 0
1 1 20.203227890292087 0
2 1 20.0962290217128 0
3 1 20.027405596488634 0

0 2 20.00794536611218 0
1 2 20.029896275654504 0
2 2 20.025605501813914 0
3 2 20.008869511314803 0

0 3 20.00104322146214 0
1 3 20.003874624553443 0
2 3 20.00476146284977 0
3 3 20.001808649265737 0


# 20.0 20.0 1.1701113066672058
0 0 20.201616578800603 0
1 0 21.188357803627955 1
2 0 20.21803364632897 0
3 0 20.034895486603883 0

0 1 20.05148429910131 0
1 1 20.209864560359225 0
2 1 20.097380940330474 0
3 1 20.027948312695102 0

0 2 20.008600746290085 0
1 2 20.031436599619287 0
2 2 20.026085819896217 0
3 2 20.009167105221866 0

0 3 20.001155369939625 0
1 3 20.004160131511103 0
2 3 20.00494613661816 0
3 3 20.001912896794252 0


# 20.0 20.0 1.1883578036279552
0 0 20.209236487196534 0
1 0 21.206092392202198 1
2 0 20.22493665901279 0
3 0 20.03667386874664 0

0 1 20.054454380065206 0
1 1 20.216463433208588 0
2 1 20.098651865892364 0
3 1 20.028508397640238 0

0 2 20.00928407114139 0
1 2 20.03299956430665 0
2 2 20.026582876605666 0
3 2 20.00946613685503 0

0 3 20.00127510705363 0
1 3 20.004456055683377 0
2 3 20.005133820829197 0
3 3 20.00201923200187 0


# 20.0 20.0 1.2060923922021978
0 0 20.216830534924668 0
1 0 21.22333527925546 1
2 0 20.23179325150099 0
3 0 20.038477229261456 0

0 1 20.057478232573764 0
1 1 20.223022767718916 0
2 1 20.10003546385112 0
3 1 20.02908679089896 0

0 2 20.00999517500066 0
1 2 20.034584267720035 0
2 2 20.02709753479966 0
3 2 20.009767001799524 0

0 3 20.00140261796791 0
1 3 20.00476234982288 0
2 3 20.005324749753864 0
3 3 20.002127640668444 0


# 20.0 20.0 1.2233352792554584
0 0 20.22439439780933 0
1 0 21.24010572253108 1
2 0 20.23860135592567 0
3 0 20.04030430676994 0

0 1 20.060553094892015 0
1 1 20.229541017456338 0
2 1 20.101525681975236 0
3 1 20.029684309567738 0

0 2 20.01073385741759 0
1 2 20.036189839983432 0
2 2 20.02763054041142 0
3 2 20.010070097611717 0

0 3 20.00153807820795 0
1 3 20.00507896314566 0
2 3 20.005519155994907 0
3 3 20.00223811664766 0


# 20.0 20.0 1.24010572253108
0 0 20.23192410529727 0
1 0 21.256422079928925 1
2 0 20.24535912380088 0
3 0 20.042153872926647 0

0 1 20.063676252668603 0
1 1 20.236016814873107 0
2 1 20.103116738704262 0
3 1 20.030301657076805 0

0 2 20.011499885456374 0
1 2 20.037815442110865 0
2 2 20.02818253168473 0
3 2 20.010375821176936 0

0 3 20.001681653575687 0
1 3 20.00540584171372 0
2 3 20.005717269323675 0
3 3 20.00235066153435 0


# 20.0 20.0 1.2564220799289245
0 0 20.23941601749774 0
1 0 21.27230185604597 1
2 0 20.252064910213367 0
3 0 20.04402473230877 0

0 1 20.066845042670447 0
1 1 20.242448956713577 0
2 1 20.10480311191472 0
3 1 20.030939431464386 0

0 2 20.01229299592749 0
1 2 20.039460264802017 0
2 2 20.028754047770473 0
3 2 20.010684566376735 0

0 3 20.00183350009866 0
1 3 20.005742928772438 0
2 3 20.005919315669008 0
3 3 20.002465284303664 0


# 20.0 20.0 1.2723018560459707
0 0 20.246866803652416 0
1 0 21.287761746138994 1
2 0 20.258717259068757 0
3 0 20.045915722232053 0

0 1 20.070056855953812 0
1 1 20.24883639053704 0
2 1 20.1065795280889 0
3 1 20.031598133143255 0

0 2 20.013112897548787 0
1 2 20.041123527267064 0
2 2 20.02934553672631 0
3 2 20.010996722038993 0

0 3 20.00199376401096 0
1 3 20.00609016504736 0
2 3 20.006125516243838 0
3 3 20.002582000928125 0


# 20.0 20.0 1.2877617461389939
0 0 20.254273421946042 0
1 0 21.302817677659778 1
2 0 20.265314889323637 0
3 0 20.0478257125013 0

0 1 20.073309140524135 0
1 1 20.25517820227374 0
2 1 20.108440951878237 0
3 1 20.03227817218826 0

0 2 20.013959273033365 0
1 2 20.042804476083216 0
2 2 20.029957362958378 0
3 2 20.011312670146253 0

0 3 20.002162581763535 0
1 3 20.006447489004458 0
2 3 20.00633608679629 0
3 3 20.00270083397802 0


# 20.119999999999997 20.0 1.3028176776597782
0 0 20.26163310057419 0
1 0 21.317484849504126 1
2 0 20.271856682138647 0
3 0 20.049753605103177 0

0 1 20.076599403532697 0
1 1 20.26147360473658 0
2 1 20.110382576052345 0
3 1 20.032979875171975 0

0 2 20.014831781102515 0
1 2 20.044502384084844 0
2 2 20.030589814141333 0
3 2 20.011632784279605 0

0 3 20.00234008006133 0
1 3 20.00681483707758 0
2 3 20.00655123697321 0
3 3 20.002821812209845 0


# 20.239999999999995 20.0 1.317484849504126
0 0 20.27038331998996 0
1 0 21.332515049107336 1
2 0 20.279070516251977 0
3 0 20.05314708001655 0

0 1 20.080662493054273 0
1 1 20.26773962173681 0
2 1 20.11240877032946 0
3 1 20.034440984030258 0

0 2 20.016458905782613 0
1 2 20.046225507793633 0
2 2 20.031243322655058 0
3 2 20.012686280766605 0

0 3 20.003975122093443 0
1 3 20.007929636322647 0
2 3 20.007500022274584 0
3 3 20.004402462606784 0


# 20.359999999999992 20.0 1.3325150491073359
0 0 20.280487650976262 0
1 0 21.34791699051241 1
2 0 20.286951228659696 0
3 0 20.057970491688234 0

0 1 20.08549090248794 0
1 1 20.273992625946924 0
2 1 20.11453268728915 0
3 1 20.036656736217914 0

0 2 20.018835930128244 0
1 2 20.047990701600174 0
2 2 20.03193615947078 0
3 2 20.014469401273953 0

0 3 20.00703320449549 0
1 3 20.00978687873754 0
2 3 20.009178527348833 0
3 3 20.007407749096412 0


# 20.47999999999999 20.0 1.3479169905124095
0 0 20.291910990257122 0
1 0 21.363698735049255 1
2 0 20.29549370002431 0
3 0 20.064189359222365 0

0 1 20.091077159139434 0
1 1 20.280248571298408 0
2 1 20.116767140303406 0
3 1 20.03962226410636 0

0 2 20.021958033845678 0
1 2 20.049814303643593 0
2 2 20.03268597628702 0
3 2 20.016978278294324 0

0 3 20.01148094808465 0
1 3 20.012381515179488 0
2 3 20.011582732086936 0
3 3 20.011803802253517 0


# 20.599999999999987 20.0 1.3636987350492547
0 0 20.30461950533813 0
1 0 21.379867729497118 1
2 0 20.304692855371563 0
3 0 20.071770323724095 0

0 1 20.097413831781363 0
1 1 20.28652299593879 0
2 1 20.11912460666929 0
3 1 20.043332607518145 0

0 2 20.025820305426276 0
1 2 20.05171214658268 0
2 2 20.03350982258884 0
3 2 20.020208945394288 0

0 3 20.01728605580087 0
1 3 20.015708462755594 0
2 3 20.01470852239046 0
3 3 20.01755787498581 0


# 20.719999999999985 20.0 1.3798677294971178
0 0 20.3185805818813 0
1 0 21.39643084205654 1
2 0 20.314543664715355 0
3 0 20.08068110733683 0

0 1 20.104493537445503 0
1 1 20.292831025726777 0
2 1 20.121617230995753 0
3 1 20.047782725407107 0

0 2 20.03041775347632 0
1 2 20.05369956832128 0
2 2 20.034424162309797 0
3 2 20.02415734684016 0

0 3 20.02441727238682 0
1 3 20.01976261167704 0
2 3 20.018551700237733 0
3 3 20.024638300051254 0


# 20.839999999999982 20.0 1.3964308420565388
0 0 20.333762773487596 0
1 0 21.41339439625732 1
2 0 20.32504114361239 0
3 0 20.090890473900938 0

0 1 20.11230894750508 0
1 1 20.299187378208845 0
2 1 20.124256828822414 0
3 1 20.05296750673477 0

0 2 20.035745317288875 0
1 2 20.055791422675675 0
2 2 20.03544489010184 0
3 2 20.028819346635526 0

0 3 20.032844345728485 0
1 3 20.024538831610307 0
2 3 20.02310799308891 0
3 3 20.033014449326103 0


# 20.95999999999998 20.0 1.4133943962573206
0 0 20.35013575376719 0
1 0 21.430764202921573 1
2 0 20.336180353648405 0
3 0 20.1023681911651 0

0 1 20.120852793101047 0
1 1 20.30560636702507 0
2 1 20.12705489044906 0
3 1 20.058881780590905 0

0 2 20.041797876700805 0
1 2 20.0580020899725 0
2 2 20.036587347218703 0
3 2 20.03419073700246 0

0 3 20.04253798978199 0
1 3 20.030031977556796 0
2 3 20.028373062668393 0
3 3 20.042656694746412 0


# 21.079999999999977 20.0 1.4307642029215728
0 0 20.367670270583844 0
1 0 21.448545590293953 1
2 0 20.34795640285807 0
3 0 20.115084994484544 0

0 1 20.13011786996252 0
1 1 20.312101906696004 0
2 1 20.130022584955867 0
3 1 20.0655203256034 0

0 2 20.048570261275977 0
1 2 20.060345487566792 0
2 2 20.037866337018528 0
3 2 20.04026724633678 0

0 3 20.053469849015833 0
1 3 20.036236895290422 0
2 3 20.034342513160986 0
3 3 20.053536370849514 0


# 21.199999999999974 20.0 1.4485455902939535
0 0 20.386338102365904 0
1 0 21.466743432444648 1
2 0 20.360364446080652 0
3 0 20.12901255194331 0

0 1 20.140097042668145 0
1 1 20.31868751774622 0
2 1 20.13317076439537 0
3 1 20.072877878680163 0

0 2 20.056057258853393 0
1 2 20.06283508027049 0
2 2 20.0392961400916 0
3 2 20.04704454666609 0

0 3 20.06561246430099 0
1 3 20.043148426381013 0
2 3 20.04101189885609 0
3 3 20.0656257388452 0


# 21.319999999999972 20.0 1.4667434324446482
0 0 20.406112016382085 0
1 0 21.48536217604448 1
2 0 20.37339968525386 0
3 0 20.14412343084056 0

0 1 20.150783248391864 0
1 1 20.32537633212363 0
2 1 20.136509968138185 0
3 1 20.080949143123334 0

0 2 20.06425362349711 0
1 2 20.065483890682625 0
2 2 20.040890529019318 0
3 2 20.05451826063797 0

0 3 20.078939240184692 0
1 3 20.05076141282969 0
2 3 20.048376731272466 0
3 3 20.078897952149696 0


# 21.43999999999997 20.0 1.4853621760444788
0 0 20.426965728885566 0
1 0 21.50440586560577 1
2 0 20.387057369648215 0
3 0 20.160391065483555 0

0 1 20.16216950017348 0
1 1 20.332181098876895 0
2 1 20.140050427355565 0
3 1 20.089728796153878 0

0 2 20.07315408288272 0
1 2 20.068304509413164 0
2 2 20.04266278277054 0
3 2 20.062683968064064 0

0 3 20.09342441348659 0
1 3 20.05907070134091 0
2 3 20.056432485794154 0
3 3 20.093327023318604 0


# 21.559999999999967 20.0 1.5044058656057686
0 0 20.448873867035037 0
1 0 21.523878167277047 1
2 0 20.401332796044382 0
3 0 20.177789726232525 0

0 1 20.17424888975173 0
1 1 20.339114190056375 0
2 1 20.1438020696228 0
3 1 20.099211495882447 0

0 2 20.082753345153463 0
1 2 20.071309105193187 0
2 2 20.044625700741648 0
3 2 20.071537212044685 0

0 3 20.109043023159007 0
1 3 20.068071147254347 0
2 3 20.065174607846576 0
3 3 20.10888779231783 0


# 21.679999999999964 20.0 1.5238781672770472
0 0 20.47181193250612 0
1 0 21.543782391274693 1
2 0 20.416221308856077 0
3 0 20.196294489745018 0

0 1 20.18701458999475 0
1 1 20.346187606806694 0
2 1 20.14777452362835 0
3 1 20.1093918877604 0

0 2 20.093046105277182 0
1 2 20.074509434864872 0
2 2 20.04679161644666 0
3 2 20.081073504697105 0

0 3 20.12577088135566 0
1 3 20.07775761815847 0
2 3 20.074598518640094 0
3 3 20.125555896074435 0


# 21.79999999999996 20.0 1.5437823912746929
0 0 20.495756266711133 0
1 0 21.564121513029644 1
2 0 20.43171830020096 0
3 0 20.215881210369734 0

0 1 20.20045985696051 0
1 1 20.353412985621773 0
2 1 20.151977123974547 0
3 1 20.120264610542957 0

0 2 20.104027050933713 0
1 2 20.077916853245284 0
2 2 20.049172410863907 0
3 2 20.091288332509603 0

0 3 20.143584545655962 0
1 3 20.088124997206307 0
2 3 20.084699620506946 0
3 3 20.143307739251952 0


# 21.91999999999996 20.0 1.5641215130296438
0 0 20.520684017549414 0
1 0 21.584898193122864 1
2 0 20.447819209922123 0
3 0 20.236526492642003 0

0 1 20.214578031617428 0
1 1 20.36080160473545 0
2 1 20.15641891605654 0
3 1 20.13182430179465 0

0 2 20.11569086796072 0
1 2 20.081542322858706 0
2 2 20.05177952544562 0
3 2 20.102177161342105 0

0 3 20.16246129239435 0
1 3 20.099168186152763 0
2 3 20.095473301855858 0
3 3 20.16212046619726 0


# 22.039999999999957 20.0 1.5848981931228643
0 0 20.546573107614517 0
1 0 21.60611479607897 1
2 0 20.464519525562725 0
3 0 20.25820766483518 0

0 1 20.229362541253224 0
1 1 20.368364390623118 0
2 1 20.161108661006942 0
3 1 20.144065602965487 0

0 2 20.128032245384443 0
1 2 20.08539642353276 0
2 2 20.05462397479708 0
3 2 20.113735441093255 0

0 3 20.1823790910466 0
1 3 20.11088210813157 0
2 3 20.10691494176742 0
3 3 20.181971934008484 0


# 22.159999999999954 20.0 1.6061147960789697
0 0 20.57340220378838 0
1 0 21.627773408083343 1
2 0 20.481814782296198 0
3 0 20.280902753524252 0

0 1 20.24480690059814 0
1 1 20.37611192459186 0
2 1 20.166054840694418 0
3 1 20.15698316406468 0

0 2 20.141045880060425 0
1 2 20.08948936185416 0
2 2 20.057716359031733 0
3 2 20.125958610052596 0

0 3 20.203316579627224 0
1 3 20.12326171018903 0
2 3 20.11901991425194 0
3 3 20.20284068667583 0


# 22.27999999999995 20.0 1.6277734080833426
0 0 20.601150688156174 0
1 0 21.64987585368437 1
2 0 20.499700562814592 0
3 0 20.30459045911993 0

0 1 20.260904712686717 0
1 1 20.384054449438487 0
2 1 20.17126566276528 0
3 1 20.170571647957217 0

0 2 20.154726480947904 0
1 2 20.093830980480444 0
2 2 20.061066875808812 0
3 2 20.13884209895569 0

0 3 20.225253041054287 0
1 3 20.13630196559053 0
2 3 20.13178359219026 0
3 3 20.22470593024925 0


# 22.39999999999995 20.0 1.649875853684371
0 0 20.629798630179003 0
1 0 21.672423711538812 1
2 0 20.518172497177467 0
3 0 20.329250132333225 0

0 1 20.27764966948066 0
1 1 20.392201876156623 0
2 1 20.176749065717747 0
3 1 20.184825734307093 0

0 2 20.169068773040276 0
1 2 20.09843076730454 0
2 2 20.06468533206001 0
3 2 20.152381334758946 0

0 3 20.248168380439903 0
1 3 20.149997875914945 0
2 3 20.145201350976958 0
3 3 20.247547508989108 0


# 22.519999999999946 20.0 1.672423711538812
0 0 20.659326760064793 0
1 0 21.695418329254966 1
2 0 20.537226262623683 0
3 0 20.354861751532397 0

0 1 20.29503555227361 0
1 1 20.400563790675715 0
2 1 20.18251272399929 0
3 1 20.199740123189684 0

0 2 20.1840675009728 0
1 2 20.103297864469404 0
2 2 20.068581155411582 0
3 2 20.166571744150154 0

0 3 20.272043103266718 0
1 3 20.164344472951075 0
2 3 20.159268571884148 0
3 3 20.27134588245791 0


# 22.639999999999944 20.0 1.6954183292549665
0 0 20.689716443280805 0
1 0 21.71886083738522 1
2 0 20.556857583348492 0
3 0 20.381405900955688 0

0 1 20.31305623189727 0
1 1 20.409149460616295 0
2 1 20.188564053118117 0
3 1 20.215309538394404 0

0 2 20.199717432327546 0
1 2 20.10844107723055 0
2 2 20.07276340530842 0
3 2 20.181408756809777 0

0 3 20.29685829441246 0
1 3 20.179336820409457 0
2 3 20.173980645163123 0
3 3 20.2960821035131 0


# 22.75999999999994 20.0 1.7188608373852183
0 0 20.720949656154087 0
1 0 21.742752162616465 1
2 0 20.57706223024814 0
3 0 20.40886374974499 0

0 1 20.33170566874676 0
1 1 20.417967842047254 0
2 1 20.194910214760426 0
3 1 20.23152873043762 0

0 2 20.216013360654465 0
1 2 20.11386888266452 0
2 2 20.077240783846392 0
3 2 20.19688780843733 0

0 3 20.32259559798638 0
1 3 20.194970015462026 0
2 3 20.18933297290013 0
3 3 20.321737797162676 0


# 22.87999999999994 20.0 1.7427521626164655
0 0 20.753008962508897 0
1 0 21.767093040204227 1
2 0 20.597836020634233 0
3 0 20.437217031767034 0

0 1 20.350977912641923 0
1 1 20.42702758623224 0
2 1 20.20155812190573 0
3 1 20.24839247930456 0

0 2 20.23295010822649 0
1 2 20.11958943822183 0
2 2 20.082021646319344 0
3 2 20.213004343556403 0

0 3 20.34923719794313 0
1 3 20.2112391901214 0
2 3 20.205320971641562 0
3 3 20.348295140247195 0


# 22.999999999999936 20.0 1.7670930402042266
0 0 20.78587749129273 0
1 0 21.79188402569356 1
2 0 20.61917481791999 0
3 0 20.466448026190115 0

0 1 20.37086710253998 0
1 1 20.436337046353426 0
2 1 20.208514443933023 0
3 1 20.265895596937924 0

0 2 20.250522528545435 0
1 2 20.12561059012326 0
2 2 20.087114011487067 0
3 2 20.2297538181111 0

0 3 20.376765799441177 0
1 3 20.228139512470772 0
2 3 20.221940074803076 0
3 3 20.375736841913266 0


# 23.119999999999933 20.0 1.7918840256935589
0 0 20.819538915144992 0
1 0 21.81712550596745 1
2 0 20.641074531280438 0
3 0 20.49653953878589 0

0 1 20.391367466113824 0
1 1 20.44590428420211 0
2 1 20.215785611711127 0
3 1 20.28403292948983 0

0 2 20.268725508614665 0
1 2 20.131939881598637 0
2 2 20.092525571570373 0
3 2 20.247131701866113 0

0 3 20.40516461091432 0
1 3 20.245666187754793 0
2 3 20.23918573487621 0
3 3 20.404046124845294 0


# 23.23999999999993 20.0 1.81712550596745
0 0 20.85397742986475 0
1 0 21.842817709660984 1
2 0 20.663531115288556 0
3 0 20.52747488392694 0

0 1 20.41247331920922 0
1 1 20.45573707682657 0
2 1 20.223377822667096 0
3 1 20.30279935935278 0

0 2 20.287553970993514 0
1 2 20.138584560967644 0
2 2 20.09826370197952 0
3 2 20.265133480621866 0

0 3 20.43441732682638 0
1 3 20.263814459341134 0
2 3 20.2570534254454 0
3 3 20.43320670722367 0


# 23.35999999999993 20.0 1.8428177096609843
0 0 20.88917773473606 0
1 0 21.868960716977437 1
2 0 20.686540569529296 0
3 0 20.559237867252154 0

0 1 20.434179065193106 0
1 1 20.46584292312856 0
2 1 20.231297045826956 0
3 1 20.322189806984372 0

0 2 20.307002875647633 0
1 2 20.14555158956236 0
2 2 20.10433547078198 0
3 2 20.283754658255628 0

0 3 20.464508111080495 0
1 3 20.282579609561864 0
2 3 20.275538643027502 0
3 3 20.463202785379014 0


# 23.479999999999926 20.0 1.868960716977437
0 0 20.925125013671607 0
1 0 21.895554468940336 1
2 0 20.710098938193298 0
3 0 20.591812768973206 0

0 1 20.45647919420437 0
1 1 20.476229050400796 0
2 1 20.23954902682359 0
3 1 20.342199232539656 0

0 2 20.327067221608598 0
1 2 20.152847649491605 0
2 2 20.110747647915623 0
3 2 20.302990758598902 0

0 3 20.49542158105564 0
1 3 20.301956960443164 0
2 3 20.2946369087452 0
3 3 20.494019017113498 0


# 23.599999999999923 20.0 1.895554468940336
0 0 20.961804917137165 0
1 0 21.922598776113617 1
2 0 20.734202309652105 0
3 0 20.62518432779647 0

0 1 20.479368282317544 0
1 1 20.486902420798515 0
2 1 20.248139292866927 0
3 1 20.362822637324136 0

0 2 20.347742048455412 0
1 2 20.160479151247362 0
2 2 20.117506714153173 0
3 2 20.322837327160837 0

0 3 20.52714279224442 0
1 3 20.321941874331394 0
2 3 20.314343769845078 0
3 3 20.52564050566148 0


# 23.71999999999992 20.0 1.9225987761136167
0 0 20.999203544821402 0
1 0 21.95009332682011 1
2 0 20.75884681601652 0
3 0 20.659337725435886 0

0 1 20.50284099062911 0
1 1 20.49786973773895 0
2 1 20.257073157672107 0
3 1 20.38405506507975 0

0 2 20.369022437629734 0
1 2 20.168452241153727 0
2 2 20.124618869823802 0
3 2 20.343289932706863 0

0 3 20.559657223467152 0
1 3 20.342529754423065 0
2 3 20.334654801070485 0
3 3 20.558052784262994 0


# 23.839999999999918 20.0 1.9500933268201095
0 0 21.037307429017222 0
1 0 21.978037694886936 1
2 0 20.784028632679764 0
3 0 20.694258571693307 0

0 1 20.52689206427532 0
1 1 20.509137452223335 0
2 1 20.266355726341526 0
3 1 20.4058916031153 0

0 2 20.39090351359604 0
1 2 20.17677280865914 0
2 2 20.132090043297595 0
3 2 20.364344168701287 0

0 3 20.592950762638562 0
1 3 20.363716045205713 0
2 3 20.355565605898718 0
3 3 20.591241801324724 0


# 23.959999999999916 20.0 1.978037694886936
0 0 21.076103518682547 0
1 0 22.006431346944712 1
2 0 20.809743977846967 0
3 0 20.729932890083894 0

0 1 20.551516331389777 0
1 1 20.520711769076637 0
2 1 20.27599190019717 0
3 1 20.428327383292245 0

0 2 20.413380444857257 0
1 2 20.18544649347275 0
2 2 20.13992589923855 0
3 2 20.3859956546221 0

0 3 20.627009693064327 0
1 3 20.3854962328163 0
2 3 20.377071817651526 0
3 3 20.625193906144318 0


# 24.079999999999913 20.0 2.006431346944712
0 0 21.115579164149988 0
1 0 22.035273649305918 1
2 0 20.835989112052438 0
3 0 20.76634710398501 0

0 1 20.576708702008414 0
1 1 20.53259865310077 0
2 1 20.285986381559912 0
3 1 20.451357582875975 0

0 2 20.436448444835797 0
1 2 20.194478692545953 0
2 2 20.148131846631653 0
3 2 20.408240037155796 0

0 3 20.661820680245835 0
1 3 20.407865845323336 0
2 3 20.399169100487352 0
3 3 20.65989583517484 0


# 24.19999999999991 20.0 2.0352736493059176
0 0 21.15572210245636 0
1 0 22.06456387444638 1
2 0 20.86276033766613 0
3 0 20.803488023288054 0

0 1 20.602464166928776 0
1 1 20.544803835137706 0
2 1 20.296343678472773 0
3 1 20.474977425262182 0

0 2 20.46010277262934 0
1 2 20.203874566900414 0
2 2 20.15671304658953 0
3 2 20.43107299127957 0

0 3 20.697370759172415 0
1 3 20.430820452938477 0
2 3 20.42185315028332 0
3 3 20.6953346988073 0


# 24.319999999999908 20.0 2.0645638744463817
0 0 21.19652044326443 0
1 0 22.09430120711245 1
2 0 20.890053998390634 0
3 0 20.841342831533517 0

0 1 20.628777796530144 0
1 1 20.557332818039285 0
2 1 20.30706810936546 0
3 1 20.49918218058731 0

0 2 20.484338733650144 0
1 2 20.213639048303804 0
2 2 20.16567441994402 0
3 2 20.45449022123789 0

0 3 20.73364732208127 0
1 3 20.454355668163082 0
2 3 20.44511969541439 0
3 3 20.731497968650064 0


# 24.439999999999905 20.0 2.0943012071124514
0 0 21.23796265535062 0
1 0 22.124484750075094 1
2 0 20.917866478749914 0
3 0 20.879899073510355 0

0 1 20.65564473956036 0
1 1 20.570190882541056 0
2 1 20.318163807657786 0
3 1 20.523967166231515 0

0 2 20.509151680156183 0
1 2 20.223776845794873 0
2 2 20.175020654627964 0
3 2 20.478487461420013 0

0 3 20.770638106666176 0
1 3 20.47846714587474 0
2 3 20.46896449743682 0
3 3 20.76837346528494 0


# 24.559999999999903 20.0 2.1244847500750943
0 0 21.280037553633623 0
1 0 22.155113529551034 1
2 0 20.946194203571046 0
3 0 20.91914464330161 0

0 1 20.68306022189479 0
1 1 20.583383093037867 0
2 1 20.329634726299833 0
3 1 20.549327747222048 0

0 2 20.53453701168189 0
1 2 20.23429245205939 0
2 2 20.184756212852413 0
3 2 20.503060477144686 0

0 3 20.808331184716874 0
1 3 20.503150583358554 0
2 3 20.49338335168242 0
3 3 20.80594934648061 0


# 24.6799999999999 20.0 2.155113529551034
0 0 21.32273428672016 0
1 0 22.186186500309837 1
2 0 20.975033637459997 0
3 0 20.959067772758935 0

0 1 20.71101954527249 0
1 1 20.596914303259346 0
2 1 20.341484642246968 0
3 1 20.575259336544526 0

0 2 20.560490175375836 0
1 2 20.245190149658693 0
2 2 20.19488533808429 0
3 2 20.528205065357923 0

0 3 20.84671495117188 0
1 3 20.52840172028765 0
2 3 20.51837208776999 0
3 3 20.84421409584484 0


# 24.799999999999898 20.0 2.1861865003098373
0 0 21.36604232494522 0
1 0 22.2177025504848 1
2 0 21.004381284272565 0
3 0 20.999657020389417 0

0 1 20.73951808601401 0
1 1 20.61078916184375 0
2 1 20.353717160868054 0
3 1 20.60175739536904 0

0 2 20.587006666252186 0
1 2 20.25647401711269 0
2 2 20.20541206182955 0
3 2 20.55391705524941 0

0 3 20.88577811356817 0
1 3 20.55421633865698 0
2 3 20.543926570039627 0
3 3 20.883156511897894 0


# 24.919999999999895 20.0 2.2177025504847983
0 0 21.409951448885177 0
1 0 22.249660506104455 1
2 0 21.03423368658146 0
3 0 21.040901260638805 0

0 1 20.768551293725192 0
1 1 20.625012117808975 0
2 1 20.366335720285456 0
3 1 20.628817433197625 0

0 2 20.614082027362468 0
1 2 20.268147934839178 0
2 2 20.216340210226694 0
3 2 20.5801923087928 0

0 3 20.925509681871947 0
1 3 20.580590262674395 0
2 3 20.57004269791555 0
3 3 20.92276569755007 0


# 25.039999999999893 20.0 2.249660506104455
0 0 21.454451738323264 0
1 0 22.282059135360633 1
2 0 21.064587425140456 0
3 0 21.08278967355586 0

0 1 20.79811468999067 0
1 1 20.639587425919856 0
2 1 20.37934359564557 0
3 1 20.656435007939255 0

0 2 20.641711849893664 0
1 2 20.28021559095147 0
2 2 20.227673410455477 0
3 2 20.60702672121484 0

0 3 20.96589895867537 0
1 3 20.607519358612578 0
2 3 20.596716406202514 0
3 3 20.963031049967274 0


# 25.15999999999989 20.0 2.282059135360633
0 0 21.49953356164784 0
1 0 22.314897152627985 1
2 0 21.09543911834651 0
3 0 21.125311734823278 0

0 1 20.828203867060598 0
1 1 20.65451915195113 0
2 1 20.39274390331889 0
3 1 20.68460572591809 0

0 2 20.66989177319838 0
1 2 20.29268048691641 0
2 2 20.239415096965445 0
3 2 20.634416221398027 0

0 3 21.006935529744787 0
1 3 20.634999534625212 0
2 3 20.623943665320702 0
3 3 21.003942250809075 0


# 25.279999999999887 20.0 2.314897152627985
0 0 21.54518756566478 0
1 0 22.34817322224916 1
2 0 21.12678542170065 0
3 0 21.168457206141063 0

0 1 20.858814486533824 0
1 1 20.669811177845695 0
2 1 20.406539605028744 0
3 1 20.713325241820343 0

0 2 20.698617484762387 0
1 2 20.305545943074808 0
2 2 20.25156851752897 0
3 2 20.66235677222121 0

0 3 21.048609254906623 0
1 3 20.66302674053058 0
2 3 20.651720481483654 0
3 3 21.045489256824407 0


# 25.399999999999885 20.0 2.3481732222491587
0 0 21.59140466580624 0
1 0 22.381885962098924 1
2 0 21.158623027268447 0
3 0 21.21221612594905 0

0 1 20.889942278040373 0
1 1 20.685467206768017 0
2 1 20.420733511907994 0
3 1 20.742589258584825 0

0 2 20.727884720114627 0
1 2 20.318815104026523 0
2 2 20.264136739123252 0
3 2 20.690844370842306 0

0 3 21.090910259257726 0
1 3 20.69159696756551 0
2 3 20.680042896823498 0
3 3 21.087662290790718 0


# 25.519999999999882 20.0 2.3818859620989237
0 0 21.638176036718885 0
1 0 22.416033946939834 1
2 0 21.190948663140734 0
3 0 21.256578800475587 0

0 1 20.921583037925895 0
1 1 20.701490768052754 0
2 1 20.43532828848323 0
3 1 20.772393527241874 0

0 2 20.757689262684334 0
1 2 20.33249094388236 0
2 2 20.277122653645712 0
3 2 20.71987504892707 0

0 3 21.133828924687442 0
1 3 20.720706248112478 0
2 3 20.708906989467497 0
3 3 21.130451832782985 0


# 25.63999999999988 20.0 2.4160339469398338
0 0 21.685493103215393 0
1 0 22.450615711581268 1
2 0 21.223759092895303 0
3 0 21.30153579510011 0

0 1 20.953732627940436 0
1 1 20.717885222048867 0
2 1 20.450326456586016 0
3 1 20.802733846705074 0

0 2 20.788026943609715 0
1 2 20.346576271385008 0
2 2 20.290528983467105 0
3 2 20.749444872827592 0

0 3 21.17735588169936 0
1 3 20.750350655402375 0
2 3 20.73830887356969 0
3 3 21.173848611759563 0


# 25.759999999999877 20.0 2.4506157115812677
0 0 21.733347531573898 0
1 0 22.485629753853072 1
2 0 21.25705111506017 0
3 0 21.34707792601769 0

0 1 20.986386973933726 0
1 1 20.734653764859615 0
2 1 20.465730399190992 0
3 1 20.833606063519895 0

0 2 20.818893641502324 0
1 2 20.361073734901304 0
2 2 20.30435828682656 0
3 2 20.779549943714105 0

0 3 21.221482001521036 0
1 3 20.78052630319538 0
2 3 20.76824469930114 0
3 3 21.2178435974524 0


# 25.879999999999875 20.0 2.485629753853072
0 0 21.781731221170677 0
1 0 22.521074537404328 1
2 0 21.290821562579 0
3 0 21.393196252194237 0

0 1 21.0195420645589 0
1 1 20.75179943297902 0
2 1 20.48154236418068 0
3 1 20.865006071573127 0

0 2 20.850285282171 0
1 2 20.375985827288105 0
2 2 20.31861296307269 0
3 2 20.81018639766329 0

0 3 21.266198388490672 0
1 3 20.811229345442133 0
2 3 20.798710652802097 0
3 3 21.262427992549696 0


# 25.999999999999872 20.0 2.5210745374043277
0 0 21.83063629643209 0
1 0 22.556948494337227 1
2 0 21.32506730227923 0
3 0 21.43988206760147 0

0 1 21.05319394998641 0
1 1 20.769325107825537 0
2 1 20.497764468037015 0
3 1 20.896929811766675 0

0 2 20.882197838309 0
1 2 20.391314890634067 0
2 2 20.33329525775484 0
3 2 20.841350405706287 0

0 3 21.31149637271002 0
1 3 20.842455975927315 0
2 3 20.82970295609919 0
3 3 21.30759322515957 0


# 26.11999999999987 20.0 2.5569484943372274
0 0 21.880055099092417 0
1 0 22.59325002768543 1
2 0 21.359785234343388 0
3 0 21.487126893721136 0

0 1 21.087338740629704 0
1 1 20.787233520173746 0
2 1 20.514398699459704 0
3 1 20.92937327165912 0

0 2 20.914627329147706 0
1 2 20.407063120879677 0
2 2 20.348407267568348 0
3 2 20.873038173839266 0

0 3 21.35736750295336 0
1 3 20.874202427897554 0
2 3 20.86121786699053 0
3 3 21.35333094154378 0


# 26.239999999999867 20.0 2.5932500276854284
0 0 21.92998018074487 0
1 0 22.629977513745782 1
2 0 21.394972291784086 0
3 0 21.53492247230849 0

0 1 21.12197260588405 0
1 1 20.805527254485035 0
2 1 20.5314469229116 0
3 1 20.96233248507815 0

0 2 20.947569820080105 0
1 2 20.423232572317826 0
2 2 20.36395094515778 0
3 2 20.905245942999372 0

0 3 21.403803539822768 0
1 3 20.90646497367543 0
2 3 20.89325167890145 0
3 3 21.399632999111013 0


# 26.359999999999864 20.0 2.629977513745782
0 0 21.980404295673612 0
1 0 22.66712930427177 1
2 0 21.430625439923055 0
3 0 21.583260758405398 0

0 1 21.157091772879784 0
1 1 20.824208753138326 0
2 1 20.54891088209141 0
3 1 20.99580353170682 0

0 2 20.981021422256983 0
1 2 20.43982516197731 0
2 2 20.37992810378184 0
3 2 20.937969989008593 0

0 3 21.450796449140334 0
1 3 20.93923992426129 0
2 3 20.925800720713436 0
3 3 21.44649145965968 0


# 26.479999999999862 20.0 2.6671293042717714
0 0 22.03132039395518 0
1 0 22.704703728536554 1
2 0 21.466741675874687 0
3 0 21.63213391359378 0

0 1 21.19269252525104 0
1 1 20.843280320561963 0
2 1 20.566792203334124 0
3 1 21.02978253664637 0

0 2 21.014978292158613 0
1 2 20.456842673891565 0
2 2 20.396340421843686 0
3 2 20.97120662248803 0

0 3 21.498338395568318 0
1 3 20.972523628924396 0
2 3 20.958861356568605 0
3 3 21.49389858286061 0


# 26.59999999999986 20.0 2.704703728536554
0 0 22.082721614818244 0
1 0 22.74269909527308 1
2 0 21.50331802803436 0
3 0 21.68153429948057 0

0 1 21.22877120192096 0
1 1 20.862744127268027 0
2 1 20.585092398939594 0
3 1 21.064265669958118 0

0 2 21.04943663114452 0
1 2 20.474286763254938 0
2 2 20.413189447290204 0
3 2 21.004952188744838 0

0 3 21.546421736448686 0
1 3 21.00631247478484 0
2 3 20.99242998565195 0
3 3 21.541846819970388 0


# 26.719999999999857 20.0 2.7426990952730783
0 0 22.134601280251115 0
1 0 22.78111369449825 1
2 0 21.540351555571938 0
3 0 21.73145447140563 0

0 1 21.265324195904242 0
1 1 20.882602213790324 0
2 1 20.60381287042982 0
3 1 21.09924914618684 0

0 2 21.084392684983744 0
1 2 20.49215896046889 0
2 2 20.43047660188382 0
3 2 21.039203067634045 0

0 3 21.595039015853754 0
1 3 21.04060288638757 0
2 3 21.026503041953468 0
3 3 21.590328807766504 0


# 26.839999999999854 20.0 2.7811136944982486
0 0 22.186952888846903 0
1 0 22.81994579922783 1
2 0 21.577839347930674 0
3 0 21.781887172364435 0

0 1 21.302347953127715 0
1 1 20.90285649452744 0
2 1 20.622954911735533 0
3 1 21.1347292238678 0

0 2 21.11984274336783 0
1 2 20.51046067508038 0
2 2 20.448203185350238 0
3 2 21.07395567339723 0

0 3 21.64418295884008 0
1 3 21.07539132526978 0
2 3 21.06107699401206 0
3 3 21.63933736269582 0


# 26.95999999999985 20.0 2.819945799227831
0 0 22.23977010987668 0
1 0 22.859193667088277 1
2 0 21.615778524331844 0
3 0 21.83282532713771 0

0 1 21.339838971269614 0
1 1 20.923508761492208 0
2 1 20.642519712312733 0
3 1 21.170702205019523 0

0 2 21.155783139408662 0
1 2 20.529193199614774 0
2 2 20.46637037940547 0
3 2 21.109206454479995 0

0 3 21.693846465897977 0
1 3 21.11067428952275 0
2 3 21.09614834464304 0
3 3 21.688865475228244 0


# 27.07999999999985 20.0 2.8591936670882774
0 0 22.293046777581413 0
1 0 22.898855541831434 1
2 0 21.654166233285288 0
3 0 21.884262036620406 0

0 1 21.37779379861808 0
1 1 20.944560687969105 0
2 1 20.662508360189875 0
3 1 21.207164434624186 0

0 2 21.192210249123068 0
1 2 20.54835771330551 0
2 2 20.484979251665425 0
3 2 21.14495189333005 0

0 3 21.744022607589397 0
1 3 21.146448313349246 0
2 3 21.131713630650946 0
3 3 21.7389063044078 0


# 27.199999999999847 20.0 2.898855541831434
0 0 22.346776885673876 0
1 0 22.93892965475765 1
2 0 21.69299965210612 0
3 0 21.936190572342834 0

0 1 21.41620903294931 0
1 1 20.966013832081018 0
2 1 20.68292184494648 0
3 1 21.244112300097402 0

0 2 21.22912049090603 0
1 2 20.567955285722867 0
2 2 20.50403075944129 0
3 2 21.181188506177545 0

0 3 21.79470461936724 0
1 3 21.18270996661747 0
2 3 21.167769422529204 0
3 3 21.789453172593596 0


# 27.319999999999844 20.0 2.9389296547576507
0 0 22.400954582042097 0
1 0 22.97941422605258 1
2 0 21.732275986437767 0
3 0 21.988604371176912 0

0 1 21.45508132042579 0
1 1 20.9878696402669 0
2 1 20.70376106062397 0
3 1 21.28154223074905 0

0 2 21.26651032499417 0
1 2 20.58798688030401 0
2 2 20.523525753423723 0
3 2 21.217912842799283 0

0 3 21.84588589656936 0
1 3 21.219455854412367 0
2 3 21.204312324148134 0
3 3 21.840499560383595 0


# 27.43999999999984 20.0 2.9794142260525796
0 0 22.455574163646318 0
1 0 23.02030746604258 1
2 0 21.7719924697815 0
3 0 22.041497030220906 0

0 1 21.494407354514795 0
1 1 21.010129450671915 0
2 1 20.725026808569535 0
3 1 21.319450697236665 0

0 2 21.30437625292107 0
1 2 20.608453357786566 0
2 2 20.543464981259028 0
3 2 21.255121486268262 0

0 3 21.897559989580863 0
1 3 21.256682616585234 0
2 3 21.241338972432647 0
3 3 21.892039101714193 0


# 27.55999999999984 19.0 3.0203074660425813
0 0 22.51063007160174 0
1 0 23.061607576373454 1
2 0 21.812146363032646 0
3 0 22.094862301856182 0

0 1 21.53418387492751 0
1 1 21.032794496451547 0
2 1 20.746719800213956 0
3 1 21.357834211012786 0

0 2 21.342714816965923 0
1 2 20.62935547954795 0
2 2 20.56384909102015 0
3 2 21.29281105268996 0

0 3 21.949720599158564 0
1 3 21.294386927302323 0
2 3 21.278846037030917 0
3 3 21.94406557912913 0


# 27.679999999999836 19.0 4.061607576373454
0 0 22.566116886439687 0
1 0 22.983312751116856 -1
2 0 21.85129495402352 0
3 0 22.148676808969793 0

0 1 21.57440766657884 0
1 1 21.054425908991366 0
2 1 20.76880609978426 0
3 1 21.396688701687577 0

0 2 21.381522599596778 0
1 2 20.650676630852576 0
2 2 20.584678012495473 0
3 2 21.330978175996727 0

0 3 22.002361571911642 0
1 3 21.332565287233166 0
2 3 21.316830210021912 0
3 3 21.996572918912705 0


# 27.799999999999834 19.0 4.061607576373454
0 0 22.620589323540205 0
1 0 22.91040933780861 -1
2 0 21.88955527291328 0
3 0 22.202919371542087 0

0 1 21.555040998568067 -1
1 1 21.074432662163943 0
2 1 20.79124766278574 0
3 1 21.43600951874059 0

0 2 21.4200756008297 0
1 2 20.67238517132432 0
2 2 20.605950762537233 0
3 2 21.36961949100715 0

0 3 22.055468245979576 0
1 3 21.371213748697283 0
2 3 21.355288190362756 0
3 3 22.049555186008284 0


# 27.91999999999983 19.0 4.061607576373454
0 0 22.673433511929275 0
1 0 22.842621202984724 -1
2 0 21.92703541029867 0
3 0 22.25757081331504 0

0 1 21.538544577927283 -1
1 1 21.09299747776034 0
2 1 20.814011693004066 0
3 1 21.4757915429214 0

0 2 21.458429201537626 0
1 2 20.694453777387142 0
2 2 20.62766560375658 0
3 2 21.408731620377083 0

0 3 22.10902710452713 0
1 3 21.41032800011932 0
2 3 21.39421667184613 0
3 3 22.10300657881866 0


# 28.03999999999983 19.0 4.061607576373454
0 0 22.724803894870764 0
1 0 22.77968915385452 -1
2 0 21.96383518298821 0
3 0 22.312613784746613 0

0 1 21.52476047254436 -1
1 1 21.110288579989323 0
2 1 20.837070102655737 0
3 1 21.516029284212053 0

0 2 21.49663407132655 0
1 2 20.71685899113486 0
2 2 20.64982018340843 0
3 2 21.448311164878515 0

0 3 22.1630256736215 0
1 3 21.449903440153538 0
2 3 21.43361233405716 0
3 3 22.156921423968416 0


# 28.159999999999826 19.0 4.061607576373454
0 0 22.774844350172202 0
1 0 22.721369826750426 -1
2 0 22.000046749872535 0
3 0 22.368032600904748 0

0 1 21.513541736715354 -1
1 1 21.12646081603691 0
2 1 20.860399022130622 0
3 1 21.55671696773011 0

0 2 21.534736557148495 0
1 2 20.739580811521353 0
2 2 20.672411654595876 0
3 2 21.48835469650915 0

0 3 22.21745242933875 0
1 3 21.489935242566094 0
2 3 21.47347183588032 0
3 3 22.211294171094224 0


# 28.279999999999824 19.0 4.061607576373454
0 0 22.82368889232759 0
1 0 22.667434651525753 -1
2 0 22.03575518167262 0
3 0 22.423813093065007 0

0 1 21.504751618959464 -1
1 1 21.141656690116786 0
2 1 20.883978354997737 0
3 1 21.597848608820307 0

0 2 21.57277904006609 0
1 2 20.762602324096466 0
2 2 20.695436781713077 0
3 2 21.528858753995294 0

0 3 22.272296713274137 0
1 3 21.53041841285733 0
2 3 21.513791811161322 0
3 3 22.26611938771671 0


# 28.39999999999982 19.0 4.061607576373454
0 0 22.871462327449617 0
1 0 22.617668886552536 -1
2 0 22.07103898805775 0
3 0 22.4799424728772 0

0 1 21.498262827654756 -1
1 1 21.1560073177108 0
2 1 20.90779137431347 0
3 1 21.639418078464086 0

0 2 21.610800262763618 0
1 2 20.785909365840375 0
2 2 20.718892031854576 0
3 2 21.569819840303914 0

0 3 22.32754865570372 0
1 3 21.571347837509787 0
2 3 21.55456886617752 0
3 3 22.321391754236682 0


# 28.51999999999982 19.0 4.061607576373454
0 0 22.918280864231917 0
1 0 22.571870719357335 -1
2 0 22.1059706053579 0
3 0 22.536409208059485 0

0 1 21.493956850229733 -1
1 1 21.16963330617757 0
2 1 20.931824356608672 0
3 1 21.621419160028257 -1

0 2 21.64883563018883 0
1 2 20.809490221948806 0
2 2 20.742773653746024 0
3 2 21.61051442182728 0

0 3 22.383199105710766 0
1 3 21.61271832666042 0
2 3 21.59579957861378 0
3 3 22.377097419089452 0


# 28.639999999999816 19.0 4.061607576373454
0 0 22.964252683954612 0
1 0 22.529850428290207 -1
2 0 22.140616847848367 0
3 0 22.59248290866386 0

0 1 21.491723321963935 -1
1 1 21.182645567426786 0
2 1 20.955346250240048 0
3 1 21.606339678275845 -1

0 2 21.686917485516382 0
1 2 20.83333535169546 0
2 2 20.767060465594735 0
3 2 21.65099878686605 0

0 3 22.4392395676513 0
1 3 21.65452465091621 0
2 3 21.637480186739204 0
3 3 22.433223659685492 0


# 28.759999999999813 19.0 4.061607576373454
0 0 23.009478472335292 0
1 0 22.491429600953342 -1
2 0 22.17502204535702 0
3 0 22.648209864635554 0

0 1 21.49145944074479 -1
1 1 21.195137427913902 0
2 1 20.978412345634222 0
3 1 21.594044863753886 -1

0 2 21.725075363445793 0
1 2 20.857436829708526 0
2 2 20.791733501033566 0
3 2 21.69132486211135 0

0 3 22.495662143388195 0
1 3 21.69676156549576 0
2 3 21.679606643610732 0
3 3 22.489758786005478 0


# 28.87999999999981 19.0 4.061607576373454
0 0 23.054051915831597 0
1 0 22.456440094382533 -1
2 0 22.209227867107852 0
3 0 22.703633582279014 0

0 1 21.493069320719805 -1
1 1 21.207195134459376 0
2 1 21.001074969440037 0
3 1 21.584407380442187 -1

0 2 21.76333621770687 0
1 2 20.881788178906863 0
2 2 20.81677582883278 0
3 2 21.73154052184604 0

0 3 22.55245947962465 0
1 3 21.739423831370644 0
2 3 21.722174665933586 0
3 3 22.486692051962635 -1


# 28.999999999999808 19.0 4.061607576373454
0 0 23.098060159842884 0
1 0 22.424723408355387 -1
2 0 22.243273480210213 0
3 0 22.758794943644798 0

0 1 21.49646350739368 -1
1 1 21.21889836877448 0
2 1 21.02338363160603 0
3 1 21.577306899628777 -1

0 2 21.801724630554283 0
1 2 20.90638421823372 0
2 2 20.84217238550024 0
3 2 21.770969875973606 0

0 3 22.60962471990126 0
1 3 21.7825062337019 0
2 3 21.764459778018352 0
3 3 22.48615629393988 -1


# 29.119999999999806 19.0 4.098060159842884
0 0 23.141584237077527 0
1 0 22.396130098237208 -1
2 0 22.27719569812324 0
3 0 22.813732356846607 0

0 1 21.50155852692002 -1
1 1 21.230320724773268 0
2 1 21.045385165785248 0
3 1 21.572621058627632 -1

0 2 21.84026300565166 0
1 2 20.931220923954026 0
2 2 20.867892539921005 0
3 2 21.809709179892575 0

0 3 22.667151460857053 0
1 3 21.825994957840372 0
2 3 21.806512992841995 0
3 3 22.488049333430858 -1


# 29.239999999999803 19.0 4.141584237077527
0 0 23.18469946804462 0
1 0 22.37051922480254 -1
2 0 22.311029119771277 0
3 0 22.868481794140916 0

0 1 21.508276467171015 -1
1 1 21.241530151364707 0
2 1 21.067123552263773 0
3 1 21.57023474848084 -1

0 2 21.878971745638076 0
1 2 20.9562949923414 0
2 2 20.893909386612872 0
3 2 21.847847715959382 0

0 3 22.72503360870794 0
1 3 21.86987726873777 0
2 3 21.848381479008008 0
3 3 22.492274307766955 -1


# 29.3599999999998 19.0 4.18469946804462
0 0 23.227475835498694 0
1 0 22.347757838640447 -1
2 0 22.344806254961423 0
3 0 22.92307694159315 0

0 1 21.516544588339848 -1
1 1 21.252589355758225 0
2 1 21.08864009870487 0
3 1 21.570039666119733 -1

0 2 21.917869410593944 0
1 2 20.981603777769447 0
2 2 20.920199412912755 0
3 2 21.88546827253068 0

0 3 22.78326535894643 0
1 3 21.914141430839468 0
2 3 21.8901088387079 0
3 3 22.498739358022206 -1


# 29.479999999999798 19.0 4.227475835498694
0 0 23.269978334544504 0
1 0 22.327720496760715 -1
2 0 22.378557642697746 0
3 0 22.9775493394016 0

0 1 21.526294960840332 -1
1 1 21.263556178690735 0
2 1 21.10997360877209 0
3 1 21.571933894791155 -1

0 2 21.95697286451967 0
1 2 21.007145235080063 0
2 2 20.94674219255403 0
3 2 21.9226475904288 0

0 3 22.841841177568664 0
1 3 21.95877663376049 0
2 3 21.931735365694205 0
3 3 22.50735733660688 -1


# 29.599999999999795 18.0 4.269978334544504
0 0 23.31226729999211 0
1 0 22.31028880935333 -1
2 0 22.412311962794764 0
3 0 23.031928513474174 0

0 1 21.537464128603467 -1
1 1 21.274483943495287 0
2 1 21.131160539474653 0
3 1 21.575821510930457 -1

0 2 21.99629741070487 0
1 2 21.032917865962396 0
2 2 20.973520103650156 0
3 2 21.959456779045038 0

0 3 22.900755783709773 0
1 3 22.003772923326945 0
2 3 21.973298284698057 0
3 3 22.518045533253947 -1


# 29.719999999999793 18.0 5.3122672999921114
0 0 23.354398712447875 0
1 0 22.295351014785346 -1
2 0 22.44609614117019 0
3 0 23.08624209881431 0

0 1 21.5499927960019 -1
1 1 21.285421780802206 0
2 1 21.152235148018505 0
3 1 21.58161221578191 -1

0 2 22.035856916803354 0
1 2 21.058920669091194 0
2 2 21.00051806924518 0
3 2 21.995961704144516 0

0 3 22.960004133577783 0
1 3 22.049121137595616 0
2 3 22.014831973621874 0
3 3 22.53072541819 -1


# 29.83999999999979 18.0 5.354398712447875
0 0 23.396424484529195 0
1 0 22.28280158104238 -1
2 0 22.479935449175542 0
3 0 23.14051595523648 0

0 1 21.563825536755434 -1
1 1 21.29641493054259 0
2 1 21.17322962889056 0
3 1 21.589220990178326 -1

0 2 22.075663930370705 0
1 2 21.085153093787866 0
2 2 21.02772331872675 0
3 2 22.032223349295585 0

0 3 23.019581405584578 0
1 3 22.09481284749253 0
2 3 22.056368169742665 0
3 3 22.545322401363617 -1


# 29.959999999999788 18.0 5.396424484529195
0 0 23.438392728499714 0
1 0 22.272540831937214 -1
2 0 22.51385359730294 0
3 0 23.19477427589774 0

0 1 21.578910523284662 -1
1 1 21.30750502281135 0
2 1 21.194174241852046 0
3 1 21.59856777099538 -1

0 2 22.11572978556702 0
1 2 21.11161499698122 0
2 2 21.055125168522324 0
3 2 22.068298152715744 0

0 3 23.079482986580246 0
1 3 22.14084030173749 0
2 3 22.097936161072955 0
3 3 22.561765606679987 -1


# 30.079999999999785 18.0 5.438392728499714
0 0 23.480348006536385 0
1 0 22.264474596515658 -1
2 0 22.5478728235874 0
3 0 23.24903968910041 0

0 1 21.595199275085683 -1
1 1 21.31873033904162 0
2 1 21.21509743146891 0
3 1 21.609577147892995 -1

0 2 22.156064701676968 0
1 2 21.138306603257863 0
2 2 21.082714820615436 0
3 2 22.104238321203944 0

0 3 23.139704459104326 0
1 3 22.187196375745735 0
2 3 22.139562963944382 0
3 3 22.579987660261285 -1


# 30.199999999999783 18.0 5.480348006536385
0 0 23.52233156476029 0
1 0 22.25851388019067 -1
2 0 22.58201397700585 0
3 0 23.30333335379158 0

0 1 21.61264642479783 -1
1 1 21.330126054844204 0
2 1 21.236025938762705 0
3 1 21.622178079046588 -1

0 2 22.196677874052455 0
1 2 21.165228467804578 0
2 2 21.11048517752648 0
3 2 22.14009212271539 0

0 3 23.200241589574148 0
1 3 22.23387452422029 0
2 3 22.181273487802812 0
3 3 22.599924491818093 -1


# 30.31999999999978 18.0 5.5223315647602895
0 0 23.56438155208878 0
1 0 22.254574556229926 -1
2 0 22.616296596157014 0
3 0 23.357675049157525 0

0 1 21.631209500728147 -1
1 1 21.341724465773986 0
2 1 21.256984905524142 0
3 1 21.636303624655394 -1

0 2 22.237577558039533 0
1 2 21.192381442056682 0
2 2 21.1384306725024 0
3 2 22.175904159029052 0

0 3 23.261090317336595 0
1 3 22.28086873716939 0
2 3 22.22309068813297 0
3 3 22.621515148278583 -1


# 30.439999999999777 18.0 5.564381552088779
0 0 23.606533224897078 0
1 0 22.252577076310203 -1
2 0 22.65073898349032 0
3 0 23.4120832586856 0

0 1 21.650848724682092 -1
1 1 21.35355519719971 0
2 1 21.277997971793155 0
3 1 21.65189069709396 -1

0 2 22.278771146410776 0
1 2 21.21976664187735 0
2 2 21.166547113752273 0
3 2 22.21171561985933 0

0 3 23.322246744515436 0
1 3 22.328173499102583 0
2 3 22.265035708364984 0
3 3 22.644701618879242 -1


# 30.559999999999775 18.0 5.606533224897078
0 0 23.648819138412687 0
1 0 22.252446198934408 -1
2 0 22.685358275336682 0
3 0 23.46657524904208 0

0 1 21.67152682402972 -1
1 1 21.36564539937374 0
2 1 21.299087366973765 0
3 1 21.668879826646517 -1

0 2 22.320265240786593 0
1 2 21.24738541810342 0
2 2 21.19483154165178 0
3 2 22.247564519671368 0

0 3 23.38370712659155 0
1 3 22.375783751176993 0
2 3 22.30712801155415 0
3 3 22.669428670974295 -1


# 30.679999999999772 18.0 5.648819138412687
0 0 23.6912693257054 0
1 0 22.254110734584152 -1
2 0 22.72017050797974 0
3 0 23.52116714409208 0

0 1 21.69320885701086 -1
1 1 21.378019928723866 0
2 1 21.320273995019047 0
3 1 21.687214941832753 -1

0 2 22.362065717494026 0
1 2 21.275239329303016 0
2 2 21.223282097919064 0
3 2 22.28348591837388 0

0 3 23.4454678636583 0
1 3 22.42369485608174 0
2 3 22.349385502568573 0
3 3 22.695643695870526 -1


# 30.79999999999977 18.0 5.691269325705399
0 0 23.733911465079142 0
1 0 22.25750330655301 -1
2 0 22.75519067999256 0
3 0 23.575873994366663 0

0 1 21.715862050351966 -1
1 1 21.390701516319844 0
2 1 21.341577514090904 0
3 1 21.706843163397753 -1

0 2 22.404177788279036 0
1 2 21.303330116599668 0
2 2 21.251897905838547 0
3 2 22.319512126983458 0

0 3 23.507525492298928 0
1 3 22.471902565463914 0
2 3 22.39182464146677 0
3 3 22.723296564040588 -1


# 30.919999999999767 18.0 5.733911465079142
0 0 23.77677103661915 0
1 0 22.26256012647296 -1
2 0 22.790432811052035 0
3 0 23.63070984226286 0

0 1 21.7394556483318 -1
1 1 21.403710924402436 0
2 1 21.36301641107083 0
3 1 21.72771461109885 -1

0 2 22.44660605625808 0
1 2 21.33165968042644 0
2 2 21.280678960677665 0
3 2 22.355672899279956 0

0 3 23.569876678036827 0
1 3 22.52040298971359 0
2 3 22.434460548698347 0
3 3 22.752339489110863 -1


# 31.039999999999765 18.0 5.776771036619149
0 0 23.819871468598514 0
1 0 22.26922078360973 -1
2 0 22.825909997431168 0
3 0 23.685687783243754 0

0 1 21.76396077249297 -1
1 1 21.41706709180232 0
2 1 21.38460807127155 0
3 1 21.749782222478242 -1

0 2 22.489354567466712 0
1 2 21.360230059081896 0
2 2 21.309626029505118 0
3 2 22.391995610403328 0

0 3 23.632518208313662 0
1 3 22.569192569938743 0
2 3 22.47730710271567 0
3 3 22.782726900060297 -1


# 31.159999999999762 18.0 5.819871468598514
0 0 23.863234274402195 0
1 0 22.277428047061747 -1
2 0 22.861634464357984 0
3 0 23.74082002328901 0

0 1 21.789350291252315 -1
1 1 21.43078726901982 0
2 1 21.40636884367485 0
3 1 21.77300158286256 -1

0 2 22.532426858336883 0
1 2 21.389043408967574 0
2 2 21.33874055967801 0
3 2 22.428505423277596 0

0 3 23.695446985953676 0
1 3 22.618268051972958 0
2 3 22.520377030542146 0
3 3 22.81441532110396 -1


# 31.27999999999976 18.0 5.8632342744021955
0 0 23.90687918058348 0
1 0 22.287127680052688 -1
2 0 22.897617615419147 0
3 0 23.796117932829983 0

0 1 21.815598698715 -1
1 1 21.44488714368379 0
2 1 21.42831410199818 0
3 1 21.7973307658796 -1

0 2 22.57582599941037 0
1 2 21.41810198639407 0
2 2 21.36802459532001 0
3 2 22.46522544368758 0

0 3 23.75866002307594 0
1 3 22.66762646227024 0
2 3 22.563681991803705 0
3 3 22.847363258770113 -1


# 31.399999999999757 18.0 5.906879180583481
0 0 23.950824246627686 0
1 0 22.29826826555924 -1
2 0 22.93387007917619 0
3 0 23.85159209738877 0

0 1 21.84268200204563 -1
1 1 21.459380957058933 0
2 1 21.450458301871482 0
3 1 21.82273018382803 -1

0 2 22.61955463557332 0
1 2 21.447408130849826 0
2 2 21.3974807011632 0
3 2 22.502176864777837 0

0 3 23.822154435419325 0
1 3 22.717265085551762 0
2 3 22.607232656693768 0
3 3 22.881531095712045 -1


# 31.519999999999754 18.0 5.950824246627686
0 0 23.995085976960343 0
1 0 22.310801042564098 -1
2 0 22.970401753152682 0
3 0 23.907252365126542 0

0 1 21.870577616794826 -1
1 1 21.474281612225067 0
2 1 21.472815034386077 0
3 1 21.849162447278736 -1

0 2 22.663615023076005 0
1 2 21.476964249633227 0
2 2 21.427111893173258 0
3 2 22.539379101691136 0

0 3 23.88592743704776 0
1 3 22.767181444079085 0
2 3 22.6510387783082 0
3 3 22.9168809908264 -1


# 31.639999999999752 18.0 5.995085976960343
0 0 24.039679425702076 0
1 0 22.32467975226936 -1
2 0 23.00722184534165 0
3 0 23.96310789149343 0

0 1 21.89926426962148 -1
1 1 21.489600774509185 0
2 1 21.49539707625918 0
3 1 21.876592233326352 -1

0 2 22.70800906358244 0
1 2 21.50677280375496 0
2 2 21.456921575421102 0
3 2 22.576849917014993 0

0 3 23.949976335405974 0
1 3 22.81737327843739 0
2 3 22.695109259755473 0
3 3 22.953376785277893 -1


# 31.75999999999975 18.0 6.039679425702076
0 0 24.084618294639487 0
1 0 22.33986049364793 -1
2 0 23.044338913374105 0
3 0 24.019167181160068 0

0 1 21.92872190789015 -1
1 1 21.50534896471137 0
2 1 21.518216436840735 0
3 1 21.904986161946834 -1

0 2 22.75273833547659 0
1 2 21.536836295023278 0
2 2 21.4869134827045 0
3 2 22.614605537659514 0

0 3 24.014298526698322 0
1 3 22.867838529720743 0
2 3 22.73945221641818 0
3 3 22.99098391405682 -1


# 31.879999999999747 18.0 6.084618294639487
0 0 24.12991502485092 0
1 0 22.35630158774995 -1
2 0 23.0817609014814 0
3 0 24.07543812739944 0

0 1 21.95893161565923 -1
1 1 21.521535645628504 0
2 1 21.541284402173513 0
3 1 21.934312679951855 -1

0 2 22.797804122635142 0
1 2 21.567157254230427 0
2 2 21.517091628460467 0
3 2 22.65266076374744 0

0 3 24.07889149156545 0
1 3 22.918575323019038 0
2 3 22.78407503371505 0
3 3 23.02966932272032 -1


# 31.999999999999744 18.0 6.12991502485092
0 0 24.175580882397195 0
1 0 22.373963450218536 -1
2 0 23.119495175376677 0
3 0 24.131928049077 0

0 1 21.989875535609468 -1
1 1 21.538169302345118 0
2 1 21.564611576302795 0
3 1 21.964541952063403 -1

0 2 22.843207440861327 0
1 2 21.597738230363596 0
2 2 21.54746025754391 0
3 2 22.69102907005798 0

0 3 24.143752791035656 0
1 3 22.969581952113607 0
2 3 22.82898442068755 0
3 3 23.06940138899133 -1


# 32.11999999999975 18.0 6.175580882397195
0 0 24.22162603846083 0
1 0 22.392808471503546 -1
2 0 23.157548555173456 0
3 0 24.188643725397068 0

0 1 22.021536796493876 -1
1 1 21.555257516728517 0
2 1 21.588207920018373 0
3 1 21.99564575866242 -1

0 2 22.888949062159867 0
1 2 21.628581780768695 0
2 2 21.578023803480193 0
3 2 22.72972270052915 0

0 3 24.20888006272965 0
1 3 23.020856865295066 0
2 3 22.874186459711872 0
3 3 23.11014984891053 -1


# 32.23999999999975 18.0 6.22162603846083
0 0 24.268059644292205 0
1 0 22.412800904294727 -1
2 0 23.19592734645269 0
3 0 24.245591428544152 0

0 1 22.0538994457193 -1
1 1 21.57280703653516 0
2 1 21.612082787199057 0
3 1 22.027597399793866 -1

0 2 22.935029537019762 0
1 2 21.65969046219976 0
2 2 21.60878684982882 0
3 2 22.76875275628932 0

0 3 24.27427101729916 0
1 3 23.0723986522232 0
2 3 22.91968665261552 0
3 3 23.15188572725661 -1


# 32.35999999999976 18.0 6.27427101729916
0 0 24.31488990129785 0
1 0 22.433906757725776 -1
2 0 23.234637369583304 0
3 0 24.302776954349085 0

0 1 22.08694838669732 -1
1 1 21.590823839507337 0
2 1 21.636244958918063 0
3 1 22.0603716050372 -1

0 2 22.981449214859285 0
1 2 21.691066822691194 0
2 2 21.639754095323205 0
3 2 22.808129277656572 0

0 3 24.339923435081378 0
1 3 23.124206031754483 0
2 3 22.965489963457678 0
3 3 23.19458127196874 -1


# 32.47999999999976 18.0 6.339923435081378
0 0 24.362124126584202 0
1 0 22.45609369792939 -1
2 0 23.273683987395163 0
3 0 24.360205651101705 0

0 1 22.12066932062744 -1
1 1 21.609313192812976 0
2 1 21.660702675456818 0
3 1 22.09394444887622 -1

0 2 23.028208262775994 0
1 2 21.722713394194017 0
2 2 21.670930322476874 0
3 2 22.847861320514856 0

0 3 24.405835162952812 0
1 3 23.176277840668046 0
2 3 23.011600858213818 0
3 3 23.238209892322608 -1


# 32.47999999999976 18.0 6.405835162952812
0 0 24.40976881424985 0
1 0 22.47933095454985 -1
2 0 23.313072131297865 0
3 0 24.41788244662413 0

0 1 22.155048692399152 -1
1 1 21.62827970815715 0
2 1 21.685463666364587 0
3 1 22.12829327122546 -1

0 2 23.075306682733952 0
1 2 21.754632685921138 0
2 2 21.702320369370156 0
3 2 22.88795702744825 0

0 3 24.472004111367333 0
1 3 23.228613023226014 0
2 3 23.058023341587862 0
3 3 23.282746100627424 -1


# 32.47999999999976 18.0 6.472004111367333
0 0 24.45638969270024 0
1 0 22.50285195284462 -1
2 0 23.352077478573353 0
3 0 24.474363127543246 0

0 1 22.189336360321484 -1
1 1 21.64770969815103 0
2 1 21.710526220186928 0
3 1 22.16265911033613 -1

0 2 23.122015479950445 0
1 2 21.786818219845294 0
2 2 21.733928889349208 0
3 2 22.927694841499175 0

0 3 24.536979505396225 0
1 3 23.280473129052474 0
2 3 23.10403213866952 0
3 3 23.326707964766857 -1


# 32.47999999999976 18.0 6.536979505396225
0 0 24.502025923521025 0
1 0 22.526633928028087 -1
2 0 23.39070850378237 0
3 0 24.52968646632111 0

0 1 22.22352524640745 -1
1 1 21.667589676013392 0
2 1 21.735879595771728 0
3 1 22.197026558545115 -1

0 2 23.168338705452314 0
1 2 21.81925491009113 0
2 2 21.765742640492824 0
3 2 22.967085384121866 0

0 3 24.600793985216015 0
1 3 23.331862230039988 0
2 3 23.149634542868995 0
3 3 23.370107117159137 -1


# 32.47999999999976 18.0 6.600793985216015
0 0 24.54671490036749 0
1 0 22.550655460012866 -1
2 0 23.42897340488878 0
3 0 24.583889753094752 0

0 1 22.257608905440335 -1
1 1 21.687906158020542 0
2 1 21.761513160318053 0
3 1 22.231381302656636 -1

0 2 23.214280373432285 0
1 2 21.851928171230583 0
2 2 21.797748928851643 0
3 2 23.006138646172754 0

0 3 24.663479112989904 0
1 3 23.38278451830338 0
2 3 23.194837578840264 0
3 3 23.41295497564156 -1


# 32.47999999999976 18.0 6.663479112989904
0 0 24.590492336339697 0
1 0 22.57489639348331 -1
2 0 23.4668801135662 0
3 0 24.637008858978014 0

0 1 22.29158147782535 -1
1 1 21.708645692869844 0
2 1 21.78741640107812 0
3 1 22.265710054819802 -1

0 2 23.259844462892676 0
1 2 21.884823902246524 0
2 2 21.829935578606815 0
3 2 23.044864030342314 0

0 3 24.72506541269662 0
1 3 23.43324429126004 0
2 3 23.239648018675073 0
3 3 23.455262741106672 -1


# 32.47999999999976 18.0 6.725065412696619
0 0 24.63339234668717 0
1 0 22.599337762794487 -1
2 0 23.504436305070627 0
3 0 24.689078296373488 0

0 1 22.32543764578608 -1
1 1 21.729794888154952 0
2 1 21.813578935746197 0
3 1 22.300000487666914 -1

0 2 23.305034918979935 0
1 2 21.917928471062712 0
2 2 21.862290904303602 0
3 2 23.08327039066486 0

0 3 24.78558240836242 0
1 3 23.48324593780432 0
2 3 23.284072396889293 0
3 3 23.497041395877478 -1


# 32.59999999999977 18.0 6.785582408362419
0 0 24.675447527109394 0
1 0 22.623961721401137 -1
2 0 23.541649407699907 0
3 0 24.74013127644844 0

0 1 22.359172592673996 -1
1 1 21.75134043417412 0
2 1 21.839990521636512 0
3 1 22.3342411734499 -1

0 2 23.349855654047964 0
1 2 21.951228699615662 0
2 2 21.894803685002707 0
3 2 23.1213660693089 0

0 3 24.8450586607636 0
1 3 23.53279392550376 0
2 3 23.32811702429655 0
3 3 23.538301702749152 -1


# 32.71999999999977 18.0 6.845058660763598
0 0 24.718129027902354 0
1 0 22.649488755539604 -1
2 0 23.579255459220004 0
3 0 24.791648510088333 0

0 1 22.39351924517518 -1
1 1 21.773286819997367 0
2 1 21.86665002225 0
3 1 22.36915901938477 -1

0 2 23.395039395844602 0
1 2 21.984720807950293 0
2 2 21.927463355208246 0
3 2 23.159887783326027 0

0 3 24.904970548832285 0
1 3 23.58263028120555 0
2 3 23.37251685334605 0
3 3 23.580511697090245 -1


