# 20.0 20.0 0.0
0 0 20.0 0
1 0 20.0 0
2 0 20.0 0
3 0 20.0 0

0 1 20.0 0
1 1 20.0 0
2 1 20.0 0
3 1 20.0 0

0 2 20.0 0
1 2 20.0 0
2 2 20.0 0
3 2 20.0 0

0 3 20.0 0
1 3 20.0 0
2 3 20.0 0
3 3 20.0 0


# 20.0 20.0 0.0
0 0 20.0 0
1 0 20.0 0
2 0 20.0 0
3 0 20.0 0

0 1 20.0 0
1 1 20.0 0
2 1 20.0 0
3 1 20.0 0

0 2 20.0 0
1 2 20.0 0
2 2 20.0 0
3 2 20.0 0

0 3 20.0 0
1 3 20.0 0
2 3 20.0 0
3 3 20.0 0


# 20.0 20.0 0.0
0 0 20.0 0
1 0 20.0 0
2 0 20.0 0
3 0 20.0 0

0 1 20.0 0
1 1 20.0 0
2 1 20.0 0
3 1 20.0 0

0 2 20.0 0
1 2 20.0 0
2 2 20.0 0
3 2 20.0 0

0 3 20.0 0
1 3 20.0 0
2 3 20.0 0
3 3 20.0 0


# 20.0 20.0 0.0
0 0 20.0 0
1 0 20.0 0
2 0 20.0 0
3 0 20.0 0

0 1 20.0 0
1 1 20.0 0
2 1 20.0 0
3 1 20.0 0

0 2 20.0 0
1 2 20.0 0
2 2 20.0 0
3 2 20.0 0

0 3 20.0 0
1 3 20.0 0
2 3 20.0 0
3 3 20.0 0


# 20.0 20.0 0.0
0 0 20.0 0
1 0 20.0 0
2 0 20.0 0
3 0 20.0 0

0 1 20.0 0
1 1 20.0 0
2 1 20.0 0
3 1 20.0 0

0 2 20.0 0
1 2 20.0 0
2 2 20.0 0
3 2 20.0 0

0 3 20.0 0
1 3 20.0 0
2 3 20.0 0
3 3 20.0 0


# 20.0 20.0 0.0
0 0 20.0 0
1 0 20.0 0
2 0 20.0 0
3 0 20.0 0

0 1 20.0 0
1 1 20.0 0
2 1 20.0 0
3 1 20.0 0

0 2 20.0 0
1 2 20.0 0
2 2 20.0 0
3 2 20.0 0

0 3 20.0 0
1 3 20.0 0
2 3 20.0 0
3 3 20.0 0


# 20.0 20.0 0.0
0 0 20.0 0
1 0 20.0 0
2 0 20.0 0
3 0 20.0 0

0 1 20.0 0
1 1 20.0 0
2 1 20.0 0
3 1 20.0 0

0 2 20.0 0
1 2 20.0 0
2 2 20.0 0
3 2 20.0 0

0 3 20.0 0
1 3 20.0 0
2 3 20.0 0
3 3 20.0 0


# 20.0 20.0 0.0
0 0 20.0 0
1 0 20.0 0
2 0 20.0 0
3 0 20.0 0

0 1 20.0 0
1 1 20.0 0
2 1 20.0 0
3 1 20.0 0

0 2 20.0 0
1 2 20.0 0
2 2 20.0 0
3 2 20.0 0

0 3 20.0 0
1 3 20.0 0
2 3 20.0 0
3 3 20.0 0


# 20.0 20.0 0.0
0 0 20.0 0
1 0 20.0 0
2 0 20.0 0
3 0 20.0 0

0 1 20.0 0
1 1 20.0 0
2 1 20.0 0
3 1 20.0 0

0 2 20.0 0
1 2 20.0 0
2 2 20.0 0
3 2 20.0 0

0 3 20.0 0
1 3 20.0 0
2 3 20.0 0
3 3 20.0 0


# 20.0 20.0 0.0
0 0 20.0 0
1 0 20.0 0
2 0 20.0 0
3 0 20.0 0

0 1 20.0 0
1 1 20.0 0
2 1 20.0 0
3 1 20.0 0

0 2 20.0 0
1 2 20.0 0
2 2 20.0 0
3 2 20.0 0

0 3 20.0 0
1 3 20.0 0
2 3 20.0 0
3 3 20.0 0


# 20.0 20.0 0.0
0 0 20.0 0
1 0 20.0 0
2 0 20.0 0
3 0 20.0 0

0 1 20.0 0
1 1 20.0 0
2 1 20.0 0
3 1 20.0 0

0 2 20.0 0
1 2 20.0 0
2 2 20.0 0
3 2 20.0 0

0 3 20.0 0
1 3 20.0 0
2 3 20.0 0
3 3 20.0 0


# 20.0 20.0 0.0
0 0 20.0 0
1 0 20.0 0
2 0 20.0 0
3 0 20.0 0

0 1 20.0 0
1 1 20.0 0
2 1 20.0 0
3 1 20.0 0

0 2 20.0 0
1 2 20.0 0
2 2 20.0 0
3 2 20.0 0

0 3 20.0 0
1 3 20.0 0
2 3 20.0 0
3 3 20.0 0


# 20.0 20.0 0.0
0 0 20.0 0
1 0 20.0 0
2 0 20.0 0
3 0 20.0 0

0 1 20.0 0
1 1 20.0 0
2 1 20.0 0
3 1 20.0 0

0 2 20.0 0
1 2 20.0 0
2 2 20.0 0
3 2 20.0 0

0 3 20.0 0
1 3 20.0 0
2 3 20.0 0
3 3 20.0 0


# 20.0 20.0 0.0
0 0 20.0 0
1 0 20.0 0
2 0 20.0 0
3 0 20.0 0

0 1 20.0 0
1 1 20.0 0
2 1 20.0 0
3 1 20.0 0

0 2 20.0 0
1 2 20.0 0
2 2 20.0 0
3 2 20.0 0

0 3 20.0 0
1 3 20.0 0
2 3 20.0 0
3 3 20.0 0


# 20.0 20.0 0.0
0 0 20.0 0
1 0 20.0 0
2 0 20.0 0
3 0 20.0 0

0 1 20.0 0
1 1 20.0 0
2 1 20.0 0
3 1 20.0 0

0 2 20.0 0
1 2 20.0 0
2 2 20.0 0
3 2 20.0 0

0 3 20.0 0
1 3 20.0 0
2 3 20.0 0
3 3 20.0 0


# 20.0 20.0 0.0
0 0 20.0 0
1 0 20.0 0
2 0 20.0 0
3 0 20.0 0

0 1 20.0 0
1 1 20.0 0
2 1 20.0 0
3 1 20.0 0

0 2 20.0 0
1 2 20.0 0
2 2 20.0 0
3 2 20.0 0

0 3 20.0 0
1 3 20.0 0
2 3 20.0 0
3 3 20.0 0


# 20.0 20.0 0.0
0 0 20.0 0
1 0 20.0 0
2 0 20.0 0
3 0 20.0 0

0 1 20.0 0
1 1 20.0 0
2 1 20.0 0
3 1 20.0 0

0 2 20.0 0
1 2 20.0 0
2 2 20.0 0
3 2 20.0 0

0 3 20.0 0
1 3 20.0 0
2 3 20.0 0
3 3 20.0 0


# 20.0 20.0 0.0
0 0 20.0 0
1 0 20.0 0
2 0 20.0 0
3 0 20.0 0

0 1 20.0 0
1 1 20.0 0
2 1 20.0 0
3 1 20.0 0

0 2 20.0 0
1 2 20.0 0
2 2 20.0 0
3 2 20.0 0

0 3 20.0 0
1 3 20.0 0
2 3 20.0 0
3 3 20.0 0


# 20.0 20.0 0.0
0 0 20.0 0
1 0 20.0 0
2 0 20.0 0
3 0 20.0 0

0 1 20.0 0
1 1 20.0 0
2 1 20.0 0
3 1 20.0 0

0 2 20.0 0
1 2 20.0 0
2 2 20.0 0
3 2 20.0 0

0 3 20.0 0
1 3 20.0 0
2 3 20.0 0
3 3 20.0 0


# 20.0 20.0 0.0
0 0 20.0 0
1 0 20.0 0
2 0 20.0 0
3 0 20.0 0

0 1 20.0 0
1 1 20.0 0
2 1 20.0 0
3 1 20.0 0

0 2 20.0 0
1 2 20.0 0
2 2 20.0 0
3 2 20.0 0

0 3 20.0 0
1 3 20.0 0
2 3 20.0 0
3 3 20.0 0


# 20.0 20.0 0.0
0 0 20.0 0
1 0 20.0 0
2 0 20.0 0
3 0 20.0 0

0 1 20.0 0
1 1 20.0 0
2 1 20.0 0
3 1 20.0 0

0 2 20.0 0
1 2 20.0 0
2 2 20.0 0
3 2 20.0 0

0 3 20.0 0
1 3 20.0 0
2 3 20.0 0
3 3 20.0 0


# 20.0 20.0 0.0
0 0 20.0 0
1 0 20.0 0
2 0 20.0 0
3 0 20.0 0

0 1 20.0 0
1 1 20.0 0
2 1 20.0 0
3 1 20.0 0

0 2 20.0 0
1 2 20.0 0
2 2 20.0 0
3 2 20.0 0

0 3 20.0 0
1 3 20.0 0
2 3 20.0 0
3 3 20.0 0


# 20.0 20.0 0.0
0 0 20.0 0
1 0 20.0 0
2 0 20.0 0
3 0 20.0 0

0 1 20.0 0
1 1 20.0 0
2 1 20.0 0
3 1 20.0 0

0 2 20.0 0
1 2 20.0 0
2 2 20.0 0
3 2 20.0 0

0 3 20.0 0
1 3 20.0 0
2 3 20.0 0
3 3 20.0 0


# 20.0 20.0 0.0
0 0 20.0 0
1 0 20.0 0
2 0 20.0 0
3 0 20.0 0

0 1 20.0 0
1 1 20.0 0
2 1 20.0 0
3 1 20.0 0

0 2 20.0 0
1 2 20.0 0
2 2 20.0 0
3 2 20.0 0

0 3 20.0 0
1 3 20.0 0
2 3 20.0 0
3 3 20.0 0


# 20.0 20.0 0.0
0 0 20.0 0
1 0 20.0 0
2 0 20.0 0
3 0 20.0 0

0 1 20.0 0
1 1 20.0 0
2 1 20.0 0
3 1 20.0 0

0 2 20.0 0
1 2 20.0 0
2 2 20.0 0
3 2 20.0 0

0 3 20.0 0
1 3 20.0 0
2 3 20.0 0
3 3 20.0 0


# 20.0 20.0 0.0
0 0 20.0 0
1 0 20.0 0
2 0 20.0 0
3 0 20.0 0

0 1 20.0 0
1 1 20.0 0
2 1 20.0 0
3 1 20.0 0

0 2 20.0 0
1 2 20.0 0
2 2 20.0 0
3 2 20.0 0

0 3 20.0 0
1 3 20.0 0
2 3 20.0 0
3 3 20.0 0


# 20.0 20.0 0.0
0 0 20.0 0
1 0 20.0 0
2 0 20.0 0
3 0 20.0 0

0 1 20.0 0
1 1 20.0 0
2 1 20.0 0
3 1 20.0 0

0 2 20.0 0
1 2 20.0 0
2 2 20.0 0
3 2 20.0 0

0 3 20.0 0
1 3 20.0 0
2 3 20.0 0
3 3 20.0 0


# 20.0 20.0 0.0
0 0 20.0 0
1 0 20.0 0
2 0 20.0 0
3 0 20.0 0

0 1 20.0 0
1 1 20.0 0
2 1 20.0 0
3 1 20.0 0

0 2 20.0 0
1 2 20.0 0
2 2 20.0 0
3 2 20.0 0

0 3 20.0 0
1 3 20.0 0
2 3 20.0 0
3 3 20.0 0


# 20.0 20.0 0.0
0 0 20.0 0
1 0 20.0 0
2 0 20.0 0
3 0 20.0 0

0 1 20.0 0
1 1 20.0 0
2 1 20.0 0
3 1 20.0 0

0 2 20.0 0
1 2 20.0 0
2 2 20.0 0
3 2 20.0 0

0 3 20.0 0
1 3 20.0 0
2 3 20.0 0
3 3 20.0 0


# 20.0 20.0 0.0
0 0 20.0 0
1 0 20.0 0
2 0 20.0 0
3 0 20.0 0

0 1 20.0 0
1 1 20.0 0
2 1 20.0 0
3 1 20.0 0

0 2 20.0 0
1 2 20.0 0
2 2 20.0 0
3 2 20.0 0

0 3 20.0 0
1 3 20.0 0
2 3 20.0 0
3 3 20.0 0


# 20.0 20.0 0.0
0 0 20.0 0
1 0 20.0 0
2 0 20.0 0
3 0 20.0 0

0 1 20.0 0
1 1 20.0 0
2 1 20.0 0
3 1 20.0 0

0 2 20.0 0
1 2 20.0 0
2 2 20.0 0
3 2 20.0 0

0 3 20.0 0
1 3 20.0 0
2 3 20.0 0
3 3 20.0 0


# 20.0 20.0 0.0
0 0 20.0 0
1 0 20.0 0
2 0 20.0 0
3 0 20.0 0

0 1 20.0 0
1 1 20.0 0
2 1 20.0 0
3 1 20.0 0

0 2 20.0 0
1 2 20.0 0
2 2 20.0 0
3 2 20.0 0

0 3 20.0 0
1 3 20.0 0
2 3 20.0 0
3 3 20.0 0


# 20.0 20.0 0.0
0 0 20.0 0
1 0 20.0 0
2 0 20.0 0
3 0 20.0 0

0 1 20.0 0
1 1 20.0 0
2 1 20.0 0
3 1 20.0 0

0 2 20.0 0
1 2 20.0 0
2 2 20.0 0
3 2 20.0 0

0 3 20.0 0
1 3 20.0 0
2 3 20.0 0
3 3 20.0 0


# 20.0 20.0 0.0
0 0 20.0 0
1 0 20.0 0
2 0 20.0 0
3 0 20.0 0

0 1 20.0 0
1 1 20.0 0
2 1 20.0 0
3 1 20.0 0

0 2 20.0 0
1 2 20.0 0
2 2 20.0 0
3 2 20.0 0

0 3 20.0 0
1 3 20.0 0
2 3 20.0 0
3 3 20.0 0


# 20.0 20.0 0.0
0 0 20.0 0
1 0 20.0 0
2 0 20.0 0
3 0 20.0 0

0 1 20.0 0
1 1 20.0 0
2 1 20.0 0
3 1 20.0 0

0 2 20.0 0
1 2 20.0 0
2 2 20.0 0
3 2 20.0 0

0 3 20.0 0
1 3 20.0 0
2 3 20.0 0
3 3 20.0 0


# 20.0 20.0 0.0
0 0 20.0 0
1 0 20.0 0
2 0 20.0 0
3 0 20.0 0

0 1 20.0 0
1 1 20.0 0
2 1 20.0 0
3 1 20.0 0

0 2 20.0 0
1 2 20.0 0
2 2 20.0 0
3 2 20.0 0

0 3 20.0 0
1 3 20.0 0
2 3 20.0 0
3 3 20.0 0


# 20.0 20.0 0.0
0 0 20.0 0
1 0 20.0 0
2 0 20.0 0
3 0 20.0 0

0 1 20.0 0
1 1 20.0 0
2 1 20.0 0
3 1 20.0 0

0 2 20.0 0
1 2 20.0 0
2 2 20.0 0
3 2 20.0 0

0 3 20.0 0
1 3 20.0 0
2 3 20.0 0
3 3 20.0 0


# 20.0 20.0 0.0
0 0 20.0 0
1 0 20.0 0
2 0 20.0 0
3 0 20.0 0

0 1 20.0 0
1 1 20.0 0
2 1 20.0 0
3 1 20.0 0

0 2 20.0 0
1 2 20.0 0
2 2 20.0 0
3 2 20.0 0

0 3 20.0 0
1 3 20.0 0
2 3 20.0 0
3 3 20.0 0


# 20.0 20.0 0.0
0 0 20.0 0
1 0 20.0 0
2 0 20.0 0
3 0 20.06 1

0 1 20.0 0
1 1 20.0 0
2 1 20.0 0
3 1 20.00072 0

0 2 20.0 0
1 2 20.0 0
2 2 20.0 0
3 2 20.00000864 0

0 3 20.0 0
1 3 20.0 0
2 3 20.0 0
3 3 20.00000010368 0


# 20.0 20.0 0.05999999999999872
0 0 20.0 0
1 0 20.0 0
2 0 20.00072 0
3 0 20.11785728 1

0 1 20.0 0
1 1 20.0 0
2 1 20.00001728 0
3 1 20.0021043584 0

0 2 20.0 0
1 2 20.0 0
2 2 20.00000031104 0
3 2 20.000033534397442 0

0 3 20.0 0
1 3 20.0 0
2 3 20.00000000497664 0
3 3 20.00000050242001 0


# 20.0 20.0 0.11785727999999907
0 0 20.0 0
1 0 20.00000864 0
2 0 20.0021043584 0
3 0 20.1736649225216 1

0 1 20.0 0
1 1 20.06000031104 1
2 1 20.000786962626563 0
3 1 20.004109800381748 0

0 2 20.0 0
1 2 20.00072000746496 0
2 2 20.00001878222367 0
3 2 20.000081674973053 0

0 3 20.0 0
1 3 20.0000086401493 0
2 3 20.00000033986514 0
3 3 20.00000146851095 0


# 20.0 20.0 0.17366492252159915
0 0 20.00000010368 0
1 0 20.00075353439744 0
2 0 20.00411844038175 0
3 0 20.227511724199985 1

0 1 20.00072000497664 0
1 1 20.117156062223668 1
2 1 20.00225402544302 0
3 1 20.066695357861107 1

0 2 20.0000172801493 0
1 2 20.00209185628359 0
2 2 20.00007101543571 0
3 2 20.00087945872588 0

0 3 20.000000311043582 0
1 3 20.000033387349337 0
2 3 20.000001596046356 0
3 3 20.00001198830182 0


# 20.0 20.0 0.2275117241999851
0 0 20.00001778242001 0
1 0 20.002177393373053 0
2 0 20.006728783601908 0
3 0 20.280202391826343 1

0 1 20.002096058265135 0
1 1 20.17163600323731 1
2 1 20.005087406143385 0
3 1 20.12732818391129 1

0 2 20.00006681309014 0
1 2 20.00405313381133 0
2 2 20.00018786583152 0
3 2 20.00237285791593 0

0 3 20.000001502251287 0
1 3 20.000080659865972 0
2 3 20.0000048951804 0
3 3 20.000040089760112 0


# 20.0 20.0 0.280202391826343
0 0 20.00006842367255 0
1 0 20.004227141377527 0
2 0 20.009920377962796 0
3 0 20.331762088463083 1

0 1 20.004069278697997 0
1 1 20.223606718602284 1
2 1 20.0091757284042 0
3 1 20.186100128284412 1

0 2 20.00016149391748 0
1 2 20.00654702424699 0
2 2 20.000396054340577 0
3 2 20.00451163315208 0

0 3 20.00000435401564 0
1 3 20.00015594743292 0
2 3 20.000011794681225 0
3 3 20.00009292766275 0


# 20.0 20.0 0.3317620884630834
0 0 20.000165517461244 0
1 0 20.006853912807987 0
2 0 20.01367722284446 0
3 0 20.38221598149196 1

0 1 20.006585573752453 0
1 1 20.273223542979913 1
2 1 20.01441605682219 0
3 1 20.243097646954062 1

0 2 20.000312354597128 0
1 2 20.009521821875342 0
2 2 20.0007185794106 0
3 2 20.00724905440802 0

0 3 20.00000981689544 0
1 3 20.000263918842162 0
2 3 20.0000242044156 0
3 3 20.000176861372772 0


# 20.0 20.0 0.3822159814919601
0 0 20.000320832671363 0
1 0 20.010012707652 0
2 0 20.017982516436586 0
3 0 20.431589168118936 1

0 1 20.009595260417832 0
1 1 20.320631363078085 1
2 1 20.020713247365276 0
3 1 20.2984021634207 1

0 2 20.000528758494312 0
1 2 20.01293048586323 0
2 2 20.001175091503516 0
3 2 20.010541643518447 0

0 3 20.00001897561524 0
1 3 20.00040851824152 0
2 3 20.000044313483556 0
3 3 20.000297525847376 0


# 20.0 20.0 0.43158916811893633
0 0 20.00054457831203 0
1 0 20.013662075424534 0
2 0 20.022818824637156 0
3 0 20.47990660992335 1

0 1 20.013052715878896 0
1 1 20.36596535994472 1
2 1 20.027979348765815 0
3 1 20.35209040378352 1

0 2 20.000818576765838 0
1 2 20.016730233099263 0
2 2 20.001782233577753 0
3 2 20.014348936449178 0

0 3 20.06003301763318 1
1 3 20.00131305124597 0
2 3 20.0000831660453 0
3 3 20.000460000146806 0


# 20.0 20.0 0.47990660992335066
0 0 20.000845550988437 0
1 0 20.01776382508355 0
2 0 20.02816823140767 0
3 0 20.527193075588404 1

0 1 20.01691605566437 0
1 1 20.409351696218728 1
2 1 20.036133050804906 0
3 1 20.404234707578723 1

0 2 20.001908348218436 0
1 2 20.02089944586163 0
2 2 20.002554261555954 0
3 2 20.01863326874969 0

0 3 20.11791048579196 1
1 3 20.062924620266024 1
2 3 20.06087093965502 1
3 3 20.001397490642375 0


# 20.0 20.0 0.5271930755884036
0 0 20.001231269721828 0
1 0 20.02228275879822 0
2 0 20.034012472310845 0
3 0 20.573473091025896 1

0 1 20.021155477096375 0
1 1 20.450908463590963 1
2 1 20.045099183226707 0
3 1 20.454903316376445 1

0 2 20.003747782498262 0
1 2 20.026137893995205 0
2 2 20.004240552428787 0
3 2 20.023377167775575 0

0 3 20.17446577713662 1
1 3 20.123419481544293 1
2 3 20.119863050484895 1
3 3 20.063066063598377 1


# 20.0 20.0 0.573473091025896
0 0 20.001708202842575 0
1 0 20.027186432593627 0
2 0 20.040333052955944 0
3 0 20.61877089618095 1

0 1 20.02574332044551 0
1 1 20.49075485930173 1
2 1 20.05481720380458 0
3 1 20.504160960301768 1

0 2 20.006306539532265 0
1 2 20.03237993227712 0
2 2 20.00680225416431 0
3 2 20.029283678065774 0

0 3 20.229741721412623 1
1 3 20.182819679769526 1
2 3 20.177861058334916 1
3 3 20.123281422145645 1


# 20.0 20.0 0.6187708961809513
0 0 20.002281864576712 0
1 0 20.032445039746708 0
2 0 20.04711146240858 0
3 0 20.66311041299096 1

0 1 20.030654220147728 0
1 1 20.529002182806963 1
2 1 20.06523090033814 0
3 1 20.552077699865833 1

0 2 20.009554975357958 0
1 2 20.039563844633005 0
2 2 20.010219019740884 0
3 2 20.03628070128804 0

0 3 20.283779515303298 1
1 3 20.241155706238462 1
2 3 20.23488676766235 1
3 3 20.182097300575805 1


# 20.0 20.0 0.6631104129909602
0 0 20.002956908570685 0
1 0 20.03803119472278 0
2 0 20.05432925108404 0
3 0 20.706515321534685 1

0 1 20.03586491170235 0
1 1 20.565754368248985 1
2 1 20.076288381189187 0
3 1 20.59871944931961 1

0 2 20.013464165652586 0
1 2 20.04763189920919 0
2 2 20.014469559785507 0
3 2 20.044300347550113 0

0 3 20.33661889121507 1
1 3 20.298456817273486 1
2 3 20.290961807552147 1
3 3 20.239564943616305 1


# 20.0 20.0 0.7065153215346847
0 0 20.003737213139242 0
1 0 20.04391973453409 0
2 0 20.061968103785606 0
3 0 20.7490090205967 1

0 1 20.041354054375343 0
1 1 20.601108487404726 1
2 1 20.08794172609565 0
3 1 20.644148245579096 1

0 2 20.01800592883277 0
1 2 20.056530057566707 0
2 2 20.019531828180977 0
3 2 20.053278673161525 0

0 3 20.388298164084603 1
1 3 20.35475111129844 1
2 3 20.346107586232105 1
3 3 20.295733240758842 1


# 20.0 20.0 0.7490090205966986
0 0 20.004625958933143 0
1 0 20.05008753628514 0
2 0 20.070009902822342 0
3 0 20.790614593636036 1

0 1 20.047102068593627 0
1 1 20.635155216671794 1
2 1 20.10014666556211 0
3 1 20.68842249845309 1

0 2 20.023152843304732 0
1 2 20.066207706796977 0
2 2 20.02538318800932 0
3 2 20.063155436015396 0

0 3 20.438854277632796 1
1 3 20.41006559947185 1
2 3 20.400345251949236 1
3 3 20.3506488523471 1


# 20.0 20.0 0.790614593636036
0 0 20.005625699670095 0
1 0 20.056513349591135 0
2 0 20.078436782209273 0
3 0 20.831354779633088 1

0 1 20.053090986828455 0
1 1 20.667979270776893 1
2 1 20.11286228648851 0
3 1 20.731597223543705 1

0 2 20.02887825954103 0
1 2 20.07661741268431 0
2 2 20.032000559630525 0
3 2 20.073873867329006 0

0 3 20.48832284994617 1
1 3 20.464426270468987 1
2 3 20.45369565955673 1
3 3 20.404356327985234 1


# 20.0 20.0 0.831354779633088
0 0 20.006738426519007 0
1 0 20.06317764266237 0
2 0 20.08723117386189 0
3 0 20.871251948335164 1

0 1 20.059304316863702 0
1 1 20.69965980568399 1
2 1 20.126050761889704 0
3 1 20.773724259085515 1

0 2 20.03515630759424 0
1 2 20.087714692195995 0
2 2 20.039360552539918 0
3 2 20.085380458576516 0

0 3 20.536738218284864 1
1 3 20.517858149949742 1
2 3 20.506179342221046 1
3 3 20.456898217787337 1


# 20.0 20.0 0.8712519483351642
0 0 20.007965626678637 0
1 0 20.070062460945245 0
2 0 20.096375846613732 0
3 0 20.91032807946349 1

0 1 20.065726916434908 0
1 1 20.730270792988748 1
2 1 20.139677102733735 0
3 1 20.814852467893207 1

0 2 20.04196190059827 0
1 2 20.099457803723507 0
2 2 20.04743958250506 0
3 2 20.09762476253453 0

0 3 20.584133483033185 1
1 3 20.570385355199587 1
2 3 20.557816487713666 1
3 3 20.50831517694997 1


# 20.0 20.0 0.9103280794634898
0 0 20.009308336646768 0
1 0 20.077151297300535 0
2 0 20.10585393880993 0
3 0 20.94860474548324 1

0 1 20.072344878307447 0
1 1 20.75988136791007 1
2 1 20.153708930087934 0
3 1 20.85502792549896 1

0 2 20.04927073475391 0
1 2 20.111807553629202 0
2 2 20.0562139753524 0
3 2 20.110559207441696 0

0 3 20.63054055072343 1
1 3 20.622031145386 1
2 3 20.608626918801953 1
3 3 20.558646064094695 1


# 20.0 20.0 0.9486047454832409
0 0 20.01076719063478 0
1 0 20.08442897278217 0
2 0 20.115648985160153 0
3 0 20.986103097573753 1

0 1 20.07914542493812 0
1 1 20.788556152827635 1
2 1 20.168116265909784 0
3 1 20.894294095479104 1

0 2 20.057059286245735 0
1 2 20.124727117772743 0
2 2 20.065660058654597 0
3 2 20.124138923347886 0

0 3 20.67599017607697 1
1 3 20.67281796783161 1
2 3 20.658630077299243 1
3 3 20.60792803379505 1


# 20.0 20.0 0.9861030975737535
0 0 20.01234246454457 0
1 0 20.091881527155707 0
2 0 20.125744938471097 0
3 0 21.0228438544685 1

0 1 20.086116811934133 0
1 1 20.816355558165178 1
2 1 20.182871340955355 0
3 1 20.93269199289424 1

0 2 20.065304805492822 0
1 2 20.138181876801383 0
2 2 20.07575424246002 0
3 2 20.138321579797065 0

0 3 20.72051200301809 1
1 3 20.722767500668105 1
2 3 20.707845011375753 1
3 3 20.656196623672503 1


# 20.0 20.0 1.0228438544685012
0 0 20.014034115890045 0
1 0 20.099496118365483 0
2 0 20.136126186820782 0
3 0 21.058847293864215 1

0 1 20.093248239587474 0
1 1 20.843336062281764 1
2 1 20.19794841840298 0
3 1 20.970260336697454 1

0 2 20.073985309095008 0
1 2 20.152139264088976 0
2 2 20.08647309010592 0
3 2 20.1530672340513 0

0 3 20.764134604626594 1
1 3 20.77190069220114 1
2 3 20.756290365769726 1
3 3 20.703485836418146 1


# 20.0 20.0 1.0588472938642148
0 0 20.01584182001344 0
1 0 20.107260930223525 0
2 0 20.146777566684197 0
3 0 21.094133246125683 1

0 1 20.10052977182148 0
1 1 20.869550471906685 1
2 1 20.21332363190437 0
3 1 21.007035691901137 1

0 2 20.083079569799462 0
1 2 20.166568625300865 0
2 2 20.09779338006515 0
3 2 20.16833818912176 0

0 3 20.806885522004045 1
1 3 20.820237797285586 1
2 3 20.803984374572625 1
3 3 20.749828217071425 1


# 20.0 20.0 1.0941332461256827
0 0 20.017765002917496 0
1 0 20.115165087652237 0
2 0 20.157684372471646 0
3 0 21.128721090037633 1

0 1 20.10795226194046 0
1 1 20.89504816453674 1
2 1 20.228974836880656 0
3 1 21.04305260223377 1

0 2 20.09256710477883 0
1 2 20.18144108864642 0
2 2 20.109692159692678 0
3 2 20.184098860926618 0

0 3 20.848791302036673 1
1 3 20.867798410982658 1
2 3 20.850944856293538 1
3 3 20.795254925863496 1


# 20.0 20.0 1.128721090037633
0 0 20.019802871007577 0
1 0 20.123198578867033 0
2 0 20.168832362897263 0
3 0 21.16262975037785 1

0 1 20.11550728462284 0
1 1 20.91987531410718 1
2 1 20.244881473977557 0
3 1 21.07834371396334 1

0 2 20.10242816248179 0
1 2 20.196729444958564 0
2 2 20.122146791661304 0
3 2 20.20031565394556 0

0 3 20.889877534044928 1
1 3 20.91460149974495 1
2 3 20.897189210936446 1
3 3 20.839795806910995 1


# 20.0 20.0 1.1626297503778495
0 0 20.021954438013182 0
1 0 20.13135218393483 0
2 0 20.18020776455506 0
3 0 21.195877697106468 1

0 1 20.123187073643905 0
1 1 20.944075101148215 1
2 1 20.26102444368257 0
3 1 21.112939891513694 1

0 2 20.112643708289323 0
1 2 20.21240803681068 0
2 2 20.135134993806066 0
3 2 20.216956844786615 0

0 3 20.930168885315723 1
1 3 20.960665430352417 1
2 3 20.94273441884995 1
3 3 20.88347945302584 1


# 20.0 20.0 1.195877697106468
0 0 20.024218549335654 0
1 0 20.139617409190034 0
2 0 20.1917972730435 0
3 0 21.22848294598532 1

0 1 20.13098446485614 0
1 1 20.967687908547575 1
2 1 20.277385991188737 0
3 1 21.146870325453648 1

0 2 20.123195409184962 0
1 2 20.22845265594646 0
2 2 20.148634873032634 0
3 2 20.233992473123724 0

0 3 20.969689135518806 1
1 3 21.006007996801397 1
2 3 20.98759704113257 1
3 3 20.926333266887983 1


# 20.0 20.0 1.22848294598532
0 0 20.026593904048124 0
1 0 20.14798642703172 0
2 0 20.20358805194614 0
3 0 21.260463060458648 1

0 1 20.138892843993553 0
1 1 20.990751503955217 1
2 1 20.29394960066433 0
3 1 21.180162633395554 1

0 2 20.1340656176247 0
1 2 20.244840448357998 0
2 2 20.16262495388641 0
3 2 20.251394239502567 0

0 3 21.00846121001324 1
1 3 21.050646445329786 1
2 3 21.031793221398253 1
3 3 20.968383518810825 1


# 20.0 20.0 1.2604630604586475
0 0 20.029079074754694 0
1 0 20.15645202066426 0
2 0 20.21556772994585 0
3 0 21.291835154642232 1

0 1 20.146906098901837 0
1 1 21.013301209788427 1
2 1 20.31069989815664 0
3 1 21.21284295430056 1

0 2 20.14523735477174 0
1 2 20.26154982640213 0
2 2 20.17708420232538 0
3 2 20.2691354095487 0

0 3 21.04650721205398 1
1 3 21.094597497744186 1
2 3 21.07533868872609 1
3 3 21.009655401312934 1


# 20.0 20.0 1.2918351546422322
0 0 20.03167252549832 0
1 0 20.165007533379153 0
2 0 20.22772439632226 0
3 0 21.322615897282585 1

0 1 20.155018575828663 0
1 1 21.035370061723782 1
2 1 20.327622562421183 0
3 1 21.244936036650966 1

0 2 20.156694293242744 0
1 2 20.278560387395263 0
2 2 20.191992045190855 0
3 2 20.28719072414551 0

0 3 21.08384845391188 1
1 3 21.137877373199327 1
2 3 21.118248761636032 1
3 3 21.050173080695046 1


# 20.0 20.0 1.322615897282585
0 0 20.034372627890875 0
1 0 20.17364682200847 0
2 0 20.240046595057272 0
3 0 21.352821516560912 1

0 1 20.16322503943815 0
1 1 21.0569889564962 1
2 1 20.34470424302571 0
3 1 21.27646532091641 1

0 2 20.16842073949549 0
1 2 20.295852838172873 0
2 2 20.207328385825456 0
3 2 20.305536315180643 0

0 3 21.120505486923392 1
1 3 21.180501808565744 1
2 3 21.160538352948354 1
3 3 21.089959745807572 1


# 20.0 20.0 1.3528215165609119
0 0 20.037177675624164 0
1 0 20.182364214210246 0
2 0 20.25252331775043 0
3 0 21.38246780562872 1

0 1 20.171520636241137 0
1 1 21.07818678976418 1
2 1 20.361932485131554 0
3 1 21.307453016709214 1

0 2 20.18040161597273 0
1 2 20.313408925142113 0
2 2 20.223073616246666 0
3 2 20.324149626488218 0

0 3 21.15649813048861 1
1 3 21.222486077508933 1
2 3 21.202221975399283 1
3 3 21.12903765418115 1


# 20.0 20.0 1.3824678056287212
0 0 20.04008589750711 0
1 0 20.191154469273677 0
2 0 20.26514399552532 0
3 0 21.4115701287729 1

0 1 20.179900861157936 0
1 1 21.098990584743966 1
2 1 20.37929566040394 0
3 1 21.337920174995407 1

0 2 20.19262244310334 0
1 2 20.331211369394527 0
2 2 20.239208626247056 0
3 2 20.343009339640798 0

0 3 21.19184550003837 1
1 3 21.263845008391545 1
2 3 21.24331374789835 1
3 3 21.1674281756811 1


# 20.0 20.0 1.411570128772901
0 0 20.043095469162036 0
1 0 20.20001274215736 0
2 0 20.277898490089267 0
3 0 21.44014342811809 1

0 1 20.188361526953415 0
1 1 21.119425612263168 1
2 1 20.39678290354769 0
3 1 21.367886755701278 1

0 2 20.205069321249635 0
1 2 20.349243806481407 0
2 2 20.255714809758015 0
3 2 20.36209530426957 0

0 3 21.226566033992682 1
1 3 21.30459300109957 1
2 3 21.28382740232508 1
3 3 21.205151833835714 1


# 20.0 20.0 1.4401434281180912
0 0 20.046204523501533 0
1 0 20.208934550497 0
2 0 20.29077708409147 0
3 0 21.46820223078335 1

0 1 20.196898736305542 0
1 1 21.139515502836517 1
2 1 20.41438405400605 0
3 1 21.397371691030532 1

0 2 20.217728912678506 0
1 2 20.36749073048677 0
2 2 20.272574068782678 0
3 2 20.381388472614034 0

0 3 21.260677519734283 1
1 3 21.344744042883942 1
2 3 21.323776290773456 1
3 3 21.24222834497828 1


# 20.0 20.0 1.4682022307833513
0 0 20.049411160097108 0
1 0 20.217915744340427 0
2 0 20.303770470909186 0
3 0 21.495760656418426 1

0 1 20.205508856288056 0
1 1 21.15928235132182 1
2 1 20.43208960239829 0
3 1 21.426392944784418 1

0 2 20.23058842362412 0
1 2 20.385937442062758 0
2 2 20.289768815175293 0
3 2 20.4008708380235 0

0 3 21.294197118621945 1
1 3 21.384311723300314 1
2 3 21.363173393162416 1
3 3 21.278676655333292 1


# 20.0 20.0 1.495760656418426
0 0 20.052713453541156 0
1 0 20.226952478387396 0
2 0 20.31686974397745 0
3 0 21.522832425052506 1

0 1 20.2141884950658 0
1 1 21.178746814673346 1
2 1 20.449890641306496 0
3 1 21.45496756795606 1

0 2 20.24363558650091 0
1 2 20.404570000119545 0
2 2 20.307281970518222 0
3 2 20.420525377152206 0

0 3 21.32714139006917 1
1 3 21.423309248321914 1
2 3 21.402031325139674 1
3 3 21.314514976168798 1


# 20.0 20.0 1.5228324250525063
0 0 20.05610946089511 0
1 0 20.236041186529675 0
2 0 20.33006638576506 0
3 0 21.54943086519527 1

0 1 20.22293448061787 0
1 1 21.197928203271907 1
2 1 20.46777882005392 0
3 1 21.48311175085072 1

0 2 20.256858642317553 0
1 2 20.42337517688696 0
2 2 20.32509696432414 0
3 2 20.44033599560794 0

0 3 21.35952631471435 1
1 3 21.461749453693287 1
2 3 21.440362346214044 1
3 3 21.349760817128587 1


# 20.0 20.0 1.5494308651952693
0 0 20.059597228308657 0
1 0 20.245178558503575 0
2 0 20.34335225648796 0
3 0 21.575568922136302 1

0 1 20.231743841318696 0
1 1 21.216844566276013 1
2 1 20.4857463031466 0
3 1 21.51084087196568 1

0 2 20.270246323335257 0
1 2 20.44234041608793 0
2 2 20.34319773076926 0
3 2 20.460287476830768 0

0 3 21.391367316708976 1
1 3 21.4996448175863 1
2 3 21.478178368058863 1
3 3 21.384431017850634 1


# 20.0 20.0 1.575568922136302
0 0 20.063174796887413 0
1 0 20.25436151848224 0
2 0 20.356719582640647 0
3 0 21.60125916639467 1

0 1 20.240613788221296 0
1 1 21.23551277140602 1
2 1 20.503785732076942 0
3 1 21.53816954384675 1

0 2 20.283787836007395 0
1 2 20.461453793984937 0
2 2 20.361568704143753 0
3 2 20.48036543399397 0

0 3 21.422679285150576 1
1 3 21.537007472614007 1
2 3 21.51549096293569 1
3 3 21.418541777971168 1


# 20.0 20.0 1.6012591663946694
0 0 20.06684020787991 0
1 0 20.263587205449106 0
2 0 20.37016094541679 0
3 0 21.626513802275625 1

0 1 20.24954169889952 0
1 1 21.253948579543458 1
2 1 20.52189019021266 0
3 1 21.565111656122973 1

0 2 20.297472844231503 0
1 2 20.48070398308005 0
2 2 20.380194813187522 0
3 2 20.500556264733603 0

0 3 21.453476594687302 1
1 3 21.573849217252654 1
2 3 21.552311372193326 1
3 3 21.452108685607328 1


# 20.0 20.0 1.6265138022756247
0 0 20.070591507248416 0
1 0 20.272852955206748 0
2 0 20.383669269081626 0
3 0 21.65134467649616 1

0 1 20.25852510271802 0
1 1 21.27216671449998 1
2 1 20.540053170517158 0
3 1 21.591680415906772 1

0 2 20.311291452939603 0
1 2 20.500080218266767 0
2 2 20.39906147446305 0
3 2 20.520847108526517 0

0 3 21.483773125320866 1
1 3 21.610181526717415 1
2 3 21.58865051480266 1
3 3 21.485146744405416 1


# 20.0 20.0 1.6513446764961586
0 0 20.07442674968257 0
1 0 20.282156283887236 0
2 0 20.397237809351005 0
3 0 21.67576328684539 1

0 1 20.267561667409332 0
1 1 21.290180928284947 1
2 1 20.558268545868405 0
3 1 21.617888385733572 1

0 2 20.325234192048104 0
1 2 20.519572265248126 0
2 2 20.418154584902172 0
3 2 20.541225806548898 0

0 3 21.513582281434502 1
1 3 21.64601556333311 1
2 3 21.624518995892636 1
3 3 21.51767039923612 1


# 20.0 20.0 1.6757632868453918
0 0 20.078344002109556 0
1 0 20.291494872840918 0
2 0 20.41086014182492 0
3 0 21.69978079084966 1

0 1 20.27664918684745 0
1 1 21.308004062176927 1
2 1 20.576530541762374 0
3 1 21.643747519202694 1

0 2 20.339292000784443 0
1 2 20.539170391050575 0
2 2 20.43746051364992 0
3 2 20.56168086385891 0

0 3 21.54291701007227 1
1 3 21.681362186437305 1
2 3 21.659927115257027 1
3 3 21.54969356061301 1


# 20.0 20.0 1.6997807908496583
0 0 20.082341346749875 0
1 0 20.30086655479062 0
2 0 20.424530150517104 0
3 0 21.723408014415707 1

0 1 20.285785569916392 0
1 1 21.325648103882674 1
2 1 20.59483371120481 0
3 1 21.669269194469933 1

0 2 20.353456212403966 0
1 2 20.558865336476636 0
2 2 20.456966093316293 0
3 2 20.582201413757627 0

0 3 21.571789818495763 1
1 3 21.71623196184969 1
2 3 21.69488487580558 1
3 3 21.581229627905703 1


# 20.0 20.0 1.723408014415707
0 0 20.086416883763363 0
1 0 20.310269301147372 0
2 0 20.4382420165166 0
3 0 21.74665546042858 1

0 1 20.294968830380505 0
1 1 21.34312424104682 1
2 1 20.613172911611176 0
3 1 21.694464245731766 1

0 2 20.367718539307234 0
1 2 20.578648290351996 0
2 2 20.476658610735427 0
3 2 20.60277718419228 0

0 3 21.6002127910438 1
1 3 21.75063517093842 1
2 3 21.7294019919367 1
3 3 21.612291511414647 1


# 20.0 20.0 1.7506351709384198
0 0 20.090568733526215 0
1 0 20.319701210392257 0
2 0 20.451990206812088 0
3 0 21.769533317283678 1

0 1 20.304197077671088 0
1 1 21.36044291135689 1
2 1 20.631543283549473 0
3 1 21.719342992831336 1

0 2 20.38207105856513 0
1 2 20.59851086543425 0
2 2 20.49652579732148 0
3 2 20.623398466075013 0

0 3 21.628197605320263 1
1 3 21.7845818193113 1
2 3 21.763487897811927 1
3 3 21.642891653370363 1


# 20.0 20.0 1.784581819311299
0 0 20.09479503857603 0
1 0 20.32916049743672 0
2 0 20.465769463305218 0
3 0 21.792051467335103 1

0 1 20.31346850851088 0
1 1 21.377613849470936 1
2 1 20.649940231174245 0
3 1 21.743915269107433 1

0 2 20.39650619785658 0
1 2 20.61844507586093 0
2 2 20.516555819101114 0
3 2 20.64405608339881 0

0 3 21.65575554773475 1
1 3 21.818081645157115 1
2 3 21.79715175551537 1
3 3 21.673042047916 1


# 20.0 20.0 1.8180816451571147
0 0 20.099093965258664 0
1 0 20.338645483880796 0
2 0 20.47957479203508 0
3 0 21.81421949524475 1

0 1 20.322781399304457 0
1 1 21.394646130978977 1
2 1 20.668359404212552 0
3 1 21.768190447599192 1

0 2 20.411016721821408 0
1 2 20.638443316024308 0
2 2 20.53673726649407 0
3 2 20.664741365040168 0

0 3 21.68289752842004 1
1 3 21.85114412726003 1
2 3 21.830402463083765 1
3 3 21.70275426012851 1


# 20.0 20.0 1.8511441272600315
0 0 20.103463705107576 0
1 0 20.348154589095262 0
2 0 20.493401452632238 0
3 0 21.836046696218716 1

0 1 20.332134099228565 0
1 1 21.411548213594713 1
2 1 20.686796681374194 0
3 1 21.792177465711625 1

0 2 20.425595718828983 0
1 2 20.658498340769274 0
2 2 20.557059143905565 0
3 2 20.68544611814543 0

0 3 21.709634095549987 1
1 3 21.883778492707947 1
2 3 21.86324866239515 1
3 3 21.732039444130372 1


# 20.0 20.0 1.8837784927079468
0 0 20.10790247598359 0
1 0 20.357686322059788 0
2 0 20.507244948017515 0
3 0 21.857542084119594 1

0 1 20.341525023961854 0
1 1 21.428327975760148 1
2 1 20.705248155068972 0
3 1 21.815884848439744 1

0 2 20.44023658816154 0
1 2 20.67860324681877 0
2 2 20.57751085918724 0
3 2 20.706162603004408 0

0 3 21.73597544908062 1
1 3 21.915993724313747 1
2 3 21.89569874690613 1
3 3 21.760908360340604 1


# 20.0 20.0 1.915993724313747
0 0 20.11240852300044 0
1 0 20.367239273894615 0
2 0 20.52110101435778 0
3 0 21.87871439944486 1

0 1 20.350952649998522 0
1 1 21.44499275283303 1
2 1 20.723710117323474 0
3 1 21.839320730242548 1

0 2 20.45493302760953 0
1 2 20.698751455338794 0
2 2 20.598082213017125 0
3 2 20.726883509321425 0

0 3 21.761931453936796 1
1 3 21.94779856776675 1
2 3 21.927760869229566 1
3 3 21.789371391910954 1


# 20.0 20.0 1.9477985677667498
0 0 20.116980119259143 0
1 0 20.37681211102844 0
2 0 20.534965611288314 0
3 0 21.899572117163217 1

0 1 20.360415509495006 0
1 1 21.461549371015273 1
2 1 20.742179046798707 0
3 1 21.86249287565176 1

0 2 20.469679021475176 0
1 2 20.718936695561823 0
2 2 20.61876338824324 0
3 2 20.747601933799597 0

0 3 21.787511652665973 1
1 3 21.979201538530035 1
2 3 21.959442948546133 1
3 3 21.817438560390308 1


# 20.0 20.0 1.9792015385300346
0 0 20.121615566412096 0
1 0 20.386403568949834 0
2 0 20.548834912409145 0
3 0 21.920123454402074 1

0 1 20.369912185603045 0
1 1 21.478004179169503 1
2 1 20.760651596818054 0
3 1 21.885408698694622 1

0 2 20.48446882897919 0
1 2 20.73915298939392 0
2 2 20.63954493923026 0
3 2 20.768311358959796 0

0 3 21.81272527758011 1
1 3 22.010210928498015 1
2 3 21.99075267784462 1
3 3 21.845119540657908 1


# 20.0 20.0 2.010210928498015
0 0 20.126313195075895 0
1 0 20.396012446493796 0
2 0 20.622705296060527 1
3 0 21.94109637798066 1

0 1 20.379441308246413 0
1 1 21.494363078660793 1
2 1 20.779844584322543 0
3 1 21.908092561204604 1

0 2 20.49929697306471 0
1 2 20.759394636936456 0
2 2 20.66042642124397 0
3 2 20.789005944160763 0

0 3 21.83758126240598 1
1 3 22.04083481242734 1
2 3 22.021697634667095 1
3 3 21.87242368014016 1


# 20.0 20.0 2.0408348124273417
0 0 20.131071365110046 0
1 0 20.40635760061903 0
2 0 20.694079256381052 1
3 0 21.962442970184384 1

0 1 20.38900155030209 0
1 1 21.510648831351237 1
2 1 20.799691009117232 0
3 1 21.93056635271556 1

0 2 20.514158229591725 0
1 2 20.77965651389888 0
2 2 20.681406566246388 0
3 2 20.809680453695236 0

0 3 21.862088253463593 1
1 3 22.07108105912975 1
2 3 22.052285269677274 1
3 3 21.89936001633558 1


# 20.0 20.0 2.0710810591297495
0 0 20.135897105777136 0
1 0 20.417378083715146 0
2 0 20.763082072369247 1
3 0 21.864118804358764 -1

0 1 20.398591935190044 0
1 1 21.526881497949432 1
2 1 20.820129078550973 0
3 1 21.951409705940765 1

0 2 20.5290476243795 0
1 2 20.799934002204193 0
2 2 20.702483396716094 0
3 2 20.830312912067946 0

0 3 21.886254620541013 1
1 3 22.100957341355368 1
2 3 22.082522897403713 1
3 3 21.92593708546116 1


# 20.0 20.0 2.100957341355368
0 0 20.14079645019602 0
1 0 20.429017324445287 0
2 0 20.828391807818 1
3 0 21.770368145566955 -1

0 1 20.408211780782363 0
1 1 21.543078692279654 1
2 1 20.84106724601358 0
3 1 21.970751477935035 1

0 2 20.54396042899789 0
1 2 20.82022292841058 0
2 2 20.723653705480473 0
3 2 20.850883876987613 0

0 3 21.910088467445775 1
1 3 22.130471144537562 1
2 3 22.112417678938506 1
3 3 21.952162969055674 1


# 20.0 20.0 2.1304711445375624
0 0 20.145774527251696 0
1 0 20.441205537146775 0
2 0 20.890231043034373 1
3 0 21.680966682578177 -1

0 1 20.417860649771853 0
1 1 21.439255191386344 -1
2 1 20.860982715218963 0
3 1 21.988693915159182 1

0 2 20.55889215552752 0
1 2 20.839079494210054 0
2 2 20.74487869280167 0
3 2 20.871375581078333 0

0 3 21.93359764221851 1
1 3 22.15961249425139 1
2 3 22.141975986296394 1
3 3 21.97804532097817 1


# 20.0 20.0 2.159612494251391
0 0 20.15083543851366 0
1 0 20.452438764661824 0
2 0 20.948773997176435 1
3 0 21.59570149695339 -1

0 1 20.426098295906566 0
1 1 21.341114133439767 -1
2 1 20.87993707375138 0
3 1 22.005332940543894 1

0 2 20.573803990183386 0
1 2 20.856636590216088 0
2 2 20.766123618323295 0
3 2 20.891771829231185 0

0 3 21.95678912491186 1
1 3 22.188373589909926 1
2 3 22.171203505222483 1
3 3 22.0035913934364 1


# 20.0 20.0 2.1883735899099257
0 0 20.155947807453988 0
1 0 20.46278636780287 0
2 0 21.004186588557115 1
3 0 21.514370477412278 -1

0 1 20.433052558651415 0
1 1 21.248329606119718 -1
2 1 20.89798776725384 0
3 1 21.90075851792782 -1

0 2 20.588661961881037 0
1 2 20.873015899200524 0
2 2 20.787357432654673 0
3 2 20.9106179005317 0

0 3 21.979669143036524 1
1 3 22.216748561703223 1
2 3 22.20010532665667 1
3 3 22.02879078199895 1


# 20.0 20.0 2.2167485617032234
0 0 20.161083753503096 0
1 0 20.47231253973331 0
2 0 21.05662680125051 1
3 0 21.435341764055575 -1

0 1 20.438841255046103 0
1 1 21.160595674560778 -1
2 1 20.913748415542383 0
3 1 21.800043157136408 -1

0 2 20.60343647504943 0
1 2 20.888328793766515 0
2 2 20.808517881125216 0
3 2 20.928020170552497 0

0 3 22.00224327432824 1
1 3 22.244733250848704 1
2 3 22.228685405904763 1
3 3 22.053634780764476 1


# 20.0 20.0 2.2447332508487037
0 0 20.166218583914336 0
1 0 20.481076705781216 0
2 0 21.106210478222536 1
3 0 21.35854450417388 -1

0 1 20.443572931136462 0
1 1 21.07760780433658 -1
2 1 20.9273970434462 0
3 1 21.70300888515475 -1

0 2 20.61810188308813 0
1 2 20.902676541498504 0
2 2 20.82955037276803 0
3 2 20.94407765185354 0

0 3 22.024516538059665 1
1 3 22.272324996138614 1
2 3 22.256946740652815 1
3 3 22.078116221367033 1


# 20.0 20.0 2.2723249961386145
0 0 20.171330510536432 0
1 0 20.48913326965555 0
2 0 21.153050535944498 1
3 0 21.283909615076812 -1

0 1 20.447347350404264 0
1 1 20.999081280188477 -1
2 1 20.93909827824945 0
3 1 21.609487538520405 -1

0 2 20.632636089157977 0
1 2 20.916151180365613 0
2 2 20.85040724108862 0
3 2 20.958882522487404 0

0 3 22.046493475713074 1
1 3 22.29952244306157 1
2 3 22.284891528411602 1
3 3 22.102229326008608 1


# 20.0 20.0 2.2995224430615693
0 0 20.176400379597837 0
1 0 20.49653205867879 0
2 0 21.19725689285889 1
3 0 21.2113698021106 -1

0 1 20.450256174674617 0
1 1 20.92474983104305 -1
2 1 20.94900437893561 0
3 1 21.519320142344952 -1

0 2 20.64702018338238 0
1 2 20.928836320090973 0
2 2 20.871047070515473 0
3 2 21.03252061500936 1

0 3 22.06817822210473 1
1 3 22.32632537330027 1
2 3 22.312521305456208 1
3 3 22.126689573317886 1


# 20.0 20.0 2.3263253733002713
0 0 20.181411424732556 0
1 0 20.503318729997893 0
2 0 21.238936418291345 1
3 0 21.140859567962252 -1

0 1 20.45238359260818 0
1 1 20.854364355412578 -1
2 1 20.95725618458547 0
3 1 21.433076332777148 -1

0 2 20.661238113297966 0
1 2 20.94080787567692 0
2 2 20.892154082899467 0
3 2 21.1025777890469 1

0 3 22.08957456794814 1
1 3 22.352734552610634 1
2 3 22.339854349132985 1
3 3 22.151437934336602 1


# 20.0 20.0 2.3527345526106345
0 0 20.186349041313456 0
1 0 20.50953514111819 0
2 0 21.2781928994471 1
3 0 21.0723238543023 -1

0 1 20.453806899838924 0
1 1 20.787691739567407 -1
2 1 20.96400126838166 0
3 1 21.350553961741277 -1

0 2 20.675276384661018 0
1 2 20.952143378761292 0
2 2 20.913633608344167 0
3 2 21.169257027959997 1

0 3 21.99068601474927 -1
1 3 22.25731190631271 -1
2 3 22.245449067857322 -1
3 3 22.174962641850293 1


# 20.0 20.0 2.3527345526106345
0 0 20.191200580317656 0
1 0 20.515219687823212 0
2 0 21.315127335396408 1
3 0 21.00570837111307 -1

0 1 20.454597034500242 0
1 1 20.72451407250177 -1
2 1 20.969375155235145 0
3 1 21.27156278199984 -1

0 2 20.687683893641385 0
1 2 20.96143821835035 0
2 2 20.93392542877648 0
3 2 21.232713643017195 1

0 3 21.894361267817743 -1
1 3 22.163719788895882 -1
2 3 22.154411501321587 -1
3 3 22.19730948847575 1


# 20.0 20.0 2.3527345526106345
0 0 20.1959551600941 0
1 0 20.520407619750543 0
2 0 21.349837881062943 1
3 0 20.940959677709753 -1

0 1 20.45480179656608 0
1 1 20.66460967050051 -1
2 1 20.973484376931935 0
3 1 21.195923037527752 -1

0 2 20.698528385501255 0
1 2 20.96881858315362 0
2 2 20.9530501454483 0
3 2 21.293095062067895 1

0 3 21.80051124026907 -1
1 3 22.071928453659186 -1
2 3 22.06659367531708 -1
3 3 22.218522611739242 1


# 20.0 20.0 2.3527345526106345
0 0 20.200603287326512 0
1 0 20.5251311097877 0
2 0 21.38241959203145 1
3 0 20.87802524086691 -1

0 1 20.454465017230245 0
1 1 20.607771195361728 -1
2 1 20.976427094483633 0
3 1 21.123464838720608 -1

0 2 20.707875731398037 0
1 2 20.974402797472653 0
2 2 20.97102996201888 0
3 2 21.350541278410788 1

0 3 21.70905048584007 -1
1 3 21.981908022109057 -1
2 3 21.98185426810417 -1
3 3 22.23864454427481 1


# 20.0 20.0 2.3527345526106345
0 0 20.205136722506975 0
1 0 20.529419533295417 0
2 0 21.41296443158988 1
3 0 20.816853483439427 -1

0 1 20.453626890297777 0
1 1 20.55380469377096 -1
2 1 20.97829376106162 0
3 1 21.054027577769283 -1

0 2 20.715789912762645 0
1 2 20.978301854281902 0
2 2 20.987888417784273 0
3 2 21.405185271195474 1

0 3 21.619897043568287 -1
1 3 21.893628523171927 -1
2 3 21.900058326666567 -1
3 3 22.25771626385526 1


# 20.0 20.0 2.3527345526106345
0 0 20.20954835757984 0
1 0 20.5332997226923 0
2 0 21.441561289069426 1
3 0 20.75739382443767 -1

0 1 20.45232427647463 0
1 1 20.502528703844078 -1
2 1 20.97916773239227 0
3 1 20.987459381439276 -1

0 2 20.72233301451851 0
1 2 20.980619909188196 0
2 2 21.00365014860394 0
3 2 21.457153399332046 1

0 3 21.532972288452115 -1
1 3 21.80705993149039 -1
2 3 21.821076993073966 -1
3 3 22.275777243065345 1


# 20.0 20.0 2.3527345526106345
0 0 20.21383210469697 0
1 0 20.536796199510547 0
2 0 21.468296008004597 1
3 0 20.69959671143124 -1

0 1 20.45059098273941 0
1 1 20.453773423945528 -1
2 1 20.97912582878136 0
3 1 20.92361659869336 -1

0 2 20.727565226073292 0
1 2 20.98145473830852 0
2 2 21.018340672984902 0
3 2 21.506565770737023 1

0 3 21.4482007879586 -1
1 3 21.722172204599886 -1
2 3 21.74478724081266 -1
3 3 22.29286549845359 1


# 20.0 20.0 2.3527345526106345
0 0 20.217982795114878 0
1 0 20.539931385855883 0
2 0 21.493251422781224 1
3 0 20.643413646077413 -1

0 1 20.448458018805958 0
1 1 20.40737993925716 -1
2 1 20.978238852604456 0
3 1 20.862363320781267 -1

0 2 20.73154484911909 0
1 2 20.980898162861244 0
2 2 21.03198620100581 0
3 2 21.553536588608956 1

0 3 21.36551016423672 -1
1 3 21.63893531882162 -1
2 3 21.6710716209179 -1
3 3 22.309017639023583 1


# 20.0 20.0 2.3527345526106345
0 0 20.221996087346685 0
1 0 20.542725797042557 0
2 0 21.516507402573104 1
3 0 20.588797203498878 -1

0 1 20.445953832524783 0
1 1 20.363199501913215 -1
2 1 20.976572064794723 0
3 1 20.803570931591285 -1

0 2 20.73432831137156 0
1 2 20.979036443041252 0
2 2 21.044613463965884 0
3 2 21.59817447630235 1

0 3 21.284830961886517 -1
1 3 21.55731930374126 -1
2 3 21.599818017720118 -1
3 3 22.324268913947005 1


# 20.0 20.0 2.3527345526106345
0 0 20.225868383757014 0
1 0 20.54519821702569 0
2 0 21.538140901488866 1
3 0 20.53570104616988 -1

0 1 20.443104525923243 0
1 1 20.3210928608308 -1
2 1 20.9741856235791 0
3 1 20.747117686217067 -1

0 2 20.735970185464165 0
1 2 20.975950643543296 0
2 2 21.05624956282926 0
3 2 21.64058278225357 1

0 3 21.206096521129066 -1
1 3 21.477294275172838 -1
2 3 21.53091941399926 -1
3 3 22.338653259399948 1


# 20.0 20.0 2.3527345526106345
0 0 20.22959675485715 0
1 0 20.54736585811673 0
2 0 21.558226013960724 1
3 0 20.484079932909896 -1

0 1 20.43993405344829 0
1 1 20.28092963765517 -1
2 1 20.97113498845525 0
3 1 20.692888315839376 -1

0 2 20.736523212292116 0
1 2 20.97171697290861 0
2 2 21.066921833704857 0
3 2 21.68085986630625 1

0 3 21.129242856218 -1
1 3 21.398830466533088 -1
2 3 21.464273665326946 -1
3 3 22.352203344441147 1


# 20.0 20.0 2.3527345526106345
0 0 20.23317887062107 0
1 0 20.54924450634267 0
2 0 21.576834034506867 1
3 0 20.433889723529294 -1

0 1 20.436464403850284 0
1 1 20.242587745506405 -1
2 1 20.96747129216409 0
3 1 20.640773657158118 -1

0 2 20.73603832817157 0
1 2 20.96640709869599 0
2 2 21.076657728756942 0
3 2 21.71909936868566 1

0 3 21.054208538930606 -1
1 3 21.32189825857414 -1
2 3 21.39978328336448 -1
3 3 22.36495061586587 1


# 20.0 20.0 2.364950615865869
0 0 20.236612938201027 0
1 0 20.55084865369485 0
2 0 21.594033521090235 1
3 0 20.38508737962122 -1

0 1 20.43271576703112 0
1 1 20.20595284746113 -1
2 1 20.96324168319381 0
3 1 20.590670304735486 -1

0 2 20.734564695244256 0
1 2 20.96008844031902 0
2 2 21.085484711083364 0
3 2 21.75539046278108 1

0 3 20.980934586974925 -1
1 3 21.24646820744193 -1
2 3 21.337355227875868 -1
3 3 22.37692534198258 1


# 20.0 20.0 2.376925341982581
0 0 20.239897645474503 0
1 0 20.552191618407978 0
2 0 21.609890361379122 1
3 0 20.33763096194823 -1

0 1 20.428706687073973 0
1 1 20.170917851930934 -1
2 1 20.958489641150056 0
3 1 20.542480284727148 -1

0 2 20.732149734616414 0
1 2 20.952824441244577 0
2 2 21.093430162227982 0
3 2 21.789818092811526 1

0 3 20.90936435714853 -1
1 3 21.172511071044596 -1
2 3 21.276900707208142 -1
3 3 22.388156655271445 1


# 20.0 20.0 2.3881566552714446
0 0 20.243032109903204 0
1 0 20.553285654313402 0
2 0 21.62446784129014 1
3 0 20.2914796248303 -1

0 1 20.42445420257427 0
1 1 20.137382442309637 -1
2 1 20.95325526714151 0
3 1 20.49611074858601 -1

0 2 20.728839161774133 0
1 2 20.944674822113114 0
2 2 21.10052130111233 0
3 2 21.82246319737308 1

0 3 20.839443443085006 -1
1 3 21.0999978337296 -1
2 3 21.21833498698676 -1
3 3 22.39867259389399 1


# 20.0 20.0 2.3986725938939912
0 0 20.24601583222934 0
1 0 20.55414205022219 0
2 0 21.637826715262282 1
3 0 20.246593607902586 -1

0 1 20.419973975301907 0
1 1 20.10525263845612 -1
2 1 20.94757555115972 0
3 1 20.45147368542262 -1

0 2 20.72467702386562 0
1 2 20.93569581621765 0
2 2 21.106785113279784 0
3 2 21.853402919794565 1

0 3 20.77111957742509 -1
1 3 21.02889972928051 -1
2 3 21.16157720677077 -1
3 3 22.40850014203259 1


# 20.0 20.0 2.40850014203259
0 0 20.248848654575372 0
1 0 20.554771220212384 0
2 0 21.650025277772563 1
3 0 20.202934225576435 -1

0 1 20.415280408141992 0
1 1 20.074440387759005 -1
2 1 20.94148461827486 0
3 1 20.40848565179862 -1

0 2 20.71970573848468 0
1 2 20.92594038866485 0
2 2 21.112248289444416 0
3 2 21.8827108061625 1

0 3 20.70434253825097 -1
1 3 20.95918826225497 -1
2 3 21.10655020441118 -1
3 3 22.4176652690463 1


# 20.0 20.0 2.4176652690462994
0 0 20.25153072255091 0
1 0 20.555182785620453 0
2 0 21.661119435659778 1
3 0 20.160463854505185 -1

0 1 20.410386753185563 0
1 1 20.044863183695522 -1
2 1 20.935013955324848 0
3 1 20.367067517814988 -1

0 2 20.71396613362954 0
1 2 20.91545844043723 0
2 2 21.116937172427114 0
3 2 21.910456991815135 1

0 3 20.63906405962455 -1
1 3 20.890835227693938 -1
2 3 21.05318034785592 -1
3 3 22.426192967436684 1


# 20.0 20.0 2.426192967436684
0 0 20.25406245100475 0
1 0 20.555385649468715 0
2 0 21.67116278087365 1
3 0 20.119145919327263 -1

0 1 20.405305210771726 0
1 1 20.016443709950167 -1
2 1 20.928192619642047 0
3 1 20.327144228436172 -1

0 2 20.7074974885471 0
1 2 20.904296998479662 0
2 2 21.120877711644127 0
3 2 21.936708377049104 1

0 3 20.575237746072958 -1
1 3 20.823812729239695 -1
2 3 21.001397374145817 -1
3 3 22.434107289623302 1


# 20.0 20.0 2.4341072896233023
0 0 20.256444493091465 0
1 0 20.555388063998013 0
2 0 21.680206663312564 1
3 0 20.078944876932468 -1

0 1 20.400047020218377 0
1 1 19.989109508300615 -1
2 1 20.92104743123955 0
3 1 20.288644579064506 -1

0 2 20.700337575205374 0
1 2 20.892500392845317 0
2 2 21.124095424388567 0
3 2 21.961528792729958 1

0 3 20.51281899086767 -1
1 3 20.758093195705932 -1
2 3 20.951134235348306 -1
3 3 22.441431383533804 1


# 20.0 20.0 2.4414313835338035
0 0 20.258677712350767 0
1 0 20.555197691917662 0
2 0 21.68830026345451 1
3 0 20.039826199473126 -1

0 1 20.394622542919485 0
1 1 19.96279266860925 -1
2 1 20.913603149766253 0
3 1 20.25150100444743 -1

0 2 20.69252270016634 0
1 2 20.880110421855182 0
2 2 21.126615363214313 0
3 2 21.984979156449647 1

0 3 20.4517648979469 -1
1 3 20.69364939614809 -1
2 3 20.90232695117843 -1
3 3 22.448187527018124 1


# 20.0 20.0 2.448187527018124
0 0 20.260763157524185 0
1 0 20.554821661932177 0
2 0 21.69549066452348 1
3 0 20.001756356319746 -1

0 1 20.389041338432463 0
1 1 19.93742953937984 -1
2 1 20.905882637436253 0
3 1 20.215649380063105 -1

0 2 20.684087746658168 0
1 2 20.867166506150937 0
2 2 21.12846208879461 0
3 2 22.007117619829273 1

0 3 20.39203420733449 -1
1 3 20.630454453485836 -1
2 3 20.85491446806052 -1
3 3 22.45439716110015 1


# 20.0 20.0 2.4543971611001503
0 0 20.26270203985769 0
1 0 20.554266619056158 0
2 0 21.70182292396724 1
3 0 19.9647027951406 -1

0 1 20.383312234129047 0
1 1 19.912960457450875 -1
2 1 20.897907009042623 0
3 1 20.181028835188606 -1

0 2 20.675066216669897 0
1 2 20.85370583245251 0
2 2 21.129659647685088 0
3 2 22.02799970752413 1

0 3 20.333587223912318 -1
1 3 20.568481856732536 -1
2 3 20.808838524388193 -1
3 3 22.460080922083492 1


# 20.0 20.0 2.460080922083492
0 0 20.264495712661034 0
1 0 20.553538770184748 0
2 0 21.70734014405303 1
3 0 19.92863392226644 -1

0 1 20.37744338893701 0
1 1 19.889329495500636 -1
2 1 20.889695770077704 0
3 1 20.147581576909104 -1

0 2 20.665490272913384 0
1 2 20.839763487768767 0
2 2 21.13023155447331 0
3 2 22.04767844844971 1

0 3 20.276385749407225 -1
1 3 20.50770547188854 -1
2 3 20.764043521745233 -1
3 3 22.465258672530826 1


# 20.0 20.0 2.465258672530826
0 0 20.266145652914698 0
1 0 20.552643925346608 0
2 0 21.712083541415094 1
3 0 19.893519082484737 -1

0 1 20.3714423516576 0
1 1 19.866484226134812 -1
2 1 20.881266943901164 0
3 1 20.115252724376948 -1

0 2 20.655390780517024 0
1 2 20.82537258475203 0
2 2 21.130200777844767 0
3 2 22.06620449971185 1

0 3 20.220393017457432 -1
1 3 20.448099551556677 -1
2 3 20.72047640185512 -1
3 3 22.46994953113852 1


# 20.0 20.0 2.4699495311385213
0 0 20.26765344473382 0
1 0 20.551587535029455 0
2 0 21.716092515412644 1
3 0 19.859328538392763 -1

0 1 20.36531611430461 0
1 1 19.844375501416188 -1
2 1 20.872637188822516 0
3 1 20.083990152676243 -1

0 2 20.644797348333476 0
1 2 20.810564378833746 0
2 2 21.129589730138896 0
3 2 22.083626263691396 1

0 3 20.165573631627648 -1
1 3 20.389638743339095 -1
2 3 20.6780865290326 -1
3 3 22.474171901530223 1


# 20.0 20.0 2.474171901530223
0 0 20.26902076451541 0
1 0 20.55037472393435 0
2 0 21.71940471517911 1
3 0 19.826033449424887 -1

0 1 20.359071160874997 0
1 1 19.822957246777797 -1
2 1 20.863821905896298 0
3 1 20.053744345691992 -1

0 2 20.633738369759506 0
1 2 20.79536837772991 0
2 2 21.128420260008433 0
3 2 22.099989998703126 1

0 3 20.111893506246236 -1
1 3 20.332298097074958 -1
2 3 20.636825577916596 -1
3 3 22.47794349999457 1


# 20.0 20.0 2.47794349999457
0 0 20.270249367610568 0
1 0 20.549010321483916 0
2 0 21.72205610526325 1
3 0 19.793605850657055 -1

0 1 20.352713511928023 0
1 1 19.80218626833692 -1
2 1 20.854835338164882 0
3 1 20.02446825742323 -1

0 2 20.622241062980457 0
1 2 20.779812443859683 0
2 2 21.12671364783176 0
3 2 22.11533992362059 1

0 3 20.059319809942036 -1
1 3 20.276053070978428 -1
2 3 20.596647426269758 -1
3 3 22.48128138219345 1


# 20.0 20.0 2.481281382193451
0 0 20.27134107637753 0
1 0 20.547498889381323 0
2 0 21.72408102978063 1
3 0 19.762018631479847 -1

0 1 20.346248765319384 0
1 1 19.78202207269745 -1
2 1 20.845690662025763 0
3 1 19.99611718121697 -1

0 2 20.61033151056473 0
1 2 20.763922890179288 0
2 2 21.124490603560982 0
3 2 22.129718316832182 1

0 3 20.00782091176264 -1
1 3 20.220879536735875 -1
2 3 20.55750805263631 -1
3 3 22.48420196886811 1


# 20.0 20.0 2.48420196886811
0 0 20.27229776948435 0
1 0 20.545844746490857 0
2 0 21.7255122750098 1
3 0 19.731245514221293 -1

0 1 20.339682133408928 0
1 1 19.76242669839323 -1
2 1 20.8364000713467 0
3 1 19.96864862643466 -1

0 2 20.598034698345224 0
1 2 20.747724569895105 0
2 2 21.12177126671858 0
3 2 22.143165609869488 1

0 3 19.95736632976016 -1
1 3 20.166753783620468 -1
2 3 20.519365438656074 -1
3 3 22.486721070571164 1


# 20.0 20.0 2.486721070571164
0 0 20.27312137234171 0
1 0 20.54405199128718 0
2 0 21.726381130381654 1
3 0 19.701261032791123 -1

0 1 20.333018477034717 0
1 1 19.74336455818512 -1
2 1 20.826974854902698 0
3 1 19.942022202095163 -1

0 2 20.585374553535004 0
1 2 20.73124096048485 0
2 2 21.118575208283044 0
3 2 22.155720476026364 1

0 3 19.907926681934658 -1
1 3 20.113652521681317 -1
2 3 20.482179475838944 -1
3 3 22.488853911452985 1


# 20.0 20.0 2.488853911452985
0 0 20.27381384855727 0
1 0 20.542124522098607 0
2 0 21.726717447823134 1
3 0 19.672040511409662 -1

0 1 20.326262336522586 0
1 1 19.72480229148034 -1
2 1 20.817425467663547 0
3 1 19.916199507068363 -1

0 2 20.572373982033838 0
1 2 20.71449424242332 0
2 2 21.114921434228883 0
3 2 22.167419914266258 1

0 3 19.85947363942959 -1
1 3 20.061552884063005 -1
2 3 20.445911876610648 -1
3 3 22.490615152131202 1


# 20.0 20.0 2.490615152131202
0 0 20.274377192312663 0
1 0 20.54006605534986 0
2 0 21.72654969942764 1
3 0 19.643560043476867 -1

0 1 20.31941795997856 0
1 1 19.706708626194267 -1
2 1 20.807761596418725 0
3 1 19.891144026421433 -1

0 2 20.559054904890395 0
1 2 20.69750537297952 0
2 2 21.110828390509198 0
3 2 22.178299328695818 1

0 3 19.811979881877566 -1
1 3 20.010432428509972 -1
2 3 20.410526089446805 -1
3 3 22.49201891167219 1


# 20.0 20.0 2.49201891167219
0 0 20.27481342157335 0
1 0 20.53788014199151 0
2 0 21.725905033434323 1
3 0 19.61579647062997 -1

0 1 20.312489329091356 0
1 1 19.689054249422714 -1
2 1 20.79799222018808 0
3 1 19.8668210335459 -1

0 2 20.54543829389238 0
1 2 20.680294155424516 0
2 2 21.10631396928982 0
3 2 22.18839260386469 1

0 3 19.7654190547988 -1
1 3 19.960269138108593 -1
2 3 20.375987217918887 -1
3 3 22.493078788713394 1


# 20.0 20.0 2.493078788713394
0 0 20.2751245720497 0
1 0 20.535570182286747 0
2 0 21.724809328507337 1
3 0 19.58872736203193 -1

0 1 20.3054801826539 0
1 1 19.671811686337062 -1
2 1 20.788125665831213 0
3 1 19.843197497717707 -1

0 2 20.53154420626343 0
1 2 20.662879303964125 0
2 2 21.101395516262855 0
3 2 22.1977321761347 1

0 3 19.71976572895851 -1
1 3 19.91104142131813 -1
2 3 20.342261943481827 -1
3 3 22.49380788175511 1


# 20.0 20.0 2.49380788175511
0 0 20.2753126918352 0
1 0 20.533139439110858 0
2 0 21.723287246313717 1
3 0 19.562330993927155 -1

0 1 20.298394037995664 0
1 1 19.654955186755704 -1
2 1 20.778169659235914 0
3 1 19.820241996765137 -1

0 2 20.517391818451387 0
1 2 20.645278504687305 0
2 2 21.096089838884716 0
3 2 22.206349101345904 1

0 3 19.67499536159324 -1
1 3 19.86272811133992 -1
2 3 20.309318451839346 -1
3 3 22.49421880865015 1


# 20.0 20.0 2.4942188086501496
0 0 20.275379836654412 0
1 0 20.53059104990489 0
2 0 21.721362282405355 1
3 0 19.536586329495822 -1

0 1 20.291234210502182 0
1 1 19.638460618883393 -1
2 1 20.768131372435853 0
3 1 19.797924634540333 -1

0 2 20.50299945899782 0
1 2 20.627508472799583 0
2 2 21.0904132153993 0
3 2 22.214273118992452 1

0 3 19.631084259419936 -1
1 3 19.81530846487235 -1
2 3 20.277126362729156 -1
3 3 22.494323725319404 1


# 20.0 20.0 2.494323725319404
0 0 20.27532806565974 0
1 0 20.527928037412266 0
2 0 21.719056815416458 1
3 0 19.511472999033455 -1

0 1 20.284003831383583 0
1 1 19.622305369745366 -1
2 1 20.75801746698015 0
3 1 19.77621696290971 -1

0 2 20.488384640483147 0
1 2 20.609585006391207 0
2 2 21.08438140452125 0
3 2 22.221532713107774 1

0 3 19.588009543345084 -1
1 3 19.768762160297296 -1
2 3 20.245656662976188 -1
3 3 22.494134343720912 1


# 20.0 20.0 2.494323725319404
0 0 20.275159437721538 0
1 0 20.525153319315553 0
2 0 21.716392154592917 1
3 0 19.486971280478283 -1

0 1 20.276705863840874 0
1 1 19.60646825187592 -1
2 1 20.7478341338519 0
3 1 19.755091907996757 -1

0 2 20.473564090545782 0
1 2 20.59152303697131 0
2 2 21.078009655667117 0
3 2 22.228155170045863 1

0 3 19.545749114794777 -1
1 3 19.723069295341716 -1
2 3 20.214881642667944 -1
3 3 22.493661949099526 1


# 20.0 20.0 2.494323725319404
0 0 20.27487600816144 0
1 0 20.522269716879862 0
2 0 21.713388585674537 1
3 0 19.46306208030512 -1

0 1 20.269343117766557 0
1 1 19.590929415851512 -1
2 1 20.73758713020929 0
3 1 19.734523700427616 -1

0 2 20.45855378197725 0
1 2 20.573336676982738 0
2 2 21.071312719633966 0
3 2 22.23416663333387 1

0 3 19.504281623589993 -1
1 3 19.678210384256253 -1
2 3 20.184774834311767 -1
3 3 22.49291741654369 1


# 20.0 20.0 2.494323725319404
0 0 20.274479825883382 0
1 0 20.51927996269982 0
2 0 21.710065415154777 1
3 0 19.439726914801128 -1

0 1 20.261918263104906 0
1 1 19.5756702682866 -1
2 1 20.727281813201277 0
3 1 19.71448780934569 -1

0 2 20.443368961898337 0
1 2 20.555039264496468 0
2 2 21.064304859635655 0
3 2 22.23959215576015 1

0 3 19.46358643729461 -1
1 3 19.634166354550725 -1
2 3 20.155310954839432 -1
3 3 22.491911226875313 1


# 20.0 20.0 2.494323725319404
0 0 20.273972930861238 0
1 0 20.51618670763806 0
2 0 21.706441012945962 1
3 0 19.416947891735788 -1

0 1 20.254433841987055 0
1 1 19.560673394936718 -1
2 1 20.716923171089984 0
3 1 19.694960879976204 -1

0 2 20.428024180023943 0
1 2 20.536643405270404 0
2 2 21.056999862616664 0
3 2 22.24445574885184 1

0 3 19.4236436119669 -1
1 3 19.590918543324516 -1
2 3 20.126465850329975 -1
3 3 22.490653481897983 1


# 20.0 20.0 2.494323725319404
0 0 20.273357351945734 0
1 0 20.512992527035202 0
2 0 21.702532853480562 1
3 0 19.394707692434782 -1

0 1 20.246892279746476 0
1 1 19.54592248857746 -1
2 1 20.706515851893474 0
3 1 19.675920674535366 -1

0 2 20.412533316026742 0
1 2 20.51816101234397 0
2 2 21.049411050772093 0
3 2 22.24878042988653 1

0 3 19.384433864248305 -1
1 3 19.548448693227954 -1
2 3 20.09821644332689 -1
3 3 22.489153919028215 1


# 20.0 20.0 2.494323725319404
0 0 20.272635104957068 0
1 0 20.509699926263906 0
2 0 21.698357555281486 1
3 0 19.372989554264933 -1

0 1 20.23929589491186 0
1 1 19.5314022813507 -1
2 1 20.696064189745865 0
3 1 19.657346016291648 -1

0 2 20.39690960601167 0
1 2 20.49960334332781 0
2 2 21.04155129321048 0
3 2 22.25258826657366 1

0 3 19.34593854472624 -1
1 3 19.50673894808895 -1
2 3 20.070540682631094 -1
3 3 22.487421925333656 1


# 20.0 20.0 2.494323725319404
0 0 20.271808191032722 0
1 0 20.5063113456928 0
2 0 21.693930919036106 1
3 0 19.351777253535328 -1

0 1 20.231646908266303 0
1 1 19.51709848129026 -1
2 1 20.685572229156005 0
3 1 19.639216736598577 -1

0 2 20.381165668115024 0
1 2 20.48098103553653 0
2 2 21.033433017703143 0
3 2 22.25590041953319 1

0 3 19.308139612510544 -1
1 3 19.465771848237353 -1
2 3 20.043417495455877 -1
3 3 22.48546655100151 1


# 20.0 20.0 2.494323725319404
0 0 20.270878595203055 0
1 0 20.502829165120055 0
2 0 21.689267964210327 1
3 0 19.331055088817763 -1

0 1 20.223947451054418 0
1 1 19.502997712758734 -1
2 1 20.675043747331767 0
3 1 19.62151362472963 -1

0 2 20.365313527243412 0
1 2 20.462304139102088 0
2 2 21.025068222470466 0
3 2 22.258737182691217 1

0 3 19.271019610965933 -1
1 3 19.42553032555767 -1
2 3 20.016826741835086 -1
3 3 22.483296522259774 1


# 20.0 20.0 2.494323725319404
0 0 20.26984828516984 0
1 0 20.49925570773068 0
2 0 21.684382964240054 1
3 0 19.31080786468796 -1

0 1 20.216199572412197 0
1 1 19.489087460545235 -1
2 1 20.664482274723667 0
3 1 19.60421838035622 -1

0 2 20.34936463896895 0
1 2 20.443582148195695 0
2 2 21.01646848796123 0
3 2 22.261118021705112 1

0 3 19.23456164454548 -1
1 3 19.385997698299164 -1
2 3 19.990749171180255 -1
3 3 22.480920253773046 1


# 20.0 20.0 2.494323725319404
0 0 20.26871921026544 0
1 0 20.4955932436266 0
2 0 21.67928948033843 1
3 0 19.29102087588753 -1

0 1 20.20840524608824 0
1 1 19.475356017390673 -1
2 1 20.65389111392949 0
3 1 19.587313568519523 -1

0 2 20.333329912598206 0
1 2 20.424824030477293 0
2 2 21.0076449885866 0
3 2 22.263061610524048 1

0 3 19.19874935667261 -1
1 3 19.34715766567056 -1
2 3 19.965166380887048 -1
3 3 22.47834586053415 1


# 20.0 20.0 2.494323725319404
0 0 20.267493300572465 0
1 0 20.4918439929739 0
2 0 21.674000393957705 1
3 0 19.271679891905304 -1

0 1 20.20056637651927 0
1 1 19.46179243472272 -1
2 1 20.64327335709031 0
3 1 19.57078257695594 -1

0 2 20.317219733433113 0
1 2 20.406038254883338 0
2 2 20.99860850437506 0
3 2 22.26458586618442 1

0 3 19.16356690862164 -1
1 3 19.308994302245104 -1
2 3 19.940060776895645 -1
3 3 22.475581169271884 1


# 20.0 20.0 2.494323725319404
0 0 20.266172466185775 0
1 0 20.488010128807392 0
2 0 21.668527937945118 1
3 0 19.252771141975526 -1

0 1 20.192684804317558 0
1 1 19.448386476397214 -1
2 1 20.63263190189806 0
3 1 19.554609575644484 -1

0 2 20.301043984242792 0
1 2 20.38723281785606 0
2 2 20.989369432519066 0
3 2 22.265707981933897 1

0 3 19.128998959349115 -1
1 3 19.27149205220002 -1
2 3 19.91541553611392 -1
3 3 22.47263372939467 1


# 20.0 20.0 2.494323725319404
0 0 20.264758596600586 0
1 0 20.4840937795288 0
2 0 21.662883726432252 1
3 0 19.23428130048933 -1

0 1 20.184762311223107 0
1 1 19.435128575256222 -1
2 1 20.621969466325176 0
3 1 19.538779478452398 -1

0 2 20.284812065965735 0
1 2 20.36841526811026 0
2 2 20.97993779878795 0
3 2 22.266444458772295 1

0 3 19.095030646230537 -1
1 3 19.234635723413078 -1
2 3 19.89121457061628 -1
3 3 22.469510823489124 1


# 20.0 20.0 2.494323725319404
0 0 20.26325356021199 0
1 0 20.420097031131395 -1
2 0 21.65635878349745 1
3 0 19.21618883281511 -1

0 1 20.176800624568944 0
1 1 19.421289792325553 -1
2 1 20.61127132217833 0
3 1 19.523277595722586 -1

0 2 20.268532917662093 0
1 2 20.349584090027232 0
2 2 20.97032295774526 0
3 2 22.266811128027342 1

0 3 19.06164756665914 -1
1 3 19.19841037775736 -1
2 3 19.867442488558297 -1
3 3 22.466219477242543 1


# 20.0 20.0 2.494323725319404
0 0 20.260939203912763 0
1 0 20.358516009180704 -1
2 0 21.649023428560646 -1
3 0 19.198473647125166 -1

0 1 20.168784141303853 0
1 1 19.406925749046206 -1
2 1 20.600524895486664 0
3 1 19.50808965274991 -1

0 2 20.252214724696167 0
1 2 20.330738539416863 0
2 2 20.96053366039136 0
3 2 22.2668231741348 1

0 3 19.028835755488853 -1
1 3 19.16280134329312 -1
2 3 19.84408455780997 -1
3 3 22.46276646884515 1


# 20.0 20.0 2.494323725319404
0 0 20.257872994377717 0
1 0 20.29922420285893 -1
2 0 21.520943117506746 -1
3 0 19.17967698907174 -1

0 1 20.16069936898653 0
1 1 19.392087557172974 -1
2 1 20.588279548357157 0
3 1 19.493167243873177 -1

0 2 20.235864990225636 0
1 2 20.31187854013785 0
2 2 20.95056083453785 0
3 2 22.26649453538821 1

0 3 18.99658166429348 -1
1 3 19.127794224021702 -1
2 3 19.821126464710808 -1
3 3 22.459158327967913 1


# 20.0 20.0 2.494323725319404
0 0 20.254108649442266 0
1 0 20.240662458228318 -1
2 0 21.39716693451935 -1
3 0 19.21989262760587 0

0 1 20.152534729851187 0
1 1 19.376787617747567 -1
2 1 20.57465432160415 0
3 1 19.479186717445682 -1

0 2 20.21949059984755 0
1 2 20.293003969525092 0
2 2 20.940397265974774 0
3 2 22.265846672638567 1

0 3 18.964872142265346 -1
1 3 19.093374897530804 -1
2 3 19.798554319090638 -1
3 3 22.45540144006182 1


# 20.0 20.0 2.494323725319404
0 0 20.2496791043193 0
1 0 20.182838238861763 -1
2 0 21.2782145455264 -1
3 0 19.25706530816772 0

0 1 20.14427975906041 0
1 1 19.4210391275643 0
2 1 20.560496966045285 0
3 1 19.466061782675183 -1

0 2 20.203097865104162 0
1 2 20.274834688861976 0
2 2 20.930054988967623 0
3 2 22.264899330928202 1

0 3 18.933694418295413 -1
1 3 19.059538152949486 -1
2 3 19.77635497267258 -1
3 3 22.451502039862802 1


# 20.0 20.0 2.494323725319404
0 0 20.24461607253887 0
1 0 20.126485469777123 -1
2 0 21.163858107542172 -1
3 0 19.29136999575629 0

0 1 20.13664504596236 0
1 1 19.462010795488975 0
2 1 20.5458569397712 0
3 1 19.453712703000292 -1

0 2 20.186709844607226 0
1 2 20.25730238918076 0
2 2 20.91954531308781 0
3 2 22.263670679700628 1

0 3 18.903036395207458 -1
1 3 19.026277875610337 -1
2 3 19.754515966563062 -1
3 3 22.447466206182906 1


# 20.0 20.0 2.494323725319404
0 0 20.238967460116346 0
1 0 20.071551116404255 -1
2 0 21.05388140364858 -1
3 0 19.32297180518885 0

0 1 20.129558211234492 0
1 1 19.499885501184593 0
2 1 20.470780105713235 -1
3 1 19.501345840561513 0

0 2 20.170346795081194 0
1 2 20.24034454031965 0
2 2 20.908158873567153 0
3 2 22.26288016219694 1

0 3 18.872886581028286 -1
1 3 18.993587169889633 -1
2 3 19.73301684296309 -1
3 3 22.443308186822243 1


# 20.0 20.0 2.494323725319404
0 0 20.23277794348382 0
1 0 20.01798450769508 -1
2 0 20.947359221718507 -1
3 0 19.35272928094941 0

0 1 20.122952889239638 0
1 1 19.534115741643344 0
2 1 20.398874416768887 -1
3 1 19.546463121576913 0

0 2 20.154026437814835 0
1 2 20.223886661059286 0
2 2 20.835991144631787 -1
3 2 22.14174834482104 -1

0 3 18.903234027403723 0
1 3 19.022178159131382 0
2 3 19.771847865445665 0
3 3 22.438312246619844 1


# 20.0 20.0 2.494323725319404
0 0 20.22608918628162 0
1 0 19.96571992816761 -1
2 0 20.84417801791696 -1
3 0 19.380718720509158 0

0 1 20.11675964428045 0
1 1 19.564941073847777 0
2 1 20.329227325059662 -1
3 1 19.58773200315536 0

0 2 20.138483891419533 0
1 2 20.147879232556807 -1
2 2 20.76455200290406 -1
3 2 22.025282069370707 -1

0 3 18.9326455470238 0
1 3 19.04947514818818 0
2 3 19.80845832786949 0
3 3 22.432537890508414 1


# 20.0 20.0 2.494323725319404
0 0 20.21893973044486 0
1 0 19.914696397051085 -1
2 0 20.744218250475885 -1
3 0 19.4069962496144 0

0 1 20.110924115569215 0
1 1 19.591856627145926 0
2 1 20.261684720060973 -1
3 1 19.625374815491387 0

0 2 20.12296495472171 0
1 2 20.0751272141896 -1
2 2 20.693900134742556 -1
3 2 21.913241976546047 -1

0 3 18.96113958856586 0
1 3 19.075533893531777 0
2 3 19.842926741124366 0
3 3 22.426040551062155 1


# 20.0 20.0 2.494323725319404
0 0 20.211365346300287 0
1 0 19.864848431062004 -1
2 0 20.647363436764746 -1
3 0 19.431617243655356 0

0 1 20.105379545853324 0
1 1 19.615131987976913 0
2 1 20.196105097997755 -1
3 1 19.65960064505914 0

0 2 20.107500182806703 0
1 2 20.005425902297194 -1
2 2 20.624085324890498 -1
3 2 21.805402531783255 -1

0 3 18.98873497229355 0
1 3 19.100406521392024 0
2 3 19.875330206765277 0
3 3 22.4188718840865 1


# 20.0 20.0 2.494323725319404
0 0 20.20339892955646 0
1 0 19.81611552920898 -1
2 0 20.55350022687097 -1
3 0 19.454636233346925 0

0 1 20.100065978131564 0
1 1 19.635018202645647 0
2 1 20.132358506087456 -1
3 1 19.690606185221267 0

0 2 20.092115897361488 0
1 2 19.938584970342404 -1
2 2 20.555149343875495 -1
3 2 21.70155115440656 -1

0 3 19.015450782316023 0
1 3 19.124141839006644 0
2 3 19.90574429488476 0
3 3 22.41108004165088 1


# 20.0 20.0 2.494323725319404
0 0 20.195070746180516 0
1 0 19.768441747090566 -1
2 0 20.46251845518069 -1
3 0 19.47610682463126 0

0 1 20.09492966520429 0
1 1 19.651749107583353 0
2 1 20.070325574897588 -1
3 1 19.718576528089198 0

0 2 20.076834614686657 0
1 2 19.874427390627794 -1
2 2 20.487126756347273 -1
3 2 21.601487405834533 -1

0 3 19.041306271596966 0
1 3 19.146785617253677 0
2 3 19.93424294348262 0
3 3 22.402709924343256 1


# 20.0 20.0 2.494323725319404
0 0 20.186408656265556 0
1 0 19.72177530834112 -1
2 0 20.37431117255754 -1
3 0 19.496081631352293 0

0 1 20.089922527808138 0
1 1 19.665542560039448 0
2 1 20.009896631506905 -1
3 1 19.743685901933777 0

0 2 20.061675435150214 0
1 2 19.812788440303148 -1
2 2 20.42004565709613 -1
3 2 21.505022232589962 -1

0 3 19.066320778448322 0
1 3 19.16838084727583 0
2 3 19.96089837700093 0
3 3 22.39380341438199 1


# 19.880000000000003 20.0 2.494323725319404
0 0 20.176718318673785 0
1 0 19.675699610006042 -1
2 0 20.288410237784507 -1
3 0 19.51388784630023 0

0 1 20.084633017406556 0
1 1 19.676592729548226 0
2 1 19.950966407510926 -1
3 1 19.76572961188937 0

0 2 20.0462899737078 0
1 2 19.753510305660132 -1
2 2 20.353928233428658 -1
3 2 21.411612833937582 -1

0 3 19.089789280275987 0
1 3 19.18859922724549 0
2 3 19.985416615667564 0
3 3 22.3836708448595 1


# 19.760000000000005 20.0 2.494323725319404
0 0 20.16532045073048 0
1 0 19.629804107402546 -1
2 0 20.204352908132122 -1
3 0 19.528868874073677 0

0 1 20.078656868523318 0
1 1 19.685071530799075 0
2 1 19.89342900736139 -1
3 1 19.784495896774487 0

0 2 20.030329272265586 0
1 2 19.696436950153313 -1
2 2 20.28878242310952 -1
3 2 21.320728484889127 -1

0 3 19.111024008180184 0
1 3 19.20711259058919 0
2 3 20.007503908112223 0
3 3 22.371637483160573 1


# 19.640000000000008 20.0 2.494323725319404
0 0 20.152270446215294 0
1 0 19.584052673513398 -1
2 0 20.122046292649955 -1
3 0 19.541108100880116 0

0 1 20.071965335036698 0
1 1 19.691138704913495 0
2 1 19.837181974817412 -1
3 1 19.800135291836998 0

0 2 20.013808558350874 0
1 2 19.64141808386951 -1
2 2 20.22460285622052 -1
3 2 21.2322143960984 -1

0 3 19.13007819767298 0
1 3 19.2239618640603 0
2 3 20.027231170412808 0
3 3 22.357771880564925 1


# 19.52000000000001 20.0 2.494323725319404
0 0 20.137620926254144 0
1 0 19.538412132311645 -1
2 0 20.04140077485477 -1
3 0 19.550686642048735 0

0 1 20.06453360923938 0
1 1 19.6949425966805 0
2 1 19.78213021826129 -1
3 1 19.812789984656746 0

0 2 19.99674095758952 0
1 2 19.588312995138384 -1
2 2 20.161380584480867 -1
3 2 21.145924700858696 -1

0 3 19.14700381641655 0
1 3 19.23918604155338 0
2 3 20.04466752333466 0
3 3 22.342139199554907 1


# 19.400000000000013 20.0 2.494323725319404
0 0 20.121421921807606 0
1 0 19.49285200627467 -1
2 0 19.962329968709884 -1
3 0 19.55768336237538 0

0 1 20.056340463364258 0
1 1 19.6966209802363 0
2 1 19.728185426001755 -1
3 1 19.82259432717199 0

0 2 19.97913772466979 0
1 2 19.536989875343025 -1
2 2 20.099103526732243 -1
3 2 21.06172190806414 -1

0 3 19.161851564220232 0
1 3 19.252822335362914 0
2 3 20.059880268094403 0
3 3 22.324801414484835 1


# 19.280000000000015 20.0 2.494323725319404
0 0 20.1037210422582 0
1 0 19.447344285905587 -1
2 0 19.884750666915462 -1
3 0 19.562174901258913 0

0 1 20.04736792086893 0
1 1 19.69630182328239 0
2 1 19.675265529682896 -1
3 1 19.82967531349884 0

0 2 19.961008452558847 0
1 2 19.487325194981796 -1
2 2 20.037756872258974 -1
3 2 20.979476391128358 -1

0 3 19.174670877363365 0
1 3 19.264906313362946 0
2 3 20.07293487203572 0
3 3 22.30581749872135 1


# 19.160000000000018 20.0 2.494323725319404
0 0 20.0845636312182 0
1 0 19.401863219354546 -1
2 0 19.80858278270857 -1
3 0 19.56423570196808 0

0 1 20.037600955077146 0
1 1 19.69410399455399 0
2 1 19.62329421181436 -1
3 1 19.83415302599082 0

0 2 19.942361261880443 0
1 2 19.439203126927346 -1
2 2 19.97732344561341 -1
3 2 20.899065910344873 -1

0 3 19.185509936681203 0
1 3 19.275472023429433 0
2 3 20.08389496302339 0
3 3 22.2852435992478 1


# 19.04000000000002 20.0 2.494323725319404
0 0 20.063992910587523 0
1 0 19.356385120395856 -1
2 0 19.73374928624495 -1
3 0 19.563938044444058 0

0 1 20.027027212968168 0
1 1 19.69013791888067 0
2 1 19.57220045376803 -1
3 1 19.83614105180189 0

0 2 19.923202972200386 0
1 2 19.39251501315632 -1
2 2 19.917784036307477 -1
3 2 20.820375166358676 -1

0 3 19.19441567890824 0
1 3 19.284552106306453 0
2 3 20.092822331478747 0
3 3 22.263133199648927 1


# 18.920000000000023 20.0 2.494323725319404
0 0 20.04205011380674 0
1 0 19.31088819316642 -1
2 0 19.660176136519205 -1
3 0 19.561352081103927 0

0 1 20.01563676208216 0
1 1 19.684506183840472 0
2 1 19.52191812088879 -1
3 1 19.835746872046425 0

0 2 19.90353925681773 0
1 2 19.347158871524083 -1
2 2 19.859117696447722 -1
3 2 20.74329538258933 -1

0 3 19.201433810825034 0
1 3 19.292177898007516 0
2 3 20.09977693908589 0
3 3 22.23953727232167 1


# 18.800000000000026 20.0 2.494323725319404
0 0 20.01877460917268 0
1 0 19.26535237220782 -1
2 0 19.587792209675804 -1
3 0 19.55654587516485 0

0 1 20.00342185867268 0
1 1 19.67730410169565 0
2 1 19.472385581644517 -1
3 1 19.83307222549326 0

0 2 19.883374782523646 0
1 2 19.303038939435023 -1
2 2 19.801302009131287 -1
3 2 20.667723914603933 -1

0 3 19.206608825801705 0
1 3 19.298379522743073 0
2 3 20.104816933294632 0
3 3 22.214504420692872 1


# 18.800000000000026 20.0 2.494323725319404
0 0 19.99492401401303 0
1 0 19.220127816479703 -1
2 0 19.51689364814889 -1
3 0 19.550309814142622 0

0 1 19.990745375387217 0
1 1 19.668629077369616 0
2 1 19.423549837247297 -1
3 1 19.82858219481447 0

0 2 19.86307775934514 0
1 2 19.26006973076521 -1
2 2 19.744313437683918 -1
3 2 20.59392831082886 -1

0 3 19.210708395457903 0
1 3 19.303554723502078 0
2 3 20.108363093078804 0
3 3 22.18880975839482 1


# 18.800000000000026 20.0 2.494323725319404
0 0 19.971237227810963 0
1 0 19.17556356762751 -1
2 0 19.447777193554845 -1
3 0 19.54341497349392 0

0 1 19.977969398395263 0
1 1 19.658580712064296 0
2 1 19.375370487516836 -1
3 1 19.822734307894336 0

0 2 19.843013463748065 0
1 2 19.21817993173246 -1
2 2 19.688136494552975 -1
3 2 20.522179488504154 -1

0 3 19.21448171146842 0
1 3 19.308097721950347 0
2 3 20.110832370868273 0
3 3 22.163208749405076 1


# 18.800000000000026 20.0 2.494323725319404
0 0 19.94771508320204 0
1 0 19.13163877365301 -1
2 0 19.380375642241507 -1
3 0 19.535889353849768 0

0 1 19.965086394770836 0
1 1 19.647252144937287 0
2 1 19.32781468719154 -1
3 1 19.81561006931732 0

0 2 19.823179874726307 0
1 2 19.177307289843306 -1
2 2 19.63276354885132 -1
3 2 20.452386938397865 -1

0 3 19.217935701015676 0
1 3 19.31203052196916 0
2 3 20.112273445134512 0
3 3 22.137709159028883 1


# 18.800000000000026 20.0 2.494323725319404
0 0 19.924358042227855 0
1 0 19.088333775112464 -1
2 0 19.31462431906121 -1
3 0 19.52776014977172 0

0 1 19.952090246933157 0
1 1 19.634730593969262 0
2 1 19.280852324580735 -1
3 1 19.807286439358997 0

0 2 19.803574318841306 0
1 2 19.1373937277344 -1
2 2 19.578185775736625 -1
3 2 20.384464863474648 -1

0 3 19.221077273868836 0
1 3 19.315374173407307 0
2 3 20.112733189736936 0
3 3 22.112318005942385 1


# 18.800000000000026 20.0 2.494323725319404
0 0 19.9011662409722 0
1 0 19.045630010405773 -1
2 0 19.25046100747774 -1
3 0 19.51905375374198 0

0 1 19.938976110407356 0
1 1 19.621097751536276 0
2 1 19.234455784690176 -1
3 1 19.7978361017288 0

0 2 19.784193562794098 0
1 2 19.09838504396484 -1
2 2 19.524393325083665 -1
3 2 20.31833190840177 -1

0 3 19.223913304843975 0
1 3 19.318148836586747 0
2 3 20.11225671777934 0
3 3 22.087041621242633 1


# 18.800000000000026 20.0 2.494323725319404
0 0 19.878139529746957 0
1 0 19.00350992943386 -1
2 0 19.187825878778067 -1
3 0 19.50979576237335 0

0 1 19.925740283899177 0
1 1 19.606430151966393 0
2 1 19.18859973251573 -1
3 1 19.78732771429568 0

0 2 19.76503389674924 0
1 2 19.06023063637916 -1
2 2 19.47137547342056 -1
3 2 20.253910905956403 -1

0 3 19.226450618669624 0
1 3 19.32037384112404 0
2 3 20.110887426862053 0
3 3 22.06188570287172 1


# 18.800000000000026 20.0 2.494323725319404
0 0 19.855277509236064 0
1 0 18.961956914877405 -1
2 0 19.126661420786586 -1
3 0 19.500010984548897 0

0 1 19.912380090670833 0
1 1 19.590799513165322 0
2 1 19.14326091481499 -1
3 1 19.775826143959108 0

0 2 19.746091209234407 0
1 2 19.022883246276294 -1
2 2 19.41912076062329 -1
3 2 20.191128639195682 -1

0 3 19.22869597700182 0
1 3 19.322067739598513 0
2 3 20.108667045370968 0
3 3 22.03685536578314 1


# 18.800000000000026 20.0 2.494323725319404
0 0 19.832579562970146 0
1 0 18.92095521041562 -1
2 0 19.066912366430905 -1
3 0 19.489723451229818 0

0 1 19.898893770287096 0
1 1 19.574273054234915 0
2 1 19.09841797880685 -1
3 1 19.763392686743614 0

0 2 19.727361054369347 0
1 2 18.986298721760946 -1
2 2 19.367617112734987 -1
3 2 20.129915618332603 -1

0 3 19.23065606735737 0
1 3 19.323248356549247 0
2 3 20.105635679486195 0
3 3 22.01195518818877 1


# 18.800000000000026 20.0 2.494323725319404
0 0 19.810044886471655 0
1 0 18.880489855263814 -1
2 0 19.008525622464415 -1
3 0 19.47895642669604 0

0 1 19.885280379875947 0
1 1 19.55691379086013 0
2 1 19.054051306377758 -1
3 1 19.75008527411726 0

0 2 19.708838712113764 0
1 2 18.950435798783516 -1
2 2 19.316851952159467 -1
3 2 20.07020587133622 -1

0 3 19.23233749375646 0
1 3 19.32393283323849 0
2 3 20.101831860630817 0
3 3 21.98718925419758 1


# 18.800000000000026 20.0 2.494323725319404
0 0 19.787672513380354 0
1 0 18.840546624463194 -1
2 0 18.951450198611354 -1
3 0 19.467732421007728 0

0 1 19.87153970411741 0
1 1 19.538780810103745 0
2 1 19.010142862491527 -1
3 1 19.735958666462363 0

0 2 19.690519242164875 0
1 2 18.915255898493907 -1
2 2 19.266812296371242 -1
3 2 20.011936747344475 -1

0 3 19.233746768886068 0
1 3 19.324137668578604 0
2 3 20.09729259311409 0
3 3 21.96256119313197 1


# 18.800000000000026 20.0 2.494323725319404
0 0 19.76546133884163 0
1 0 18.80111197440642 -1
2 0 18.895637137364545 -1
3 0 19.456073203497372 0

0 1 19.857672173237802 0
1 1 19.519929526122322 0
2 1 18.96667605660778 -1
3 1 19.72106463456034 0

0 2 19.672397532081362 0
1 2 18.88072293964404 -1
2 2 19.217484846185947 -1
3 2 19.955048732042545 -1

0 3 19.23489030761409 0
1 3 19.32387875658277 0
2 3 20.092053401754107 0
3 3 21.93807421578478 1


# 18.800000000000026 20.0 2.494323725319404
0 0 19.74341014041506 0
1 0 18.762172993128175 -1
2 0 18.841039444634035 -1
3 0 19.4439998171218 0

0 1 19.84367878834524 0
1 1 19.500411918201152 0
2 1 18.923635616013584 -1
3 1 19.70545212989094 0

0 2 19.654468340161184 0
1 2 18.8468031648747 -1
2 2 19.168856064545242 -1
3 2 19.899485274219412 -1

0 3 19.23577442170091 0
1 3 19.32317142066625 0
2 3 20.08614837929239 0
3 3 21.91373114785867 1


# 18.800000000000026 20.0 2.494323725319404
0 0 19.7215175967378 0
1 0 18.72371735493167 -1
2 0 18.78761202141621 -1
3 0 19.4315325935211 0

0 1 19.829561053495944 0
1 1 19.480276752399288 0
2 1 18.881007470063953 -1
3 1 19.689167444489176 0

0 2 19.636726333555274 0
1 2 18.813464979814707 -1
2 2 19.120912246687755 -1
3 2 19.845192622770625 -1

0 3 19.236405315570337 0
1 3 19.322030445094395 0
2 3 20.079610233437798 0
3 3 21.88953446081026 1


# 18.800000000000026 20.0 2.494323725319404
0 0 19.699782304156372 0
1 0 18.6857332789602 -1
2 0 18.73531159662727 -1
3 0 19.41869116864774 0

0 1 19.815320913930446 0
1 1 19.459569787997353 0
2 1 18.838778644410503 -1
3 1 19.672254361050577 0

0 2 19.619166122057738 0
1 2 18.78067880400565 -1
2 2 19.07363958250224 -1
3 2 19.792119673466615 -1

0 3 19.23678908301563 0
1 3 19.32047010384594 0
2 3 20.072470333399313 0
3 3 21.865486300303484 1


# 18.800000000000026 20.0 2.494323725319404
0 0 19.678202791521432 0
1 0 18.648209491357623 -1
2 0 18.684096661221915 -1
3 0 19.40549449884369 0

0 1 19.800960699964286 0
1 1 19.438333969850337 0
2 1 18.7969371643743 -1
3 1 19.65475429392667 0

0 2 19.60178228797514 0
1 2 18.748416932743464 -1
2 2 19.027024211789936 -1
3 2 19.740217824853257 -1

0 3 19.23693170472892 0
1 3 19.31850418713487 0
2 3 20.06475875578728 0
3 3 21.841588512460245 1


# 18.800000000000026 20.0 2.494323725319404
0 0 19.656777533322522 0
1 0 18.61113519069334 -1
2 0 18.63392740369753 -1
3 0 19.39196087725681 0

0 1 19.78648307605956 0
1 1 19.41660960766397 0
2 1 18.75547196668927 -1
3 1 19.63670642160734 0

0 2 19.58456941244257 0
1 2 18.716653409000152 -1
2 2 18.98105227309998 -1
3 2 19.689440842695433 -1

0 3 19.23683904655361 0
1 3 19.3161460258113 0
2 3 20.056504329780672 0
3 3 21.81784266808139 1


# 18.800000000000026 20.0 2.494323725319404
0 0 19.635504961323946 0
1 0 18.574500016356446 -1
2 0 18.584765647065865 -1
3 0 19.378107950499643 0

0 1 19.771890994642224 0
1 1 19.394434543136356 0
2 1 18.7143728189071 -1
3 1 19.61814781124506 0

0 2 19.567522098522332 0
1 2 18.685363904654984 -1
2 2 18.93570994674364 -1
3 2 19.639744732415068 -1

0 3 19.236516858369683 0
1 3 19.31340851384089 0
2 3 20.047734681473877 0
3 3 21.794250084997127 1


# 18.800000000000026 20.0 2.494323725319404
0 0 19.614383474848267 0
1 0 18.53829401965008 -1
2 0 18.53657478735778 -1
3 0 19.363952735464892 0

0 1 19.757187654265334 0
1 1 19.37184430583554 0
2 1 18.673630245813744 -1
3 1 19.599113535737093 0

0 2 19.550634991391874 0
1 2 18.654525610325287 -1
2 2 18.89098349254028 -1
3 2 19.591087619012928 -1

0 3 19.235970773531168 0
1 3 19.310304129043537 0
2 3 20.038476277330947 0
3 3 21.77081184869336 1


# 18.800000000000026 20.0 2.494323725319404
0 0 19.593411449840715 0
1 0 18.502507637341186 -1
2 0 18.48931973371219 -1
3 0 19.349511636221546 0

0 1 19.742376461751007 0
1 1 19.34887225861821 0
2 1 18.63323546226198 -1
3 1 19.57963678384609 0

0 2 19.533902795900705 0
1 2 18.624117133142907 -1
2 2 18.84685928279933 -1
3 2 19.54342963399845 -1

0 3 19.235206308783376 0
1 3 19.306844952254796 0
2 3 20.028754466688017 0
3 3 21.747528831348635 1


# 18.800000000000026 20.0 2.494323725319404
0 0 19.572587246835557 0
1 0 18.467131667442846 -1
2 0 18.442966850087394 -1
3 0 19.33480046092477 0

0 1 19.72746099797372 0
1 1 19.325549733334395 0
2 1 18.59318031187421 -1
3 1 19.559748963806125 0

0 2 19.517320291751677 0
1 2 18.59411840187373 -1
2 2 18.803323830998174 -1
3 2 19.49673280888435 -1

0 3 19.234228864595252 0
1 3 19.303042685057978 0
2 3 20.018593523255976 0
3 3 21.724401709405768 1


# 18.920000000000023 20.0 2.494323725319404
0 0 19.552629217934477 0
1 0 18.43252588702652 -1
2 0 18.39784832230163 -1
3 0 19.320558811764773 0

0 1 19.71281362697507 0
1 1 19.30191500486734 0
2 1 18.55346169036793 -1
3 1 19.539848547058472 0

0 2 19.501246770219435 0
1 2 18.564515058077504 -1
2 2 18.76036392407729 -1
3 2 19.451325401077707 -1

0 3 19.23376809893315 0
1 3 19.299277412448742 0
2 3 20.008381111830406 0
3 3 21.702159726022057 1


# 19.04000000000002 20.0 2.494323725319404
0 0 19.534238640256856 0
1 0 18.399047823380517 -1
2 0 18.354295512671122 -1
3 0 19.307508423257996 0

0 1 19.69880425962624 0
1 1 19.278013030611135 0
2 1 18.514085781403285 -1
3 1 19.520329943350884 0

0 2 19.48603945486986 0
1 2 18.535302661153867 -1
2 2 18.717975595187163 -1
3 2 19.407535317407163 -1

0 3 19.23453624977938 0
1 3 19.295926401399058 0
2 3 19.998501845804828 0
3 3 21.681514421843808 1


# 19.160000000000018 20.0 2.494323725319404
0 0 19.517380274203692 0
1 0 18.366684080608366 -1
2 0 18.31227444056217 -1
3 0 19.295629372627666 0

0 1 19.685431673838153 0
1 1 19.253886455505842 0
2 1 18.4750632611112 -1
3 1 19.5012148211439 0

0 2 19.471689044782583 0
1 2 18.506481863380976 -1
2 2 18.67616375407063 -1
3 2 19.36532555004076 -1

0 3 19.236504330141504 0
1 3 19.292995349012227 0
2 3 19.988972850580144 0
3 3 21.662431483464882 1


# 19.280000000000015 20.0 2.494323725319404
0 0 19.502019973385718 0
1 0 18.335421519656258 -1
2 0 18.2717522838993 -1
3 0 19.284902320473588 0

0 1 19.67269468922104 0
1 1 19.229575841641996 0
2 1 18.43640470498693 -1
3 1 19.482523389561873 0

0 2 19.458186275494636 0
1 2 18.478053788581324 -1
2 2 18.63493297660551 -1
3 2 19.324660531134636 -1

0 3 19.239644353750492 0
1 3 19.290489596268657 0
2 3 19.979810239531847 0
3 3 21.644877599308145 1


# 19.400000000000013 20.0 2.494323725319404
0 0 19.48812464885036 0
1 0 18.305247249123394 -1
2 0 18.232697339270537 -1
3 0 19.275308485682526 0

0 1 19.6605921534656 0
1 1 19.205119775997066 0
2 1 18.398120560924777 -1
3 1 19.464274482133177 0

0 2 19.44552193547343 0
1 2 18.450019978141555 -1
2 2 18.59428752944524 -1
3 2 19.28550606415762 -1

0 3 19.24392929539638 0
1 3 19.28841414738221 0
2 3 19.971029160785136 0
3 3 21.628820428432366 1


# 19.52000000000001 20.0 2.494323725319404
0 0 19.475662234322815 0
1 0 18.276148616855295 -1
2 0 18.195078982982725 -1
3 0 19.266829621779348 0

0 1 19.649122930369565 0
1 1 19.1805549717847 0
2 1 18.36022112559654 -1
3 1 19.446485635621986 0

0 2 19.433686880630436 0
1 2 18.42238234154167 -1
2 2 18.55423139233684 -1
3 2 19.247829258939692 -1

0 3 19.249333053098262 0
1 3 19.286773687857256 0
2 3 19.962643842135677 0
3 3 21.614228570221705 1


# 19.640000000000008 20.0 2.494323725319404
0 0 19.464601652453894 0
1 0 18.248113202234027 -1
2 0 18.15886763309277 -1
3 0 19.25944799461987 0

0 1 19.63828588935247 0
1 1 19.155916363843733 0
2 1 18.32271652386665 -1
3 1 19.429173164254976 0

0 2 19.422672047051865 0
1 2 18.395143111040746 -1
2 2 18.51476827833646 -1
3 2 19.211598470217982 -1

0 3 19.255830412005633 0
1 3 19.285572601349436 0
2 3 19.95466763416487 0
3 3 21.601071534946318 1


# 19.760000000000005 20.0 2.494323725319404
0 0 19.454912782064593 0
1 0 18.22112880908821 -1
2 0 18.12403471243377 -1
3 0 19.25314636133382 0

0 1 19.62807989631519 0
1 1 19.131237198462962 0
2 1 18.285616690962907 -1
3 1 19.412352229626443 0

0 2 19.412468462108027 0
1 2 18.368304800193872 -1
2 2 18.475901652122786 -1
3 2 19.176783239469174 -1

0 3 19.26339700993492 0
1 3 19.284814985424283 0
2 3 19.947113051599867 0
3 3 21.58931971518108 1


# 19.880000000000003 20.0 2.494323725319404
0 0 19.50656642637511 1
1 0 18.19590345915377 -1
2 0 18.090561252648957 -1
3 0 19.247908054113108 0

0 1 19.619223805713304 0
1 1 19.106566398009026 0
2 1 18.248931668185573 -1
3 1 19.396036911523346 0

0 2 19.403075894089596 0
1 2 18.341870476940315 -1
2 2 18.43763475405523 -1
3 2 19.143354239980585 -1

0 3 19.272009408131428 0
1 3 19.284504671276522 0
2 3 19.939991813118827 0
3 3 21.578944358071755 1


# 20.0 20.0 2.494323725319404
0 0 19.55739156220401 1
1 0 18.292369744423656 1
2 0 18.05986819363837 -1
3 0 19.243734225426977 0

0 1 19.611660812124978 0
1 1 19.083389203324685 0
2 1 18.212706096863165 -1
3 1 19.380240895986613 0

0 2 19.394493194904193 0
1 2 18.315860955929907 -1
2 2 18.39997124313129 -1
3 2 19.111283239867678 -1

0 3 19.281645043832864 0
1 3 19.284645448837487 0
2 3 19.933314889568322 0
3 3 21.569917538734405 1


# 20.119999999999997 20.0 2.494323725319404
0 0 19.60889383264325 1
1 0 18.38547602991314 1
2 0 18.091816725732 0
3 0 19.241344484772227 0

0 1 19.605372372786196 0
1 1 19.061619507031008 0
2 1 18.177699984676305 -1
3 1 19.36499471086697 0

0 2 19.386719021188803 0
1 2 18.290295092687533 -1
2 2 18.362923741942588 -1
3 2 19.080543375691764 -1

0 3 19.292282195895197 0
1 3 19.285241046124124 0
2 3 19.927092652128067 0
3 3 21.562212139673804 1


# 20.239999999999995 20.0 2.494323725319404
0 0 19.661023835500487 1
1 0 18.47613955747595 1
2 0 18.123782631574347 0
3 0 19.240681411429723 0

0 1 19.600339081493818 0
1 1 19.04119545528952 0
2 1 18.143885143887925 -1
3 1 19.35032625218267 0

0 2 19.37975181873979 0
1 2 18.265190272983684 -1
2 2 18.326503939665642 -1
3 2 19.051109061890976 -1

0 3 19.303899951221336 0
1 3 19.28629511670291 0
2 3 19.921334895091196 0
3 3 21.555801830129333 1


# 20.359999999999992 20.0 2.494323725319404
0 0 19.713744721090105 1
1 0 18.564486369757407 1
2 0 18.155772396149125 0
3 0 19.241690064398234 0

0 1 19.53654114401251 -1
1 1 18.96133930860332 -1
2 1 18.110505959740514 1
3 1 19.336252210623353 0

0 2 19.37286981877133 0
1 2 18.239825238085384 -1
2 2 18.290705052419387 -1
3 2 19.02295559040962 -1

0 3 19.316469532203058 0
1 3 19.287802277785943 0
2 3 19.91605053942138 0
3 3 21.550661037802648 1


# 20.47999999999999 20.0 2.494323725319404
0 0 19.7663022412961 1
1 0 18.64989890958018 1
2 0 18.187775094715487 0
3 0 19.244317549743965 0

0 1 19.475732552388035 -1
1 1 18.88490657370789 -1
2 1 18.197597340850564 1
3 1 19.32422806354922 0

0 2 19.366113614255053 0
1 2 18.214267956875304 -1
2 2 18.256961667033938 -1
3 2 18.996093664833044 -1

0 3 19.32996361974824 0
1 3 19.289757967511473 0
2 3 19.91126498483386 0
3 3 21.546765544237754 1


# 20.599999999999987 20.0 2.494323725319404
0 0 19.81870293815306 1
1 0 18.73253977065673 1
2 0 18.22122199667245 0
3 0 19.248547518675842 0

0 1 19.41782846270113 -1
1 1 18.81317786054292 -1
2 1 18.27949974354332 1
3 1 19.31414017600478 0

0 2 19.359521562928236 0
1 2 18.188616123641488 -1
2 2 18.22513320121853 -1
3 2 18.970530197967587 -1

0 3 19.344356283802583 0
1 3 19.292158981583327 0
2 3 19.907000548195313 0
3 3 21.54409235359915 1


# 20.599999999999987 20.0 2.494323725319404
0 0 19.870234051179843 1
1 0 18.812228707189888 1
2 0 18.255613984445116 0
3 0 19.25363685792891 0

0 1 19.362394868963495 -1
1 1 18.745858196556917 -1
2 1 18.356572702551944 1
3 1 19.30551516571396 0

0 2 19.35276606460214 0
1 2 18.162953547034228 -1
2 2 18.19509149150903 -1
3 2 18.945904317782816 -1

0 3 19.358898558139916 0
1 3 19.29463453619726 0
2 3 19.902912345746774 0
3 3 21.541890828831935 1


# 20.599999999999987 20.0 2.494323725319404
0 0 19.92020110825121 1
1 0 18.88877518095895 1
2 0 18.290466013995697 0
3 0 19.258857705199986 0

0 1 19.30900018889995 -1
1 1 18.682664622555524 -1
2 1 18.429142060354742 1
3 1 19.297890377754022 0

0 2 19.34552011741774 0
1 2 18.13734670598874 -1
2 2 18.166710765075074 -1
3 2 18.92185424009587 -1

0 3 19.372860065890258 0
1 3 19.296817315088486 0
2 3 19.898655054133357 0
3 3 21.539428870524738 1


# 20.599999999999987 20.0 2.494323725319404
0 0 19.968647172792473 1
1 0 18.9623479570708 1
2 0 18.325670614079385 0
3 0 19.264221559714787 0

0 1 19.257584163919343 -1
1 1 18.623333771320862 -1
2 1 18.497506507796466 1
3 1 19.29118196957964 0

0 2 19.337821763715773 0
1 2 18.111850267483682 -1
2 2 18.139867041185582 -1
3 2 18.898382096587323 -1

0 3 19.38625277246386 0
1 3 19.29871208498374 0
2 3 19.894247637820087 0
3 3 21.536720987998734 1


# 20.599999999999987 20.0 2.494323725319404
0 0 20.015615060023826 1
1 0 19.033104776218916 1
2 0 18.36113044241281 0
3 0 19.269737332508964 0

0 1 19.208086876175457 -1
1 1 18.567620331429556 -1
2 1 18.561943792837525 1
3 1 19.2853130855205 0

0 2 19.329707528633186 0
1 2 18.08651233847925 -1
2 2 18.114446453597363 1
3 2 18.875487814856054 -1

0 3 19.399088708018564 0
1 3 19.300324361626238 0
2 3 19.88970713867031 0
3 3 21.533781371873097 1


# 20.599999999999987 20.0 2.494323725319404
0 0 20.0611472176917 1
1 0 19.10119315151613 1
2 0 18.396757455153825 0
3 0 19.27541163502673 0

0 1 19.16044892830914 -1
1 1 18.515295734054643 -1
2 1 18.62271224352124 1
3 1 19.280213276249487 0

0 2 19.321212412128276 0
1 2 18.061375093769122 -1
2 2 18.21034441131449 1
3 2 18.854609395345346 -1

0 3 19.41137995581495 0
1 3 19.30166028469699 0
2 3 19.886488871660774 0
3 3 21.53065842168974 1


# 20.599999999999987 20.0 2.494323725319404
0 0 20.1052856228127 1
1 0 19.166751104896708 1
2 0 18.4324721418387 0
3 0 19.28124904118283 0

0 1 19.114611598548105 -1
1 1 18.466146939308842 -1
2 1 18.681492177056757 1
3 1 19.275852526010027 0

0 2 19.312369890596475 0
1 2 18.037915347579204 -1
2 2 18.3017739490711 1
3 2 18.835615219502092 -1

0 3 19.423138639509133 0
1 3 19.242761067044704 -1
2 3 19.88375866030469 0
3 3 21.527387205066592 1


# 20.599999999999987 20.0 2.494323725319404
0 0 20.148071692832783 1
1 0 19.22990784777881 1
2 0 18.468220100673697 0
3 0 19.287252947220452 0

0 1 19.070516973681944 -1
1 1 18.42000987437518 -1
2 1 18.738370829959592 1
3 1 19.27220158787779 0

0 2 19.303229206720665 0
1 2 18.015308700061944 -1
2 2 18.38896544043363 1
3 2 18.87838203108354 0

0 3 19.43365753177199 0
1 3 19.186157800934488 -1
2 3 19.881470921929107 0
3 3 21.404719501120347 -1


# 20.599999999999987 20.0 2.494323725319404
0 0 20.189546209748332 1
1 0 19.290785032389667 1
2 0 18.503951762160238 0
3 0 19.293425681320972 0

0 1 19.02810868427743 -1
1 1 18.376720279365433 -1
2 1 18.793431098959577 1
3 1 19.269951986923292 0

0 2 19.293818479031735 0
1 2 17.993521826456153 -1
2 2 18.472856769833957 1
3 2 18.91886032487256 0

0 3 19.44300557598779 0
1 3 19.131755153187715 -1
2 3 19.87816112029779 0
3 3 21.286913856422057 -1


# 20.599999999999987 20.0 2.494323725319404
0 0 20.2297492707974 1
1 0 19.34949711677718 1
2 0 18.5396220349142 0
3 0 19.299777245055466 0

0 1 18.987331575888113 -1
1 1 18.336123085372865 -1
2 1 18.84676905273405 1
3 1 19.26899888294446 0

0 2 19.284164410652387 0
1 2 17.97253157181482 -1
2 2 18.553555509718556 1
3 2 18.957181810216934 0

0 3 19.451248410018312 0
1 3 19.079444729979404 -1
2 3 19.87391732239872 0
3 3 21.17375814718225 -1


# 20.599999999999987 20.0 2.494323725319404
0 0 20.268720241360676 1
1 0 19.406151822212312 1
2 0 18.575190286887825 0
3 0 19.306315534271455 0

0 1 18.948131742549442 -1
1 1 18.298072187546694 -1
2 1 18.898473940607985 1
3 1 19.26924458528195 0

0 2 19.27429244609758 0
1 2 17.952314434847814 -1
2 2 18.631167495348922 1
3 2 18.99347021692158 0

0 3 19.458448313370578 0
1 3 19.029124212167673 -1
2 3 19.868821393114363 0
3 3 21.06505035320412 -1


# 20.599999999999987 19.0 2.494323725319404
0 0 20.30649771544883 1
1 0 19.460850567957994 1
2 0 18.610619975352584 0
3 0 19.313046549765296 0

0 1 18.910456557551484 -1
1 1 18.262429868556037 -1
2 1 18.948628734553274 1
3 1 19.270598058714988 0

0 2 19.26422679503072 0
1 2 17.93284672242836 -1
2 2 18.705796660376386 1
3 2 19.02784180867842 0

0 3 19.464664386175617 0
1 3 18.980696985277252 -1
2 3 19.862949422589853 0
3 3 20.960598035263992 -1


# 20.599999999999987 19.0 2.494323725319404
0 0 20.343119483198787 1
1 0 19.513688876029047 1
2 0 18.645878306311946 0
3 0 19.319974590354068 0

0 1 18.874254695895747 -1
1 1 18.229066263212225 -1
2 1 18.997310626758104 1
3 1 19.272974464558445 0

0 2 19.253990459293426 0
1 2 17.914104684169708 -1
2 2 18.777544899184672 1
3 2 19.060405861502012 0

0 3 19.46995271760814 0
1 3 18.934071793788018 -1
2 3 19.85637212357992 0
3 3 20.86021784181547 -1


# 20.599999999999987 19.0 2.494323725319404
0 0 20.37862250466673 1
1 0 19.56475674812612 1
2 0 18.680935921029704 0
3 0 19.32710242972838 0

0 1 18.839476149394194 -1
1 1 18.197858861079414 -1
2 1 19.04459148642394 1
3 1 19.27629473437884 0

0 2 19.243605262617166 0
1 2 17.896064629129594 -1
2 2 18.846511953231435 1
3 2 19.091265109672037 0

0 3 19.47436654445111 0
1 3 18.88916241801485 -1
2 3 19.849155200946303 0
3 3 20.76373504323753 -1


# 20.719999999999985 19.0 2.494323725319404
0 0 20.41376288926897 1
1 0 19.614507656761358 1
2 0 18.71613103122142 0
3 0 19.33515585144536 0

0 1 18.806440875275225 -1
1 1 18.168700891518682 -1
2 1 19.090542758399796 1
3 1 19.280853920169136 0

0 2 19.233456306173515 0
1 2 17.878707505758634 -1
2 2 18.91279542637365 1
3 2 19.120880587743176 0

0 3 19.478680773541132 0
1 3 18.846256118221177 -1
2 3 19.841724121560546 0
3 3 20.671711838192625 -1


# 20.839999999999982 19.0 2.494323725319404
0 0 20.449278807639725 1
1 0 19.66338766394194 1
2 0 18.751802563195564 0
3 0 19.344842118593704 0

0 1 18.775467590577648 -1
1 1 18.14150051494992 -1
2 1 19.135240135092864 1
3 1 19.28694960961919 0

0 2 19.223925411752756 0
1 2 17.86202327513779 -1
2 2 18.976499663342125 1
3 2 19.14970553639181 0

0 3 19.48365044405334 0
1 3 18.805642135344907 -1
2 3 19.834497952097557 0
3 3 20.584700653879562 -1


# 20.95999999999998 19.0 2.494323725319404
0 0 20.48517103361893 1
1 0 19.71146707139755 1
2 0 18.787925447442362 0
3 0 19.35612630300907 0

0 1 18.746505115297246 -1
1 1 18.11617131739543 -1
2 1 19.178759161061997 1
3 1 19.29451281802074 0

0 2 19.215026690473 0
1 2 17.846006235609842 -1
2 2 19.037735306123636 1
3 2 19.177821289199642 0

0 3 19.489287053977232 0
1 3 18.767242660560637 -1
2 3 19.827525181556226 0
3 3 20.502515587988967 -1


# 21.079999999999977 19.0 2.494323725319404
0 0 20.521440542648985 1
1 0 19.758811902088695 1
2 0 18.8244769470437 0
3 0 19.368973633281517 0

0 1 18.71950356306097 -1
1 1 18.092632064502308 -1
2 1 19.221171006959306 1
3 1 19.303478870817152 0

0 2 19.20677313170491 0
1 2 17.830650534255266 -1
2 2 19.096610027573348 1
3 2 19.20530404888981 0

0 3 19.49560090954124 0
1 3 18.73098378832132 -1
2 3 19.82085043677747 0
3 3 20.42497888064937 -1


# 21.199999999999974 19.0 2.494323725319404
0 0 20.558088468695416 1
1 0 19.805484171963865 1
2 0 18.86143646101432 0
3 0 19.38334956646536 0

0 1 18.694414337391244 -1
1 1 18.070806366013034 -1
2 1 19.262542779330275 1
3 1 19.313787114979057 0

0 2 19.199176649547557 0
1 2 17.815950230588477 -1
2 2 19.153228516196858 1
3 2 19.232225212978342 0

0 3 19.50260120205218 0
1 3 18.696795291644843 -1
2 3 19.81451475069471 0
3 3 20.35192052051007 -1


