# 20.0 20.0 0.0
0 0 20.0 0
1 0 20.0 0
2 0 20.0 0
3 0 20.0 0

0 1 20.0 0
1 1 20.0 0
2 1 20.0 0
3 1 20.0 0

0 2 20.0 0
1 2 20.0 0
2 2 20.0 0
3 2 20.0 0

0 3 20.0 0
1 3 20.0 0
2 3 20.0 0
3 3 20.0 0


# 20.0 20.0 0.0
0 0 20.0 0
1 0 20.0 0
2 0 20.0 0
3 0 20.0 0

0 1 20.0 0
1 1 20.0 0
2 1 20.0 0
3 1 20.0 0

0 2 20.0 0
1 2 20.0 0
2 2 20.0 0
3 2 20.0 0

0 3 20.0 0
1 3 20.0 0
2 3 20.0 0
3 3 20.0 0


# 20.0 20.0 0.0
0 0 20.0 0
1 0 20.0 0
2 0 20.0 0
3 0 20.0 0

0 1 20.0 0
1 1 20.0 0
2 1 20.0 0
3 1 20.0 0

0 2 20.0 0
1 2 20.0 0
2 2 20.0 0
3 2 20.0 0

0 3 20.0 0
1 3 20.0 0
2 3 20.0 0
3 3 20.0 0


# 20.0 20.0 0.0
0 0 20.0 0
1 0 20.0 0
2 0 20.0 0
3 0 20.0 0

0 1 20.0 0
1 1 20.0 0
2 1 20.0 0
3 1 20.0 0

0 2 20.0 0
1 2 20.0 0
2 2 20.0 0
3 2 20.0 0

0 3 20.0 0
1 3 20.0 0
2 3 20.0 0
3 3 20.0 0


# 20.0 20.0 0.0
0 0 20.0 0
1 0 20.0 0
2 0 20.0 0
3 0 20.0 0

0 1 20.0 0
1 1 20.0 0
2 1 20.0 0
3 1 20.0 0

0 2 20.0 0
1 2 20.0 0
2 2 20.0 0
3 2 20.0 0

0 3 20.0 0
1 3 20.0 0
2 3 20.0 0
3 3 20.0 0


# 20.0 20.0 0.0
0 0 20.0 0
1 0 20.0 0
2 0 20.0 0
3 0 20.0 0

0 1 20.0 0
1 1 20.0 0
2 1 20.0 0
3 1 20.0 0

0 2 20.0 0
1 2 20.0 0
2 2 20.0 0
3 2 20.0 0

0 3 20.0 0
1 3 20.0 0
2 3 20.0 0
3 3 20.0 0


# 20.0 20.0 0.0
0 0 20.0 0
1 0 20.0 0
2 0 20.0 0
3 0 20.0 0

0 1 20.0 0
1 1 20.0 0
2 1 20.0 0
3 1 20.0 0

0 2 20.0 0
1 2 20.0 0
2 2 20.0 0
3 2 20.0 0

0 3 20.0 0
1 3 20.0 0
2 3 20.0 0
3 3 20.0 0


# 20.0 20.0 0.0
0 0 20.0 0
1 0 20.0 0
2 0 20.0 0
3 0 20.0 0

0 1 20.0 0
1 1 20.0 0
2 1 20.0 0
3 1 20.0 0

0 2 20.0 0
1 2 20.0 0
2 2 20.0 0
3 2 20.0 0

0 3 20.0 0
1 3 20.0 0
2 3 20.0 0
3 3 20.0 0


# 20.0 20.0 0.0
0 0 20.0 0
1 0 20.0 0
2 0 20.0 0
3 0 20.0 0

0 1 20.0 0
1 1 20.0 0
2 1 20.0 0
3 1 20.0 0

0 2 20.0 0
1 2 20.0 0
2 2 20.0 0
3 2 20.0 0

0 3 20.0 0
1 3 20.0 0
2 3 20.0 0
3 3 20.0 0


# 20.0 20.0 0.0
0 0 20.0 0
1 0 20.0 0
2 0 20.0 0
3 0 20.0 0

0 1 20.0 0
1 1 20.0 0
2 1 20.0 0
3 1 20.0 0

0 2 20.0 0
1 2 20.0 0
2 2 20.0 0
3 2 20.0 0

0 3 20.0 0
1 3 20.0 0
2 3 20.0 0
3 3 20.0 0


# 20.0 20.0 0.0
0 0 20.0 0
1 0 20.0 0
2 0 20.0 0
3 0 20.0 0

0 1 20.0 0
1 1 20.0 0
2 1 20.0 0
3 1 20.0 0

0 2 20.0 0
1 2 20.0 0
2 2 20.0 0
3 2 20.0 0

0 3 20.0 0
1 3 20.0 0
2 3 20.0 0
3 3 20.0 0


# 20.0 20.0 0.0
0 0 20.0 0
1 0 20.0 0
2 0 20.0 0
3 0 20.0 0

0 1 20.0 0
1 1 20.0 0
2 1 20.0 0
3 1 20.0 0

0 2 20.0 0
1 2 20.0 0
2 2 20.0 0
3 2 20.0 0

0 3 20.0 0
1 3 20.0 0
2 3 20.0 0
3 3 20.0 0


# 20.0 20.0 0.0
0 0 20.0 0
1 0 20.0 0
2 0 20.0 0
3 0 20.0 0

0 1 20.0 0
1 1 20.0 0
2 1 20.0 0
3 1 20.0 0

0 2 20.0 0
1 2 20.0 0
2 2 20.0 0
3 2 20.0 0

0 3 20.0 0
1 3 20.0 0
2 3 20.0 0
3 3 20.0 0


# 20.0 20.0 0.0
0 0 20.0 0
1 0 20.0 0
2 0 20.0 0
3 0 20.0 0

0 1 20.0 0
1 1 20.0 0
2 1 20.0 0
3 1 20.0 0

0 2 20.0 0
1 2 20.0 0
2 2 20.0 0
3 2 20.0 0

0 3 20.0 0
1 3 20.0 0
2 3 20.0 0
3 3 20.0 0


# 20.0 20.0 0.0
0 0 20.0 0
1 0 20.0 0
2 0 20.0 0
3 0 20.0 0

0 1 20.0 0
1 1 20.0 0
2 1 20.0 0
3 1 20.0 0

0 2 20.0 0
1 2 20.0 0
2 2 20.0 0
3 2 20.0 0

0 3 20.0 0
1 3 20.0 0
2 3 20.0 0
3 3 20.0 0


# 20.0 20.0 0.0
0 0 20.0 0
1 0 20.0 0
2 0 20.0 0
3 0 20.0 0

0 1 20.0 0
1 1 20.0 0
2 1 20.0 0
3 1 20.0 0

0 2 20.0 0
1 2 20.0 0
2 2 20.0 0
3 2 20.0 0

0 3 20.0 0
1 3 20.0 0
2 3 20.0 0
3 3 20.0 0


# 20.0 20.0 0.0
0 0 20.0 0
1 0 20.0 0
2 0 20.0 0
3 0 20.0 0

0 1 20.0 0
1 1 20.0 0
2 1 20.0 0
3 1 20.0 0

0 2 20.0 0
1 2 20.0 0
2 2 20.06 1
3 2 20.00072 0

0 3 20.0 0
1 3 20.0 0
2 3 20.00072 0
3 3 20.00001728 0


# 20.0 20.0 0.05999999999999872
0 0 20.0 0
1 0 20.0 0
2 0 20.0 0
3 0 20.0 0

0 1 20.0 0
1 1 20.0 0
2 1 20.00072 0
3 1 20.00001728 0

0 2 20.0 0
1 2 20.00072 0
2 2 20.11715456 1
3 2 20.00209602944 0

0 3 20.0 0
1 3 20.00001728 0
2 3 20.00209602944 0
3 3 20.000066962626562 0


# 20.0 20.0 0.11715455999999946
0 0 20.0 0
1 0 20.0 0
2 0 20.00000864 0
3 0 20.00000031104 0

0 1 20.0 0
1 1 20.00001728 0
2 1 20.00209181312 0
3 1 20.0000668120832 0

0 2 20.00000864 0
1 2 20.00209181312 0
2 2 20.17163164934144 1
3 2 20.004069181292135 0

0 3 20.00000031104 0
1 3 20.0000668120832 0
2 3 20.004069181292135 0
3 3 20.000162212323016 0


# 20.0 20.0 0.17163164934143893
0 0 20.0 0
1 0 20.00000031104 0
2 0 20.000033386342402 0
3 0 20.000001502223668 0

0 1 20.00000031104 0
1 1 20.00006666153984 0
2 1 20.004052988201924 0
3 1 20.00016149003632 0

0 2 20.000033386342402 0
1 2 20.004052988201924 0
2 2 20.223588262240906 1
3 2 20.00658521925307 0

0 3 20.000001502223668 0
1 3 20.00016149003632 0
2 3 20.00658521925307 0
3 3 20.06031441794146 1


# 20.0 20.0 0.22358826224090578
0 0 20.00000000746496 0
1 0 20.000001498640486 0
2 0 20.000080655984814 0
3 0 20.00000435389587 0

0 1 20.000001498640486 0
1 1 20.000160769470146 0
2 1 20.006546338901018 0
3 1 20.000312338399393 0

0 2 20.000080655984814 0
1 2 20.006546338901018 0
2 2 20.27317118304904 1
3 2 20.01031421531712 0

0 3 20.00000435389587 0
1 3 20.000312338399393 0
2 3 20.01031421531712 0
3 3 20.11839064006318 1


# 20.0 20.0 0.2731711830490404
0 0 20.000000043163592 0
1 0 20.00000433332101 0
2 0 20.000155928746867 0
3 0 20.000009816361374 0

0 1 20.00000433332101 0
1 1 20.00031026866891 0
2 1 20.00951951126014 0
3 1 20.000537342701882 0

0 2 20.000155928746867 0
1 2 20.00951951126014 0
2 2 20.32053497570054 1
3 2 20.015154573775387 0

0 3 20.000009816361374 0
1 3 20.000537342701882 0
2 3 20.015154573775387 0
3 3 20.174492286791512 1


# 20.0 20.0 0.32053497570053935
0 0 20.000000145609405 0
1 0 20.00000974743783 0
2 0 20.000263848640213 0
3 0 20.00001907726847 0

0 1 20.00000974743783 0
1 1 20.000524077981552 0
2 1 20.012924897659943 0
3 1 20.00085195689285 0

0 2 20.000263848640213 0
1 2 20.012924897659943 0
2 2 20.36582320418136 1
3 2 20.021012091051208 0

0 3 20.00001907726847 0
1 3 20.00085195689285 0
2 3 20.021012091051208 0
3 3 20.228714854652246 1


# 20.0 20.0 0.3658232041813605
0 0 20.000000374305976 0
1 0 20.000018797656573 0
2 0 20.000408320268342 0
3 0 20.00003351381274 0

0 1 20.000018797656573 0
1 1 20.000809570926034 0
2 1 20.016719219199487 0
3 1 20.00126935259211 0

0 2 20.000408320268342 0
1 2 20.016719219199487 0
2 2 20.40916924182667 1
3 2 20.02779942461591 0

0 3 20.00003351381274 0
1 3 20.00126935259211 0
2 3 20.02779942461591 0
3 3 20.281148306075547 1


# 20.0 20.0 0.409169241826671
0 0 20.00000081197472 0
1 0 20.000032632593026 0
2 0 20.000592595204335 0
3 0 20.000054650689037 0

0 1 20.000032632593026 0
1 1 20.001172755964603 0
2 1 20.020863144024965 0
3 1 20.0018006464152 0

0 2 20.000592595204335 0
1 2 20.020863144024965 0
2 2 20.45069701986637 1
3 2 20.035435600450327 0

0 3 20.000054650689037 0
1 3 20.0018006464152 0
2 3 20.035435600450327 0
3 3 20.331877421467635 1


# 20.0 20.0 0.45069701986637156
0 0 20.00000156592586 0
1 0 20.000052465029256 0
2 0 20.000819349322672 0
3 0 20.000084123213085 0

0 1 20.000052465029256 0
1 1 20.001618438295605 0
2 1 20.025320938558565 0
3 1 20.002455107212427 0

0 2 20.000819349322672 0
1 2 20.025320938558565 0
2 2 20.490521719849 1
3 2 20.043845556213764 0

0 3 20.000084123213085 0
1 3 20.002455107212427 0
2 3 20.043845556213764 0
3 3 20.38098212764393 1


# 20.0 20.0 0.4905217198489993
0 0 20.00000276871323 0
1 0 20.000079548174007 0
2 0 20.001090751970466 0
3 0 20.00012364508761 0

0 1 20.000079548174007 0
1 1 20.002150364939 0
2 1 20.030060148835403 0
3 1 20.003240344911145 0

0 2 20.001090751970466 0
1 2 20.030060148835403 0
2 2 20.528750414217427 1
3 2 20.052959717494055 0

0 3 20.00012364508761 0
1 3 20.003240344911145 0
2 3 20.052959717494055 0
3 3 20.428537804268604 1


# 20.0 20.0 0.5287504142174271
0 0 20.000004578195732 0
1 0 20.00011515549196 0
2 0 20.001408527780686 0
3 0 20.000174980336755 0

0 1 20.00011515549196 0
1 1 20.002771354725784 0
2 1 20.035051309390923 0
3 1 20.00416248251154 0

0 2 20.001408527780686 0
1 2 20.035051309390923 0
2 2 20.56548265898023 1
3 2 20.062713604708428 0

0 3 20.000174980336755 0
1 3 20.00416248251154 0
2 3 20.062713604708428 0
3 3 20.474615569827936 1


# 20.0 20.0 0.5654826589802298
0 0 20.000007177112494 0
1 0 20.000160563676726 0
2 0 20.00177401185475 0
3 0 20.000239918977027 0

0 1 20.000160563676726 0
1 1 20.00348341465257 0
2 1 20.040267677356148 0
3 1 20.005226312658554 0

0 2 20.00177401185475 0
1 2 20.040267677356148 0
2 2 20.60081104211873 1
3 2 20.073047468405935 0

0 3 20.000239918977027 0
1 3 20.005226312658554 0
2 3 20.073047468405935 0
3 3 20.51928254855587 1


# 20.0 20.0 0.6008110421187283
0 0 20.000010772264684 0
1 0 20.000217038387568 0
2 0 20.0021881989735 0
3 0 20.000320256033437 0

0 1 20.000217038387568 0
1 1 20.0042878439271 0
2 1 20.045684989615186 0
3 1 20.00643544009555 0

0 2 20.0021881989735 0
1 2 20.045684989615186 0
2 2 20.634821691089535 1
3 2 20.08390595088978 0

0 3 20.000320256033437 0
1 3 20.00643544009555 0
2 3 20.08390595088978 0
3 3 20.562602119629215 1


# 20.0 20.0 0.6348216910895346
0 0 20.000015593384457 0
1 0 20.00028582241071 0
2 0 20.002651787433326 0
3 0 20.00041777354658 0

0 1 20.00028582241071 0
1 1 20.00518532690722 0
2 1 20.051281241059964 0
3 1 20.007792411197492 0

0 2 20.002651787433326 0
1 2 20.051281241059964 0
2 2 20.66759474252403 1
3 2 20.09523777223262 0

0 3 20.00041777354658 0
1 3 20.007792411197492 0
2 3 20.09523777223262 0
3 3 20.604634149856146 1


# 20.0 20.0 0.667594742524031
0 0 20.000021891760476 0
1 0 20.00036812594267 0
2 0 20.003165218047716 0
3 0 20.000534225249847 0

0 1 20.00036812594267 0
1 1 20.006176016023737 0
2 1 20.057036482142603 0
3 1 20.0092988316827 0

0 2 20.003165218047716 0
1 2 20.057036482142603 0
2 2 20.699204776987884 1
3 2 20.10699543890117 0

0 3 20.000534225249847 0
1 3 20.0092988316827 0
2 3 20.10699543890117 0
3 3 20.645435210994954 1


# 20.0 20.0 0.6992047769878837
0 0 20.000029938679724 0
1 0 20.000465118726094 0
2 0 20.003728708803134 0
3 0 20.000671323626683 0

0 1 20.000465118726094 0
1 1 20.007259605675447 0
2 1 20.062932634077548 0
3 1 20.01095547351129 0

0 2 20.003728708803134 0
1 2 20.062932634077548 0
2 2 20.729721221443956 1
3 2 20.119134973338724 0

0 3 20.000671323626683 0
1 3 20.01095547351129 0
2 3 20.119134973338724 0
3 3 20.685058782759263 1


# 20.0 20.0 0.7297212214439561
0 0 20.00004002373668 0
1 0 20.000577923798183 0
2 0 20.004342285611433 0
3 0 20.000830729085596 0

0 1 20.000577923798183 0
1 1 20.00843539799204 0
2 1 20.06895332018453 0
3 1 20.012762371895125 0

0 2 20.004342285611433 0
1 2 20.06895332018453 0
2 2 20.759208721859203 1
3 2 20.13161566297666 0

0 3 20.000830729085596 0
1 3 20.012762371895125 0
2 3 20.13161566297666 0
3 3 20.72355544249137 1


# 20.0 20.0 0.7592087218592027
0 0 20.000052453053318 0
1 0 20.00070761263854 0
2 0 20.005005809558657 0
3 0 20.00101404101596 0

0 1 20.00070761263854 0
1 1 20.009702361276176 0
2 1 20.075083711990743 0
3 1 20.01471891326733 0

0 2 20.005005809558657 0
1 2 20.075083711990743 0
2 2 20.78772748820918 1
3 2 20.144399827259257 0

0 3 20.00101404101596 0
1 3 20.01471891326733 0
2 3 20.144399827259257 0
3 3 20.760973042415905 1


# 20.0 20.0 0.7877274882091783
0 0 20.000067547446722 0
1 0 20.0008552015271 0
2 0 20.0057190010116 0
3 0 20.00122279051073 0

0 1 20.0008552015271 0
1 1 20.01105918185935 0
2 1 20.081310388827358 0
3 1 20.01682391498927 0

0 2 20.0057190010116 0
1 2 20.081310388827358 0
2 2 20.815333613961215 1
3 2 20.157452601370764 0

0 3 20.00122279051073 0
1 3 20.01682391498927 0
2 3 20.157452601370764 0
3 3 20.79735687532183 1


# 20.0 20.0 0.8153336139612151
0 0 20.00008564057529 0
1 0 20.001021648944317 0
2 0 20.0064814609085 0
3 0 20.00145843456312 0

0 1 20.001021648944317 0
1 1 20.01250431003662 0
2 1 20.087621209762393 0
3 1 20.019075697508075 0

0 2 20.0064814609085 0
1 2 20.087621209762393 0
2 2 20.842079371958274 1
3 2 20.17074173545065 0

0 3 20.00145843456312 0
1 3 20.019075697508075 0
2 3 20.17074173545065 0
3 3 20.83274982946106 1


# 20.0 20.0 0.842079371958274
0 0 20.000107077089243 0
1 0 20.00120785386507 0
2 0 20.00729268952863 0
3 0 20.001722351563288 0

0 1 20.00120785386507 0
1 1 20.01403600068192 0
2 1 20.09400519680992 0
3 1 20.02147214961862 0

0 2 20.00729268952863 0
1 2 20.09400519680992 0
2 2 20.86801348847853 1
3 2 20.18423740817242 0

0 3 20.001722351563288 0
1 3 20.02147214961862 0
2 3 20.18423740817242 0
3 3 20.8671925333966 1


# 20.0 20.0 0.8680134884785318
0 0 20.000132210806793 0
1 0 20.001414654814944 0
2 0 20.008152103006683 0
3 0 20.00201583793851 0

0 1 20.001414654814944 0
1 1 20.015652349088185 0
2 1 20.100452428445347 0
3 1 20.024010787429315 0

0 2 20.008152103006683 0
1 2 20.100452428445347 0
2 2 20.89318139711039 1
3 2 20.197912053644416 0

0 3 20.00201583793851 0
1 3 20.024010787429315 0
2 3 20.197912053644416 0
3 3 20.900723491481788 1


# 20.0 20.0 0.9007234914817879
0 0 20.00016140293331 0
1 0 20.001642829573054 0
2 0 20.009059047831887 0
3 0 20.00234010579586 0

0 1 20.001642829573054 0
1 1 20.017351322524394 0
2 1 20.106953942538723 0
3 1 20.02668880758103 0

0 2 20.009059047831887 0
1 2 20.106953942538723 0
2 2 20.917625473957486 1
3 2 20.211740200667595 0

0 3 20.00234010579586 0
1 3 20.02668880758103 0
2 3 20.211740200667595 0
3 3 20.933379210604464 1


# 20.0 20.0 0.933379210604464
0 0 20.00019502033746 0
1 0 20.001893095419312 0
2 0 20.010012813547995 0
3 0 20.002696281440755 0

0 1 20.001893095419312 0
1 1 20.019130787954218 0
2 1 20.113501647893354 0
3 1 20.029503135222647 0

0 2 20.010012813547995 0
1 2 20.113501647893354 0
2 2 20.94138525557299 1
3 2 20.225698323456356 0

0 3 20.002696281440755 0
1 3 20.029503135222647 0
2 3 20.225698323456356 0
3 3 20.965194318785656 1


# 20.0 20.0 0.965194318785656
0 0 20.000233433895374 0
1 0 20.002166109836473 0
2 0 20.011012643849025 0
3 0 20.00308540465775 0

0 1 20.002166109836473 0
1 1 20.02098853631793 0
2 1 20.120088243646023 0
3 1 20.032450467204416 0

0 2 20.011012643849025 0
1 2 20.120088243646023 0
2 2 20.964497640915944 1
3 2 20.239764702994062 0

0 3 20.00308540465775 0
1 3 20.032450467204416 0
2 3 20.239764702994062 0
3 3 20.99620167618123 1


# 20.0 20.0 0.9962016761812293
0 0 20.000277016911216 0
1 0 20.00246247158828 0
2 0 20.01205774624607 0
3 0 20.003508428651475 0

0 1 20.00246247158828 0
1 1 20.02292230374029 0
2 1 20.126707145848293 0
3 1 20.035527310911757 0

0 2 20.01205774624607 0
1 2 20.126707145848293 0
2 2 20.986997078524194 1
3 2 20.253919298255717 0

0 3 20.003508428651475 0
1 3 20.035527310911757 0
2 3 20.253919298255717 0
3 3 21.026432478996842 1


# 20.0 20.0 1.026432478996842
0 0 20.00032614362053 0
1 0 20.002782722104854 0
2 0 20.013147300462993 0
3 0 20.00396622055652 0

0 1 20.002782722104854 0
1 1 20.02492978999163 0
2 1 20.13335242060626 0
3 1 20.038730019126486 0

0 2 20.013147300462993 0
1 2 20.13335242060626 0
2 2 21.00891574000772 1
3 2 20.26814362658655 0

0 3 20.00396622055652 0
1 3 20.038730019126486 0
2 3 20.26814362658655 0
3 3 21.055916356791034 1


# 20.0 20.0 1.055916356791034
0 0 20.000381187780707 0
1 0 20.003127347115274 0
2 0 20.014280465702885 0
3 0 20.004459562434437 0

0 1 20.003127347115274 0
1 1 20.02700867449735 0
2 1 20.140018723209174 0
3 1 20.042054821269936 0

0 2 20.014280465702885 0
1 2 20.140018723209174 0
2 2 21.030283680882444 1
3 2 20.282420652577237 0

0 3 20.004459562434437 0
1 3 20.042054821269936 0
2 3 20.282420652577237 0
3 3 21.084681463608412 1


# 20.0 20.0 1.0846814636084119
0 0 20.000442521351367 0
1 0 20.003496778475053 0
2 0 20.01545638691279 0
3 0 20.004989152684992 0

0 1 20.003496778475053 0
1 1 20.029156630161896 0
2 1 20.146701242725857 0
3 1 20.045497851352454 0

0 2 20.01545638691279 0
1 2 20.146701242725857 0
2 2 21.05112898968736 1
3 2 20.29673468482477 0

0 3 20.004989152684992 0
1 3 20.045497851352454 0
2 3 20.29673468482477 0
3 3 21.112754563354304 1


# 20.0 20.0 1.1127545633543043
0 0 20.000510513266118 0
1 0 20.003891396143192 0
2 0 20.0166742001611 0
3 0 20.005555607806496 0

0 1 20.003891396143192 0
1 1 20.031371335246984 0
2 1 20.15339565159239 0
3 1 20.049055172926334 0

0 2 20.0166742001611 0
1 2 20.15339565159239 0
2 2 21.071477926256378 1
3 2 20.311071280012573 0

0 3 20.005555607806496 0
1 3 20.049055172926334 0
2 3 20.311071280012573 0
3 3 21.14016110979385 1


# 20.0 20.0 1.1401611097938513
0 0 20.000585528295975 0
1 0 20.00431153026963 0
2 0 20.017933037230353 0
3 0 20.006159464447343 0

0 1 20.00431153026963 0
1 1 20.033650483519818 0
2 1 20.16009805975515 0
3 1 20.052722801314008 0

0 2 20.017933037230353 0
1 2 20.16009805975515 0
2 2 21.091355049950497 1
3 2 20.325417153784745 0

0 3 20.006159464447343 0
1 3 20.052722801314008 0
2 3 20.325417153784745 0
3 3 21.166925321532105 1


# 20.0 20.0 1.166925321532105
0 0 20.000667926003793 0
1 0 20.00475746335935 0
2 0 20.019232029517422 0
3 0 20.006801181697217 0

0 1 20.00475746335935 0
1 1 20.035991792865616 0
2 1 20.166804972970674 0
3 1 20.05649672336025 0

0 2 20.019232029517422 0
1 2 20.166804972970674 0
2 2 21.110783338595002 1
3 2 20.339760097927634 0

0 3 20.006801181697217 0
1 3 20.05649672336025 0
2 3 20.339760097927634 0
3 3 21.193070252307212 1


# 20.0 20.0 1.193070252307212
0 0 20.000758059788282 0
1 0 20.005229432484313 0
2 0 20.020570311323517 0
3 0 20.00748114357232 0

0 1 20.005229432484313 0
1 1 20.038393012538986 0
2 1 20.173513254897895 0
3 1 20.060372914935893 0

0 2 20.020570311323517 0
1 2 20.173513254897895 0
2 2 21.129784298810254 1
3 2 20.354088903407312 0

0 3 20.00748114357232 0
1 3 20.060372914935893 0
2 3 20.354088903407312 0
3 3 21.21861785690593 1


# 20.0 20.0 1.2186178569059294
0 0 20.000856276015526 0
1 0 20.005727631518507 0
2 0 20.021947022607794 0
3 0 20.008199661654242 0

0 1 20.005727631518507 0
1 1 20.040851929211108 0
2 1 20.180220092649577 0
3 1 20.064347356401118 0

0 2 20.021947022607794 0
1 2 20.180220092649577 0
2 2 21.148378068372725 1
3 2 20.368393288844363 0

0 3 20.008199661654242 0
1 3 20.064347356401118 0
2 3 20.368393288844363 0
3 3 21.24358905298958 1


# 20.0 20.0 1.2435890529895808
0 0 20.000962913235412 0
1 0 20.006252213375383 0
2 0 20.023361311270417 0
3 0 20.008956977846747 0

0 1 20.006252213375383 0
1 1 20.043366371953574 0
2 1 20.186922965498372 0
3 1 20.068416046218545 0

0 2 20.023361311270417 0
1 2 20.186922965498372 0
2 2 21.16658351119506 1
3 2 20.38266383403774 0

0 3 20.008956977846747 0
1 3 20.068416046218545 0
2 3 20.38266383403774 0
3 3 21.268003779098862 1


# 20.0 20.0 1.268003779098862
0 0 20.001078301479946 0
1 0 20.006803292230064 0
2 0 20.024812335023963 0
3 0 20.009753267219175 0

0 1 20.006803292230064 0
1 1 20.045934216285286 0
2 1 20.193619616459124 0
3 1 20.07257501288996 0

0 2 20.024812335023963 0
1 2 20.193619616459124 0
2 2 21.184418305469624 1
3 2 20.396891918177655 0

0 3 20.009753267219175 0
1 3 20.07257501288996 0
2 3 20.396891918177655 0
3 3 21.291881049087568 1


# 20.0 20.0 1.2918810490875678
0 0 20.00120276164019 0
1 0 20.007380945711795 0
2 0 20.02629926290564 0
3 0 20.010588640908832 0

0 1 20.007380945711795 0
1 1 20.048553387395692 0
2 1 20.200308026493015 0
3 1 20.076820325375536 0

0 2 20.02629926290564 0
1 2 20.200308026493015 0
2 2 21.20189902547918 1
3 2 20.4110696624135 0

0 3 20.010588640908832 0
1 3 20.076820325375536 0
2 3 20.4110696624135 0
3 3 21.315239003218338 1


# 20.0 20.0 1.3152390032183376
0 0 20.001336604918226 0
1 0 20.007985217054532 0
2 0 20.027821276477077 0
3 0 20.011463149058347 0

0 1 20.007985217054532 0
1 1 20.05122186264584 0
2 1 20.206986391101083 0
3 1 20.081148102140638 0

0 2 20.027821276477077 0
1 2 20.206986391101083 0
2 2 21.21904121754053 1
3 2 20.425189876466927 0

0 3 20.011463149058347 0
1 3 20.081148102140638 0
2 3 20.425189876466927 0
3 3 21.338094956137684 1


# 20.0 20.0 1.3380949561376845
0 0 20.00148013235048 0
1 0 20.008616117195924 0
2 0 20.029377570753304 0
3 0 20.012376783766975 0

0 1 20.008616117195924 0
1 1 20.053937673437968 0
2 1 20.2136530990947 0
3 1 20.085554518962674 0

0 2 20.029377570753304 0
1 2 20.2136530990947 0
2 2 21.23585947051206 1
3 2 20.439246009002666 0

0 3 20.012376783766975 0
1 3 20.085554518962674 0
2 3 20.439246009002666 0
3 3 21.360465441932792 1


# 20.0 20.0 1.3604654419327922
0 0 20.001633634398566 0
1 0 20.009273626816775 0
2 0 20.030967354897808 0
3 0 20.01332948203769 0

0 1 20.009273626816775 0
1 1 20.05669890653482 0
2 1 20.220306713349043 0
3 1 20.090035815618915 0

0 2 20.030967354897808 0
1 2 20.220306713349043 0
2 2 21.252367481263924 1
3 2 20.453232101490343 0

0 3 20.01332948203769 0
1 3 20.090035815618915 0
2 3 20.453232101490343 0
3 3 21.38236625645898 1


# 20.0 20.0 1.3823662564589796
0 0 20.00179739060382 0
1 0 20.009957698314906 0
2 0 20.03258985271652 0
3 0 20.01432112870436 0

0 1 20.009957698314906 0
1 1 20.059503704901083 0
2 1 20.226945953362293 0
3 1 20.094588301565604 0

0 2 20.03258985271652 0
1 2 20.226945953362293 0
2 2 21.26857811547972 1
3 2 20.4671427453098 0

0 3 20.01432112870436 0
1 3 20.094588301565604 0
2 3 20.4671427453098 0
3 3 21.40381249711389 1


# 20.0 20.0 1.40381249711389
0 0 20.00197166930164 0
1 0 20.010668257708712 0
2 0 20.03424430297973 0
3 0 20.01535155932555 0

0 1 20.010668257708712 0
1 1 20.062350268131535 0
2 1 20.233569679458782 0
3 1 20.099208360708978 0

0 2 20.03424430297973 0
1 2 20.233569679458782 0
2 2 21.284503464131138 1
3 2 20.480973041870236 0

0 3 20.01535155932555 0
1 3 20.099208360708978 0
2 3 20.480973041870236 0
3 3 21.424818600222675 1


# 20.0 20.0 1.4248186002226753
0 0 20.00215672739179 0
1 0 20.011405206466982 0
2 0 20.035929959597595 0
3 0 20.016420563033506 0

0 1 20.011405206466982 0
1 1 20.06523685252344 0
2 1 20.240176878488295 0
3 1 20.103892455359905 0

0 2 20.035929959597595 0
1 2 20.240176878488295 0
2 2 21.300154895941446 1
3 2 20.494718565529976 0

0 3 20.016420563033506 0
1 3 20.103892455359905 0
2 3 20.494718565529976 0
3 3 21.445398376187377 1


# 20.0 20.0 1.4453983761873772
0 0 20.002352810160893 0
1 0 20.012168423262754 0
2 0 20.03764609167191 0
3 0 20.017527885328683 0

0 1 20.012168423262754 0
1 1 20.06816177084434 0
2 1 20.24676665088667 0
3 1 20.108637129455733 0

0 2 20.03764609167191 0
1 2 20.24676665088667 0
2 2 21.315543106130256 1
3 2 20.508375329118998 0

0 3 20.017527885328683 0
1 3 20.108637129455733 0
2 3 20.508375329118998 0
3 3 21.46556504254349 1


# 20.0 20.0 1.4655650425434885
0 0 20.002560151153407 0
1 0 20.012957765649755 0
2 0 20.03939198344407 0
3 0 20.018673230811647 0

0 1 20.012957765649755 0
1 1 20.071123391840686 0
2 1 20.253338198974557 0
3 1 20.113439011125454 0

0 2 20.03939198344407 0
1 2 20.253338198974557 0
2 2 21.33067816171025 1
3 2 20.52193975188055 0

0 3 20.018673230811647 0
1 3 20.113439011125454 0
2 3 20.52193975188055 0
3 3 21.485331255057055 1


# 20.0 20.0 1.485331255057055
0 0 20.00277897208748 0
1 0 20.013773071660932 0
2 0 20.041166934156784 0
3 0 20.019856265845814 0

0 1 20.013773071660932 0
1 1 20.074120139527587 0
2 1 20.25989081638202 0
3 1 20.118294814667486 0

0 2 20.041166934156784 0
1 2 20.25989081638202 0
2 2 21.34556954358646 1
3 2 20.535408629661298 0

0 3 20.019856265845814 0
1 3 20.118294814667486 0
2 3 20.535408629661298 0
3 3 21.50470913698687 1


# 20.0 20.0 1.5047091369868717
0 0 20.003009482812192 0
1 0 20.01461416132913 0
2 0 20.042970257844882 0
3 0 20.021076621145514 0

0 1 20.01461416132913 0
1 1 20.07715049229533 0
2 1 20.26642387849641 0
3 1 20.12320134200309 0

0 2 20.042970257844882 0
1 2 20.26642387849641 0
2 2 21.360226185690095 1
3 2 20.548779107191685 0

0 3 20.021076621145514 0
1 3 20.12320134200309 0
2 3 20.548779107191685 0
3 3 21.523710306627944 1


# 20.0 20.0 1.5237103066279438
0 0 20.00325188130285 0
1 0 20.015480838130625 0
2 0 20.04480128306867 0
3 0 20.022333894285136 0

0 1 20.015480838130625 0
1 1 20.080212981864204 0
2 1 20.272936833840095 0
3 1 20.128155483662763 0

0 2 20.04480128306867 0
1 2 20.272936833840095 0
2 2 21.374656511361735 1
3 2 20.562048652309464 0

0 3 20.022333894285136 0
1 3 20.128155483662763 0
2 3 20.562048652309464 0
3 3 21.542345903244765 1


# 20.0 20.0 1.5423459032447653
0 0 20.003506353691083 0
1 0 20.016372890352624 0
2 0 20.04665935260152 0
3 0 20.02362765212604 0

0 1 20.016372890352624 0
1 1 20.083306192115348 0
2 1 20.279429196292668 0
3 1 20.133154219357664 0

0 2 20.04665935260152 0
1 2 20.279429196292668 0
2 2 21.388868467182824 1
3 2 20.575215031989888 0

0 3 20.02362765212604 0
1 3 20.133154219357664 0
2 3 20.575215031989888 0
3 3 21.56062661149571 1


# 20.0 20.0 1.5606266114957101
0 0 20.003773074326666 0
1 0 20.017290092386336 0
2 0 20.048543823081918 0
3 0 20.02495743315878 0

0 1 20.017290092386336 0
1 1 20.08642875782211 0
2 1 20.285900538079954 0
3 1 20.138194618183384 0

0 2 20.048543823081918 0
1 2 20.285900538079954 0
2 2 21.402869554439725 1
3 2 20.588276290055738 0

0 3 20.02495743315878 0
1 3 20.138194618183384 0
2 3 20.588276290055738 0
3 3 21.578562684443202 1


# 20.0 20.0 1.5785626844432024
0 0 20.004052205868177 0
1 0 20.018232205947378 0
2 0 20.05045406463871 0
3 0 20.02632274975893 0

0 1 20.018232205947378 0
1 1 20.089579363303304 0
2 1 20.292350483458897 0
3 1 20.143273838498963 0

0 2 20.05045406463871 0
1 2 20.292350483458897 0
2 2 21.41666685839097 1
3 2 20.601230726449394 0

0 3 20.02632274975893 0
1 3 20.143273838498963 0
2 3 20.601230726449394 0
3 3 21.596163965238034 1


# 20.0 20.0 1.5961639652380342
0 0 20.00434389939966 0
1 0 20.01919898122569 0
2 0 20.052389460497206 0
3 0 20.02772309035556 0

0 1 20.01919898122569 0
1 1 20.092756741017176 0
2 1 20.298778703033722 0
3 1 20.148389127520073 0

0 2 20.052389460497206 0
1 2 20.298778703033722 0
2 2 21.430267075495795 1
3 2 20.614076877957565 0

0 3 20.02772309035556 0
1 3 20.148389127520073 0
2 3 20.614076877957565 0
3 3 21.613439907560448 1


# 20.0 20.0 1.6134399075604478
0 0 20.00464829457069 0
1 0 20.02019015796723 0
2 0 20.1143494065726 1
3 0 20.029877921511872 0

0 1 20.02019015796723 0
1 1 20.095959670112375 0
2 1 20.305904908644514 0
3 1 20.153555100661595 0

0 2 20.0543494065726 0
1 2 20.305184908644513 0
2 2 21.443685178750446 1
3 2 20.62681381132702 0

0 3 20.029157921511874 0
1 3 20.153537820661597 0
2 3 20.62681360396702 0
3 3 21.6303995998718 1


# 20.0 20.0 1.6303995998718008
0 0 20.00496551975736 0
1 0 20.021925466489915 0
2 0 20.173839231056306 1
3 0 20.03273104831806 0

0 1 20.021205466489917 0
1 1 20.09920425495021 0
2 1 20.3136648782146 0
3 1 20.158784303288126 0

0 2 20.056333311056306 0
1 2 20.3115691598146 0
2 2 21.456934627610302 1
3 2 20.639441053620526 0

0 3 20.030626689918062 0
1 3 20.158717345638205 0
2 3 20.639440051477848 0
3 3 21.647051787537595 1


# 20.0 20.0 1.6470517875375954
0 0 20.005304332241852 0
1 0 20.02434477071632 0
2 0 20.23098687171893 1
3 0 20.036229984678695 0

0 1 20.02224493967632 0
1 1 20.10250433569366 0
2 1 20.32199948572003 0
3 1 20.164087408838256 0

0 2 20.05834060146485 0
1 2 20.317931803068383 0
2 2 21.470027514211647 1
3 2 20.651958529895513 0

0 3 20.03212882444625 0
1 3 20.16392522526931 0
2 3 20.651955623640003 0
3 3 21.66340489302867 1


# 20.0 20.0 1.6634048930286696
0 0 20.005672452805857 0
1 0 20.027392254268854 0
2 0 20.285912883802744 1
3 0 20.040325708741953 0

0 1 20.023308860889486 0
1 1 20.105871716427725 0
2 1 20.330854304684834 0
3 1 20.169473400186916 0

0 2 20.060370730064175 0
1 2 20.324273418752774 0
2 2 21.482974696053166 1
3 2 20.664366507511126 0

0 3 20.033663738230185 0
1 3 20.169159079175476 0
2 3 20.66435995146621 0
3 3 21.679467034387365 1


# 20.0 20.0 1.6794670343873648
0 0 20.006076657886748 0
1 0 20.03101611468697 0
2 0 20.338730896220394 1
3 0 20.044972434784132 0

0 1 20.024397717984673 0
1 1 20.109316372712506 0
2 1 20.340179242442037 0
3 1 20.174949735595913 0

0 2 20.062423177901092 0
1 2 20.330594774562748 0
2 2 21.4957859163544 1
3 2 20.67666554643171 0

0 3 20.03523083073882 0
1 3 20.174416624531318 0
2 3 20.676652868407906 0
3 3 21.695246042127494 1


# 20.0 20.0 1.6952460421274935
0 0 20.006522864194885 0
1 0 20.03516827946765 0
2 0 20.389548038059463 1
3 0 20.050127400415768 0

0 1 20.02551216280702 0
1 1 20.112846640333657 0
2 1 20.34992820276894 0
3 1 20.18052250049628 0

0 2 20.06449745764655 0
1 2 20.336896785050126 0
2 2 21.508469913201292 1
3 2 20.68885645495148 0

0 3 20.036829489818356 0
1 3 20.17969567602032 0
2 3 20.688834387510962 0
3 3 21.710749474720455 1


# 20.0 20.0 1.7107494747204548
0 0 20.007016206391164 0
1 0 20.03980414234742 0
2 0 20.43846533740735 1
3 0 20.055750668055644 0

0 1 20.02665297562158 0
1 1 20.1164693868671 0
2 1 20.360058774691694 0
3 1 20.18619654624782 0

0 2 20.066593115431274 0
1 2 20.34318047646596 0
2 2 21.52103451849107 1
3 2 20.700940250317032 0

0 3 20.038459093682313 0
1 3 20.184994145119376 0
2 3 20.700904680895473 0
3 3 21.72598463280507 1


# 20.0 20.0 1.7259846328050692
0 0 20.00756110837671 0
1 0 20.044882318360642 0
2 0 20.485578094369536 1
3 0 20.06180493969305 0

0 1 20.027821033973574 0
1 1 20.12019016753938 0
2 1 20.370531945426265 0
3 1 20.191975616930648 0

0 2 20.068709731832623 0
1 2 20.349446956351382 0
2 2 21.53348674759938 1
3 2 20.71291812377174 0

0 3 20.040119012833173 0
1 3 20.190310038825324 0
2 3 20.71286406132862 0
3 3 21.74095857224529 1


# 20.0 20.0 1.7409585722452903
0 0 20.008161348703158 0
1 0 20.05036441631684 0
2 0 20.53097623002325 1
3 0 20.068255384027548 0

0 1 20.029017285523587 0
1 1 20.124013366740908 0
2 1 20.381311835581336 0
3 1 20.19786246514013 0

0 2 20.07084692215215 0
1 2 20.35569738735033 0
2 2 21.545832880610995 1
3 2 20.724791409589283 0

0 3 20.04180861190291 0
1 3 20.195641457921642 0
2 3 20.724712965682155 0
3 3 21.755678116147717 1


# 20.0 20.0 1.7556781161477168
0 0 20.00882012057193 0
1 0 20.056214827439565 0
2 0 20.574744612926853 1
3 0 20.07506947513936 0

0 1 20.030242724445177 0
1 1 20.12794232643514 0
2 1 20.39236545489479 0
3 1 20.203858957679724 0

0 2 20.07300433610614 0
1 2 20.3619329647704 0
2 2 21.558078535880906 1
3 2 20.796561557703033 1

0 3 20.043527251402736 0
1 3 20.200986594871196 0
2 3 20.7364519400863 0
3 3 21.770869865939872 1


# 20.0 20.0 1.770869865939872
0 0 20.009540086853956 0
1 0 20.062400529001696 0
2 0 20.616963364692356 1
3 0 20.08221684190281 0

0 1 20.03149837101122 0
1 1 20.13197946260239 0
2 1 20.403662476910103 0
3 1 20.210686171975368 0

0 2 20.075181657035895 0
1 2 20.368154897466106 0
2 2 21.51094873662461 0
3 2 20.865016029573983 1

0 3 20.045274289375122 0
1 3 20.206343731409735 0
2 3 20.74737890661037 0
3 3 21.78646729000025 1


# 20.0 20.0 1.7864672900002496
0 0 20.010323430527368 0
1 0 20.06889090187749 0
2 0 20.657708146023563 1
3 0 20.089677767410297 0

0 1 20.03278525403074 0
1 1 20.13612637076089 0
2 1 20.41447231112303 0
3 1 20.21826734604969 0

0 2 20.07737860073085 0
1 2 20.373653031662045 0
2 2 21.46722944061426 0
3 2 20.930348925251845 1

0 3 20.047049082943303 0
1 3 20.211694266945116 0
2 3 20.69757368450345 -1
3 3 21.801689538877305 1


# 20.0 20.0 1.801689538877305
0 0 20.01117190089928 0
1 0 20.075657561010843 0
2 0 20.697042095565102 1
3 0 20.097433081082904 0

0 1 20.03410439583014 0
1 1 20.14036695255988 0
2 1 20.42485251020659 0
3 1 20.226531731714097 0

0 2 20.07958637762538 0
1 2 20.378504210595203 0
2 2 21.425977779431463 0
3 2 20.99272465899154 1

0 3 20.04885068369219 0
1 3 20.21630225067891 0
2 3 20.649603224582158 -1
3 3 21.816536650080607 1


# 20.0 20.0 1.8165366500806073
0 0 20.012086855949 0
1 0 20.082673894297276 0
2 0 20.73502584137841 1
3 0 20.10546418104103 0

0 1 20.035456493438886 0
1 1 20.14468718413946 0
2 1 20.434846260156636 0
3 1 20.235413820184377 0

0 2 20.081797486417827 0
1 2 20.382761184894644 0
2 2 21.387050069962253 0
3 2 21.052298229796623 1

0 3 20.050669255924433 0
1 3 20.22021396013521 0
2 3 20.603405497311844 -1
3 3 21.831009775403007 1


# 20.0 20.0 1.8310097754030075
0 0 20.01306929378767 0
1 0 20.08991497856846 0
2 0 20.77171746107771 1
3 0 20.113753045898697 0

0 1 20.03684196828659 0
1 1 20.14907457200364 0
2 1 20.444492710747852 0
3 1 20.24485296757395 0

0 2 20.084005260897545 0
1 2 20.386472774375687 0
2 2 21.35031169715085 0
3 2 21.1092157974267 1

0 3 20.052495793363548 0
1 3 20.223473462590146 0
2 3 20.558920005646474 -1
3 3 21.84511105312538 1


# 20.0 20.0 1.845111053125379
0 0 20.014119882573574 0
1 0 20.097357492456442 0
2 0 20.80717256670168 1
3 0 20.12228224265765 0

0 1 20.03826100220425 0
1 1 20.153518000304878 0
2 1 20.45382732341273 0
3 1 20.25479304729781 0

0 2 20.08620379477917 0
1 2 20.389684164663553 0
2 2 21.315636503181402 0
3 2 21.163615221178034 1

0 3 20.05432207189089 0
1 3 20.226122692067772 0
2 3 20.516087808389816 -1
3 3 21.85884349156768 1


# 20.0 20.0 1.8588434915676793
0 0 20.015238988736854 0
1 0 20.10497963244219 0
2 0 20.841444389282362 1
3 0 20.131034931160936 0

0 1 20.039713569517524 0
1 1 20.158007592570677 0
2 1 20.462882190276908 0
3 1 20.26518212742269 0

0 2 20.08838787307131 0
1 2 20.392437180690397 0
2 2 21.282906219835116 0
3 2 21.215626563954462 1

0 3 20.056140604084487 0
1 3 20.2282015261189 0
2 3 20.474851535287705 -1
3 3 21.87221086306215 1


# 20.0 20.0 1.8722108630621506
0 0 20.016426703565845 0
1 0 20.112761032104647 0
2 0 20.87458386277501 1
3 0 20.139994865521516 0

0 1 20.04119946562828 0
1 1 20.162534586551686 0
2 1 20.47168632670263 0
3 1 20.27597217114508 0

0 2 20.09055290940715 0
1 2 20.394770538920213 0
2 2 21.25200994086141 0
3 2 21.265372563969198 1

0 3 20.057944595563757 0
1 3 20.229747862059167 0
2 3 20.435155394797412 -1
3 3 21.88521760749711 1


# 20.0 20.0 1.8852176074971112
0 0 20.01768286821027 0
1 0 20.120682684566695 0
2 0 20.906639707059952 1
3 0 20.1491463929012 0

0 1 20.042718332441922 0
1 1 20.167091220988784 0
2 1 20.480265939501567 0
3 1 20.28711875871345 0

0 2 20.09269488881516 0
1 2 20.396720080004737 0
2 2 21.222843631439336 0
3 2 21.31296907625429 1

0 3 20.059727903133954 0
1 3 20.230797692387917 0
2 3 20.396945175391814 -1
3 3 21.897868744646967 1


# 20.0 20.0 1.897868744646967
0 0 20.019007097158802 0
1 0 20.128726868117383 0
2 0 20.937658509769676 1
3 0 20.158474449978556 0

0 1 20.044269680962913 0
1 1 20.17167063320436 0
2 1 20.488644672803012 0
3 1 20.298580829235917 0

0 2 20.094810315454144 0
1 2 20.39831898343434 0
2 2 21.195309672024848 0
3 2 21.358525486002502 1

0 3 20.061484994715236 0
1 3 20.23138517915012 0
2 3 20.36016824117522 -1
3 3 21.91016979456581 1


# 20.0 20.0 1.9101697945658103
0 0 20.02039880025005 0
1 0 20.136877074975143 0
2 0 20.96768480673243 1
3 0 20.167964557410947 0

0 1 20.045852911349375 0
1 1 20.176266766521294 0
2 1 20.496843833402643 0
3 1 20.3103204409298 0

0 2 20.096896164879055 0
1 2 20.399597965620394 0
2 2 21.169316434082063 0
3 2 21.40214509562533 1

0 3 20.06321091103384 0
1 3 20.23154272703977 0
2 3 20.324773522514114 -1
3 3 21.922126705379114 1


# 20.0 20.0 1.9221267053791138
0 0 20.02185720327694 0
1 0 20.145117943144555 0
2 0 20.996761160857165 1
3 0 20.177602812565596 0

0 1 20.04746733068883 0
1 1 20.18087428660255 0
2 1 20.504882597268974 0
3 1 20.322302548476266 0

0 2 20.098949840442252 0
1 2 20.400585462728614 0
2 2 21.144777885383768 0
3 2 21.443925487279934 1

0 3 20.064901229046406 0
1 3 20.23130105507557 0
2 3 20.290711502318583 -1
3 3 21.933745787860648 1


# 20.0 20.0 1.9337457878606479
0 0 20.023381367244973 0
1 0 20.15343519130894 0
2 0 21.024928239314885 1
3 0 20.187375880766727 0

0 1 20.049112168731376 0
1 1 20.18548850588608 0
2 1 20.512778198748794 0
3 1 20.33449479624181 0

0 2 20.100969133469754 0
1 2 20.401307799475422 0
2 2 21.12161322273922 0
3 2 21.483958862496277 1

0 3 20.066552027063278 0
1 3 20.230689266708684 0
2 3 20.257934198548906 -1
3 3 21.94503365623021 1


# 20.0 20.0 1.9450336562302084
0 0 20.024970206344637 0
1 0 20.161815556692513 0
2 0 21.052224888898156 1
3 0 20.197270985280802 0

0 1 20.050786591793063 0
1 1 20.190105315364068 0
2 1 20.52054610388777 0
3 1 20.34686732621963 0

0 2 20.102952186884004 0
1 2 20.401789345000953 0
2 2 21.099746530166946 0
3 2 21.522332360422833 1

0 3 20.068159851532112 0
1 3 20.229734918247903 0
2 3 20.22639514346559 -1
3 3 21.95599717465258 1


# 20.0 20.0 1.9559971746525804
0 0 20.026622504698057 0
1 0 20.17024673581895 0
2 0 21.078688209464282 1
3 0 20.2072758962389 0

0 1 20.052489715021107 0
1 1 20.19472112302334 0
2 1 20.528200169167647 0
3 1 20.359392599628357 0

0 2 20.104897461973525 0
1 2 20.40205265684185 0
2 2 21.079106460677707 0
3 2 21.559128356104576 1

0 3 20.069721685439614 0
1 3 20.228464085510456 0
2 3 20.196049360090125 -1
3 3 21.966643408959424 1


# 20.0 20.0 1.966643408959424
0 0 20.02833693193901 0
1 0 20.17871732808767 0
2 0 21.10435362538871 1
3 0 20.217378918674505 0

0 1 20.05422061319345 0
1 1 20.199332798325706 0
2 1 20.535752786855845 0
3 1 20.372045231183584 0

0 2 20.106803708036335 0
1 2 20.402118613944044 0
2 2 21.059625939969113 0
3 2 21.59442474010953 1

0 3 20.07123491828635 0
1 3 20.226901428626864 0
2 3 20.166853336297006 -1
3 3 21.976979583153764 1


# 20.0 20.0 1.9769795831537635
0 0 20.03011205768458 0
1 0 20.18721678208478 0
2 0 21.129254954973767 1
3 0 20.227568879836113 0

0 1 20.055978330207886 0
1 1 20.20393762216318 0
2 1 20.543215018066242 0
3 1 20.384801835130016 0

0 2 20.108669934648066 0
1 2 20.402006539579617 0
2 2 21.041241890459226 0
3 2 21.628295180729847 1

0 3 20.07269731758734 0
1 3 20.225070254946104 0
2 3 20.138764996915242 -1
3 3 21.98701304029197 1


# 20.0 20.0 1.98701304029197
0 0 20.03194636495545 0
1 0 20.195735344542328 0
2 0 21.153424477774205 1
3 0 20.237835115916862 0

0 1 20.057761887400353 0
1 1 20.20853324177441 0
2 1 20.550596714540717 0
3 1 20.397640882188803 0

0 2 20.110495386327656 0
1 2 20.401734314961885 0
2 2 21.023894974202957 0
3 2 21.660809369899397 1

0 3 20.07410700184948 0
1 3 20.222992580003087 0
2 3 20.11174367417878 -1
3 3 21.996751207370398 1


# 20.0 20.0 1.996751207370398
0 0 20.033838262600366 0
1 0 20.204264011857337 0
2 0 21.17689299981547 1
3 0 20.248167458327906 0

0 1 20.059570290817966 0
1 1 20.213117630155374 0
2 1 20.557906630079113 0
3 1 20.41054256663655 0

0 2 20.112279519393446 0
1 2 20.401318484288772 0
2 2 21.00752935334257 0
3 2 21.692033253891818 1

0 3 20.075462414975657 0
1 3 20.220689186524275 0
2 3 20.085750076830116 -1
3 3 22.006201563873727 1


# 20.0 20.0 2.006201563873727
0 0 20.035786096778857 0
1 0 20.212794484080327 0
2 0 21.199689916693067 1
3 0 20.25855621962806 0

0 1 20.061402537559545 0
1 1 20.21768904954001 0
2 1 20.565152522469862 0
3 1 20.423488682789692 0

0 2 20.11402198082081 0
1 2 20.400774351885644 0
2 2 20.992092466843054 0
3 2 21.722029249790438 1

0 3 20.076762302044674 0
1 3 20.218179681459382 0
2 3 20.060746258149365 -1
3 3 22.01537161366955 1


# 20.0 20.0 2.0153716136695508
0 0 20.037788161554495 0
1 0 20.221319121282402 0
2 0 21.221843274552523 1
3 0 20.268992179209555 0

0 1 20.06325762128503 0
1 1 20.222246018565166 0
2 1 20.572341246704315 0
3 1 20.436462510220977 0

0 2 20.115722588928918 0
1 2 20.40011607206469 0
2 2 20.977534822355093 0
3 2 21.750856448654186 1

0 3 20.078005686415725 0
1 3 20.215482551037645 0
2 3 20.03669558315184 -1
3 3 22.02426885995912 1


# 20.0 20.0 2.0242688599591183
0 0 20.039842708649342 0
1 0 20.229830902209745 0
2 0 21.2433798289588 1
3 0 20.27946656882817 0

0 1 20.06513453698478 0
1 1 20.2267872827696 0
2 1 20.579478840194163 0
3 1 20.449448707083814 0

0 2 20.117381315739486 0
1 2 20.39935673226841 0
2 2 20.963809802133273 0
3 2 21.778570806240825 1

0 3 20.079191848106085 0
1 3 20.21261521385638 0
2 3 20.013562695170847 -1
3 3 22.03290078301753 1


# 20.0 20.0 2.0329007830175314
0 0 20.0419479564083 0
1 0 20.238323385134574 0
2 0 21.264325101672416 1
3 0 20.289971058055432 0

0 1 20.067032285090427 0
1 1 20.23131178810891 0
2 1 20.586570600652824 0
3 1 20.46243321096568 0

0 2 20.118998270864008 0
1 2 20.398508430019074 0
2 2 20.95087348201588 0
3 2 21.8052253220907 1

0 3 20.08032030339091 0
1 3 20.20959407201738 0
2 3 19.99131348201828 -1
3 3 22.041274820478208 1


# 20.0 20.0 2.0412748204782076
0 0 20.0441020980203 0
1 0 20.24679067081254 0
2 0 21.284703435356423 1
3 0 20.3004977397213 0

0 1 20.06894987500055 0
1 1 20.235818657197502 0
2 1 20.593621157247913 0
3 1 20.475403146733843 0

0 2 20.120573686788646 0
1 2 20.39758234415439 0
2 2 20.938684462545254 0
3 2 21.83087020771998 1

0 3 20.08139078557451 0
1 3 20.20643456033362 0
2 3 19.9699150418938 -1
3 3 22.049398349936357 1


# 20.0 20.0 2.0493983499363573
0 0 20.046303309041328 0
1 0 20.255227367457557 0
2 0 21.304538046244573 1
3 0 20.311039115407077 0

0 1 20.070886328086853 0
1 1 20.24030716801538 0
2 1 20.600634535582483 0
3 1 20.488346740875535 0

0 2 20.12210790543731 0
1 2 20.39658880079096 0
2 2 20.92720371137493 0
3 2 21.85555304462198 1

0 3 20.082403226883077 0
1 3 20.203151193634422 0
2 3 19.949335649193607 -1
3 3 22.057278673664435 1


# 20.0 20.0 2.0572786736644346
0 0 20.04854975426237 0
1 0 20.26362855764661 0
2 0 21.323851074805937 1
3 0 20.3215880810406 0

0 1 20.072840680239786 0
1 1 20.24477673484176 0
2 1 20.6076142170173 0
3 1 20.50125324187092 0

0 2 20.12360136590391 0
1 2 20.395537334422052 0
2 2 20.916394416171993 0
3 2 21.879318932728346 1

0 3 20.083357741429747 0
1 3 20.199757612202323 0
2 3 19.92954472035194 -1
3 3 22.06492300524948 1


# 20.0 20.0 2.0649230052494794
0 0 20.050839593963563 0
1 0 20.271989767068785 0
2 0 21.342663634445607 1
3 0 20.332137912638935 0

0 1 20.074811984006224 0
1 1 20.249226891199527 0
2 1 20.614563192804727 0
3 1 20.514112846170406 0

0 2 20.12505459325424 0
1 2 20.39443674452373 0
2 2 20.906221847280644 0
3 2 21.90221062993816 1

0 3 20.084254609203754 0
1 3 20.19626662537878 0
2 3 19.910512779832068 -1
3 3 22.07233845797774 1


# 20.0 20.0 2.0723384579777395
0 0 20.053170989593774 0
1 0 20.280306935034762 0
2 0 21.36099585828463 1
3 0 20.342682252237392 0

0 1 20.076799310366532 0
1 1 20.253657274614707 0
2 1 20.621484013466304 0
3 1 20.526916629378952 0

0 2 20.126468188306692 0
1 2 20.39329514801356 0
2 2 20.896653229466175 0
3 2 21.924268683282634 1

0 3 20.085094261036645 0
1 3 20.192690253379457 0
2 3 19.892211426369002 -1
3 3 22.07953203480636 1


# 20.0 20.0 2.079532034806359
0 0 20.05554210891321 0
1 0 20.288576386665053 0
2 0 21.378866944065102 1
3 0 20.353215094038173 0

0 1 20.078801750193154 0
1 1 20.258067613013257 0
2 1 20.628378833811002 0
3 1 20.53965648227862 0

0 2 20.127842818308732 0
1 2 20.39212002787892 0
2 2 20.8876576221079 0
3 2 21.945531552255076 1

0 3 20.085877264499583 0
1 3 20.18903976736249 0
2 3 19.874613299552824 -1
3 3 22.086510619775026 1


# 20.0 20.0 2.0865106197750265
0 0 20.057951130634635 0
1 0 20.296794806677678 0
2 0 21.39629519722869 1
3 0 20.363730770806885 0

0 1 20.08081841542852 0
1 1 20.262457712594173 0
2 1 20.635249453958586 0
3 1 20.552325051347164 0

0 2 20.12917920843345 0
1 2 20.39091827826671 0
2 2 20.87920580725512 0
3 2 21.96603572480089 1

0 3 20.08660431068715 0
1 3 20.185325727795348 0
2 3 19.85769204682951 -1
3 3 22.09328097072269 1


# 20.0 20.0 2.0932809707226916
0 0 20.060396248597062 0
1 0 20.304959214698254 0
2 0 21.413298072218648 1
3 0 20.374223940540627 0

0 1 20.08284844001602 0
1 1 20.266827447032927 0
2 1 20.64209735670282 0
3 1 20.564915683455116 0

0 2 20.130478134026884 0
1 2 20.38969624630323 0
2 2 20.871270185002512 0
3 2 21.985815826429416 1

0 3 20.08727620184428 0
1 3 20.181558021167668 0
2 3 19.841422290985385 -1
3 3 22.09984971318565 1


# 20.0 20.0 2.0998497131856517
0 0 20.062875675504138 0
1 0 20.313066942017997 0
2 0 21.429892212056604 1
3 0 20.384689573427305 0

0 1 20.084890980614112 0
1 1 20.271176747883004 0
2 1 20.648923741521852 0
3 1 20.577422374446545 0

0 2 20.131740413542893 0
1 2 20.388459770891828 0
2 2 20.863824675680334 0
3 2 22.004904722879132 1

0 3 20.08789383979441 0
1 3 20.177745895098685 0
2 3 19.825779598171575 -1
3 3 22.106223335363577 1


# 20.0 20.0 2.106223335363577
0 0 20.065387646257573 0
1 0 20.321115609727606 0
2 0 21.446093486246347 1
3 0 20.395122939112238 0

0 1 20.086945217120522 0
1 1 20.275505596055762 0
2 1 20.65572955551795 0
3 1 20.589839721329902 0

0 2 20.13296690210777 0
1 2 20.38721421871633 0
2 2 20.856844628391098 0
3 2 22.023333616739222 1

0 3 20.08845821512829 0
1 3 20.173897991888733 0
2 3 19.81074044651609 -1
3 3 22.112408184049553 1


# 20.0 20.0 2.1124081840495528
0 0 20.06793042091448 0
1 0 20.329103108157646 0
2 0 21.461917027057456 1
3 0 20.405519594284844 0

0 1 20.089010353030396 0
1 1 20.279814014270155 0
2 1 20.66251552154567 0
3 1 20.602162877824885 0

0 2 20.134158485661747 0
1 2 20.385964517660486 0
2 2 20.850306735457863 0
3 2 22.041132138404162 1

0 3 20.088970397114277 0
1 3 20.170022380564898 0
2 3 19.796282195363283 -1
3 3 22.11841046142898 1


# 20.0 20.0 2.1184104614289794
0 0 20.070502287295813 0
1 0 20.337027577558505 0
2 0 21.47737726424171 1
3 0 20.415875370595387 0

0 1 20.091085615649853 0
1 1 20.284102060374163 0
2 1 20.669282163766262 0
3 1 20.614387513029428 0

0 2 20.13531607562905 0
1 2 20.384715187837095 0
2 2 20.844188952380335 0
3 2 22.058328431713253 1

0 3 20.08943152429249 0
1 3 20.166126587471087 0
2 3 19.78238305517339 -1
3 3 22.124236222660176 1


# 20.0 20.0 2.1242362226601763
0 0 20.073101563271663 0
1 0 20.344887389955698 0
2 0 21.492487958235365 1
3 0 20.42618636290913 0

0 1 20.093170256183857 0
1 1 20.28836982144912 0
2 1 20.676029830846613 0
3 1 20.62650977298782 0

0 2 20.13644060407239 0
1 2 20.38347037040539 0
2 2 20.83847042292374 0
3 2 22.07494923460416 1

0 3 20.089842795716482 0
1 3 20.162217625452843 0
2 3 19.76902205810855 -1
3 3 22.129891374156962 1


# 20.0 20.0 2.129891374156962
0 0 20.075726598747558 0
1 0 20.352681132118743 0
2 0 21.507262231899976 1
3 0 20.436448917903057 0

0 1 20.095263549715362 0
1 1 20.292617408616596 0
2 1 20.682758717003114 0
3 1 20.638526244956456 0

0 2 20.137533019291396 0
1 2 20.382233854341347 0
2 2 20.833131408992088 0
3 2 22.09101995508805 1

0 3 20.09020546280762 0
1 3 20.158302021686914 0
2 3 19.756179029326024 -1
3 3 22.13538167250028 1


# 20.0 20.0 2.13538167250028
0 0 20.078375777374657 0
1 0 20.36040758958445 0
2 0 21.521712600854062 1
3 0 20.446659623008273 0

0 1 20.09736479509071 0
1 1 20.296844952475237 0
2 1 20.689468881074298 0
3 1 20.650433924178333 0

0 2 20.138594281828034 0
1 2 20.38100910131275 0
2 2 20.82815322496208 0
3 2 22.106564742834042 1

0 3 20.090520821788726 0
1 3 20.154385844205194 0
2 3 19.74383455899434 -1
3 3 22.14071272391221 1


# 20.0 20.0 2.140712723912209
0 0 20.08104751800527 0
1 0 20.36806573167792 0
2 0 21.535851002447316 1
3 0 20.45681529569948 0

0 1 20.0994733147246 0
1 1 20.3010525991019 0
2 1 20.696160263791008 0
3 1 20.662230182990736 0

0 2 20.13962536084517 0
1 2 20.379799268799108 0
2 2 20.823518176176922 0
3 2 22.12160655663197 1

0 3 20.090790206664934 0
1 3 20.150474727162077 0
2 3 19.731969975043594 -1
3 3 22.145889984231477 1


# 20.0 20.0 2.145889984231477
0 0 20.08374027591391 0
1 0 20.375654697477003 0
2 0 21.549688823428138 1
3 0 20.466912973131326 0

0 1 20.1015884543365 0
1 1 20.305240506557855 0
2 1 20.702832703398883 0
3 1 20.67391274210307 0

0 2 20.14062723084728 0
1 2 20.37860723158568 0
2 2 20.81920950132035 0
3 2 22.136167227985286 1

0 3 20.09101498272111 0
1 3 20.146573894893475 0
2 3 19.720567316657107 -1
3 3 22.150918759334854 1


# 20.0 20.0 2.1509187593348535
0 0 20.08645254380277 0
1 0 20.383173782668432 0
2 0 21.56323692635454 1
3 0 20.47694990212009 0

0 1 20.103709582628863 0
1 1 20.30940884184646 0
2 1 20.709485949775228 0
3 1 20.68547964389331 0

0 2 20.14160086871492 0
1 2 20.377435601750868 0
2 2 20.815211318410995 0
3 2 22.150267521069573 1

0 3 20.09119654050645 0
1 3 20.142688184814922 0
2 3 19.709609308508238 -1
3 3 22.155804205953732 1


# 20.0 20.0 2.155804205953732
0 0 20.08918285260944 0
1 0 20.390622427246083 0
2 0 21.576505674797346 1
3 0 20.486923529468054 0

0 1 20.1058360909165 0
1 1 20.31355777827409 0
2 1 20.716119677170525 0
3 1 20.696929227582288 0

0 2 20.14254725102698 0
1 2 20.37628674725715 0
2 2 20.811508574175335 0
3 2 22.163927189277185 1

0 3 20.09133629027832 0
1 3 20.13882206920522 0
2 3 19.699079335742905 -1
3 3 22.16055133283964 1


# 20.0 20.0 2.163927189277185
0 0 20.09192977213345 0
1 0 20.398000204004205 0
2 0 21.58950495738357 1
3 0 20.496831492626793 0

0 1 20.10796739271522 0
1 1 20.317687493170702 0
2 1 20.722733495694083 0
3 1 20.70826010615501 0

0 2 20.143467351646855 0
1 2 20.375162809247186 0
2 2 20.808086996574456 0
3 2 22.177165028554374 1

0 3 20.091435656878527 0
1 3 20.134979675921024 0
2 3 19.688961419705723 -1
3 3 22.16516500223653 1


# 20.0 20.0 2.1771650285543735
0 0 20.09469191149728 0
1 0 20.405306807780647 0
2 0 21.60224421072668 1
3 0 20.50667161069481 0

0 1 20.11010292329696 0
1 1 20.321798165930733 0
2 1 20.72932696165341 0
3 1 20.71947114490733 0

0 2 20.144362139550758 0
1 2 20.374065718139043 0
2 2 20.804933050275512 0
3 2 22.189998927724123 1

0 3 20.09149607501656 0
1 3 20.131164808086677 0
2 3 19.679240194405267 -1
3 3 22.169649931621567 1


# 20.0 20.0 2.1899989277241225
0 0 20.097467919456307 0
1 0 20.412542045407225 0
2 0 21.614732441289227 1
3 0 20.516441875744153 0

0 1 20.11224213921774 0
1 1 20.325889976339067 0
2 1 20.73589958684778 0
3 1 20.730561441505017 0

0 2 20.145232576878104 0
1 2 20.372997208607323 0
2 2 20.8020338948733 0
3 2 22.20244591597571 1

0 3 20.091518984935544 0
1 3 20.127380962802413 0
2 3 19.66990088371181 -1
3 3 22.174010695679442 1


# 20.0 20.0 2.2024459159757086
0 0 20.10025648457138 0
1 0 20.419705826326517 0
2 0 21.6269782462221 1
3 0 20.52614044447009 0

0 1 20.11438451782406 0
1 1 20.32996310315006 0
2 1 20.742450846908092 0
3 1 20.741530307450052 0

0 2 20.146079617185627 0
1 2 20.371958833530307 0
2 2 20.79937734568089 0
3 2 22.214522207690454 1

0 3 20.09150582843772 0
1 3 20.12363134891287 0
2 3 19.660929279279195 -1
3 3 22.178251728478617 1


# 20.0 20.0 2.214522207690454
0 0 20.103056335256614 0
1 0 20.426798153836348 0
2 0 21.63898983322335 1
3 0 20.535765630157247 0

0 1 20.116529556742556 0
1 1 20.334017722891065 0
2 1 20.748980188767447 0
3 1 20.752377250856533 0

0 2 20.146904203888358 0
1 2 20.37095197697733 0
2 2 20.796951836920783 0
3 2 22.226243244762525 1

0 3 20.091458045247578 0
1 3 20.119918903876577 0
2 3 19.65231171918078 -1
3 3 22.182377325820706 1


# 20.0 20.0 2.226243244762525
0 0 20.105866239714324 0
1 0 20.433819116925164 0
2 0 21.650775039458168 1
3 0 20.545315894955362 0

0 1 20.118676773357294 0
1 1 20.33805400886462 0
2 1 20.75548703733981 0
3 1 20.76310196044525 0

0 2 20.147707268872033 0
1 2 20.369977866304826 0
2 2 20.79474638715964 0
3 2 22.237623736563606 1

0 3 20.09137706969165 0
1 3 20.11624630977589 0
2 3 19.64403506724826 -1
3 3 22.186391647736905 1


# 20.0 20.0 2.237623736563606
0 0 20.108685005768 0
1 0 20.4407688826634 0
2 0 21.662341349580426 1
3 0 20.55478984245728 0

0 1 20.120825704278342 0
1 1 20.342072130326155 0
2 1 20.761970801477638 0
3 1 20.773704290672534 0

0 2 20.148489731262703 0
1 2 20.369037583424486 0
2 2 20.792750566840546 0
3 2 22.248677697690933 1

0 3 20.091264327675212 0
1 3 20.112616008505476 0
2 3 19.63608669310083 -1
3 3 22.190298721107876 1


# 20.0 20.0 2.2486776976909333
0 0 20.111511480603653 0
1 0 20.44764768911766 0
2 0 21.67369591289468 1
3 0 20.564186210571624 0

0 1 20.122975904804964 0
1 1 20.3460722518164 0
2 1 20.7684308792734 0
3 1 20.78418424791472 0

0 2 20.149252496340527 0
1 2 20.368132075302146 0
2 2 20.790954467776608 0
3 2 22.259418483629503 1

0 3 20.091121233937056 0
1 3 20.109030216176325 0
2 3 19.628454452851322 -1
3 3 22.194102442385763 1


# 20.0 20.0 2.259418483629503
0 0 20.114344550428992 0
1 0 20.4544558387564 0
2 0 21.68484555969632 1
3 0 20.573503864682376 0

0 1 20.125126948386185 0
1 1 20.35005453262983 0
2 1 20.774866662764484 0
3 1 20.794541977635216 0

0 2 20.14999645458573 0
1 2 20.367262163741664 0
2 2 20.789348674479175 0
3 2 22.269858824451067 1

0 3 20.090949189564466 0
1 3 20.10549093677081 0
2 3 19.621126670475196 -1
3 3 22.19780658039899 1


# 20.0 20.0 2.2698588244510667
0 0 20.11718314005926 0
1 0 20.461193692317256 0
2 0 21.695796816826245 1
3 0 20.582741791087347 0

0 1 20.127278426081265 0
1 1 20.354019126402456 0
2 1 20.781277542095907 0
3 1 20.804777752466148 0

0 2 20.150722480845776 0
1 2 20.366428554504044 0
2 2 20.78792423720249 0
3 2 22.280010856664934 1

0 3 20.090749579751545 0
1 3 20.101999975083206 0
2 3 19.614092119827454 -1
3 3 22.201414779222535 1


# 20.0 20.0 2.2800108566649335
0 0 20.12002621243791 0
1 0 20.46786166310793 0
2 0 21.706555922475037 1
3 0 20.591899090707496 0

0 1 20.129429946022086 0
1 1 20.357966180803896 0
2 1 20.787662909190676 0
3 1 20.814891961141328 0

0 2 20.151431433613585 0
1 2 20.365631845808288 0
2 2 20.786672646594667 0
3 2 22.28988615332851 1

0 3 20.090523771784852 0
1 3 20.09855894897876 0
2 3 19.60734000729225 -1
3 3 22.204930561097974 1


# 20.0 20.0 2.28988615332851
0 0 20.122872768099704 0
1 0 20.47446021171394 0
2 0 21.65712884027043 0
3 0 20.600254973058966 0

0 1 20.131581132879365 0
1 1 20.361895837320414 0
2 1 20.793302160973447 0
3 1 20.824867818221723 0

0 2 20.152124154407485 0
1 2 20.364872536257106 0
2 2 20.78557716985234 0
3 2 22.299495441478776 1

0 3 20.09027311324123 0
1 3 20.09516930100314 0
2 3 19.600859851369417 -1
3 3 22.208357324412624 1


# 20.0 20.0 2.2994954414787756
0 0 20.125721844583236 0
1 0 20.48026984108804 0
2 0 21.61001535268052 0
3 0 20.60786439207967 0

0 1 20.133731627334164 0
1 1 20.365790951116868 0
2 1 20.798258672749178 0
3 1 20.8346907919321 0

0 2 20.15280146724436 0
1 2 20.364150721187364 0
2 2 20.784622641940842 0
3 2 22.308848682036093 1

0 3 20.089998930383516 0
1 3 20.09183230439629 0
2 3 19.594641484860897 -1
3 3 22.211698342736533 1


# 20.0 20.0 2.3088486820360927
0 0 20.128563875799305 0
1 0 20.485350949917503 0
2 0 21.565092396044893 0
3 0 20.614778672220524 0

0 1 20.135880774516057 0
1 1 20.369636678883698 0
2 1 20.802590766562837 0
3 1 20.844348396120786 0

0 2 20.153464170733137 0
1 2 20.36346615612182 0
2 2 20.78379532020266 0
3 2 22.317955142099297 1

0 3 20.089702526591264 0
1 3 20.088549069622534 0
2 3 19.58867505528748 -1
3 3 22.214956764766658 1


# 20.0 20.0 2.317955142099297
0 0 20.13139035696373 0
1 0 20.489759643203676 0
2 0 21.52224406439485 0
3 0 20.621045749546774 0

0 1 20.13802767646535 0
1 1 20.373420249205523 0
2 1 20.806352106126905 0
3 1 20.853829999456988 0

0 2 20.154113031872487 0
1 2 20.36281831267881 0
2 2 20.783082752227244 0
3 2 22.326823460328537 1

0 3 20.08938518085192 0
1 3 20.085320551284205 0
2 3 19.582951023784744 -1
3 3 22.218135615044417 1


# 20.0 20.0 2.326823460328537
0 0 20.134193751949066 0
1 0 20.493548034975714 0
2 0 21.48136116437806 0
3 0 20.62671039652911 0

0 1 20.14017123845013 0
1 1 20.377130753550436 0
2 1 20.809592061068166 0
3 1 20.863126650494905 0

0 2 20.154748781317615 0
1 2 20.362206427730783 0
2 2 20.782473655795282 0
3 2 22.335461706050754 1

0 3 20.089048146332473 0
1 3 20.082147555304445 0
2 3 19.577460162699516 -1
3 3 22.22123779532782 1


# 20.0 20.0 2.3354617060507543
0 0 20.13696740816001 0
1 0 20.496764529419796 0
2 0 21.442340799318387 0
3 0 20.631814431651822 0

0 1 20.14231020975156 0
1 1 20.38075895611566 0
2 1 20.812356042877585 0
3 1 20.87223091734108 0

0 2 20.155372109908054 0
1 2 20.361629546525187 0
2 2 20.781957809814944 0
3 2 22.343877432666428 1

0 3 20.088692649047054 0
1 3 20.07903074628092 0
2 3 19.57219355208322 -1
3 3 22.224266086513015 1


# 20.0 20.0 2.343877432666428
0 0 20.139705478336307 0
1 0 20.49945408198941 0
2 0 21.40508598042524 0
3 0 20.63639691488555 0

0 1 20.144443219474315 0
1 1 20.384297120912507 0
2 1 20.814685814761386 0
3 1 20.881136740760518 0

0 2 20.155983666272473 0
1 2 20.361086560411348 0
2 2 20.781525955262897 0
3 2 22.352077725884875 1

0 3 20.088319886632 0
1 3 20.075970654926643 0
2 3 19.567142575256156 -1
3 3 22.22722315101224 1


# 20.0 20.0 2.3520777258848753
0 0 20.142402848733763 0
1 0 20.501658441946713 0
2 0 21.369505263306504 0
3 0 20.640494329998475 0

0 1 20.14656880788742 0
1 1 20.387738854608788 0
2 1 20.816619777420104 0
3 1 20.889839299648216 0

0 2 20.156584055348198 0
1 2 20.36057623975336 0
2 2 20.781169705230052 0
3 2 22.360069247268395 1

0 3 20.087931027236547 0
1 3 20.072967685526677 0
2 3 19.682298913596625 1
3 3 22.231551535506178 1


# 20.0 20.0 2.3600692472683953
0 0 20.145055073177357 0
1 0 20.503416377678064 0
2 0 21.33551240806879 0
3 0 20.644140754611133 0

0 1 20.14868545375376 0
1 1 20.39107896377083 0
2 1 20.818193232624555 0
3 1 20.89833488787704 0

0 2 20.1571738376725 0
1 2 20.3600972625516 0
2 2 20.782321463251503 0
3 2 22.36789283352274 1

0 3 20.08752720853442 0
1 3 20.07146212335075 0
2 3 19.792666380690868 1
3 3 22.237142390798518 1


# 20.0 20.0 2.3678928335227383
0 0 20.147658312520154 0
1 0 20.504763886027902 0
2 0 21.303026061409064 0
3 0 20.647368018836566 0

0 1 20.150791598063662 0
1 1 20.39431332526104 0
2 1 20.81945590631216 0
3 1 20.906621423690265 0

0 2 20.15775352932005 0
1 2 20.359682799243323 0
2 2 20.78484640805266 0
3 2 22.375584657185282 1

0 3 20.087126816859232 0
1 3 20.07133442613154 0
2 3 19.898494271401646 1
3 3 22.243894211872814 1


# 20.0 20.0 2.375584657185282
0 0 20.150209279078528 0
1 0 20.505734386803713 0
2 0 21.271969666573312 0
3 0 20.650205863241613 0

0 1 20.152885664548904 0
1 1 20.39743939073141 0
2 1 20.82045254547775 0
3 1 20.91469824068613 0

0 2 20.158324224456425 0
1 2 20.359361358272107 0
2 2 20.78862049445417 0
3 2 22.383176656947658 1

0 3 20.086746155259355 0
1 3 20.07247360165321 0
2 3 20.00001737169854 1
3 3 22.251712348589148 1


# 20.0 20.0 2.383176656947658
0 0 20.152705185647932 0
1 0 20.506358913473388 0
2 0 21.242271148443546 0
3 0 20.65268208483447 0

0 1 20.15496609224788 0
1 1 20.400455966889957 0
2 1 20.821223373500505 0
3 1 20.922565899960702 0

0 2 20.158887490298607 0
1 2 20.359157263714597 0
2 2 20.793529606710706 0
3 2 22.390696931618983 1

0 3 20.086399626773442 0
1 3 20.074776601530015 0
2 3 20.09745686476916 1
3 3 22.260508549596597 1


# 20.0 20.0 2.390696931618983
0 0 20.15514369903326 0
1 0 20.506666288879906 0
2 0 21.213862621175494 0
3 0 20.654822672034065 0

0 1 20.15703136224813 0
1 1 20.403363019939356 0
2 1 20.821804505345916 0
3 1 20.93022602147034 0

0 2 20.1594452747389 0
1 2 20.359091089091322 0
2 2 20.799468778278495 0
3 2 22.39817010068313 1

0 3 20.086099902724825 0
1 3 20.078147758544777 0
2 3 20.191021177485894 1
3 3 22.270200537149147 1


# 20.0 20.0 2.3981701006831315
0 0 20.1575228976816 0
1 0 20.506683287212507 0
2 0 21.186680116661233 0
3 0 20.656651929498416 0

0 1 20.159080019342028 0
1 1 20.406161501794166 0
2 1 20.822228326107762 0
3 1 20.937681132844055 0

0 2 20.159999825333763 0
1 2 20.359180051182353 0
2 2 20.806341472786638 0
3 2 22.405617634167797 1

0 3 20.085858077233276 0
1 3 20.082498264356715 0
2 3 20.280906771322996 1
3 3 22.280711610677667 1


# 20.0 20.0 2.405617634167797
0 0 20.159841233043714 0
1 0 20.50643478336757 0
2 0 21.160663332229145 0
3 0 20.65819259361735 0

0 1 20.16111068925172 0
1 1 20.40885319590696 0
2 1 20.82252383605979 0
3 1 20.944934534030743 0

0 2 20.160553618481753 0
1 2 20.359438367343984 0
2 2 20.814058921399614 0
3 2 22.413058154326045 1

0 3 20.08568380904694 0
1 3 20.0877456846263 0
2 3 20.367298881527873 1
3 3 22.291970277123518 1


# 20.0 20.0 2.4130581543260448
0 0 20.16209749432557 0
1 0 20.505943890735672 0
2 0 21.135755396120476 0
3 0 20.65946593940894 0

0 1 20.163122092007722 0
1 1 20.411440580737192 0
2 1 20.822716965116378 0
3 1 20.951990176307667 0

0 2 20.161109297726302 0
1 2 20.359877579525346 0
2 2 20.82253951213838 0
3 2 22.420507711431185 1

0 3 20.08558545170948 0
1 3 20.093813508825146 0
2 3 20.450372208080747 1
3 3 22.303909906181214 1


# 20.0 20.0 2.420507711431185
0 0 20.164290776322773 0
1 0 20.505232088362938 0
2 0 21.111902649398075 0
3 0 20.660491879498686 0

0 1 20.165113052000834 0
1 1 20.413926709081874 0
2 1 20.822830859353903 0
3 1 20.95885255430615 0

0 2 20.161669620220625 0
1 2 20.36050684791132 0
2 2 20.831708227077065 0
3 2 22.42798003580185 1

0 3 20.085570172996487 0
1 3 20.100630732202355 0
2 3 20.530291561726884 1
3 3 22.316468408729037 1


# 20.0 20.0 2.4279800358018484
0 0 20.16642045005952 0
1 0 20.50431933835417 0
2 0 21.089054443049836 0
3 0 20.661289055805003 0

0 1 20.167082505169144 0
1 1 20.416315101655407 0
2 1 20.82288614201798 0
3 1 20.965526609828792 0

0 2 20.16223741048428 0
1 2 20.361333216868605 0
2 2 20.841496123654352 0
3 2 22.43548676800472 1

0 3 20.085644064480853 0
1 3 20.10813146756677 0
2 3 20.607212468133756 1
3 3 22.329587936848455 1


# 20.0 20.0 2.4354867680047185
0 0 20.168486135979656 0
1 0 20.503224194311514 0
2 0 21.067162949147356 0
3 0 20.66187492450374 0

0 1 20.169029503729472 0
1 1 20.41860965345908 0
2 1 20.82290115123419 0
3 1 20.972017646340895 0

0 2 20.16281552066489 0
1 2 20.36236185564305 0
2 2 20.85183985663513 0
3 2 22.443037669026413 1

0 3 20.08581224201832 0
1 3 20.116254584718508 0
2 3 20.681281733010564 1
3 3 22.343214603946354 1


# 20.0 20.0 2.4430376690264133
0 0 20.17048767946088 0
1 0 20.501963901535238 0
2 0 21.046182985010446 0
3 0 20.66226583479782 0

0 1 20.170953218815853 0
1 1 20.420814551619785 0
2 1 20.822892156450227 0
3 1 20.978331253117872 0

0 2 20.16340679659469 0
1 2 20.363596276047 0
2 2 20.862681237531056 0
3 2 22.450640812062446 1

0 3 20.08607893788142 0
1 3 20.1249433755236 0
2 3 20.752637970828133 1
3 3 22.35729822359897 1


# 20.0 20.0 2.4506408120624457
0 0 20.1724251284445 0
1 0 20.500554489651655 0
2 0 21.026071849410805 0
3 0 20.662477101975444 0

0 1 20.172852941345496 0
1 1 20.422934203503967 0
2 1 20.82287355546338 0
3 1 20.984473238120938 0

0 2 20.164014049001 0
1 2 20.36503852918346 0
2 2 20.873966828540016 0
3 2 22.458302757438943 1

0 3 20.086447585211985 0
1 3 20.13414524277429 0
2 3 20.82141209959231 1
3 3 22.371792065833784 1


# 20.0 20.0 2.4583027574389433
0 0 20.174298712992467 0
1 0 20.499010858277174 0
2 0 21.006789169924144 0
3 0 20.66252307520087 0

0 1 20.174728081394957 0
1 1 20.424973174027606 0
2 1 20.822858053728492 0
3 1 20.99044956875628 0

0 2 20.164640029292443 0
1 2 20.366689383078267 0
2 2 20.88564756829615 0
3 2 22.466028712061142 1

0 3 20.086920895409154 0
1 3 20.14381141111473 0
2 3 20.88772780395237 1
3 3 22.38665262965593 1


# 20.0 20.0 2.466028712061142
0 0 20.176108826600803 0
1 0 20.497346856276163 0
2 0 20.988296760609796 0
3 0 20.662417200446033 0

0 1 20.176578166335418 0
1 1 20.4269361311873 0
2 1 20.82285682749572 0
3 1 20.99626631974855 0

0 2 20.165287409400033 0
1 2 20.36854848293049 0
2 2 20.89767842693521 0
3 2 22.47382267467065 1

0 3 20.087500929020603 0
1 3 20.153896658438754 0
2 3 20.951701968766727 1
3 3 22.401839430709565 1


# 20.0 20.0 2.47382267467065
0 0 20.177856009114514 0
1 0 20.495575355123503 0
2 0 20.970558489260966 0
3 0 20.662172078938088 0

0 1 20.178402837945754 0
1 1 20.428827798932257 0
2 1 20.82287967219445 0
3 1 21.001929627428748 0

0 2 20.165958765203992 0
1 2 20.370614495543947 0
2 2 20.910018088176432 0
3 2 22.48168756809026 1

0 3 20.088189160659574 0
1 3 20.164359066283968 0
2 3 21.013445085100564 1
3 3 22.41731480304231 1


# 20.0 20.0 2.4816875680902584
0 0 20.179540931103222 0
1 0 20.49370831683987 0
2 0 20.953540153527676 0
3 0 20.661799521467795 0

0 1 20.180201848694907 0
1 1 20.430652916582787 0
2 1 20.822935137357703 0
3 1 21.00744564979973 0

0 2 20.166656563124207 0
1 2 20.372885239367847 0
2 2 20.92262865630296 0
3 2 22.489625359540206 1

0 3 20.088986538428728 0
1 3 20.175159787854806 0
2 3 21.07306163049274 1
3 3 22.43304371401318 1


# 20.0 20.0 2.489625359540206
0 0 20.181164379569925 0
1 0 20.491756856928763 0
2 0 20.937209365268565 0
3 0 20.661310598875776 0

0 1 20.181975057361043 0
1 1 20.432416204078997 0
2 1 20.823030649269935 0
3 1 21.012820531800372 0

0 2 20.16738314949488 0
1 2 20.37535780145097 0
2 2 20.935475386089465 0
3 2 22.497637170022355 1

0 3 20.089893538293488 0
1 3 20.18626283240775 0
2 3 21.13065042520217 1
3 3 22.4489935914514 1


# 20.0 20.0 2.4976371700223545
0 0 20.182727244876887 0
1 0 20.48973130270845 0
2 0 20.921535442537536 0
3 0 20.660715689008303 0

0 1 20.18372242413329 0
1 1 20.434122332413956 0
2 1 20.823172622419072 0
3 1 21.018060375242154 0

0 2 20.16814074238263 0
1 2 20.37802864250085 0
2 2 20.948526433878904 0
3 2 22.505723373688284 1

0 3 20.090910213812407 0
1 3 20.19763486482481 0
2 3 21.18630496602554 1
3 3 22.465134162235717 1


# 20.0 20.0 2.5057233736882836
0 0 20.18423050878342 0
1 0 20.487641247399512 0
2 0 20.906489308656884 0
3 0 20.660024520410794 0

0 1 20.18544400532265 0
1 1 20.435775898669792 0
2 1 20.82336656074033 0
3 1 21.023171212940056 0

0 2 20.16893142554219 0
1 2 20.3808936911358 0
2 2 20.961752628151796 0
3 2 22.513883688033307 1

0 3 20.092036241599565 0
1 3 20.209245019287298 0
2 3 21.240113739168564 1
3 3 22.481437301521655 1


# 20.0 20.0 2.5138836880333066
0 0 20.185675233499882 0
1 0 20.485495600298652 0
2 0 20.89204339787069 0
3 0 20.659246213005733 0

0 1 20.187139947791643 0
1 1 20.43738140513324 0
2 1 20.823617149553943 0
3 1 21.02815898660369 0

0 2 20.169757144235742 0
1 2 20.383948428322977 0
2 2 20.975127258061455 0
3 2 22.522117255690148 1

0 3 20.093270962864256 0
1 3 20.2210647260415 0
2 3 21.29216051355098 1
3 3 22.497876891897768 1


# 20.0 20.0 2.522117255690148
0 0 20.18706255167097 0
1 0 20.48330263334221 0
2 0 20.878171567110943 0
3 0 20.658389315982102 0

0 1 20.188810483196875 0
1 1 20.43894324201984 0
2 1 20.823928339020906 0
3 1 21.03302952809465 0

0 2 20.17061970267045 0
1 2 20.387187962908992 0
2 2 20.98862587852856 0
3 2 22.530422718533412 1

0 3 20.094613421345688 0
1 3 20.233067550321426 0
2 3 21.34252461583081 1
3 3 22.514428691801818 1


# 20.0 20.0 2.530422718533412
0 0 20.188393657209282 0
1 0 20.481070024337917 0
2 0 20.864849013444374 0
3 0 20.657461843105214 0

0 1 20.190455922125402 0
1 1 20.440465673383606 0
2 1 20.824303419869317 0
3 1 21.03778854369277 0

0 2 20.171520762834852 0
1 2 20.39060709907018 0
2 2 21.00222613059883 0
3 2 22.53879828474813 1

0 3 20.096062397935118 0
1 3 20.24522904256196 0
2 3 21.39128118834547 1
3 3 22.531070212574075 1


# 20.0 20.0 2.538798284748129
0 0 20.189669796907307 0
1 0 20.478804897120547 0
2 0 20.85205219680085 0
3 0 20.65647130563935 0

0 1 20.192076648193645 0
1 1 20.44195282583224 0
2 1 20.824745092078686 0
3 1 21.04244160104727 0

0 2 20.172461844538176 0
1 2 20.394200396437185 0
2 2 21.015907575869402 0
3 2 22.547241789462596 1

0 3 20.097616442254655 0
1 3 20.257526599098806 0
2 3 21.438501431085466 1
3 3 22.547780603567986 1


# 20.0 20.0 2.547780603567986
0 0 20.190892262762414 0
1 0 20.47651385886623 0
2 0 20.839758767614228 0
3 0 20.655424743060273 0

0 1 20.193673112167104 0
1 1 20.44340867970688 0
2 1 20.825255527149764 0
3 1 21.046994118519354 0

0 2 20.17344432647788 0
1 2 20.397962223582034 0
2 2 21.02965154388303 0
3 2 22.555750749496813 1

0 3 20.09927390144041 0
1 3 20.26993933260995 0
2 3 21.48425282874061 1
3 3 22.56454054477839 1


# 20.0 20.0 2.5645405447783887
0 0 20.192062384955367 0
1 0 20.474203034781166 0
2 0 20.827947499034323 0
3 0 20.654328751720747 0

0 1 20.19524582614977 0
1 1 20.444837062420902 0
2 1 20.825836424532866 0
3 1 21.051451356650546 0

0 2 20.174469448179877 0
1 2 20.401886805495224 0
2 2 21.04344099147583 0
3 2 22.564322412732803 1

0 3 20.101032946358032 0
1 3 20.28244795160746 0
2 3 21.528599363787844 1
3 3 22.581332146484616 1


# 20.0 20.0 2.581332146484616
0 0 20.193181525428145 0
1 0 20.471878100362957 0
2 0 20.81659822339428 0
3 0 20.65318951161934 0

0 1 20.196795357883826 0
1 1 20.446241643683997 0
2 1 20.826489062737746 0
3 1 21.055818411516302 0

0 2 20.17553831267317 0
1 2 20.40596826562474 0
2 2 21.05726037314359 0
3 2 22.57295380257176 1

0 3 20.10289159546051 0
1 3 20.295034648338422 0
2 3 21.571601716524356 1
3 3 22.59813885544032 1


# 20.0 20.0 2.5981388554403217
0 0 20.194251072011692 0
1 0 20.469544311416794 0
2 0 20.80569177264101 0
3 0 20.65201281141093 0

0 1 20.198322325193132 0
1 1 20.447625932366833 0
2 1 20.827214345602346 0
3 1 21.060100209747638 0

0 2 20.176651889776235 0
1 2 20.410200662998253 0
2 2 21.071095521565056 0
3 2 22.581641757904784 1

0 3 20.104847736481307 0
1 3 20.307682994500254 0
2 3 21.6133174528884 1
3 3 22.614945367173988 1


# 20.0 20.0 2.6149453671739877
0 0 20.19527243305859 0
1 0 20.467206531994087 0
2 0 20.795209922458174 0
3 0 20.650804071786606 0

0 1 20.19982739059744 0
1 1 20.44899327478753 0
2 1 20.828012844156135 0
3 1 21.064301505024407 0

0 2 20.17781101988656 0
1 2 20.41457802490321 0
2 2 21.084933537488162 0
3 2 22.590382968989022 1

0 3 20.106899146140623 0
1 3 20.32037784421843 0
2 3 21.653801200853653 1
3 3 22.631737543993836 1


# 20.0 20.0 2.631737543993836
0 0 20.19624703253958 0
1 0 20.46486926040776 0
2 0 20.785135339831136 0
3 0 20.649568367340553 0

0 1 20.201311256118913 0
1 1 20.45034685422476 0
2 1 20.828884834475463 0
3 1 21.068426875863043 0

0 2 20.179016418177277 0
1 2 20.41909437555716 0
2 2 21.098762688247234 0
3 2 22.599174009588733 1

0 3 20.10904350802831 0
1 3 20.333105243774526 0
2 3 21.69310481612999 1
3 3 22.648502338318682 1


# 19.880000000000003 20.0 2.648502338318682
0 0 20.197176305566476 0
1 0 20.462536653466103 0
2 0 20.775451533821613 0
3 0 20.648310447032507 0

0 1 20.202774658297542 0
1 1 20.45168969148353 0
2 1 20.829830331893625 0
3 1 21.072480724538973 0

0 2 20.180268679116427 0
1 2 20.42374376116188 0
2 2 21.112572314236658 0
3 2 22.60801136571114 1

0 3 20.111278428813982 0
1 3 20.345852347609267 0
2 3 21.731277537854503 1
3 3 22.665227720981996 1


# 19.760000000000005 20.0 2.6652277209819957
0 0 20.196621694307247 0
1 0 20.459475269055876 0
2 0 20.76541396197689 0
3 0 20.645586007177528 0

0 1 20.20348108342793 0
1 1 20.45300695163879 0
2 1 20.830840163391425 0
3 1 21.075729784543697 0

0 2 20.180839433874382 0
1 2 20.42851131319442 0
2 2 21.126352527715117 0
3 2 22.616162608750162 1

0 3 20.112152706754483 0
1 3 20.35786984770332 0
2 3 21.76763728242142 1
3 3 22.6804451217207 1


# 19.640000000000008 20.0 2.6804451217207017
0 0 20.19461878954199 0
1 0 20.45569378419342 0
2 0 20.75501201503101 0
3 0 20.641433812514034 0

0 1 20.20343646002462 0
1 1 20.454284398609776 0
2 1 20.831896380259433 0
3 1 21.078183047211144 0

0 2 20.18073338341134 0
1 2 20.433373652050363 0
2 2 21.14007644546657 0
3 2 22.623628234555436 1

0 3 20.1116984480847 0
1 3 20.36915182669046 0
2 3 21.802232597286253 1
3 3 22.694179427320858 1


# 19.52000000000001 20.0 2.694179427320858
0 0 20.191202076049095 0
1 0 20.451200627133577 0
2 0 20.74423588023859 0
3 0 20.635891222392925 0

0 1 20.202646767000427 0
1 1 20.455508156593833 0
2 1 20.832981396361102 0
3 1 21.07984936946799 0

0 2 20.17995520771369 0
1 2 20.43830801638952 0
2 2 21.15371857901928 0
3 2 22.630408817213805 1

0 3 20.1099465883665 0
1 3 20.379693296393967 0
2 3 21.835109923833038 1
3 3 22.706455192829868 1


# 19.400000000000013 20.0 2.7064551928298677
0 0 20.186404970040936 0
1 0 20.44600398887645 0
2 0 20.733076492560137 0
3 0 20.628994248731118 0

0 1 20.201118022798592 0
1 1 20.456664702170436 0
2 1 20.834077999054383 0
3 1 21.080737468730327 0

0 2 20.17850956052037 0
1 2 20.443292265260073 0
2 2 21.167254755290692 0
3 2 22.636505015893036 1

0 3 20.10692694546828 0
1 3 20.38949012756016 0
2 3 21.86631370794022 1
3 3 22.71729663057399 1


# 19.280000000000015 20.0 2.7172966305739905
0 0 20.180259855259564 0
1 0 20.44011183394352 0
2 0 20.72152548885336 0
3 0 20.6207776112678 0

0 1 20.198856275256457 0
1 1 20.457740856948426 0
2 1 20.835169357937644 0
3 1 21.080855918864835 0

0 2 20.176401064810335 0
1 2 20.448304878182906 0
2 2 21.180662042556186 0
3 2 22.64191758032947 1

0 3 20.10266826973987 0
1 3 20.39853898447299 0
2 3 21.895886504097966 1
3 3 22.726727600886456 1


# 19.160000000000018 20.0 2.7267276008864556
0 0 20.17279811778062 0
1 0 20.43353191048088 0
2 0 20.709575164877755 0
3 0 20.61127479026707 0

0 1 20.19586759217016 0
1 1 20.45872378068016 0
2 1 20.836239031640385 0
3 1 21.080213147099354 0

0 2 20.173634308969415 0
1 2 20.453324953430272 0
2 2 21.193918681347466 0
3 2 22.646647355107632 1

0 3 20.097198291550544 0
1 3 20.406837264114067 0
2 3 21.923869073482027 1
3 3 22.73477160439762 1


# 19.04000000000002 20.0 2.7347716043976185
0 0 20.164050179572328 0
1 0 20.426271759742246 0
2 0 20.697218434932687 0
3 0 20.60051807680184 0

0 1 20.192158052529678 0
1 1 20.45960096477562 0
2 1 20.837270972859507 0
3 1 21.078817431778408 0

0 2 20.170213843562827 0
1 2 20.45833220471122 0
2 2 21.207004019916713 0
3 2 22.650695282866224 1

0 3 20.090543766346848 0
1 3 20.41438303955576 0
2 3 21.950300476362223 1
3 3 22.741451775750047 1


# 18.920000000000023 20.0 2.741451775750047
0 0 20.154045530854987 0
1 0 20.41833872499983 0
2 0 20.684448793961447 0
3 0 20.588538620745855 0

0 1 20.187733738393753 0
1 1 20.460360226157963 0
2 1 20.838249531824026 0
3 1 21.076676900868947 0

0 2 20.16614417864661 0
1 2 20.463306956456407 0
2 2 21.219898453930817 0
3 2 22.65406240655244 1

0 3 20.08273051737679 0
1 3 20.42117500729676 0
2 3 21.97521815919874 1
3 3 22.74679087861206 1


# 18.800000000000026 20.0 2.7467908786120603
0 0 20.14281276130493 0
1 0 20.40973995992693 0
2 0 20.67126028196503 0
3 0 20.57536647659301 0

0 1 20.18260072737453 0
1 1 20.460989701409364 0
2 1 20.839159458354562 0
3 1 21.07379953113045 0

0 2 20.161429781557946 0
1 2 20.468230137876837 0
2 2 21.23258337008593 0
3 2 22.65674987083518 1

0 3 20.073783476217482 0
1 3 20.427212438269812 0
2 3 21.998658036756005 1
3 3 22.75081130187312 1


# 18.800000000000026 20.0 2.750811301873121
0 0 20.130379590145573 0
1 0 20.40048243649224 0
2 0 20.657647450579777 0
3 0 20.561030647216185 0

0 1 20.176765085702154 0
1 1 20.461477841162825 0
2 1 20.83998590266905 0
3 1 21.070193147871617 0

0 2 20.15607507513007 0
1 2 20.473083275954533 0
2 2 21.24504109335638 0
3 2 22.658758922777317 1

0 3 20.063726721234453 0
1 3 20.43249513226982 0
2 3 22.020654569542245 1
3 3 22.753535056913524 1


# 18.800000000000026 20.0 2.753535056913524
0 0 20.118212895166664 0
1 0 20.39131023240248 0
2 0 20.64433417904288 0
3 0 20.547007871839376 0

0 1 20.17097014184018 0
1 1 20.461831099421403 0
2 1 20.84072337357724 0
3 1 21.066602917679337 0

0 2 20.150813283642957 0
1 2 20.477857446013 0
2 2 21.25725505261819 0
3 2 22.660819764347202 1

0 3 20.054032260260964 0
1 3 20.437760868024284 0
2 3 22.041969689352143 1
3 3 22.75644126830903 1


# 18.800000000000026 20.0 2.756441268309029
0 0 20.106304595431578 0
1 0 20.382224841128323 0
2 0 20.631311616561618 0
3 0 20.53329056286405 0

0 1 20.165216783624842 0
1 1 20.462055475981295 0
2 1 20.84137535239962 0
3 1 21.063031423292134 0

0 2 20.14564440360874 0
1 2 20.482552878207166 0
2 2 21.26922742230419 0
3 2 22.662929735611485 1

0 3 20.044687962151166 0
1 3 20.44300543792379 0
2 3 22.062631051941796 1
3 3 22.759516112100542 1


# 18.800000000000026 20.0 2.759516112100542
0 0 20.09464692949308 0
1 0 20.373227566065367 0
2 0 20.618571250441978 0
3 0 20.519871334685753 0

0 1 20.159505840421595 0
1 1 20.46215675277932 0
2 1 20.84194517767025 0
3 1 21.059481058489474 0

0 2 20.14056829882653 0
1 2 20.48716983499523 0
2 2 21.280960615636214 0
3 2 22.665086180150517 1

0 3 20.03568208035473 0
1 3 20.448225005138493 0
2 3 22.082664968554745 1
3 3 22.762746545849385 1


# 18.800000000000026 20.0 2.762746545849385
0 0 20.083232440909175 0
1 0 20.364319533620186 0
2 0 20.60610489047513 0
3 0 20.50674299802464 0

0 1 20.153838085034067 0
1 1 20.462140500221746 0
2 1 20.84243605391995 0
3 1 21.055954036818058 0

0 2 20.135584710280423 0
1 2 20.49170861289078 0
2 2 21.292457255871867 0
3 2 22.667286454646668 1

0 3 20.027003242046987 0
1 3 20.453416076804587 0
2 3 22.102096478417756 1
3 3 22.766120265395582 1


# 18.800000000000026 20.0 2.766120265395582
0 0 20.072053964460295 0
1 0 20.355501705470026 0
2 0 20.59390465416415 0
3 0 20.493898554387542 0

0 1 20.148214235562186 0
1 1 20.46201208350522 0
2 1 20.842851059696105 0
3 1 21.052452400096463 0

0 2 20.130693265534646 0
1 2 20.496169543652616 0
2 2 21.303720150026976 0
3 2 22.669527937337737 1

0 3 20.018640437441366 0
1 3 20.458575479092936 0
2 3 22.120949417058398 1
3 3 22.769625664094097 1


# 18.800000000000026 20.0 2.7696256640940966
0 0 20.06110461303211 0
1 0 20.346774890048703 0
2 0 20.58196295273884 0
3 0 20.481331190663614 0

0 1 20.14263495721344 0
1 1 20.4617766689043 0
2 1 20.843193154891893 0
3 1 21.04897802668713 0

0 2 20.12589348764188 0
1 2 20.500552994985284 0
2 2 21.31475226487696 0
3 2 22.67180803543745 1

0 3 20.010583009294294 0
1 3 20.463700334027088 0
2 3 22.139246480697924 1
3 3 22.773251794380332 1


# 18.800000000000026 20.0 2.7732517943803323
0 0 20.0503777651301 0
1 0 20.338139753307935 0
2 0 20.570272477910173 0
3 0 20.409034273854893 -1

0 1 20.13710086407059 0
1 1 20.46143923000396 0
2 1 20.84346518745082 0
3 1 21.04481263952719 0

0 2 20.121184803581123 0
1 2 20.50485937081586 0
2 2 21.325556705055693 0
3 2 22.674115551616637 1

0 3 20.002820642611 0
1 3 20.46878803792745 0
2 3 22.157009286956974 1
3 3 22.776988227845525 1


# 18.800000000000026 20.0 2.776988227845525
0 0 20.03986705299396 0
1 0 20.3295968287999 0
2 0 20.498106189319213 -1
3 0 20.338424065942274 -1

0 1 20.131612520818575 0
1 1 20.461004553858395 0
2 1 20.842932619506307 0
3 1 21.03999617551183 0

0 2 20.11656655224166 0
1 2 20.509089111205697 0
2 2 21.336127742044447 0
3 2 22.67644004419356 1

0 3 19.995343354559033 0
1 3 20.473836241367156 0
2 3 22.174258323439865 1
3 3 22.780825032054686 1


# 18.800000000000026 20.0 2.780825032054686
0 0 20.0295663512816 0
1 0 20.320417887123813 0
2 0 20.428007024238674 -1
3 0 20.269456837965357 -1

0 1 20.126170444432773 0
1 1 20.460459656020415 0
2 1 20.84164694094379 0
3 1 21.034566862017567 0

0 2 20.11203799196988 0
1 2 20.513242373444648 0
2 2 21.346460662610575 0
3 2 22.678771793017624 1

0 3 19.98814148459495 0
1 3 20.47884282540749 0
2 3 22.191013016096264 1
3 3 22.784752748610085 1


# 18.800000000000026 20.0 2.784752748610085
0 0 20.01946102261414 0
1 0 20.310655468299093 0
2 0 20.35989184018715 -1
3 0 20.20208989622506 -1

0 1 20.12077478981385 0
1 1 20.45979342740145 0
2 1 20.83965644128509 0
3 1 21.02856127137916 0

0 2 20.10759830008139 0
1 2 20.517319082105317 0
2 2 21.35655167479532 0
3 2 22.6811017660483 1

0 3 19.9812056846554 0
1 3 20.48380588013466 0
2 3 22.2072917930627 1
3 3 22.788762372369455 1


# 18.800000000000026 20.0 2.7887623723694546
0 0 20.009537588897388 0
1 0 20.30035861290836 0
2 0 20.29368164230431 -1
3 0 20.13628157492516 -1

0 1 20.11542540043823 0
1 1 20.458996457327025 0
2 1 20.837006424653076 0
3 1 21.022014375168755 0

0 2 20.10324657348436 0
1 2 20.521318973193157 0
2 2 21.366397821888633 0
3 2 22.683421586707393 1

0 3 19.974526909451235 0
1 3 20.48872368527749 0
2 3 22.223112144308494 1
3 3 22.792845331736345 1


# 18.800000000000026 20.0 2.792845331736345
0 0 19.999783643857242 0
1 0 20.289573092088073 0
2 0 20.229301346427526 -1
3 0 20.07199122688701 -1

0 1 20.11012185371585 0
1 1 20.45806087149913 0
2 1 20.773739409249536 -1
3 1 21.014239598085794 0

0 2 20.09898183023434 0
1 2 20.52524163298668 0
2 2 21.375276903717005 0
3 2 22.685706222068152 1

0 3 19.968096406897132 0
1 3 20.493594692706143 0
2 3 22.238482037385452 1
3 3 22.79699315890728 1


# 18.800000000000026 20.0 2.7969931589072807
0 0 19.99018777202803 0
1 0 20.27834162209983 0
2 0 20.165959556976407 -1
3 0 20.009161932579826 -1

0 1 20.104863501544923 0
1 1 20.456260183657744 0
2 1 20.7127407525148 -1
3 1 21.005332841852145 0

0 2 20.094803011861643 0
1 2 20.52906925210663 0
2 2 21.38325559150749 0
3 2 22.687933539848494 1

0 3 19.96190570870365 0
1 3 20.498417199590833 0
2 3 22.253409783215332 1
3 3 22.801197525063383 1


# 18.800000000000026 20.0 2.801197525063383
0 0 19.980739473718756 0
1 0 20.26668678454387 0
2 0 20.10365232921906 -1
3 0 19.947739925059807 -1

0 1 20.099640866510892 0
1 1 20.453657346710287 0
2 1 20.653879973705557 -1
3 1 20.93538350375772 -1

0 2 20.090708675291307 0
1 2 20.532786393762713 0
2 2 21.390395439401516 0
3 2 22.68936404879353 1

0 3 19.955946613688905 0
1 3 20.503189390696022 0
2 3 22.26790396058222 1
3 3 22.80544163027361 1


# 18.800000000000026 20.0 2.8054416302736094
0 0 19.97142878447754 0
1 0 20.254630801117912 0
2 0 20.04237393979046 -1
3 0 19.886954377080233 -1

0 1 20.094445487795184 0
1 1 20.45031070594477 0
2 1 20.596315298034423 -1
3 1 20.866969001286794 -1

0 2 20.086697052872033 0
1 2 20.536379757929076 0
2 2 21.396736015094316 0
3 2 22.690040518504055 1

0 3 19.950211172918923 0
1 3 20.507909374983953 0
2 3 22.28197303848199 1
3 3 22.80970989426759 1


# 18.800000000000026 20.0 2.8097098942675913
0 0 19.962246263703303 0
1 0 20.24219547838422 0
2 0 19.982099816161245 -1
3 0 19.82681284531472 -1

0 1 20.08926982557803 0
1 1 20.44626571637853 0
2 1 20.539997010315822 -1
3 1 20.800038507722363 -1

0 2 20.08276610572852 0
1 2 20.539837656094704 0
2 2 21.342314865050547 -1
3 2 22.68928357593137 1

0 3 19.94469167646239 0
1 3 20.512575209687096 0
2 3 22.294905370493808 1
3 3 22.81397060543106 1


# 18.800000000000026 20.0 2.8139706054310594
0 0 19.95318298185753 0
1 0 20.229401850464853 0
2 0 19.922806164355617 -1
3 0 19.767321718948327 -1

0 1 20.084107070551326 0
1 1 20.441565085041482 0
2 1 20.484157849286703 -1
3 1 20.73452604812802 -1

0 2 20.078913566125223 0
1 2 20.54242987331301 0
2 2 21.29001307155642 -1
3 2 22.687195782443638 1

0 3 19.939380641419493 0
1 3 20.517167641502954 0
2 3 22.306773160754954 1
3 3 22.818195290953923 1


# 18.800000000000026 20.0 2.8181952909539234
0 0 19.944230501562853 0
1 0 20.21627019375685 0
2 0 19.864461302596585 -1
3 0 19.708485985274883 -1

0 1 20.078951083420925 0
1 1 20.43623166895682 0
2 1 20.428821057615796 -1
3 1 20.670369988010656 -1

0 2 20.075128335525804 0
1 2 20.54421572800449 0
2 2 21.23969651286754 -1
3 2 22.56387270108299 -1

0 3 19.934270490052736 0
1 3 20.521669713105577 0
2 3 22.19764342620637 -1
3 3 22.699478454007053 -1


# 18.800000000000026 20.0 2.8181952909539234
0 0 19.935380858832723 0
1 0 20.202819731583695 0
2 0 19.80703544918122 -1
3 0 19.65030935505129 -1

0 1 20.07379602827703 0
1 1 20.430288379392668 0
2 1 20.374006330803663 -1
3 1 20.606072709157463 -1

0 2 20.071400332389732 0
1 2 20.54525003231334 0
2 2 21.188360350134772 -1
3 2 22.442916985797094 -1

0 3 19.929353592956783 0
1 3 20.52462654977286 0
2 3 22.091091986552676 -1
3 3 22.582305337330997 -1


# 18.920000000000023 20.0 2.8181952909539234
0 0 19.926626537033073 0
1 0 20.189068707244463 0
2 0 19.750500573032802 -1
3 0 19.592777097655727 -1

0 1 20.06863637807518 0
1 1 20.42375807456306 0
2 1 20.319678327407743 -1
3 1 20.541682124303176 -1

0 2 20.067720398469508 0
1 2 20.545531615237582 0
2 2 21.136109680308245 -1
3 2 22.324235638096926 -1

0 3 19.924605026989248 0
1 3 20.526126978227754 0
2 3 21.987000627067868 -1
3 3 22.466677180369057 -1


# 19.04000000000002 20.0 2.8181952909539234
0 0 19.919400442723717 0
1 0 20.17577173062403 0
2 0 19.695558274833676 -1
3 0 19.53732400692976 -1

0 1 20.0642041971851 0
1 1 20.416679917429487 0
2 1 20.265814127654668 -1
3 1 20.47797996035462 -1

0 2 20.064808231806733 0
1 2 20.545070795399443 0
2 2 21.083041869912076 -1
3 2 22.208470129424484 -1

0 3 19.921450468538048 0
1 3 20.526991907834255 0
2 3 21.8859871322284 -1
3 3 22.354050289015607 -1


# 19.160000000000018 20.0 2.8181952909539234
0 0 19.913661737919373 0
1 0 20.162940117100014 0
2 0 19.642177766310876 -1
3 0 19.483902235400276 -1

0 1 20.060489419549192 0
1 1 20.40909105490931 0
2 1 20.212402537345085 -1
3 1 20.415002100845765 -1

0 2 20.062650414272692 0
1 2 20.54388870018341 0
2 2 21.029264842146475 -1
3 2 22.09553419077275 -1

0 3 19.91983395953596 0
1 3 20.52729476520859 0
2 3 21.787942991431255 -1
3 3 22.244386204797493 -1


# 19.280000000000015 20.0 2.8181952909539234
0 0 19.909371069794066 0
1 0 20.150584310873985 0
2 0 19.590328969129253 -1
3 0 19.432465727765567 -1

0 1 20.05748221439584 0
1 1 20.401026977427243 0
2 1 20.159434690227105 -1
3 1 20.35278122791543 -1

0 2 20.061233555362623 0
1 2 20.542007884256346 0
2 2 20.974879166803692 -1
3 2 21.985346313954494 -1

0 3 19.91970227683952 0
1 3 20.527104222900157 0
2 3 21.692765820925157 -1
3 3 22.13764564704334 -1


# 19.400000000000013 20.0 2.8181952909539234
0 0 19.906490509584717 0
1 0 20.138713927290972 0
2 0 19.53998252456923 -1
3 0 19.382970126595822 -1

0 1 20.055172973899708 0
1 1 20.392521636218824 0
2 1 20.10690379976229 -1
3 1 20.291347059226734 -1

0 2 20.06054434365734 0
1 2 20.539452098247 0
2 2 20.91997858319178 -1
3 2 21.87782942424195 -1

0 3 19.921004777671985 0
1 3 20.52648451790048 0
2 3 21.60035896142393 -1
3 3 22.03378866437777 -1


# 19.52000000000001 20.0 2.8181952909539234
0 0 19.904983494053955 0
1 0 20.127337794202855 0
2 0 19.491109799184052 -1
3 0 19.3353726843393 -1

0 1 20.053552302683084 0
1 1 20.383607549619065 0
2 1 20.054804933268358 -1
3 1 20.230726567241405 -1

0 2 20.060569591366956 0
1 2 20.536246080436083 0
2 2 20.86465048399102 -1
3 2 21.77291057701111 -1

0 3 19.923693254987004 0
1 3 20.525495747710824 0
2 3 21.510631103797078 -1
3 3 21.93277477262987 -1


# 19.640000000000008 20.0 2.8181952909539234
0 0 19.904814769430644 0
1 0 20.11646399226514 0
2 0 19.443682886936795 -1
3 0 19.289632181153223 -1

0 1 20.052611008895393 0
1 1 20.37431589941573 0
2 1 20.003134806522496 -1
3 1 20.17094418219351 -1

0 2 20.061296272661366 0
1 2 20.532415369420498 0
2 2 20.808976363040465 -1
3 2 21.67052067659101 -1

0 3 19.927721802051938 0
1 3 20.524194145610203 0
2 3 21.423495940812966 -1
3 3 21.834563080224044 -1


# 19.760000000000005 20.0 2.8181952909539234
0 0 19.905950337745068 0
1 0 20.106099894079176 0
2 0 19.39767460826651 -1
3 0 19.24570884811723 -1

0 1 20.052340096639654 0
1 1 20.364676618243717 0
2 1 19.951891597070347 -1
3 1 20.112021980002723 -1

0 2 20.062711556426933 0
1 2 20.52798613588817 0
2 2 20.75303222981887 -1
3 2 21.570594215654737 -1

0 3 19.933046685602513 0
1 3 20.522632336642218 0
2 3 21.338871843059042 -1
3 3 21.739112402040544 -1


# 19.880000000000003 20.0 2.8181952909539234
0 0 19.90835740547487 0
1 0 20.09625220211167 0
2 0 19.353058506486907 -1
3 0 19.203564295422883 -1

0 1 20.052730759542534 0
1 1 20.35471846890337 0
2 1 19.901074774633514 -1
3 1 20.05397985627114 -1

0 2 20.0648028340294 0
1 2 20.522985031798264 0
2 2 20.69688899316931 -1
3 2 21.47306903361501 -1

0 3 19.939626226968883 0
1 3 20.520859575725158 0
2 3 21.256681557301782 -1
3 3 21.646381362658087 -1


# 20.0 20.0 2.8181952909539234
0 0 19.912004334417624 0
1 0 20.086926985340675 0
2 0 19.30980884187922 -1
3 0 19.163161445165464 -1

0 1 20.05377437528995 0
1 1 20.34446911640076 0
2 1 19.85068494714375 -1
3 1 19.996835687418844 -1

0 2 20.06755774260885 0
1 2 20.517439055406797 0
2 2 20.64061281661879 -1
3 2 21.377886092603525 -1

0 3 19.94742069061801 0
1 3 20.51892196918462 0
2 3 21.176851925676644 -1
3 3 21.55632848982176 -1


# 20.119999999999997 20.0 2.8181952909539234
0 0 19.916860594706158 0
1 0 20.0781297145922 0
2 0 19.26790058380311 -1
3 0 19.12446446839417 -1

0 1 20.05546250097236 0
1 1 20.333955193430903 0
2 1 19.800723721056112 -1
3 1 19.9406054799319 -1

0 2 20.070964184383246 0
1 2 20.511375430710682 0
2 2 20.584265447461654 -1
3 2 21.28498926972076 -1

0 3 19.956392179598577 0
1 3 20.516862680910698 0
2 3 21.099313624216553 -1
3 3 21.468912298915424 -1


# 20.239999999999995 20.0 2.8181952909539234
0 0 19.92289671988351 0
1 0 20.069865296544737 0
2 0 19.22730940111532 -1
3 0 19.087438726104544 -1

0 1 20.057786869103893 0
1 1 20.323202359955204 0
2 1 19.75119357470699 -1
3 1 19.88530350862115 -1

0 2 20.07501034239211 0
1 2 20.504821500005207 0
2 2 20.52790452160729 -1
3 2 21.194325164342214 -1

0 3 19.96650453741266 0
1 3 20.514722124252064 0
2 3 21.024000919336753 -1
3 3 21.384091369158615 -1


# 20.359999999999992 20.0 2.8181952909539234
0 0 19.93008426395549 0
1 0 20.06213810639017 0
2 0 19.1880116511549 -1
3 0 19.052050713882092 -1

0 1 20.060739384197163 0
1 1 20.31223535746095 0
2 1 19.702097743587185 -1
3 1 19.830942444720797 -1

0 2 20.07968469307102 0
1 2 20.497804628361653 0
2 2 20.471583846037674 -1
3 2 21.105842919358846 -1

0 3 19.97772325587368 0
1 3 20.51253814067634 0
2 3 20.95085144099508 -1
3 3 21.301824412193152 -1


# 20.47999999999999 20.0 2.8181952909539234
0 0 19.93839576034014 0
1 0 20.054952019149255 0
2 0 19.149984367525814 -1
3 0 19.018268009929297 -1

0 1 20.064312119791346 0
1 1 20.301078058433497 0
2 1 19.653440116495613 -1
3 1 19.77753347459193 -1

0 2 20.08497601601036 0
1 2 20.490352118934187 0
2 2 20.41535366057727 -1
3 2 21.019494055314123 -1

0 3 19.990015388542467 0
1 3 20.510346166149596 0
2 3 20.87980597134033 -1
3 3 21.22207033367405 -1


# 20.599999999999987 20.0 2.8181952909539234
0 0 19.94780468263518 0
1 0 20.04831043964812 0
2 0 19.113205246882607 -1
3 0 18.986059226229536 -1

0 1 20.068497315845057 0
1 1 20.289753511519766 0
2 1 19.605225141626683 -1
3 1 19.725086409737113 -1

0 2 20.090873401217785 0
1 2 20.48249113809892 0
2 2 20.359260880546124 -1
3 2 20.935232316478416 -1

0 3 20.003349469363346 0
1 3 20.508179386116943 0
2 3 20.81080824774808 -1
3 3 21.1447882884325 -1


# 20.599999999999987 20.0 2.8181952909539234
0 0 19.958285407126233 0
1 0 20.042216331169243 0
2 0 19.077652634901842 -1
3 0 18.95539396262094 -1

0 1 20.07328737641793 0
1 1 20.27828398281457 0
2 1 19.557457741724598 -1
3 1 19.67360978877804 -1

0 2 20.0973662541732 0
1 2 20.47424864951398 0
2 2 20.30334932174549 -1
3 2 20.853013527973793 -1

0 3 20.017695436149747 0
1 3 20.506068879900972 0
2 3 20.74380477922361 -1
3 3 21.0699377297353 -1


# 20.599999999999987 20.0 2.8181952909539234
0 0 19.968373176960736 0
1 0 20.03593496279626 0
2 0 19.042576664241665 -1
3 0 18.92479401740282 -1

0 1 20.07793758757576 0
1 1 20.266673298938798 0
2 1 19.510134279006266 -1
3 1 19.62237347954196 -1

0 2 20.1037154515768 0
1 2 20.465642397763254 0
2 2 20.24765969410931 -1
3 2 20.772066610639534 -1

0 3 20.03157581242609 0
1 3 20.503306262818086 0
2 3 20.67801582273617 -1
3 3 20.996020960665337 -1


# 20.599999999999987 20.0 2.8181952909539234
0 0 19.978078213194614 0
1 0 20.02947363247532 0
2 0 19.007961267490128 -1
3 0 18.894265449740704 -1

0 1 20.0824458124621 0
1 1 20.25492533405022 0
2 1 19.463242870916265 -1
3 1 19.571388692576754 -1

0 2 20.10991537088239 0
1 2 20.456681242612937 0
2 2 20.192212107354923 -1
3 2 20.692355274119837 -1

0 3 20.044997742783156 0
1 3 20.499923737477314 0
2 3 20.61339703984722 -1
3 3 20.92303323384899 -1


# 20.599999999999987 20.0 2.8181952909539234
0 0 19.98741043085886 0
1 0 20.022839304300145 0
2 0 18.973791065755027 -1
3 0 18.86381405065002 -1

0 1 20.08681010196819 0
1 1 20.243043800253382 0
2 1 19.416772441103564 -1
3 1 19.520665668679012 -1

0 2 20.1159607943537 0
1 2 20.44737422824079 0
2 2 20.137024714001623 -1
3 2 20.61384503600516 -1

0 3 20.057968438424936 0
1 3 20.49595181698142 0
2 3 20.549906481351623 -1
3 3 20.850969055638707 -1


# 20.599999999999987 20.0 2.8181952909539234
0 0 19.99637944822316 0
1 0 20.016038625290317 0
2 0 18.940051342397844 -1
3 0 18.833445348959543 -1

0 1 20.09102868619949 0
1 1 20.23103226561123 0
2 1 19.37071265181887 -1
3 1 19.470213747035896 -1

0 2 20.12184689722523 0
1 2 20.437730533611067 0
2 2 20.082113864162984 -1
3 2 20.536503104494994 -1

0 3 20.07049515921212 0
1 3 20.4914194267583 0
2 3 20.487504437293577 -1
3 3 20.779822260137177 -1


# 20.599999999999987 20.0 2.8181952909539234
0 0 20.004994595825004 0
1 0 20.009077941474132 0
2 0 18.906728017324166 -1
3 0 18.80316461756932 -1

0 1 20.095099966483048 0
1 1 20.218894169982537 0
2 1 19.325053842113633 -1
3 1 19.420041428430523 -1

0 2 20.127569235453443 0
1 2 20.427759428354022 0
2 2 20.027494248430237 -1
3 2 20.46029826935018 -1

0 3 20.082585197427022 0
1 3 20.486353999591344 0
2 3 20.426153297025152 -1
3 3 20.709586077568744 -1


# 20.599999999999987 20.0 2.8181952909539234
0 0 20.01326492527079 0
1 0 20.00196331328315 0
2 0 18.873807621872146 -1
3 0 18.772976879940455 -1

0 1 20.099022507859242 0
1 1 20.206632838922697 0
2 1 19.279786971344045 -1
3 1 19.370156433884056 -1

0 2 20.13312373316808 0
1 2 20.41747023363438 0
2 2 19.97317902976183 -1
3 2 20.385200800532047 -1

0 3 20.09424586311276 0
1 3 20.480781564333775 0
2 3 20.365817418610067 -1
3 3 20.640253197405976 -1


# 20.599999999999987 20.0 2.8181952909539234
0 0 20.02119921781475 0
1 0 19.99470053026857 0
2 0 18.841277274332153 -1
3 0 18.742886916761194 -1

0 1 20.10279503200802 0
1 1 20.19425149586147 0
2 1 19.234903567525606 -1
3 1 19.32056575907875 -1

0 2 20.138506669920083 0
1 2 20.406872287538455 0
2 2 19.919179965223737 -1
3 2 20.311182353970203 -1

0 3 20.105484470851746 0
1 3 20.47472682875576 0
2 3 20.30646300692507 -1
3 3 20.571815826630104 -1


# 20.599999999999987 20.0 2.8181952909539234
0 0 20.028805992720738 0
1 0 19.98729512515226 0
2 0 18.809124656123473 -1
3 0 18.712899272740216 -1

0 1 20.10641641056571 0
1 1 20.181753272749503 0
2 1 19.19039568012248 -1
3 1 19.271275724879438 -1

0 2 20.14371466781091 0
1 2 20.39597491455109 0
2 2 19.865507518359824 -1
3 2 20.238215883941887 -1

0 3 20.116308327859883 0
1 3 20.46821325694005 0
2 3 20.248057999857377 -1
3 3 20.50426574347701 -1


# 20.599999999999987 20.0 2.8181952909539234
0 0 20.036093515411405 0
1 0 19.97975238722728 0
2 0 18.777337988647368 -1
3 0 18.68301826348389 -1

0 1 20.109885658793612 0
1 1 20.16914121934586 0
2 1 19.14625583689139 -1
3 1 19.222292024246308 -1

0 2 20.14874467857731 0
1 2 20.384787398731316 0
2 2 19.812170962911615 -1
3 2 20.166275561583948 -1

0 3 20.126724723283136 0
1 3 20.46126314161103 0
2 3 20.190571962039364 -1
3 3 20.43759434699532 -1


# 20.599999999999987 19.0 2.8181952909539234
0 0 20.043069805408845 0
1 0 19.97207737512456 0
2 0 18.745906010830176 -1
3 0 18.653247982419387 -1

0 1 20.113201929564266 0
1 1 20.156418311300996 0
2 1 19.102477004432075 -1
3 1 19.17361976580919 -1

0 2 20.153593970696008 0
1 2 20.37331896023045 0
2 2 19.759178478551288 -1
3 2 20.095336699093693 -1

0 3 20.136740918592626 0
1 3 20.453897671753715 0
2 3 20.133975985601314 -1
3 3 20.371792702719826 -1


# 20.599999999999987 19.0 2.8181952909539234
0 0 20.049742644070392 0
1 0 19.964274928963746 0
2 0 18.714817957365092 -1
3 0 18.62359230773038 -1

0 1 20.116364507635375 0
1 1 20.143587457173687 0
2 1 19.059052552126126 -1
3 1 19.125263514352604 -1

0 2 20.15826011656428 0
1 2 20.361578734827905 0
2 2 19.706537239240614 -1
3 2 20.025375679207514 -1

0 3 20.146364138983106 0
1 3 20.446136995853006 0
2 3 20.07824259745982 -1
3 3 20.30685158474192 -1


# 20.599999999999987 19.0 2.8181952909539234
0 0 20.056119582123046 0
1 0 19.95634968190721 0
2 0 18.68406353765692 -1
3 0 18.5940549092762 -1

0 1 20.11937280418502 0
1 1 20.130651504505906 0
2 1 19.015976219173144 -1
3 1 19.077227328441676 -1

0 2 20.162740979804532 0
1 2 20.349575756189015 0
2 2 19.65425349478142 -1
3 2 19.95636988957638 -1

0 3 20.155601565687604 0
1 3 20.438000281059217 0
2 3 20.023345672693498 -1
3 3 20.24276151443845 -1


# 20.719999999999985 19.0 2.8181952909539234
0 0 20.062207946999724 0
1 0 19.948306071137058 0
2 0 18.653632915470368 -1
3 0 18.5646392554692 -1

0 1 20.12222635158497 0
1 1 20.117613245066632 0
2 1 18.973242084457954 -1
3 1 19.02951479540117 -1

0 2 20.16703470273428 0
1 2 20.337318940575642 0
2 2 19.602332646079553 -1
3 2 19.8882976616852 -1

0 3 20.16446032912837 0
1 3 20.4295057685635 0
2 3 19.96926035358935 -1
3 3 20.17951279610196 -1


# 20.839999999999982 19.0 2.8181952909539234
0 0 20.0694548499804 0
1 0 19.94088562827551 0
2 0 18.624245536639044 -1
3 0 18.536797366256792 -1

0 1 20.125662078391777 0
1 1 20.104493114083844 0
2 1 18.930853497510416 -1
3 1 18.98286655629975 -1

0 2 20.17186854139659 0
1 2 20.324826032269492 0
2 2 19.550779529608388 -1
3 2 19.821867066478543 -1

0 3 20.17439624899927 0
1 3 20.42140831790213 0
2 3 19.916691826461946 -1
3 3 20.118553042157576 -1


# 20.95999999999998 19.0 2.8181952909539234
0 0 20.077833047861112 0
1 0 19.934087292270945 0
2 0 18.595888081972664 -1
3 0 18.510497716730818 -1

0 1 20.12967460753942 0
1 1 20.091310741762904 0
2 1 18.88882266854564 -1
3 1 18.93728041035622 -1

0 2 20.177236825323632 0
1 2 20.31212320769572 0
2 2 19.49961616941737 -1
3 2 19.75705404514962 -1

0 3 20.185381725754006 0
1 3 20.41371952966918 0
2 3 19.865613434645475 -1
3 3 20.059837142397445 -1


# 21.079999999999977 19.0 2.8181952909539234
0 0 20.087316200935838 0
1 0 19.927909806291623 0
2 0 18.56854754482863 -1
3 0 18.485709734390728 -1

0 1 20.134258639239032 0
1 1 20.078085198019547 0
2 1 18.84716153232691 -1
3 1 18.892753736863664 -1

0 2 20.183134041532306 0
1 2 20.299235952989985 0
2 2 19.44886337286668 -1
3 2 19.693835226278868 -1

0 3 20.19739022648128 0
1 3 20.406450184792476 0
2 3 19.815999478791046 -1
3 3 20.003321021731974 -1


# 21.199999999999974 19.0 2.8181952909539234
0 0 20.097878839048516 0
1 0 19.922351733410135 0
2 0 18.54221122394736 -1
3 0 18.462403763482392 -1

0 1 20.139408953334197 0
1 1 20.064835006579344 0
2 1 18.805881738858304 -1
3 1 18.849283528658823 -1

0 2 20.189554833381614 0
1 2 20.286189068017908 0
2 2 19.39854079711243 -1
3 2 19.632187890945193 -1

0 3 20.210396238546043 0
1 3 20.399610294455453 0
2 3 19.76782516604142 -1
3 3 19.94896162163346 -1


