# 20.0 20.0 0.0
0 0 20.0 0
1 0 20.06 1
2 0 20.06072 1
3 0 20.06072864 1

0 1 20.0 0
1 1 20.00072 0
2 1 20.00073728 0
3 1 20.00073759104 0

0 2 20.0 0
1 2 20.00000864 0
2 2 20.00000895104 0
3 2 20.00000895850496 0

0 3 20.0 0
1 3 20.00000010368 0
2 3 20.00000010865664 0
3 3 20.00000010880594 0


# 20.0 20.0 0.06072864000000067
0 0 20.00072 0
1 0 20.11822592 1
2 0 20.12032606208 1
3 0 20.11999517279744 1

0 1 20.00001728 0
1 1 20.002113309440002 0
2 1 20.0021801215232 0
3 1 20.062172823250226 1

0 2 20.00000031104 0
1 2 20.0000336973824 0
2 2 20.00003519602289 0
3 2 20.0007550797847 0

0 3 20.00000000497664 0
1 3 20.00000050505763 0
2 3 20.000000533811697 0
3 3 20.00000917225208 0


# 20.0 20.0 0.12032606208000018
0 0 20.0021129984 0
1 0 20.17475505979904 1
2 0 20.178835531722076 1
3 0 20.1785674468364 1

0 1 20.000067273666563 0
1 1 20.004136304415336 0
2 1 20.005017633955013 0
3 1 20.12177364660063 1

0 2 20.000001509688627 0
1 2 20.00008216209026 0
2 2 20.000103771529492 0
3 2 20.00218600551833 0

0 3 20.000000028974437 0
1 3 20.000001476543726 0
2 3 20.00000188443551 0
3 3 20.000035096730453 0


# 20.0 20.0 0.17883553172207556
0 0 20.004134798459187 0
1 0 20.22966062690264 1
2 0 20.23628338788208 1
3 0 20.236435703164084 1

0 1 20.000163719523325 0
1 1 20.006756851513057 0
2 1 20.009155799415478 0
3 1 20.17963248354058 1

0 2 20.00000439720876 0
1 2 20.000160616271465 0
2 2 20.000236842163766 0
3 2 20.004253046355778 0

0 3 20.000000098416386 0
1 3 20.00000336571837 0
2 3 20.000005108944567 0
3 3 20.00008493111176 0


# 20.0 20.0 0.23643570316408358
0 0 20.006743837871767 0
1 0 20.283012289499933 1
2 0 20.292702731095986 1
3 0 20.293592040425814 1

0 1 20.000318904342468 0
1 1 20.00994429395478 0
2 1 20.014506517252595 0
3 1 20.235836138480284 1

0 2 20.000009967954355 0
1 2 20.06027524032793 1
2 2 20.001173952694476 0
3 2 20.006919558676273 0

0 3 20.00000025487747 0
1 3 20.000726591608 0
2 3 20.000028720073868 0
3 3 20.00016525293674 0


# 20.0 20.0 0.2935920404258141
0 0 20.009901034034492 0
1 0 20.33487635004996 1
2 0 20.348124915282696 1
3 0 20.35003025961564 1

0 1 20.000543773911406 0
1 1 20.014389390423453 0
2 1 20.021004497187043 0
3 1 20.29046647244986 1

0 2 20.060739380529675 1
1 2 20.118306380575255 1
2 2 20.06287271284329 1
3 2 20.01087099047063 0

0 3 20.000737837367534 0
1 3 20.002124950016665 0
2 3 20.000809468820325 0
3 3 20.000299469342508 0


# 20.0 20.0 0.3500302596156395
0 0 20.013569638296786 0
1 0 20.385324550675897 1
2 0 20.402579980530565 1
3 0 20.40574572770524 1

0 1 20.001585316318128 0
1 1 20.020013348620203 0
2 1 20.029307471495393 0
3 1 20.34361797088302 1

0 2 20.11963588095856 1
1 2 20.17508343701691 1
2 2 20.12244767904045 1
3 2 20.016010790302055 0

0 3 20.002172405194006 0
1 3 20.00417248584834 0
2 3 20.002298506740647 0
3 3 20.00050840001069 0


# 20.0 20.0 0.4057457277052414
0 0 20.01772404972203 0
1 0 20.434424728093983 1
2 0 20.456105356475817 1
3 0 20.46073556143616 1

0 1 20.003407212384374 0
1 1 20.02675938207432 0
2 1 20.039287877525297 0
3 1 20.395378426857096 1

0 2 20.176779130613443 1
1 2 20.230641336171015 1
2 2 20.180029052575378 1
3 2 20.022249327662685 0

0 3 20.004265618004563 0
1 3 20.006843706973704 0
2 3 20.004450543372258 0
3 3 20.000810496062726 0


# 20.0 20.0 0.46073556143615946
0 0 20.02233996721778 0
1 0 20.48224134598325 1
2 0 20.50873610892317 1
3 0 20.51499845565382 1

0 1 20.0059746512231 0
1 1 20.034572674265586 0
2 1 20.050826654555536 0
3 1 20.44582942618356 1

0 2 20.232244986392462 1
1 2 20.28501483707729 1
2 2 20.235738154403773 1
3 2 20.029503392820654 0

0 3 20.066981120076793 1
1 3 20.010833629287124 0
2 3 20.007232207907666 0
3 3 20.00122214541321 0


# 20.0 20.0 0.5149984556538207
0 0 20.027394320364415 0
1 0 20.528835646694592 1
2 0 20.560505121431245 1
3 0 20.56853452582166 1

0 1 20.009254259644 0
1 1 20.043400362676497 0
2 1 20.06381265191321 0
3 1 20.495046797130517 1

0 2 20.286825699565558 1
1 2 20.338255699048776 1
2 2 20.289688370412676 1
3 2 20.037695738077662 0

0 3 20.12814171170026 1
1 3 20.076062172280945 1
2 3 20.011332127432826 0
3 3 20.00176648256446 0


# 20.0 20.0 0.5685345258216614
0 0 20.03286520370736 0
1 0 20.574265797787202 1
2 0 20.611443262037398 1
3 0 20.621345163602097 1

0 1 20.013222675930344 0
1 1 20.05319182716418 0
2 1 20.078142087702314 0
3 1 20.54310102752362 1

0 2 20.340534461223957 1
1 2 20.391133147467418 1
2 2 20.34200296584103 1
3 2 20.04675496278955 0

0 3 20.18852776968111 1
1 3 20.13995947758012 1
2 3 20.016660925192475 0
3 3 20.002463879847923 0


# 20.0 20.0 0.621345163602097
0 0 20.038731918058506 0
1 0 20.61858703836726 1
2 0 20.661579536507887 1
3 0 20.673432904480798 1

0 1 20.01785682201863 0
1 1 20.063907248606967 0
2 1 20.09371835683436 0
3 1 20.590057659056882 1

0 2 20.393402226722557 1
1 2 20.44363001941399 1
2 2 20.392795994651426 1
3 2 20.056615064755064 0

0 3 20.24814111042422 1
1 3 20.202582364182124 1
2 3 20.02313527319857 0
3 3 20.003332184228842 0


# 20.0 20.0 0.6734329044807978
0 0 20.04497489533303 0
1 0 20.66185192292121 1
2 0 20.71094123418539 1
3 0 20.724801306638398 1

0 1 20.023134247941798 0
1 1 20.07550771523917 0
2 1 20.110451506943903 0
3 1 20.63597765191654 1

0 2 20.44545819773357 1
1 2 20.495731909743796 1
2 2 20.442172991963854 1
3 2 20.06721502597266 0

0 3 20.30698451719194 1
1 3 20.263984125288086 1
2 3 20.030677463342 0
3 3 20.00438693546838 0


# 20.0 20.0 0.7248013066383976
0 0 20.051575633151398 0
1 0 20.704110437149428 1
2 0 20.759554061358386 1
3 0 20.775454840158716 1

0 1 20.02903310808173 0
1 1 20.087955268450717 0
2 1 20.12825775429487 0
3 1 20.68091772198116 1

0 2 20.49672994784897 1
1 2 20.547426886078714 1
2 2 20.49023161390585 1
3 2 20.078498430138076 0

0 3 20.365061643450673 1
1 3 20.324214783940445 1
2 3 20.03921500988141 0
3 3 20.005641567071752 0


# 20.0 20.0 0.7754548401587158
0 0 20.058516632900723 0
1 0 20.74541011034167 1
2 0 20.807442263238876 1
3 0 20.825398785735644 1

0 1 20.0355321397327 0
1 1 20.10121293825046 0
2 1 20.147059036537232 0
3 1 20.724930652686883 1

0 2 20.547243538070457 1
1 2 20.59870523003694 1
2 2 20.537062228917492 1
3 2 20.09041310945639 0

0 3 20.42237692415058 1
1 3 20.383321328983772 1
2 3 20.048680280966067 0
3 3 20.007107591342237 0


# 20.0 20.0 0.8253987857356435
0 0 20.06578134111719 0
1 0 20.7857961242186 1
2 0 20.85462873554074 1
3 0 20.874639142107892 1

0 1 20.042610643673186 0
1 1 20.115244769628028 0
2 1 20.166782599424725 0
3 1 20.768065583485903 1

0 2 20.59702362304583 1
1 2 20.64955920240207 1
2 2 20.582748464236442 1
3 2 20.102910818527995 0

0 3 20.478935494305514 1
1 3 20.441347932898537 1
2 3 20.05901015702722 0
3 3 20.00879476976058 0


# 20.0 20.0 0.8746391421078918
0 0 20.073354094051673 0
1 0 20.825311418192065 1
2 0 20.901135126564725 1
3 0 20.923182541512617 1

0 1 20.05024846647962 0
1 1 20.130015840923864 0
2 1 20.18736061483487 0
3 1 20.810368276678002 1

0 2 20.64609354883615 1
1 2 20.69998283012951 1
2 2 20.627367710999327 1
3 2 20.115946933239073 0

0 3 20.53474311429133 1
1 3 20.498336152934176 1
2 3 20.070145714036407 0
3 3 20.010711269816504 0


# 20.0 20.0 0.9231825415126167
0 0 20.081220065281872 0
1 0 20.863996791021243 1
2 0 20.946981930617433 1
3 0 20.97103617250571 1

0 1 20.058425984347977 0
1 1 20.145492275203523 0
2 1 20.208729827644774 0
3 1 20.8518813642582 1

0 2 20.694475442930255 1
1 2 20.749971713268103 1
2 2 20.67099159112962 1
3 2 20.129480172745485 0

0 3 20.589806101327216 1
1 3 20.55432511685452 1
2 3 20.082031929780484 0
3 3 20.01286380933342 0


# 20.0 20.0 0.9710361725057091
0 0 20.089365216236157 0
1 0 20.901890998863035 1
2 0 20.992188573519662 1
3 0 21.01820770954884 1

0 1 20.067124088217803 0
1 1 20.16164124552968 0
2 1 20.23083122921107 0
3 1 20.89264457629742 1

0 2 20.742190297160942 1
1 2 20.79952285003933 1
2 2 20.713686388936715 1
3 2 20.143472342784985 0

0 3 20.644131266647623 1
1 3 20.60935169450424 1
2 3 20.094617411442997 0
3 3 20.015257789248153 0


# 20.0 20.0 1.0182077095488395
0 0 20.097776249496626 0
1 0 20.93903084973334 1
2 0 21.036773490893754 1
3 0 21.064705248811375 1

0 1 20.076324170018903 0
1 1 20.178430974932287 0
2 1 20.25360975538166 0
3 1 20.932694952256664 1

0 2 20.789258044120654 1
1 2 20.84863447846737 1
2 2 20.755513450124678 1
3 2 20.157888098687568 0

0 3 20.697725857911806 1
1 3 20.663450656308928 1
2 3 20.107854142910572 0
3 3 20.017897415734396 0


# 20.0 20.0 1.064705248811375
0 0 20.106440564751775 0
1 0 20.97545129441147 1
2 0 21.08075419985947 1
3 0 21.11053724967956 1

0 1 20.086008109883768 0
1 1 20.19583073179327 0
2 1 20.27701400713175 0
3 1 20.97206703652787 1

0 2 20.835697627622743 1
1 2 20.897305933091133 1
2 2 20.796529550700544 1
3 2 20.172694726578243 0

0 3 20.75059750643416 1
1 3 20.716654819733183 1
2 3 20.121697250342347 0
3 3 20.020785812491006 0


# 20.0 20.0 1.1105372496795596
0 0 20.115346217272254 0
1 0 21.01118551383329 1
2 0 21.124147364713107 1
3 0 21.155712481505986 1

0 1 20.096158264188908 0
1 1 20.21381082128613 0
2 1 20.30099599206816 0
3 1 21.010793059395528 1

0 2 20.881527067707157 1
1 2 20.945537515415882 1
2 2 20.836787238079772 1
3 2 20.187861941381552 0

0 3 20.802754178851817 1
1 3 20.76899518463971 1
2 3 20.136104784650495 0
3 3 20.023925123953713 0


# 20.0 20.0 1.1557124815059865
0 0 20.12448187878672 0
1 0 21.046265003029724 1
2 0 21.1669688571144 1
3 0 21.20023997516989 1

0 1 20.106757454306333 0
1 1 20.23234257344224 0
2 1 20.32551088518527 0
3 1 21.048903104521756 1

0 2 20.926763520646347 1
1 2 20.993330376877616 1
2 2 20.87633514650908 1
3 2 20.20336170034334 0

0 3 20.854204132876585 1
1 3 20.820501058417697 1
2 3 20.15103751964174 0
3 3 20.0273166101312 0


# 20.0 20.0 1.2002399751698896
0 0 20.13383680063843 0
1 0 21.080719651676816 1
2 0 21.20923381125998 1
3 0 21.244128979053155 1

0 1 20.11778895596219 0
1 1 20.251398328353435 0
2 1 20.350516807384107 0
3 1 21.086425263973208 1

0 2 20.971423334367795 1
1 2 21.040686413199268 1
2 2 20.915218288763466 1
3 2 20.219168030883335 0

0 3 20.904955876806454 1
1 3 20.871200171679924 1
2 3 20.16645876466368 0
3 3 20.03096073371304 0


# 20.0 20.0 1.244128979053155
0 0 20.143400779107115 0
1 0 21.114577821331036 1
2 0 21.250956674480282 1
3 0 21.287388919068682 1

0 1 20.12923648911372 0
1 1 20.270951418964806 0
2 1 20.37597462038385 0
3 1 21.123385781730363 1

0 2 21.01552209967378 1
1 2 21.087608169114688 1
2 2 20.953478325923367 1
3 2 20.235256871682637 0

0 3 20.955018132497667 1
1 3 20.921118785264678 1
2 3 20.182334190686618 0
3 3 20.034857240047803 0


# 20.0 20.0 1.2873889190686825
0 0 20.153164122784595 0
1 0 21.14786641942989 1
2 0 21.292151253658698 1
3 0 21.33002936240688 1

0 1 20.141084208268023 0
1 1 20.290976151860853 0
2 1 20.401847736763504 0
3 1 21.159809186547925 1

0 2 21.059074697606047 1
1 2 21.13409875252504 1
2 2 20.99115381689894 1
3 2 20.251605925993903 0

0 3 21.0043998015222 1
1 3 20.97028178922037 1
2 3 20.198631668831784 0
3 3 20.03900523054399 0


# 20.0 20.0 1.3300293624068793
0 0 20.163117621896724 0
1 0 21.18061097014283 1
2 0 21.332830757836792 1
3 0 21.372059984692847 1

0 1 20.15331669317713 0
1 1 20.311447786402834 0
2 1 20.428101943971093 0
3 1 21.195718414968805 1

0 2 21.102095343273284 1
1 2 21.180161757233385 1
2 2 21.028280449240153 1
3 2 20.268194526239196 0

0 3 21.053109934257325 1
1 3 21.018712794396983 1
2 3 20.21532112043102 0
3 3 20.043403230004447 0


# 20.0 20.0 1.3720599846928465
0 0 20.17325251946828 0
1 0 21.212835682161327 1
2 0 21.37300783733755 1
3 0 21.41349054027158 1

0 1 20.165918939853423 0
1 1 20.33234251253413 0
2 1 20.454705241229448 0
3 1 21.231134925232997 1

0 2 21.144597626431935 1
1 2 21.22580119347742 1
2 2 21.06489125265315 1
3 2 20.285003509031835 0

0 3 21.10115770167401 1
1 3 21.0664342172193 1
2 3 20.232374377771443 0
3 3 20.048049248365928 0


# 20.0 20.0 1.4134905402715816
0 0 20.1835604842316 0
1 0 21.24456351351979 1
2 0 21.412694619709622 1
3 0 21.454330835361116 1

0 1 20.17887635185795 0
1 1 20.353637427533506 0
2 1 20.481627688351985 0
3 1 21.26607880276615 1

0 2 21.186594549085907 1
1 2 21.271021425548405 1
2 2 21.101016796534243 1
3 2 20.302015099824494 0

0 3 21.148552369609405 1
1 3 21.11346735817124 1
2 3 20.2497650547419 0
3 3 20.05294083727955 0


# 20.0 20.0 1.454330835361116
0 0 20.194033585183796 0
1 0 21.275816233541082 1
2 0 21.45190274276887 1
3 0 21.494590703834536 1

0 1 20.192174731821556 0
1 1 20.375310511963054 0
2 1 20.50884126555948 0
3 1 21.30056885788059 1

0 2 21.22809856034805 1
1 2 21.31582711584628 1
2 2 21.136685372732266 1
3 2 20.319212806446576 0

0 3 21.1953032753257 1
1 3 21.159832474479014 1
2 3 20.26746842665663 0
3 3 20.058075141934726 0


# 20.0 20.0 1.494590703834536
0 0 20.20466426770153 0
1 0 21.306614482001557 1
2 0 21.490643384989323 1
3 0 21.534279985410933 1

0 1 20.205800273165202 0
1 1 20.397340605027697 0
2 1 20.536319743460183 0
3 1 21.33462271627342 1

0 2 21.26912158878548 1
1 2 21.36022317477795 1
2 2 21.171923164657212 1
3 2 20.336581320850204 0

0 3 21.24141980617315 1
1 3 21.205548847442188 1
2 3 20.28546131858546 0
3 3 20.063448948498305 0


# 20.0 20.0 1.534279985410933
0 0 20.215445331126276 0
1 0 21.33697782561121 1
2 0 21.528927293473558 1
3 0 21.573408506053102 1

0 1 20.219739551991537 0
1 1 20.419707379536458 0
2 1 20.56403856242138 0
3 1 21.36825690286183 1

0 2 21.309675072451803 1
1 2 21.40421471595766 1
2 2 21.20675440376744 1
3 2 20.354106428436026 0

0 3 21.286911380189643 1
1 3 21.250634844826408 1
2 3 20.303722001569977 0
3 3 20.069058727512438 0


# 20.0 20.0 1.5734085060531022
0 0 20.226369907736963 0
1 0 21.366924811904504 1
2 0 21.566764809712215 1
3 0 21.61198606038608 1

0 1 20.233979519124595 0
1 1 20.442391316631607 0
2 1 20.591974720620833 0
3 1 21.40148691945495 1

0 2 21.34976998679209 1
1 2 21.447807016215904 1
2 2 21.241201514388717 1
3 2 20.371774924377988 0

0 3 21.331787428482237 1
1 3 21.295107978698915 1
2 3 20.322230096151237 0
3 3 20.07490067356834 0


# 20.0 20.0 1.61198606038608
0 0 20.237431443030783 0
1 0 21.39647302063701 1
2 0 21.60416589332403 1
3 0 21.65002239596553 1

0 1 20.248507492278815 0
1 1 20.46537368043032 0
2 1 20.620106670122208 0
3 1 21.43432731672343 1

0 2 21.389416870590544 1
1 2 21.491005479966844 1
2 2 21.275285247745476 1
3 2 20.38957453641056 0

0 3 21.37605737924835 1
1 3 21.338984959057957 1
2 3 20.340966482677345 0
3 3 20.080970741548935 0


# 20.0 20.0 1.6500223959655287
0 0 20.248623677236665 0
1 0 21.425639112782147 1
2 0 21.64114014395086 1
3 0 21.68752719923886 1

0 1 20.263311148342193 0
1 1 20.488636492704227 0
2 1 20.64841422036983 0
3 1 21.466791760893276 1

0 2 21.42862585011643 1
1 2 21.533815607523923 1
2 2 21.309024806017472 1
3 2 20.40749385358283 0

0 3 21.419730643305503 1
1 3 21.382281743579604 1
2 3 20.359913217898647 0
3 3 20.08726467971095 0


# 20.0 20.0 1.6875271992388612
0 0 20.259940627989636 0
1 0 21.454438877221033 1
2 0 21.67769682146688 1
3 0 21.724510083054582 1

0 1 20.278378515761545 0
1 1 20.51216250770494 0
2 1 20.676878448545068 0
3 1 21.49889309555795 1

0 2 21.46740666161063 1
1 2 21.576242966989728 1
2 2 21.34243795717283 1
3 2 20.425522260521653 0

0 3 21.462816601008786 1
1 3 21.425013583780025 1
2 3 20.37905345739487 0
3 3 20.093778059856355 0


# 20.0 20.0 1.7245100830545823
0 0 20.2713765740978 0
1 0 21.482887275216985 1
2 0 21.713844864647072 1
3 0 21.760980575587077 1

0 1 20.29369796702052 0
1 1 20.535935187228368 0
2 1 20.70548161627018 0
3 1 21.530643398973062 1

0 2 21.505768672243214 1
1 2 21.618293169379314 1
2 2 21.375541141271327 1
3 2 20.443649876780952 0

0 3 21.505324590444747 1
1 3 21.46719506786789 1
2 3 20.398371383412233 0
3 3 20.100506304823845 0


# 20.0 20.0 1.7609805755870767
0 0 20.28292604033713 0
1 0 21.51099848276442 1
2 0 21.749592908427356 1
3 0 21.796948110554748 1

0 1 20.309258211203364 0
1 1 20.559938675996815 0
2 1 20.734207092185233 0
3 1 21.562054037170444 1

0 2 21.543720899661327 1
1 2 21.659971846666675 1
2 2 21.408349568878844 1
3 2 20.46186750088663 0

0 3 21.547263896799087 1
1 3 21.508840160539975 1
2 3 20.41785213771983 0
3 3 20.107444713513466 0


# 20.0 20.0 1.796948110554748
0 0 20.29458378321261 0
1 0 21.538785930899955 1
2 0 21.784949299877088 1
3 0 21.832422018619347 1

0 1 20.325048286639273 0
1 1 20.584157777425663 0
2 1 20.763039279960566 0
3 1 21.593135713202884 1

0 2 21.58127203023681 1
1 2 21.70128463247165 1
2 2 21.440877312185123 1
3 2 20.48016655871621 0

0 3 21.58864374280364 1
1 3 21.54996223995324 1
2 3 20.43748175912342 0
3 3 20.114588483641057 0


# 20.0 20.0 1.8324220186193472
0 0 20.306344777627427 0
1 0 21.566262344061318 1
2 0 21.819922112993943 1
3 0 21.867411519863413 1

0 1 20.3410575536239 0
1 1 20.60857792983064 0
2 1 20.79196355134101 0
3 1 21.62389851280741 1

0 2 21.618430436113655 1
1 2 21.742237145130005 1
2 2 21.473137389371963 1
3 2 20.498539055879974 0

0 3 21.62947328017551 1
1 3 21.59057413208835 1
2 3 20.45724712530145 0
3 3 20.121932732404158 0


# 20.0 20.0 1.8674115198634134
0 0 20.318204204405063 0
1 0 21.593439776577497 1
2 0 21.85451916242158 1
3 0 21.90192571725108 1

0 1 20.35727568721589 0
1 1 20.63318518312194 0
2 1 20.820966183849315 0
3 1 21.654351946753266 1

0 2 21.65520419114714 1
1 2 21.782834972912518 1
2 2 21.505141842737427 1
3 2 20.516977533795753 0

0 3 21.669761581968018 1
1 3 21.630688142702823 1
2 3 20.47713589865292 0
3 3 20.129472515226993 0


# 20.0 20.0 1.9019257172510784
0 0 20.330157438612 0
1 0 21.620329647371108 1
2 0 21.888748016181534 1
3 0 21.935973590985256 1

0 1 20.373692670107395 0
1 1 20.657966176022974 0
2 1 20.85003430280489 0
3 1 21.68450499012066 1

0 2 21.691601085818814 1
1 2 21.823083661180103 1
2 2 21.536901811043233 1
3 2 20.53547502917302 0

0 3 21.70951763575943 1
1 3 21.670316087056413 1
2 3 20.497136475869418 0
3 3 20.13720284273933 0


# 20.0 20.0 1.935973590985256
0 0 20.342200038631713 0
1 0 21.646942772951554 1
2 0 21.92261600750281 1
3 0 21.96956399368127 1

0 1 20.390298785568568 0
1 1 20.682908113843933 0
2 1 20.879155827340384 0
3 1 21.71436611873793 1

0 2 21.72762864120452 1
1 2 21.862988701281235 1
2 2 21.568427596517125 1
3 2 20.554025036643687 0

0 3 21.74875033761122 1
1 3 21.709469317577188 1
2 3 20.517237940964907 0
3 3 20.14511869613202 0


# 20.0 20.0 1.9695639936812697
0 0 20.35432773594321 0
1 0 21.67328939877507 1
2 0 21.956130245825253 1
3 0 22.002705646283502 1

0 1 20.407084610466587 0
1 1 20.707998746833784 0
2 1 20.908319420123014 0
3 1 21.743943342987542 1

0 2 21.76329412206624 1
1 2 21.902555521015667 1
2 2 21.59972872690927 1
3 2 20.572621474296998 0

0 3 21.787468486732937 1
1 3 21.748158749623506 1
2 3 20.537430021516357 0
3 3 20.153215041021028 0


# 20.0 20.0 2.002705646283502
0 0 20.366536425560156 0
1 0 21.699379229045146 1
2 0 21.989297627046014 1
3 0 22.0354071346577 1

0 1 20.42404100836051 0
1 1 20.733226349128294 0
2 1 20.937514440509965 0
3 1 21.773244239175643 1

0 2 21.79860454913277 1
1 2 21.941789476504443 1
2 2 21.63081401297156 1
3 2 20.59125865189454 0

0 3 21.825680780795626 1
1 3 21.786394885485116 1
2 3 20.557703047886402 0
3 3 20.16148683994164 0


# 20.0 20.0 2.0354071346576994
0 0 20.37882215708886 0
1 0 21.725221455024407 1
2 0 22.022124843072387 1
3 0 22.067676906796997 1

0 1 20.441159122673568 0
1 1 20.758579698306686 0
2 1 20.9667309008878 0
3 1 21.802275978645216 1

0 2 21.833566710628876 1
1 2 21.980695845320938 1
2 2 21.6616916017008 1
3 2 20.609931241558424 0

0 3 21.863395811840352 1
1 3 21.824187836755314 1
2 3 20.578047915215947 0
3 3 20.169929063585034 0


# 20.0 20.0 2.067676906796997
0 0 20.391181126366035 0
1 0 21.750824781926323 1
2 0 22.05461839073868 1
3 0 22.09952327058491 1

0 1 20.458430369944896 0
1 1 20.784048055564924 0
2 1 20.99595942596498 0
3 1 21.831045354799418 1

0 2 21.86818717310774 1
1 2 22.019279820751077 1
2 2 21.692369025661044 1
3 2 20.628634250741516 0

0 3 21.900622062732456 1
1 3 21.861547345195984 1
2 3 20.598456047990183 0
3 3 20.178536700880752 0


# 20.0 20.0 2.0995232705849105
0 0 20.403609667639312 0
1 0 21.77619745445273 1
2 0 22.086784580139685 1
3 0 22.130954392063124 1

0 1 20.475846433162953 0
1 1 20.809621146509787 0
2 1 21.02519121480398 0
3 1 21.859558808189146 1

0 2 21.902472291636972 1
1 2 22.05754650706307 1
2 2 21.7228532486765 1
3 2 20.64736299730333 0

0 3 21.937367904116083 1
1 3 21.898482802207784 1
2 3 20.618919366995776 0
3 3 20.187304768020635 0


# 19.880000000000003 20.0 2.130954392063124
0 0 20.416104246255685 0
1 0 21.801347281040577 1
2 0 22.11862954242871 1
3 0 22.161978294156267 1

0 1 20.49339925518294 0
1 1 20.835289142574403 0
2 1 21.054418005395814 0
3 1 21.887822449807466 1

0 2 21.936428219384563 1
1 2 22.095500915678162 1
2 2 21.753150708164505 1
3 2 20.6661130865285 0

0 3 21.97364159182701 1
1 3 21.93500326700907 1
2 3 20.639430258500283 0
3 3 20.196228316512236 0


# 19.760000000000005 20.0 2.161978294156267
0 0 20.42722145182516 0
1 0 21.825544376878813 1
2 0 22.149430389763875 1
3 0 22.1911541096415 1

0 1 20.510343752230664 0
1 1 20.861024948333032 0
2 1 21.08362308308964 0
3 1 21.91510459026667 1

0 2 21.96933206928724 1
1 2 22.133139003639137 1
2 2 21.7832671393537 1
3 2 20.684151537447896 0

0 3 22.008002518556793 1
1 3 21.970379991163043 1
2 3 20.65925269300762 0
3 3 20.203844947883262 0


# 19.640000000000008 20.0 2.1911541096414986
0 0 20.43699213710877 0
1 0 21.84880088275237 1
2 0 22.179197250299595 1
3 0 22.2185241837812 1

0 1 20.526677504493726 0
1 1 20.886802636500747 0
2 1 21.112781634498386 0
3 1 21.9414156857442 1

0 2 22.001193950697452 1
1 2 22.17044805607704 1
2 2 21.813189923717093 1
3 2 20.70147857956322 0

0 3 22.040493315191075 1
1 3 22.004626360305505 1
2 3 20.67838401468417 0
3 3 20.210184880890434 0


# 19.52000000000001 19.0 2.2185241837811986
0 0 20.44544616081981 0
1 0 21.751128598248215 -1
2 0 22.206500178785344 1
3 0 22.24411230353943 1

0 1 20.542398362281205 0
1 1 20.91115718976197 0
2 1 21.141835271778568 0
3 1 21.96676534080152 1

0 2 22.03202388157075 1
1 2 22.207398517649604 1
2 2 21.84290596398278 1
3 2 20.71809475344966 0

0 3 22.07115535874671 1
1 3 22.037755307865638 1
2 3 20.6968220399003 0
3 3 20.21527722669858 0


# 19.400000000000013 19.0 3.2441123035394313
0 0 20.45117242255665 0
1 0 21.65752715461504 -1
2 0 22.231468868035556 1
3 0 22.267943071118058 1

0 1 20.557469872992066 0
1 1 20.93419241445782 0
2 1 21.170731169780527 0
3 1 21.991162424420033 1

0 2 22.06183116353744 1
1 2 22.24396360700055 1
2 2 21.87240181655318 1
3 2 20.734000871416836 0

0 3 22.100028803488666 1
1 3 22.069779358339954 1
2 3 20.71456501504359 0
3 3 20.219150037174956 0


# 19.280000000000015 19.0 3.267943071118058
0 0 20.454310179675893 0
1 0 21.567750671667238 -1
2 0 22.13422427452885 -1
3 0 22.288601760945195 1

0 1 20.57186014341845 0
1 1 20.956002845666244 0
2 1 21.19798156996508 0
3 1 22.014580613022318 1

0 2 22.09062448531576 1
1 2 22.280119055935025 1
2 2 21.90164652750695 1
3 2 20.74919736094978 0

0 3 22.127152612686942 1
1 3 22.10071066549366 1
2 3 20.731611371173866 0
3 3 20.22183034062214 0


# 19.160000000000018 19.0 3.2886017609451947
0 0 20.45499034298859 0
1 0 21.480127753015417 -1
2 0 22.039867388005746 -1
3 0 22.306225473563504 1

0 1 20.585541429482525 0
1 1 20.97663994677504 0
2 1 21.223671268310476 0
3 1 22.036997356509264 1

0 2 22.118412014109754 1
1 2 22.315842251096768 1
2 2 21.93061136120499 1
3 2 20.763684340489924 0

0 3 22.152564590785452 1
1 3 22.1305610360996 1
2 3 20.747959726439685 0
3 3 20.2233441771629 0


# 19.04000000000002 19.0 3.3158422510967682
0 0 20.45331872083098 0
1 0 21.39456030005611 -1
2 0 21.948246442212664 -1
3 0 22.32094428209988 1

0 1 20.59848913762485 0
1 1 20.996151984814897 0
2 1 21.247879133168475 0
3 1 22.058393560604976 1

0 2 22.14520146127123 1
1 2 22.35111213316481 1
2 2 21.959269639866303 1
3 2 20.777461686720958 0

0 3 22.176301415485625 1
1 3 22.1593419518845 1
2 3 20.763608887156185 0
3 3 20.22371663367156 0


# 18.920000000000023 19.0 3.3511121331648113
0 0 20.449395840133235 0
1 0 21.310954298659684 -1
2 0 21.859217424206868 -1
3 0 22.212881619762026 -1

0 1 20.610681585279238 0
1 1 21.01458421534705 0
2 1 21.27067851285669 0
3 1 22.077313292891645 1

0 2 22.171000141504997 1
1 2 22.385909102156134 1
2 2 21.9875965954194 1
3 2 20.79051181414247 0

0 3 22.198398669648817 1
1 3 22.187064589812884 1
2 3 20.77855784772247 0
3 3 20.222971670801765 0


# 18.800000000000026 19.0 3.385909102156134
0 0 20.443317220495707 0
1 0 21.229219644436572 -1
2 0 21.771203649714842 -1
3 0 22.10644008476187 -1

0 1 20.62209977762568 0
1 1 21.031979057455292 0
2 1 21.292103055385343 0
3 1 21.97385479404167 -1

0 2 22.195815026154957 1
1 2 22.42021492847875 1
2 2 22.01556861058802 1
3 2 20.801379058853662 0

0 3 22.218890872933073 1
1 3 22.213739840830353 1
2 3 20.792805779584768 0
3 3 20.221114908714164 0


# 18.680000000000028 19.0 3.4202149284787495
0 0 20.43517363362261 0
1 0 21.14925269545975 -1
2 0 21.6841866464541 -1
3 0 22.000104738996395 -1

0 1 20.632727199572198 0
1 1 21.04837563724419 0
2 1 21.310745936986784 0
3 1 21.873099649509964 -1

0 2 22.09965279106826 -1
1 2 22.45257265446854 1
2 2 22.04311135843852 1
3 2 20.81016904938176 0

0 3 22.236371513090265 1
1 3 22.239343766881202 1
2 3 20.806350777250614 0
3 3 20.21815300992004 0


# 18.56000000000003 19.0 3.45257265446854
0 0 20.42505114155258 0
1 0 21.07095544335345 -1
2 0 21.598112480735068 -1
3 0 21.893915513955466 -1

0 1 20.641109612028547 0
1 1 21.06375821041852 0
2 1 21.326767112400642 0
3 1 21.7748796843394 -1

0 2 22.00750801919844 -1
1 2 22.48309382331329 1
2 2 22.070158582381627 1
3 2 20.81698024462742 0

0 3 22.250984360051973 1
1 3 22.26385647619958 1
2 3 20.819190061428102 0
3 3 20.214093545235585 0


# 18.440000000000033 19.0 3.4830938233132898
0 0 20.413014081121272 0
1 0 20.994233931999904 -1
2 0 21.51293075524447 -1
3 0 21.787908280728075 -1

0 1 20.647354372052206 0
1 1 21.078115207195623 0
2 1 21.340315301755343 0
3 1 21.679037183522475 -1

0 2 21.919129873057116 -1
1 2 22.51188044146026 1
2 2 22.096651363018562 1
3 2 20.821904459454387 0

0 3 22.262864759281182 1
1 3 22.287261727345236 1
2 3 20.831320158475314 0
3 3 20.20894487302226 0


# 18.320000000000036 19.0 3.51188044146026
0 0 20.39912463384953 0
1 0 20.918998154011383 -1
2 0 21.428594324362138 -1
3 0 21.68211516071648 -1

0 1 20.651561924995242 0
1 1 21.0914387471169 0
2 1 21.35152882668733 0
3 1 21.585424203176828 -1

0 2 21.834282103897557 -1
1 2 22.539025787566707 1
2 2 22.122537448379877 1
3 2 20.825027350452253 0

0 3 22.272140153921974 1
1 3 22.309546567996303 1
2 3 20.842737058492133 0
3 3 20.202716030500792 0


# 18.20000000000004 19.0 3.5390257875667075
0 0 20.383442867979028 0
1 0 20.845161942816404 -1
2 0 21.34505903390157 -1
3 0 21.57656481377563 -1

0 1 20.653826288773363 0
1 1 21.103724201405413 0
2 1 21.3605363816487 0
3 1 21.49390192919392 -1

0 2 21.752742162297004 -1
1 2 22.504615154324448 0
2 2 22.027050642196652 -1
3 2 20.824980224955954 0

0 3 22.278930573144304 1
1 3 22.32998100557199 1
2 3 20.851979074174697 0
3 3 20.19538176499233 0


# 18.08000000000004 19.0 3.5390257875667075
0 0 20.36602678351086 0
1 0 20.77264286144393 -1
2 0 21.262283483160125 -1
3 0 21.471282705427956 -1

0 1 20.654235502411442 0
1 1 21.114249798535894 0
2 1 21.3660004655666 0
3 1 21.404305208919183 -1

0 2 21.673580366239094 -1
1 2 22.4701319686674 0
2 2 21.93590931217159 -1
3 2 20.7619582109408 -1

0 3 22.283331808972843 1
1 3 22.348587117559745 1
2 3 20.859154491396044 0
3 3 20.18620137388065 0


# 18.08000000000004 19.0 3.5390257875667075
0 0 20.346932359670735 0
1 0 20.701353448959686 -1
2 0 21.18021121630685 -1
3 0 21.36629072513526 -1

0 1 20.65285476160351 0
1 1 21.123049895943737 0
2 1 21.3681541508195 0
3 1 21.315761227187323 -1

0 2 21.596645813327978 -1
1 2 22.4356159398394 0
2 2 21.848084258703302 -1
3 2 20.69863652839854 -1

0 3 22.165434659020473 -1
1 3 22.363948919705308 1
2 3 20.86432881738488 0
3 3 20.175213708570347 0


# 18.08000000000004 19.0 3.5390257875667075
0 0 20.327653293249348 0
1 0 20.631947576969377 -1
2 0 21.099519054657055 -1
3 0 21.263047622412525 -1

0 1 20.650483049646414 0
1 1 21.130177909545733 0
2 1 21.367205260981283 0
3 1 21.228925928586964 -1

0 2 21.52108509295028 -1
1 2 22.401065928897964 0
2 2 21.763351052713496 -1
3 2 20.635783682484252 -1

0 3 22.051059419447604 -1
1 3 22.316940515066452 0
2 3 20.86757307037092 0
3 3 20.163906296096076 0


# 18.08000000000004 19.0 3.5390257875667075
0 0 20.30820694221176 0
1 0 20.56434062561364 -1
2 0 21.02015437646955 -1
3 0 21.161526871666354 -1

0 1 20.64715640089776 0
1 1 21.135686588484226 0
2 1 21.363356823809234 0
3 1 21.14371904812183 -1

0 2 21.44687090003729 -1
1 2 22.36576895298648 0
2 2 21.68149999253906 -1
3 2 20.573430271860996 -1

0 3 21.939347017328735 -1
1 3 22.270181281921896 0
2 3 20.869002052262026 0
3 3 20.152274857326095 0


# 18.20000000000004 19.0 3.5390257875667075
0 0 20.288609456610274 0
1 0 20.498451724396634 -1
2 0 20.942067917696296 -1
3 0 21.061701347876184 -1

0 1 20.642909835401635 0
1 1 21.13961948027611 0
2 1 21.35679857352999 0
3 1 21.06006601041992 -1

0 2 21.373958631904326 -1
1 2 22.329795155882824 0
2 2 21.602336305539616 -1
3 2 20.51160232652226 -1

0 3 21.830220203670816 -1
1 3 22.223661877022966 0
2 3 20.868723242545684 0
3 3 20.140316869291173 0


# 18.320000000000036 18.0 3.5390257875667075
0 0 20.270315854889883 0
1 0 20.434940791006323 -1
2 0 20.865942353702 -1
3 0 20.964992199722104 -1

0 1 20.63851434991961 0
1 1 21.14203833166692 0
2 1 21.347716838016492 0
3 1 20.978634974353415 -1

0 2 21.303034725878025 -1
1 2 22.293217843281738 0
2 2 21.52567928587811 -1
3 2 20.4510506023626 -1

0 3 21.72505263557348 -1
1 3 22.178112002844813 0
2 3 20.867566164254935 0
3 3 20.1294888631961 0


# 18.440000000000033 18.0 4.293217843281738
0 0 20.25330594580496 0
1 0 20.373728717358144 -1
2 0 20.791730027907676 -1
3 0 20.871336860559243 -1

0 1 20.633997295263185 0
1 1 21.143004420073943 0
2 1 21.336295014290258 0
3 1 20.899356495157118 -1

0 2 21.23405448068057 -1
1 2 22.256113589077945 0
2 2 21.451378984595788 -1
3 2 20.391789169178757 -1

0 3 21.62373673849514 -1
1 3 22.133520296627267 0
2 3 20.86562104308926 0
3 3 20.11975618666826 0


# 18.440000000000033 18.0 4.293217843281738
0 0 20.23755964390744 0
1 0 20.314739640331773 -1
2 0 20.71938582491773 -1
3 0 20.78067364142001 -1

0 1 20.629384831398074 0
1 1 21.142578604811572 0
2 1 21.322705252518112 0
3 1 20.822165539117922 -1

0 2 21.16697501439964 -1
1 2 22.218553571607416 0
2 2 21.379296821771913 -1
3 2 20.333828646643948 -1

0 3 21.52616815964164 -1
1 3 22.089876557460983 0
2 3 20.862972114070324 0
3 3 20.111086573076772 0


