# 20.0 20.0 0.0
0 0 20.06 1
1 0 20.00072 0
2 0 20.06000864 1
3 0 20.06072010368 1

0 1 20.06072 1
1 1 20.06073728 1
2 1 20.06144895104 1
3 1 20.06146602865664 1

0 2 20.06072864 1
1 2 20.06145759104 1
2 2 20.06147487850496 1
3 2 20.06147529088594 1

0 3 20.00072874368 0
1 3 20.06074623601664 1
2 3 20.06146665337426 1
3 3 20.001475303331123 0


# 20.0 20.0 0.061475290885940836
0 0 20.11857728 1
1 0 20.0035616384 0
2 0 20.11899704543744 1
3 0 20.12069973683665 1

0 1 20.1210502784 1
1 1 20.12079211206656 1
2 1 20.122852162166065 1
3 1 20.122544781731722 1

0 2 20.12037687647744 1
1 2 20.122868307906867 1
2 2 20.12294803330872 1
3 2 20.12185694608919 1

0 3 20.00287598625745 0
1 3 20.120441425474404 1
2 3 20.121823431077914 1
3 3 20.00434635693721 0


# 20.0 20.0 0.12294803330872028
0 0 20.1758038409216 1
1 0 20.008399165568306 0
2 0 20.17702258230392 1
3 0 20.179949354678957 1

0 1 20.180969840660786 1
1 1 20.18021516440299 1
2 1 20.184188025123063 1
3 1 20.183229832809683 1

0 2 20.17900161728329 1
1 2 20.18420190401297 1
2 2 20.18439137138554 1
3 2 20.18120256508703 1

0 3 20.006365767265276 0
1 3 20.179131578832752 1
2 3 20.18112127865851 1
3 3 20.008537774212417 0


# 20.0 20.0 0.18439137138554074
0 0 20.23174733072317 1
1 0 20.015114221543598 0
2 0 20.2341386530633 1
3 0 20.23847959974099 1

0 1 20.240460676701947 1
1 1 20.239052414440227 1
2 1 20.245436747177543 1
3 1 20.243515606775745 1

0 2 20.236655889533154 1
1 2 20.245430987670648 1
2 2 20.24577888450216 1
3 2 20.23956604453926 1

0 3 20.011126049264117 0
1 3 20.236860192308896 1
2 3 20.239408307167132 1
3 3 20.013978106561247 0


# 20.0 20.0 0.24577888450215823
0 0 20.286471325596082 1
1 0 20.023595372955963 0
2 0 20.290394970273137 1
3 0 20.296301261074902 1

0 1 20.2995074838353 1
1 1 20.29734554564677 1
2 1 20.306580203399395 1
3 1 20.303397321399327 1

0 2 20.293389116422002 1
1 2 20.306530785129016 1
2 2 20.307086522128873 1
3 2 20.296997814069684 1

0 3 20.017088503195378 0
1 3 20.29366839537782 1
2 3 20.296729954554927 1
3 3 20.02059962794854 0


# 20.0 20.0 0.30708652212887344
0 0 20.34003559215612 1
1 0 20.033737680588725 0
2 0 20.34583781126242 1
3 0 20.353425237268148 1

0 1 20.358097412564916 1
1 1 20.35513231243591 1
2 1 20.367601801242945 1
3 1 20.362870932131525 1

0 2 20.34924737394295 1
1 2 20.36747892268945 1
2 2 20.368292070977372 1
3 2 20.353545057451445 1

0 3 20.024188306312194 0
1 3 20.34959508897463 1
2 3 20.353129137918426 1
3 3 20.02833813168683 0


# 20.0 20.0 0.3682920709773718
0 0 20.392496331956345 1
1 0 20.045442295471855 0
2 0 20.400510255197194 1
3 0 20.409862502974438 1

0 1 20.416219833457212 1
1 1 20.41244687567332 1
2 1 20.428486356391037 1
3 1 20.421933079983805 1

0 2 20.404273628986854 1
1 2 20.428255226375704 1
2 2 20.4293750409081 1
3 2 20.40925192006943 1

0 3 20.032363951900493 0
1 3 20.404677075032033 1
2 3 20.408646397097375 1
3 3 20.037132738752106 0


# 20.0 20.0 0.4293750409080985
0 0 20.443906409553065 1
1 0 20.058616081547118 0
2 0 20.454452403769864 1
3 0 20.465624078672402 1

0 1 20.473866123422567 1
1 1 20.46932011109384 1
2 1 20.489219978913333 1
3 1 20.48058104235635 1

0 2 20.45850796018979 1
1 2 20.488841537756354 1
2 2 20.490316556950546 1
3 2 20.464159703483222 1

0 3 20.041557070054736 0
1 3 20.45894917793959 1
2 3 20.46332003010299 1
3 3 20.046925716960065 0


# 20.0 20.0 0.4903165569505461
0 0 20.494315565268792 1
1 0 20.07317126308373 0
2 0 20.507701586659564 1
3 0 20.52072100338839 1

0 1 20.53102946987745 1
1 1 20.525779892756905 1
2 1 20.549789968870172 1
3 1 20.538812686686285 1

0 2 20.51198776279408 1
1 2 20.549221544629344 1
2 2 20.55109925718195 1
3 2 20.518307047866866 1

0 3 20.05171225882157 0
1 3 20.512444358468773 1
2 3 20.517186220829995 1
3 3 20.057662310373864 0


# 20.0 20.0 0.5510992571819493
0 0 20.54377061371465 1
1 0 20.089025095151786 0
2 0 20.560292552828788 1
3 0 20.575164310140586 1

0 1 20.587704691373784 1
1 1 20.581851353504874 1
2 1 20.610184720566828 1
3 1 20.59662642678835 1

0 2 20.564747938694627 1
1 2 20.609380625381338 1
2 2 20.611707196212954 1
3 2 20.57173010305696 1

0 3 20.062776925069954 0
1 3 20.565193820668462 1
2 3 20.570279159482197 1
3 3 20.069290578350873 0


# 20.0 20.0 0.6117071962129543
0 0 20.59231562905923 1
1 0 20.106099555580126 0
2 0 20.61225764864543 1
3 0 20.62896500388073 1

0 1 20.64388807339119 1
1 1 20.637557124235673 1
2 1 20.67039363473021 1
3 1 20.654021181763255 1

0 2 20.616821072755563 1
1 2 20.669305705929506 1
2 2 20.672125754033118 1
3 2 20.624462688898337 1

0 3 20.074701134488524 0
1 3 20.61722711219919 1
2 3 20.622631156118942 1
3 3 20.08176124367045 0


# 20.0 20.0 0.672125754033118
0 0 20.63999211796075 1
1 0 20.124321056935862 0
2 0 20.66362698374888 1
3 0 20.68213404172717 1

0 1 20.699577218088184 1
1 1 20.692917553660568 1
2 1 20.73040703794163 1
3 1 20.710996337352004 1

0 2 20.668237596401905 1
1 2 20.728985128240428 1
2 2 20.73234154997392 1
3 2 20.676536445536563 1

0 3 20.08743747015015 0
1 3 20.668572218540938 1
2 3 20.67427274770817 1
3 3 20.09502754921725 0


# 20.0 20.0 0.7323415499739205
0 0 20.686839181014452 1
1 0 20.143620177165644 0
2 0 20.714428585513442 1
3 0 20.734682315299377 1

0 1 20.754770906901403 1
1 1 20.747950910087848 1
2 1 20.79021610871556 1
3 1 20.767551709617837 1

0 2 20.71902593941653 1
1 2 20.78840852950112 1
2 2 20.79234236155271 1
3 2 20.727980974268682 1

0 3 20.100940899120232 0
1 3 20.71925565147817 1
2 3 20.725232799051405 1
3 3 20.10904512272527 0


# 20.0 20.0 0.7923423615527092
0 0 20.732893663506736 1
1 0 20.163931407633985 0
2 0 20.764688542901663 1
3 0 20.786620634978835 1

0 1 20.809468974967675 1
1 1 20.80267356665345 1
2 1 20.84981280966592 1
3 1 20.82368751084085 1

0 2 20.7692126708041 1
1 2 20.847566731090925 1
2 2 20.852117047967102 1
3 2 20.778823969527796 1

0 3 20.115168646619292 0
1 3 20.769302532237226 1
2 3 20.7755385979264 1
3 3 20.12377184911661 0


# 20.0 20.0 0.8521170479671021
0 0 20.778190296211715 1
1 0 20.185192917382558 0
2 0 20.81443114044412 1
3 0 20.837959715935018 1

0 1 20.863672196423064 1
1 1 20.857100171308833 1
2 1 20.90918982524869 1
3 1 20.87940431751407 1

0 2 20.81882262951993 1
1 2 20.906451636570957 1
2 2 20.911655478015966 1
3 2 20.82909134254339 1

0 3 20.130080077282084 0
1 3 20.818736669624617 1
2 3 20.825215944774577 1
3 3 20.13916774999623 0


# 20.0 20.0 0.911655478015966
0 0 20.822761826913762 1
1 0 20.20734633251649 0
2 0 20.86367898302987 1
3 0 20.888710165767883 1

0 1 20.917382179706205 1
1 1 20.911243802774518 1
2 1 20.968340504612765 1
3 1 20.934703040333567 1

0 2 20.867879045802802 1
1 2 20.965056137970166 1
2 2 20.97094846223001 1
3 2 20.878807337187286 1

0 3 20.145636583085057 0
1 3 20.86758063349034 1
2 3 20.874289237242643 1
3 3 20.155194869889524 0


# 20.0 20.0 0.9709484622300089
0 0 20.86663914329154 1
1 0 20.230336529699947 0
2 0 20.912453112143584 1
3 0 20.938882473629963 1

0 1 20.97060127206097 1
1 1 20.965116113573465 1
2 1 21.02725880913072 1
3 1 20.98958489607893 1

0 2 20.91640365379648 1
1 2 21.02337402970468 1
2 2 21.02998768900215 1
3 2 20.927994638485067 1

0 3 20.161801477541438 0
1 3 20.915855823817612 1
2 3 20.92278154987096 1
3 3 20.171817168833773 0


# 20.0 20.0 1.0299876890021515
0 0 20.909851387754177 1
1 0 20.254111442814203 0
2 0 20.96077311414045 1
3 0 20.988487000701916 1

0 1 21.0233324724959 1
1 1 21.018727461171686 1
2 1 21.085939264217167 1
3 1 21.044051381284465 1

0 2 20.964416796093932 1
1 2 21.08139992951988 1
2 2 21.088765664515165 1
3 2 20.976674474244295 1

0 3 20.178539895788884 0
1 3 20.96358253571943 1
2 3 20.9707147092052 1
3 3 20.18900042095715 0


# 20.0 20.0 1.088765664515165
0 0 20.95242606477875 1
1 0 20.2786218818971 0
2 0 21.008657221108347 1
3 0 21.03753397190536 1

0 1 21.075579352515604 1
1 1 21.072087028173243 1
2 1 21.144376915075718 1
3 1 21.09810424760522 1

0 2 21.01193752079188 1
1 2 21.139129205893322 1
2 2 21.14727565627146 1
3 2 21.02486671022404 1

0 3 20.19581870021862 0
1 3 21.01078002060302 1
2 3 21.01810936459256 1
3 3 20.20671211870049 0


# 20.0 20.0 1.1472756562714608
0 0 20.994389141259667 1
1 0 20.303821363543914 0
2 0 21.056122404828095 1
3 0 21.086033468745967 1

0 1 21.127345983992647 1
1 1 21.125202932442996 1
2 1 21.202567286045856 1
3 1 21.15174547878599 1

0 2 21.058983671599876 1
1 2 21.19655791138145 1
2 2 21.205511640037358 1
3 2 21.072589939244914 1

0 3 20.213606391317185 0
1 3 21.057466543745186 1
2 3 21.06498505490947 1
3 3 20.224921382357127 0


# 20.0 20.0 1.2055116400373578
0 0 21.035765140344758 1
1 0 20.32966595200646 0
2 0 21.103184464306896 1
3 0 21.133995423188228 1

0 1 21.178636873597608 1
1 1 21.17808232796211 1
2 1 21.260506343248764 1
3 1 21.20497726914516 1

0 2 21.105571971508237 1
1 2 21.253682721434174 1
2 2 21.263468250021614 1
3 2 21.119861564614915 1

0 3 20.231873023412806 0
1 3 21.103659438504966 1
2 3 21.11136027145388 1
3 3 20.243598874625096 0


# 20.0 20.0 1.2634682500216137
0 0 21.076577229199597 1
1 0 20.35611411027981 0
2 0 21.149858107326608 1
3 0 21.181429612471113 1

0 1 21.229456903250547 1
1 1 21.230731497158487 1
2 1 21.318190460256645 1
3 1 21.257802003489175 1

0 2 21.15171810048206 1
1 2 21.31050087823934 1
2 2 21.321140732115353 1
3 2 21.166697878223843 1

0 3 20.25059012503779 0
1 3 21.14937515738453 1
2 3 21.157252517222314 1
3 3 20.262716719883947 0


# 20.0 20.0 1.321140732115353
0 0 21.056847301110775 0
1 0 20.38240656051521 0
2 0 21.196148386417807 1
3 0 21.228345551101036 1

0 1 21.27909127609904 1
1 1 21.283138655396204 1
2 1 21.375616075493348 1
3 1 21.31022223340045 1

0 2 21.197428127614327 1
1 2 21.367009828153975 1
2 2 21.378524892562936 1
3 2 21.21311413348861 1

0 3 20.269730519956415 0
1 3 21.194629315158373 1
2 3 21.20267836263024 1
3 3 20.28224842792155 0


# 20.0 20.0 1.378524892562936
0 0 21.038738772310158 0
1 0 20.40856179474306 0
2 0 21.24206043524431 1
3 0 21.274752503285136 1

0 1 21.32760110916673 1
1 1 21.33529346562787 1
2 1 21.432779716191693 1
3 1 21.362240655833215 1

0 2 21.242708243741852 1
1 2 21.423207227407676 1
2 2 21.435617050996534 1
3 2 21.259124613499104 1

0 3 20.28926827194479 0
1 3 21.239436730265513 1
2 3 21.247653497909972 1
3 3 20.302168821853286 0


# 20.0 20.0 1.4356170509965338
0 0 21.02217813135391 0
1 0 20.434596583750565 0
2 0 21.227599442602777 0
3 0 21.3199394943481 1

0 1 21.37504402067041 1
1 1 21.387186909853977 1
2 1 21.488958018525928 1
3 1 21.4138428138047 1

0 2 21.28756473174497 1
1 2 21.47909094556644 1
2 2 21.492405357454718 1
3 2 21.304742383649494 1

0 3 20.309178631698902 0
1 3 21.283811464496466 1
2 3 21.292192678723406 1
3 3 20.322453965015043 0


# 20.0 20.0 1.492405357454718
0 0 21.00709540587822 0
1 0 20.459806108333062 0
2 0 21.215264709467945 0
3 0 21.303970962830842 0

0 1 21.421474336371976 1
1 1 21.438793891086554 1
2 1 21.54421171489845 1
3 1 21.464296516361447 1

0 2 21.332003939975326 1
1 2 21.534658756015407 1
2 2 21.548879566696332 1
3 2 21.34997076411309 1

0 3 20.329437985811403 0
1 3 21.327766856034216 1
2 3 21.336309790869972 1
3 3 20.343080988934297 0


# 20.0 20.0 1.548879566696332
0 0 20.993415336603064 0
1 0 20.484263939028963 0
2 0 21.20421295107139 0
3 0 21.289050121778125 0

0 1 21.466942972256334 1
1 1 21.49009271290079 1
2 1 21.598579333547683 1
3 1 21.513647265307533 1

0 2 21.37603225106536 1
1 2 21.58990839236703 1
2 2 21.605030566865683 1
3 2 21.39481309787363 1

0 3 20.350023807607386 0
1 3 21.371315551970913 1
2 3 21.380017904946683 1
3 3 20.364028045366506 0


# 20.0 20.0 1.6050305668656826
0 0 20.98106686742078 0
1 0 20.50802932396646 0
2 0 21.1943839124779 0
3 0 21.275140691527536 0

0 1 21.45149766939821 0
1 1 21.540344439312904 1
2 1 21.65208839974496 1
3 1 21.56193858643437 1

0 2 21.418936054953086 1
1 2 21.644820308890644 1
2 2 21.6608499761936 1
3 2 21.439272747058872 1

0 3 20.370905969816608 0
1 3 21.414469228991983 1
2 3 21.423329319945548 1
3 3 20.385274260537365 0


# 20.0 20.0 1.6608499761935995
0 0 20.969262784114008 0
1 0 20.531139985990727 0
2 0 21.185720217080988 0
3 0 21.26220753227473 0

0 1 21.437677286624048 0
1 1 21.58959661800089 1
2 1 21.70476542132972 1
3 1 21.609212114212085 1

0 2 21.460781583429032 1
1 2 21.69937730294328 1
2 2 21.716330114831635 1
3 2 21.483353089557372 1

0 3 20.392056364652262 0
1 3 21.45723867722481 1
2 3 21.46625560513896 1
3 3 20.406799691494374 0


# 20.0 20.0 1.716330114831635
0 0 20.957995131157283 0
1 0 20.553631850173986 0
2 0 21.178167225608927 0
3 0 21.25021661319069 0

0 1 21.425395320576886 0
1 1 21.637894019077134 1
2 1 21.756635922790654 1
3 1 21.65550767292164 1

0 2 21.501630704783082 1
1 2 21.753564314593003 1
2 2 21.771463976504677 1
3 2 21.527057515887012 1

0 3 20.413448768108875 0
1 3 21.49963387703546 1
2 3 21.50880764026354 1
3 3 20.428585284474384 0


# 20.0 20.0 1.771463976504677
0 0 20.94725563248463 0
1 0 20.575539114992726 0
2 0 21.17167290194504 0
3 0 21.239134982014228 0

0 1 21.414570081388796 0
1 1 21.625278819366613 0
2 1 21.807004478945558 1
3 1 21.700854714381094 1

0 2 21.54154121315128 1
1 2 21.806648242125235 1
2 2 21.82622792015911 1
3 2 21.570389115247934 1

0 3 20.435058713539195 0
1 3 21.541655429351106 1
2 3 21.550995342980286 1
3 3 20.450612827732044 0


# 20.0 20.0 1.8262279201591092
0 0 20.93703574007176 0
1 0 20.596174321699632 0
2 0 21.16617040545526 0
3 0 21.22893042409975 0

0 1 21.404404407241543 0
1 1 21.61463621343716 0
2 1 21.735962934997364 -1
3 1 21.74384220606923 1

0 2 21.5805498185538 1
1 2 21.85868595908124 1
2 2 21.879161380219156 1
3 2 21.613316169375768 1

0 3 20.456863062826642 0
1 3 21.583304433697016 1
2 3 21.592810482274892 1
3 3 20.4728642857535 0


# 20.0 20.0 1.8791613802191556
0 0 20.927309398176472 0
1 0 20.615632392393074 0
2 0 21.160157557444023 0
3 0 21.21953692599432 0

0 1 21.394889367299406 0
1 1 21.604395723037428 0
2 1 21.66928739651873 -1
3 1 21.784626519316987 1

0 2 21.618691986845025 1
1 2 21.909695675330923 1
2 2 21.93038295065064 1
3 2 21.65581137533064 1

0 3 20.478839949611388 0
1 3 21.624581800768347 1
2 3 21.634246390465417 1
3 3 20.495321864655924 0


# 20.0 20.0 1.930382950650639
0 0 20.91805252095843 0
1 0 20.633967101529844 0
2 0 21.153704437119888 0
3 0 21.210893568135766 0

0 1 21.38599769664292 0
1 1 21.5945721027719 0
2 1 21.606721033604142 -1
3 1 21.76335331723052 0

0 2 21.656001323256557 1
1 2 21.959696741044407 1
2 2 21.980002275504745 1
3 2 21.697131427055446 1

0 3 20.500968708913675 0
1 3 21.665488307221157 1
2 3 21.675297791434453 1
3 3 20.51795942815019 0


# 20.119999999999997 20.0 1.980002275504745
0 0 20.909242207782 0
1 0 20.651230708237676 0
2 0 21.146874994480584 0
3 0 21.20222413942341 0

0 1 21.377703580989643 0
1 1 21.58517686660536 0
2 1 21.547303313437 -1
3 1 21.74265238446583 0

0 2 21.632509696051155 0
1 2 22.007989423218866 1
2 2 22.028094829742265 1
3 2 21.737316386827416 1

0 3 20.52250981143205 0
1 3 21.706007362630892 1
2 3 21.715960023640484 1
3 3 20.540752205662397 0


# 20.239999999999995 20.0 2.0280948297422654
0 0 20.902296699772577 0
1 0 20.668211201221997 0
2 0 21.140439108561388 0
3 0 21.194981168320496 0

0 1 21.36999982973723 0
1 1 21.57621042221968 0
2 1 21.490881515331893 -1
3 1 21.723259133164024 0

0 2 21.611470277589664 0
1 2 21.99466732561055 0
2 2 22.014012180931562 0
3 2 21.77640538081776 1

0 3 20.544949189903143 0
1 3 21.746141971870244 1
2 3 21.756220578949154 1
3 3 20.565116637775752 0


# 20.359999999999992 20.0 2.0280948297422654
0 0 20.897152550952274 0
1 0 20.684951955751472 0
2 0 21.134430441674656 0
3 0 21.18913412115902 0

0 1 21.362917835897402 0
1 1 21.56695334554423 0
2 1 21.436583063811735 -1
3 1 21.705147720360596 0

0 2 21.59205893814783 0
1 2 21.98195329121917 0
2 2 22.00075354402442 0
3 2 21.754488569649343 0

0 3 20.568269429986845 0
1 3 21.785921328653558 1
2 3 21.796120812758733 1
3 3 20.590259751404723 0


# 20.47999999999999 20.0 2.0280948297422654
0 0 20.89374949661778 0
1 0 20.70148557301595 0
2 0 21.12887079622016 0
3 0 21.184653514996267 0

0 1 21.35646842815343 0
1 1 21.55745746923251 0
2 1 21.384333831106826 -1
3 1 21.68757322709448 0

0 2 21.574232756537935 0
1 2 21.96983991442203 0
2 2 21.98757477144649 0
3 2 21.734144942723418 0

0 3 20.592453579529618 0
1 3 21.765373604530634 0
2 3 21.77496223615145 0
3 3 20.61543968650065 0


# 20.599999999999987 20.0 2.0280948297422654
0 0 20.892029962753572 0
1 0 20.717843477687754 0
2 0 21.1237801926644 0
3 0 21.181502229493507 0

0 1 21.350661396433274 0
1 1 21.547771654145148 0
2 1 21.334046205357904 -1
3 1 21.67057147208741 0

0 2 21.55795043944796 0
1 2 21.957591644164616 0
2 2 21.973780122757827 0
3 2 21.715308350505186 0

0 3 20.616765139194296 0
1 3 21.74629974137447 0
2 3 21.755320056840684 0
3 3 20.64069139867478 0


# 20.719999999999985 20.0 2.0280948297422654
0 0 20.891938942583895 0
1 0 20.73405594109759 0
2 0 21.119176677083885 0
3 0 21.179645127021796 0

0 1 21.3455055502172 0
1 1 21.53793300683623 0
2 1 21.28562952284591 -1
3 1 21.654174466264212 0

0 2 21.54315486899406 0
1 2 21.945241258124266 0
2 2 21.959456667125245 0
3 2 21.697917270168738 0

0 3 20.641235049507724 0
1 3 21.728656708610416 0
2 3 21.7371422717463 0
3 3 20.666047222825465 0


# 20.839999999999982 20.0 2.0280948297422654
0 0 20.893423878546653 0
1 0 20.750151994321094 0
2 0 21.115076376376628 0
3 0 21.179048912560702 0

0 1 21.3410084581606 0
1 1 21.527976597309515 0
2 1 21.238999515034212 -1
3 1 21.63841072705428 0

0 2 21.52979218168582 0
1 2 21.932820263591072 0
2 2 21.944685298949718 0
3 2 21.681914463807605 0

0 3 20.665891974409 0
1 3 21.712403380965736 0
2 3 21.720379927165848 0
3 3 20.69153705549543 0


# 20.95999999999998 20.0 2.0280948297422654
0 0 20.896434544348754 0
1 0 20.766159460776027 0
2 0 21.11149366322926 0
3 0 21.17968200439192 0

0 1 21.337176542797984 0
1 1 21.51793559002505 0
2 1 21.19407784166367 -1
3 1 21.623305568236358 0

0 2 21.51781157542459 0
1 2 21.920358921083082 0
2 2 21.929541178444776 0
3 2 21.667246661953804 0

0 3 20.69076244280696 0
1 3 21.697500454457845 0
2 3 21.70498691448566 0
3 3 20.71718852441487 0


# 21.079999999999977 20.0 2.0280948297422654
0 0 20.900922932795087 0
1 0 20.782104989656027 0
2 0 21.10844130740217 0
3 0 21.181514414741475 0

0 1 21.334015169179406 0
1 1 21.507841364762836 0
2 1 21.150791658289968 -1
3 1 21.608881367190254 0

0 2 21.507165127653593 0
1 2 21.907886270374924 0
2 2 21.91409413994068 0
3 2 21.653864270530295 0

0 3 20.715870981851246 0
1 3 21.68391036537116 0
2 3 21.69091978043398 0
3 3 20.743027146147504 0


# 21.199999999999974 20.0 2.0280948297422654
0 0 20.90684314912049 0
1 0 20.798014089945898 0
2 0 21.105930614447008 0
3 0 21.184517639590428 0

0 1 21.331528727772312 0
1 1 21.497723628210817 0
2 1 21.109073215689516 -1
3 1 21.595157811277986 0

0 2 21.497807624052125 0
1 2 21.895430158487823 0
2 2 21.898409070325226 0
3 2 21.64172109950103 0

0 3 20.741240242377682 0
1 3 21.671597212201164 0
2 3 21.67813755079984 0
3 3 20.769076472689804 0


# 21.319999999999972 20.0 2.0280948297422654
0 0 20.914151309564772 0
1 0 20.813911164794842 0
2 0 21.10397155288113 0
3 0 21.18866455693508 0

0 1 21.329720711947807 0
1 1 21.487610517067736 0
2 1 21.068859488755045 -1
3 1 21.582152124946603 0

0 2 21.489696397195697 0
1 2 21.883017269241886 0
2 2 21.88254625984919 0
3 2 21.630774111611814 0

0 3 20.766891116964846 0
1 3 21.660526680532794 0
2 3 21.666601566623108 0
3 3 20.79535822781179 0


# 21.43999999999997 20.0 2.0280948297422654
0 0 20.922805444941353 0
1 0 20.829819546052143 0
2 0 21.10257287076103 0
3 0 21.19392933283391 0

0 1 21.328593790356457 0
1 1 21.477528693381352 0
2 1 21.03009183268206 -1
3 1 21.56987927902438 0

0 2 21.482791174632236 0
1 2 21.870673154019023 0
2 2 21.86656172735566 0
3 2 21.62098318973442 0

0 3 20.79284285101609 0
1 3 21.650665970810316 0
2 3 21.65627533193667 0
3 3 20.821892433870616 0


# 21.559999999999967 20.0 2.0280948297422654
0 0 20.932765408960368 0
1 0 20.845761528795187 0
2 0 21.1017422025208 0
3 0 21.20028733463043 0

0 1 21.328149874485174 0
1 1 21.467503432778823 0
2 1 20.992715664413478 -1
3 1 21.558352183570697 0

0 2 21.477053935851927 0
1 2 21.85842226342767 0
2 2 21.850507521836736 0
3 2 21.61231092143691 0

0 3 20.819113147259458 0
1 3 21.641983728947768 0
2 3 21.64712437221119 0
3 3 20.848697529775052 0


# 21.679999999999964 20.0 2.0280948297422654
0 0 20.943992791077157 0
1 0 20.86175840570231 0
2 0 21.10148616687188 0
3 0 21.207715050789048 0

0 1 21.328390181673292 0
1 1 21.457558706188042 0
2 1 20.95668016746324 -1
3 1 21.547581865536998 0

0 2 21.47244877765447 0
1 2 21.846287979598667 0
2 2 21.834432002077094 0
3 2 21.60472239950523 0

0 3 20.845718264037345 0
1 3 21.634449979722127 0
2 3 21.639116102717214 0
3 3 20.87579048072982 0


# 21.79999999999996 20.0 2.0280948297422654
0 0 20.956450833646887 0
1 0 20.877830501143297 0
2 0 21.101810456496008 0
3 0 21.21619001682504 0

0 1 21.329315293852886 0
1 1 21.447717255595713 0
2 1 20.921938018381475 -1
3 1 21.537577632400986 0

0 2 21.468941787442848 0
1 2 21.834292648875984 0
2 2 21.81838009601115 0
3 2 21.598185037235716 0

0 3 20.87267310773798 0
1 3 21.628036062885773 0
2 3 21.63221970607861 0
3 3 20.903186880343316 0


# 21.91999999999996 20.0 2.0280948297422654
0 0 20.970104353175554 0
1 0 20.893997204878485 0
2 0 21.102719920204194 0
3 0 21.2256907468506 0

0 1 21.330925212265633 0
1 1 21.43800066433994 0
2 1 20.88844513325464 -1
3 1 21.528347222848236 0

0 2 21.466500923996804 0
1 2 21.82245761469674 0
2 2 21.802393541297803 0
3 2 21.59266839740569 0

0 3 20.899991319702004 0
1 3 21.6227145719303 0
2 3 21.626406018346167 0
3 3 20.930901045639978 0


# 22.039999999999957 20.0 2.0280948297422654
0 0 20.98491966546696 0
1 0 20.91027700527372 0
2 0 21.104218638180164 0
3 0 21.23619667029632 0

0 1 21.333219408396122 0
1 1 21.428429422391076 0
2 1 20.856160432755022 -1
3 1 21.519896945494093 0

0 2 21.465095905302476 0
1 2 21.81080325048236 0
2 2 21.78651110850338 0
3 2 21.5881440339103 0

0 3 20.927685357919525 0
1 3 21.618459295430203 0
2 3 21.62164742297051 0
3 3 20.95894610547951 0


# 22.159999999999954 20.0 2.0280948297422654
0 0 21.000864514474188 0
1 0 20.92668752195277 0
2 0 21.106309990876646 0
3 0 21.2476880734021 0

0 1 21.336196871349497 0
1 1 21.41902298703478 0
2 1 20.82504562436569 -1
3 1 21.512231806563477 0

0 2 21.46469810303679 0
1 2 21.799348992387266 0
2 2 21.770768808178822 0
3 2 21.58458534512873 0

0 3 20.955766573816025 0
1 3 21.61524516089222 0
2 3 21.617917752100357 0
3 3 20.987334082848996 0


# 22.27999999999995 20.0 2.0280948297422654
0 0 21.017908004672744 0
1 0 20.943245537821763 0
2 0 21.1089967220869 0
3 0 21.260146045103426 0

0 1 21.339856151889748 0
1 1 21.409799839334685 0
2 1 20.795065000510103 -1
3 1 21.50535562737672 0

0 2 21.46528044332636 0
1 2 21.788113371773463 0
2 2 21.75520008302039 0
3 2 21.581967438152276 0

0 3 20.98424528440927 0
1 3 21.61304818103414 0
2 3 21.615192194674986 0
3 3 21.01607597146036 0


# 22.27999999999995 20.0 2.0280948297422654
0 0 21.036020536781063 0
1 0 20.95996703041168 0
2 0 21.11228099667155 0
3 0 21.27355242696828 0

0 1 21.344195403343683 0
1 1 21.400777536719087 0
2 1 20.76618525141107 -1
3 1 21.499271152425276 0

0 2 21.46681731342097 0
1 2 21.77711404729867 0
2 2 21.739835986213855 0
3 2 21.580267003071075 0

0 3 21.013130840103997 0
1 3 21.61184540241564 0
2 3 21.613447210819714 0
3 3 21.045181807054476 0


# 22.27999999999995 20.0 2.0280948297422654
0 0 21.053733746662008 0
1 0 20.97612992249502 0
2 0 21.115435606021837 0
3 0 21.286441020698785 0

0 1 21.348475139564872 0
1 1 21.391955067285807 0
2 1 20.7383663330867 -1
3 1 21.493242656305693 0

0 2 21.4685556265809 0
1 2 21.766358878018288 0
2 2 21.72470513197554 0
3 2 21.578733344086118 0

0 3 21.04098294220821 0
1 3 21.610877363886736 0
2 3 21.611931599600286 0
3 3 21.07320324132475 0


# 22.27999999999995 20.0 2.0280948297422654
0 0 21.071054592526895 0
1 0 20.991753808940242 0
2 0 21.11846604452163 0
3 0 21.298829648363554 0

0 1 21.35269796713987 0
1 1 21.38333134790231 0
2 1 20.711561691267 -1
3 1 21.487275960945453 0

0 2 21.4704767677129 0
1 2 21.75584633921114 0
2 2 21.70981616133069 0
3 2 21.57735008799771 0

0 3 21.06784380586791 0
1 3 21.610127975539644 0
2 3 21.610628240955414 0
3 3 21.1001836645845 0


# 22.27999999999995 20.0 2.0280948297422654
0 0 21.08799004850889 0
1 0 21.006857598255944 0
2 0 21.12137745790636 0
3 0 21.31073562204869 0

0 1 21.356866230489487 0
1 1 21.37490502551368 0
2 1 20.68572722535454 -1
3 1 21.481376125810556 0

0 2 21.472563419975778 0
1 2 21.74557466591732 0
2 2 21.695176348229516 0
3 2 21.576102217965303 0

0 3 21.09375372560285 0
1 3 21.609582080156684 0
2 3 21.609521159950933 0
3 3 21.12616453319445 0


# 22.27999999999995 20.0 2.0280948297422654
0 0 21.104547092707513 0
1 0 21.021459534042727 0
2 0 21.124174673251645 0
3 0 21.322175749243684 0

0 1 21.36098203526729 0
1 1 21.366674505816007 0
2 1 20.660821138374814 -1
3 1 21.47554751779352 0

0 2 21.474799481458245 0
1 2 21.735541870941216 0
2 2 21.680791720161288 0
3 2 21.57497597006455 0

0 3 21.118751170220524 0
1 3 21.609225403203457 0
2 3 21.608595451111704 0
3 3 21.151185467053566 0


# 22.27999999999995 20.0 2.0280948297422654
0 0 21.120732696201763 0
1 0 21.035577216116163 0
2 0 21.12686222621989 0
3 0 21.33316633919907 0

0 1 21.365047269987777 0
1 1 21.35863797948188 0
2 1 20.636803797056704 -1
3 1 21.469793875322036 0

0 2 21.477169986970793 0
1 2 21.725745762213847 0
2 2 21.66666716935891 0
3 2 21.573958737462654 0

0 3 21.142872872774674 0
1 3 21.609044505302116 0
2 3 21.607837207865586 0
3 3 21.175284341583577 0


# 22.27999999999995 20.0 2.0280948297422654
0 0 21.136553812971748 0
1 0 21.049227621263366 0
2 0 21.129444385808885 0
3 0 21.343723210121475 0

0 1 21.36906362600138 0
1 1 21.350793446145175 0
2 1 20.613637601317603 -1
3 1 21.464118367145332 0

0 2 21.479661034649897 0
1 2 21.716183959493055 0
2 2 21.65280655530335 0
3 2 21.57303898165761 0

0 3 21.166153915834208 0
1 3 21.60902673707774 0
2 3 21.607233456742808 0
3 3 21.198497374547372 0


# 22.27999999999995 20.0 2.0280948297422654
0 0 21.152017370671942 0
1 0 21.062427123601818 0
2 0 21.1319251768254 0
3 0 21.35386169708475 0

0 1 21.373032615926927 0
1 1 21.34313873633428 0
2 1 20.59128686248166 -1
3 1 21.458523646219916 0

0 2 21.48225971708965 0
1 2 21.70685391038705 0
2 2 21.63921279918402 0
3 2 21.572206150267405 0

0 3 21.188627812314184 0
1 3 21.609160196273805 0
2 3 21.606772095999673 0
3 3 21.220859208018872 0


# 22.27999999999995 20.0 2.0280948297422654
0 0 21.167130262202097 0
1 0 21.075191514514884 0
2 0 21.13430840028771 0
3 0 21.36359666054779 0

0 1 21.376955590645508 0
1 1 21.335671531526582 0
2 1 20.56971768960916 -1
3 1 21.453011899083773 0

0 2 21.484954056732047 0
1 2 21.69775290569307 0
2 2 21.62588797092202 0
3 2 21.57145060089247 0

0 3 21.210326582106944 0
1 3 21.609433687035903 0
2 3 21.60644183835941 0
3 3 21.242402985801213 0


# 22.27999999999995 20.0 2.0280948297422654
0 0 21.181899338024746 0
1 0 21.08753602214333 0
2 0 21.13659765194323 0
3 0 21.372942495380393 0

0 1 21.380833754953798 0
1 1 21.328389382482097 0
2 1 20.548897883361093 -1
3 1 21.447584891077863 0

0 2 21.487732945262348 0
1 2 21.68887809404823 0
2 2 21.612833369317695 0
3 2 21.570763530609344 0

0 3 21.231280824738672 0
1 3 21.60983668126615 0
2 3 21.606232157584934 0
3 3 21.2631604265707 0


# 22.27999999999995 20.0 2.0280948297422654
0 0 21.19633139918102 0
1 0 21.099475330416585 0
2 0 21.13879633907151 0
3 0 21.38191314030849 0

0 1 21.384668181968845 0
1 1 21.321289726000494 0
2 1 20.52879683686537 -1
3 1 21.44224400774599 0

0 2 21.4905860867704 0
1 2 21.68022649589417 0
2 2 21.60004959584189 0
3 2 21.570136910685655 0

0 3 21.251519788264517 0
1 3 21.610359281953894 0
2 3 21.606133238618764 0
3 3 21.283161893005808 0


# 22.27999999999995 20.0 2.0280948297422654
0 0 21.210433190959126 0
1 0 21.11102359761146 0
2 0 21.140907695727932 0
3 0 21.390522087699072 0

0 1 21.388459826370912 0
1 1 21.314369900233373 0
2 1 20.509385443090423 -1
3 1 21.43699029271836 0

0 2 21.493503944452396 0
1 2 21.67179501676103 0
2 2 21.58753662255135 0
3 2 21.569563426136163 0

0 3 21.27107143460387 0
1 3 21.610992188391634 0
2 3 21.60613593104416 0
3 3 21.302436457143763 0


# 22.27999999999995 20.0 2.0280948297422654
0 0 21.224211397172386 0
1 0 21.12219447442938 0
2 0 21.142934796569985 0
3 0 21.398782393613367 0

0 1 21.39220953656563 0
1 1 21.30762715867233 0
2 1 20.490636008268226 -1
3 1 21.4318244823604 0

0 2 21.49647769064056 0
1 2 21.663580459879572 0
2 2 21.575293854572823 0
3 2 21.569036419767368 0

0 3 21.289962501506515 0
1 3 21.61172666318835 0
2 3 21.606231705639164 0
3 3 21.321011962191466 0


# 22.27999999999995 20.0 2.0280948297422654
0 0 21.23767263500612 0
1 0 21.13300112158633 0
2 0 21.14488056939566 0
3 0 21.406706688064357 0

0 1 21.395918065841702 0
1 1 21.301058682922967 0
2 1 20.472522170942373 -1
3 1 21.426747037446553 0

0 2 21.49949915996039 0
1 2 21.655579538133086 0
2 2 21.56332018756711 0
3 2 21.5685498403836 0

0 3 21.308218561330065 0
1 3 21.612554500995667 0
2 3 21.60641261381137 0
3 3 21.338915081002913 0


# 22.27999999999995 20.0 2.0280948297422654
0 0 21.250823450395036 0
1 0 21.143456226912267 0
2 0 21.14674780651207 0
3 0 21.414307185421542 0

0 1 21.39958608259569 0
1 1 21.294661594365667 0
2 1 20.455018826247837 -1
3 1 21.421758172098432 0

0 2 21.50256080542676 0
1 2 21.64778888536296 0
2 2 21.551614060553558 0
3 2 21.56809819485135 0

0 3 21.325864076799252 0
1 3 21.61346799886553 0
2 3 21.606671249716356 0
3 3 21.35617137142162 0


# 22.159999999999954 20.0 2.0280948297422654
0 0 21.26367031389491 0
1 0 21.153572021959224 0
2 0 21.148539175042107 0
3 0 21.421595694912053 0

0 1 21.40321417969092 0
1 1 21.28843296479525 0
2 1 20.43810205505781 -1
3 1 21.416857880208152 0

0 2 21.505655657301073 0
1 2 21.640205067043723 0
2 2 21.54017350444702 0
3 2 21.567676503740515 0

0 3 21.34292245390848 0
1 3 21.6144599281612 0
2 3 21.607000714876627 0
3 3 21.37280532867385 0


# 22.039999999999957 20.0 2.0280948297422654
0 0 21.274779617014495 0
1 0 21.16262301811916 0
2 0 21.149528378907405 0
3 0 21.427134885004605 0

0 1 21.406065603013232 0
1 1 21.282352131403883 0
2 1 20.421740099154633 -1
3 1 21.411308467094205 0

0 2 21.508048437182012 0
1 2 21.632815631839954 0
2 2 21.528995971628902 0
3 2 21.566551407792176 0

0 3 21.35796734595189 0
1 3 21.614786015490452 0
2 3 21.606665732641325 0
3 3 21.38738294252679 0


