# 20.0 20.0 0.0
0 0 20.0 0
1 0 20.0 0
2 0 20.0 0
3 0 20.0 0

0 1 20.0 0
1 1 20.0 0
2 1 20.0 0
3 1 20.0 0

0 2 20.0 0
1 2 20.0 0
2 2 20.0 0
3 2 20.0 0

0 3 20.0 0
1 3 20.0 0
2 3 20.0 0
3 3 20.0 0


# 20.0 20.0 0.0
0 0 20.0 0
1 0 20.0 0
2 0 20.0 0
3 0 20.0 0

0 1 20.0 0
1 1 20.0 0
2 1 20.0 0
3 1 20.0 0

0 2 20.0 0
1 2 20.0 0
2 2 20.0 0
3 2 20.0 0

0 3 20.0 0
1 3 20.0 0
2 3 20.0 0
3 3 20.0 0


# 20.0 20.0 0.0
0 0 20.0 0
1 0 20.0 0
2 0 20.0 0
3 0 20.0 0

0 1 20.0 0
1 1 20.0 0
2 1 20.0 0
3 1 20.0 0

0 2 20.0 0
1 2 20.0 0
2 2 20.0 0
3 2 20.0 0

0 3 20.0 0
1 3 20.0 0
2 3 20.0 0
3 3 20.0 0


# 20.0 20.0 0.0
0 0 20.0 0
1 0 20.0 0
2 0 20.0 0
3 0 20.0 0

0 1 20.0 0
1 1 20.0 0
2 1 20.0 0
3 1 20.0 0

0 2 20.0 0
1 2 20.0 0
2 2 20.0 0
3 2 20.0 0

0 3 20.0 0
1 3 20.0 0
2 3 20.0 0
3 3 20.0 0


# 20.0 20.0 0.0
0 0 20.0 0
1 0 20.0 0
2 0 20.0 0
3 0 20.0 0

0 1 20.0 0
1 1 20.0 0
2 1 20.0 0
3 1 20.0 0

0 2 20.0 0
1 2 20.0 0
2 2 20.0 0
3 2 20.0 0

0 3 20.0 0
1 3 20.0 0
2 3 20.0 0
3 3 20.0 0


# 20.0 20.0 0.0
0 0 20.0 0
1 0 20.0 0
2 0 20.0 0
3 0 20.0 0

0 1 20.0 0
1 1 20.0 0
2 1 20.0 0
3 1 20.0 0

0 2 20.0 0
1 2 20.0 0
2 2 20.0 0
3 2 20.0 0

0 3 20.0 0
1 3 20.0 0
2 3 20.0 0
3 3 20.0 0


# 20.0 20.0 0.0
0 0 20.0 0
1 0 20.0 0
2 0 20.0 0
3 0 20.0 0

0 1 20.0 0
1 1 20.0 0
2 1 20.0 0
3 1 20.0 0

0 2 20.0 0
1 2 20.0 0
2 2 20.0 0
3 2 20.0 0

0 3 20.0 0
1 3 20.0 0
2 3 20.0 0
3 3 20.0 0


# 20.0 20.0 0.0
0 0 20.0 0
1 0 20.0 0
2 0 20.0 0
3 0 20.0 0

0 1 20.0 0
1 1 20.0 0
2 1 20.0 0
3 1 20.0 0

0 2 20.0 0
1 2 20.0 0
2 2 20.0 0
3 2 20.0 0

0 3 20.0 0
1 3 20.0 0
2 3 20.0 0
3 3 20.0 0


# 20.0 20.0 0.0
0 0 20.0 0
1 0 20.0 0
2 0 20.0 0
3 0 20.0 0

0 1 20.0 0
1 1 20.0 0
2 1 20.0 0
3 1 20.0 0

0 2 20.0 0
1 2 20.0 0
2 2 20.0 0
3 2 20.0 0

0 3 20.0 0
1 3 20.0 0
2 3 20.0 0
3 3 20.0 0


# 20.0 20.0 0.0
0 0 20.0 0
1 0 20.0 0
2 0 20.0 0
3 0 20.0 0

0 1 20.0 0
1 1 20.0 0
2 1 20.0 0
3 1 20.0 0

0 2 20.0 0
1 2 20.0 0
2 2 20.0 0
3 2 20.0 0

0 3 20.0 0
1 3 20.0 0
2 3 20.0 0
3 3 20.0 0


# 20.0 20.0 0.0
0 0 20.0 0
1 0 20.0 0
2 0 20.0 0
3 0 20.0 0

0 1 20.0 0
1 1 20.0 0
2 1 20.0 0
3 1 20.0 0

0 2 20.0 0
1 2 20.0 0
2 2 20.0 0
3 2 20.0 0

0 3 20.0 0
1 3 20.0 0
2 3 20.0 0
3 3 20.0 0


# 20.0 20.0 0.0
0 0 20.0 0
1 0 20.0 0
2 0 20.0 0
3 0 20.0 0

0 1 20.0 0
1 1 20.0 0
2 1 20.0 0
3 1 20.0 0

0 2 20.0 0
1 2 20.0 0
2 2 20.0 0
3 2 20.0 0

0 3 20.0 0
1 3 20.0 0
2 3 20.0 0
3 3 20.0 0


# 20.0 20.0 0.0
0 0 20.0 0
1 0 20.0 0
2 0 20.0 0
3 0 20.0 0

0 1 20.0 0
1 1 20.0 0
2 1 20.0 0
3 1 20.0 0

0 2 20.0 0
1 2 20.0 0
2 2 20.0 0
3 2 20.0 0

0 3 20.0 0
1 3 20.0 0
2 3 20.0 0
3 3 20.0 0


# 20.0 20.0 0.0
0 0 20.0 0
1 0 20.0 0
2 0 20.0 0
3 0 20.0 0

0 1 20.0 0
1 1 20.0 0
2 1 20.0 0
3 1 20.0 0

0 2 20.0 0
1 2 20.0 0
2 2 20.0 0
3 2 20.0 0

0 3 20.0 0
1 3 20.0 0
2 3 20.0 0
3 3 20.0 0


# 20.0 20.0 0.0
0 0 20.0 0
1 0 20.0 0
2 0 20.0 0
3 0 20.0 0

0 1 20.0 0
1 1 20.0 0
2 1 20.0 0
3 1 20.0 0

0 2 20.0 0
1 2 20.0 0
2 2 20.0 0
3 2 20.0 0

0 3 20.0 0
1 3 20.0 0
2 3 20.0 0
3 3 20.0 0


# 20.0 20.0 0.0
0 0 20.0 0
1 0 20.0 0
2 0 20.0 0
3 0 20.0 0

0 1 20.0 0
1 1 20.0 0
2 1 20.0 0
3 1 20.0 0

0 2 20.0 0
1 2 20.0 0
2 2 20.0 0
3 2 20.0 0

0 3 20.0 0
1 3 20.0 0
2 3 20.0 0
3 3 20.0 0


# 20.0 20.0 0.0
0 0 20.0 0
1 0 20.0 0
2 0 20.0 0
3 0 20.0 0

0 1 20.0 0
1 1 20.0 0
2 1 20.0 0
3 1 20.0 0

0 2 20.0 0
1 2 20.0 0
2 2 20.0 0
3 2 20.0 0

0 3 20.0 0
1 3 20.0 0
2 3 20.0 0
3 3 20.0 0


# 20.0 20.0 0.0
0 0 20.0 0
1 0 20.0 0
2 0 20.0 0
3 0 20.0 0

0 1 20.0 0
1 1 20.0 0
2 1 20.0 0
3 1 20.0 0

0 2 20.0 0
1 2 20.0 0
2 2 20.0 0
3 2 20.0 0

0 3 20.0 0
1 3 20.0 0
2 3 20.0 0
3 3 20.0 0


# 20.0 20.0 0.0
0 0 20.0 0
1 0 20.0 0
2 0 20.0 0
3 0 20.0 0

0 1 20.0 0
1 1 20.0 0
2 1 20.0 0
3 1 20.0 0

0 2 20.0 0
1 2 20.0 0
2 2 20.0 0
3 2 20.0 0

0 3 20.0 0
1 3 20.0 0
2 3 20.0 0
3 3 20.0 0


# 20.0 20.0 0.0
0 0 20.0 0
1 0 20.0 0
2 0 20.0 0
3 0 20.0 0

0 1 20.0 0
1 1 20.0 0
2 1 20.0 0
3 1 20.0 0

0 2 20.0 0
1 2 20.0 0
2 2 20.0 0
3 2 20.0 0

0 3 20.0 0
1 3 20.0 0
2 3 20.0 0
3 3 20.0 0


# 20.0 20.0 0.0
0 0 20.0 0
1 0 20.0 0
2 0 20.0 0
3 0 20.0 0

0 1 20.0 0
1 1 20.0 0
2 1 20.0 0
3 1 20.0 0

0 2 20.0 0
1 2 20.0 0
2 2 20.0 0
3 2 20.0 0

0 3 20.0 0
1 3 20.0 0
2 3 20.0 0
3 3 20.0 0


# 20.0 20.0 0.0
0 0 20.0 0
1 0 20.0 0
2 0 20.0 0
3 0 20.0 0

0 1 20.0 0
1 1 20.0 0
2 1 20.0 0
3 1 20.0 0

0 2 20.0 0
1 2 20.0 0
2 2 20.0 0
3 2 20.0 0

0 3 20.0 0
1 3 20.0 0
2 3 20.0 0
3 3 20.0 0


# 20.0 20.0 0.0
0 0 20.0 0
1 0 20.0 0
2 0 20.0 0
3 0 20.0 0

0 1 20.0 0
1 1 20.0 0
2 1 20.0 0
3 1 20.0 0

0 2 20.0 0
1 2 20.0 0
2 2 20.0 0
3 2 20.0 0

0 3 20.0 0
1 3 20.0 0
2 3 20.0 0
3 3 20.0 0


# 20.0 20.0 0.0
0 0 20.0 0
1 0 20.0 0
2 0 20.0 0
3 0 20.0 0

0 1 20.0 0
1 1 20.0 0
2 1 20.0 0
3 1 20.0 0

0 2 20.0 0
1 2 20.0 0
2 2 20.0 0
3 2 20.0 0

0 3 20.0 0
1 3 20.0 0
2 3 20.0 0
3 3 20.0 0


# 20.0 20.0 0.0
0 0 20.0 0
1 0 20.0 0
2 0 20.0 0
3 0 20.0 0

0 1 20.0 0
1 1 20.0 0
2 1 20.0 0
3 1 20.0 0

0 2 20.0 0
1 2 20.0 0
2 2 20.0 0
3 2 20.0 0

0 3 20.0 0
1 3 20.0 0
2 3 20.0 0
3 3 20.0 0


# 20.0 20.0 0.0
0 0 20.0 0
1 0 20.0 0
2 0 20.0 0
3 0 20.0 0

0 1 20.0 0
1 1 20.0 0
2 1 20.0 0
3 1 20.0 0

0 2 20.0 0
1 2 20.0 0
2 2 20.0 0
3 2 20.0 0

0 3 20.0 0
1 3 20.0 0
2 3 20.0 0
3 3 20.0 0


# 20.0 20.0 0.0
0 0 20.0 0
1 0 20.0 0
2 0 20.0 0
3 0 20.0 0

0 1 20.0 0
1 1 20.0 0
2 1 20.0 0
3 1 20.0 0

0 2 20.0 0
1 2 20.0 0
2 2 20.0 0
3 2 20.0 0

0 3 20.0 0
1 3 20.0 0
2 3 20.0 0
3 3 20.0 0


# 20.0 20.0 0.0
0 0 20.0 0
1 0 20.0 0
2 0 20.0 0
3 0 20.0 0

0 1 20.0 0
1 1 20.0 0
2 1 20.0 0
3 1 20.0 0

0 2 20.0 0
1 2 20.0 0
2 2 20.0 0
3 2 20.0 0

0 3 20.0 0
1 3 20.0 0
2 3 20.0 0
3 3 20.0 0


# 20.0 20.0 0.0
0 0 20.0 0
1 0 20.0 0
2 0 20.0 0
3 0 20.0 0

0 1 20.0 0
1 1 20.0 0
2 1 20.0 0
3 1 20.0 0

0 2 20.0 0
1 2 20.0 0
2 2 20.0 0
3 2 20.0 0

0 3 20.0 0
1 3 20.0 0
2 3 20.0 0
3 3 20.0 0


# 20.0 20.0 0.0
0 0 20.0 0
1 0 20.0 0
2 0 20.0 0
3 0 20.0 0

0 1 20.0 0
1 1 20.0 0
2 1 20.0 0
3 1 20.0 0

0 2 20.0 0
1 2 20.0 0
2 2 20.0 0
3 2 20.0 0

0 3 20.0 0
1 3 20.0 0
2 3 20.0 0
3 3 20.0 0


# 20.0 20.0 0.0
0 0 20.0 0
1 0 20.0 0
2 0 20.0 0
3 0 20.0 0

0 1 20.0 0
1 1 20.0 0
2 1 20.0 0
3 1 20.0 0

0 2 20.0 0
1 2 20.0 0
2 2 20.0 0
3 2 20.0 0

0 3 20.0 0
1 3 20.0 0
2 3 20.0 0
3 3 20.0 0


# 20.0 20.0 0.0
0 0 20.0 0
1 0 20.0 0
2 0 20.0 0
3 0 20.0 0

0 1 20.0 0
1 1 20.0 0
2 1 20.0 0
3 1 20.0 0

0 2 20.0 0
1 2 20.0 0
2 2 20.0 0
3 2 20.0 0

0 3 20.0 0
1 3 20.0 0
2 3 20.0 0
3 3 20.0 0


# 20.0 20.0 0.0
0 0 20.0 0
1 0 20.0 0
2 0 20.0 0
3 0 20.0 0

0 1 20.0 0
1 1 20.0 0
2 1 20.0 0
3 1 20.0 0

0 2 20.0 0
1 2 20.0 0
2 2 20.0 0
3 2 20.0 0

0 3 20.0 0
1 3 20.0 0
2 3 20.0 0
3 3 20.0 0


# 20.0 20.0 0.0
0 0 20.0 0
1 0 20.0 0
2 0 20.0 0
3 0 20.0 0

0 1 20.0 0
1 1 20.0 0
2 1 20.0 0
3 1 20.0 0

0 2 20.0 0
1 2 20.0 0
2 2 20.0 0
3 2 20.0 0

0 3 20.0 0
1 3 20.0 0
2 3 20.0 0
3 3 20.0 0


# 20.0 20.0 0.0
0 0 20.0 0
1 0 20.0 0
2 0 20.0 0
3 0 20.0 0

0 1 20.0 0
1 1 20.0 0
2 1 20.0 0
3 1 20.0 0

0 2 20.0 0
1 2 20.0 0
2 2 20.0 0
3 2 20.0 0

0 3 20.0 0
1 3 20.0 0
2 3 20.0 0
3 3 20.0 0


# 20.0 20.0 0.0
0 0 20.0 0
1 0 20.0 0
2 0 20.0 0
3 0 20.0 0

0 1 20.0 0
1 1 20.0 0
2 1 20.0 0
3 1 20.0 0

0 2 20.0 0
1 2 20.0 0
2 2 20.0 0
3 2 20.0 0

0 3 20.0 0
1 3 20.0 0
2 3 20.0 0
3 3 20.0 0


# 20.0 20.0 0.0
0 0 20.0 0
1 0 20.0 0
2 0 20.0 0
3 0 20.0 0

0 1 20.0 0
1 1 20.0 0
2 1 20.0 0
3 1 20.0 0

0 2 20.0 0
1 2 20.0 0
2 2 20.0 0
3 2 20.0 0

0 3 20.0 0
1 3 20.0 0
2 3 20.0 0
3 3 20.0 0


# 20.0 20.0 0.0
0 0 20.0 0
1 0 20.0 0
2 0 20.0 0
3 0 20.0 0

0 1 20.0 0
1 1 20.0 0
2 1 20.0 0
3 1 20.0 0

0 2 20.0 0
1 2 20.0 0
2 2 20.0 0
3 2 20.0 0

0 3 20.0 0
1 3 20.0 0
2 3 20.0 0
3 3 20.0 0


# 20.0 20.0 0.0
0 0 20.0 0
1 0 20.0 0
2 0 20.0 0
3 0 20.0 0

0 1 20.0 0
1 1 20.0 0
2 1 20.0 0
3 1 20.0 0

0 2 20.0 0
1 2 20.0 0
2 2 20.0 0
3 2 20.0 0

0 3 20.0 0
1 3 20.0 0
2 3 20.0 0
3 3 20.0 0


# 20.0 20.0 0.0
0 0 20.0 0
1 0 20.0 0
2 0 20.0 0
3 0 20.0 0

0 1 20.0 0
1 1 20.0 0
2 1 20.0 0
3 1 20.0 0

0 2 20.0 0
1 2 20.0 0
2 2 20.0 0
3 2 20.0 0

0 3 20.0 0
1 3 20.0 0
2 3 20.0 0
3 3 20.0 0


# 20.0 20.0 0.0
0 0 20.0 0
1 0 20.0 0
2 0 20.0 0
3 0 20.0 0

0 1 20.0 0
1 1 20.0 0
2 1 20.0 0
3 1 20.0 0

0 2 20.0 0
1 2 20.0 0
2 2 20.0 0
3 2 20.0 0

0 3 20.0 0
1 3 20.0 0
2 3 20.0 0
3 3 20.0 0


# 20.0 20.0 0.0
0 0 20.0 0
1 0 20.0 0
2 0 20.0 0
3 0 20.0 0

0 1 20.0 0
1 1 20.0 0
2 1 20.0 0
3 1 20.0 0

0 2 20.0 0
1 2 20.0 0
2 2 20.0 0
3 2 20.0 0

0 3 20.0 0
1 3 20.0 0
2 3 20.0 0
3 3 20.0 0


# 20.0 20.0 0.0
0 0 20.0 0
1 0 20.06 1
2 0 20.06072 1
3 0 20.00072864 0

0 1 20.0 0
1 1 20.00072 0
2 1 20.00073728 0
3 1 20.00001759104 0

0 2 20.0 0
1 2 20.00000864 0
2 2 20.00000895104 0
3 2 20.00000031850496 0

0 3 20.0 0
1 3 20.00000010368 0
2 3 20.00000010865664 0
3 3 20.00000000512594 0


# 20.0 20.0 0.060719999999999885
0 0 20.00072 0
1 0 20.11822592 1
2 0 20.11960606208 1
3 0 20.00213789279744 0

0 1 20.00001728 0
1 1 20.002113309440002 0
2 1 20.002162841523198 0
3 1 20.000068464850226 0

0 2 20.00000031104 0
1 2 20.0000336973824 0
2 2 20.000034884982888 0
3 2 20.00000154538726 0

0 3 20.00000000497664 0
1 3 20.00000050505763 0
2 3 20.00000052883506 0
3 3 20.000000029832073 0


# 20.0 20.0 0.11960606207999902
0 0 20.0021129984 0
1 0 20.17474641979904 1
2 0 20.176731173322075 1
3 0 20.0041825243148 0

0 1 20.000067273666563 0
1 1 20.004135993375336 0
2 1 20.00423067132845 0
3 1 20.000166566218883 0

0 2 20.000001509688627 0
1 2 20.000082154625296 0
2 2 20.000084989305822 0
3 2 20.000004499505277 0

0 3 20.000000028974437 0
1 3 20.000001476394427 0
2 3 20.000001544570374 0
3 3 20.000000101287025 0


# 20.0 20.0 0.1767311733220751
0 0 20.00413469477919 0
1 0 20.229627092505197 1
2 0 20.23216494750033 1
3 0 20.0068199316041 0

0 1 20.000163714546684 0
1 1 20.006746709289388 0
2 1 20.006897557652458 0
3 1 20.000324234302834 0

0 2 20.00000439705946 0
1 2 20.000160262067872 0
2 2 20.000165676184693 0
3 2 20.00001019066735 0

0 3 20.000000098412805 0
1 3 20.000003357246474 0
2 3 20.000003509315036 0
3 3 20.00000026204048 0


# 20.0 20.0 0.2321649475003298
0 0 20.006743335451763 0
1 0 20.282930614526876 1
2 0 20.285973796950717 1
3 0 20.010009990441393 0

0 1 20.000318771837332 1
1 1 20.00990655371651 0
2 1 20.010122918018997 0
3 1 20.000552333651648 0

0 2 20.00000996197078 0
1 2 20.000273596078035 0
2 2 20.00028264629678 0
3 2 20.00001978556319 0

0 3 20.000000254700552 0
1 3 20.000006544563245 0
2 3 20.00000683535861 0
3 3 20.000000572058084 0


# 20.0 20.0 0.28597379695071723
0 0 20.00989956801187 0
1 0 20.334716887740896 1
2 0 20.3382210950332 1
3 0 20.01371491192972 0

0 1 20.060543176424552 1
1 1 20.01429891807727 0
2 1 20.01387727787079 0
3 1 20.00086047934264 0

0 2 20.000739347894445 0
1 2 20.00044439294827 0
2 2 20.000441258775428 0
3 2 20.00003458229165 0

0 3 20.000009196240825 0
1 3 20.00001179478616 0
2 3 20.000011991780987 0
3 3 20.000001110352866 0


# 20.0 20.0 0.33822109503320164
0 0 20.014286304333428 0
1 0 20.385060454265105 1
2 0 20.388967640770595 1
3 0 20.01789911254161 0

0 1 20.118352257858383 1
1 1 20.01982538260487 0
2 1 20.018132305670914 0
3 1 20.0012571312163 0

0 2 20.00213396544745 0
1 2 20.00069201090612 0
2 2 20.000646529042005 0
3 2 20.000055987082735 0

0 3 20.000034614298958 0
1 3 20.000020162808976 0
2 3 20.000019501752632 0
3 3 20.000001976246185 0


# 20.0 20.0 0.38896764077059487
0 0 20.019812949922905 0
1 0 20.43403118686555 1
2 0 20.438271751119167 1
3 0 20.022529091078137 0

0 1 20.173882730604035 1
1 1 20.026394623048397 0
2 1 20.02286079541182 0
3 1 20.001749682188088 0

0 2 20.004139651168366 0
1 2 20.00103320597544 0
2 2 20.00090312953066 0
3 2 20.00008549308084 0

0 3 20.000083285951924 0
1 3 20.00003294789516 0
2 3 20.000029939323085 0
3 3 20.00000329029017 0


# 20.0 20.0 0.43827175111916716
0 0 20.026394650735316 0
1 0 20.48169460931603 1
2 0 20.486189351521833 1
3 0 20.027573312203845 0

0 1 20.22726280301809 1
1 1 20.03392189810673 0
2 1 20.02803664596822 0
3 1 20.002344540951224 0

0 2 20.00670633735864 0
1 2 20.001482383843314 0
2 2 20.001215392859773 0
3 2 20.000124661060656 0

0 3 20.0001611590807 0
1 3 20.000051645870528 0
2 3 20.00004392581976 0
3 3 20.000005194882288 0


# 20.0 20.0 0.4861893515218334
0 0 20.033951932256855 0
1 0 20.528112193907383 1
2 0 20.53277406458287 1
3 0 20.033002096230916 0

0 1 20.278612727303997 1
1 1 20.042328574409883 0
2 1 20.033634837835393 0
3 1 20.003047209372795 0

0 2 20.009787746432313 0
1 2 20.002051829733706 0
2 2 20.001587317055897 0
3 2 20.00017510195184 0

0 3 20.00027343006143 0
1 3 20.000077906971345 0
2 3 20.000062125962245 0
3 3 20.000007854601495 0


# 20.0 20.0 0.5327740645828705
0 0 20.042410361750143 0
1 0 20.573341637772188 1
2 0 20.578077296732452 1
3 0 20.038787514839868 0

0 1 20.328045312948337 1
1 1 20.051541686257682 0
2 1 20.03963140773232 0
3 1 20.003862354873426 0

0 2 20.01334110795508 0
1 2 20.00275191812537 0
2 2 20.062022572482476 1
3 2 20.00095846105335 0

0 3 20.000424614758337 0
1 3 20.0001134987847 0
2 3 20.000805243782256 0
3 3 20.000028736293867 0


# 20.0 20.0 0.5780772967324523
0 0 20.051700232135783 0
1 0 20.617437119567267 1
2 0 20.622148322775363 1
3 0 20.044903292437418 0

0 1 20.37566640612069 1
1 1 20.061493527535863 0
2 1 20.046723421493173 0
3 1 20.00481115806855 0

0 2 20.017326896689017 0
1 2 20.004311304001256 0
2 2 20.11967907016728 1
3 2 20.002412433263466 0

0 3 20.06061861337272 1
1 3 20.060897553769617 1
2 3 20.00293868786617 0
3 3 20.000091915240844 0


# 20.0 20.0 0.622148322775363
0 0 20.06175626608715 0
1 0 20.660449537942224 1
2 0 20.665043008241273 1
3 0 20.051325023905388 0

0 1 20.421575337347367 1
1 1 20.07213855342355 0
2 1 20.05482075874031 0
3 1 20.00591178802058 0

0 2 20.022437230084734 0
1 2 20.00740619029854 0
2 2 20.174745411641272 1
3 2 20.00448010044523 0

0 3 20.119436360697556 1
1 3 20.119897231377642 1
2 3 20.006352077674908 0
3 3 20.000218592429615 0


# 20.0 20.0 0.6650430082412733
0 0 20.07251733901149 0
1 0 20.702427044156767 1
2 0 20.70681407581677 1
3 0 20.05803003341084 0

0 1 20.465874290649015 1
1 1 20.083442242265356 0
2 1 20.0638403245337 0
3 1 20.00717969842439 0

0 2 20.028607468520917 0
1 2 20.01193100140987 0
2 2 20.227396873931255 1
3 2 20.007109478203954 0

0 3 20.176918708111227 1
1 3 20.177203969106134 1
2 3 20.010943123638167 0
3 3 20.000427354324255 0


# 20.0 20.0 0.7068140758167694
0 0 20.083926330824745 0
1 0 20.743415300089065 1
2 0 20.747511312528868 1
3 0 20.06499724433949 0

0 1 20.50865928294109 1
1 1 20.095371165544304 0
2 1 20.073705497561228 0
3 1 20.008627897731824 0

0 2 20.035776062752586 0
1 2 20.017787290198207 0
2 2 20.277796368657775 1
3 2 20.010253099567954 0

0 3 20.233105395001527 1
1 3 20.232903432109733 1
2 3 20.016617038306464 0
3 3 20.000734411223075 0


# 20.0 20.0 0.7475113125288679
0 0 20.095929877911416 0
1 0 20.78345760575714 1
2 0 20.78718176157455 1
3 0 20.072207059454946 0

0 1 20.55002051833206 1
1 1 20.10789300054036 0
2 1 20.084345622020344 0
3 1 20.010267195399607 0

0 2 20.04388442655936 0
1 2 20.024883227003098 0
2 2 20.326095330804975 1
3 2 20.013867632635232 0

0 3 20.2880350550855 1
1 3 20.287075911805864 1
2 3 20.0232859905436 0
3 3 20.00115381589719 0


# 20.0 20.0 0.7871817615745513
0 0 20.108478139795675 0
1 0 20.822595021138266 1
2 0 20.825869900019782 1
3 0 20.079641250459602 0

0 1 20.59004272336486 1
1 1 20.120976535636743 0
2 1 20.0956955397057 0
3 1 20.01210642626643 0

0 2 20.052876812709307 0
1 2 20.033133127198433 0
2 2 20.372434542407333 1
3 2 20.017913529479404 0

0 3 20.341745225796604 1
1 3 20.339796695632483 1
2 3 20.03086859958801 0
3 3 20.0016976640737 0


# 20.0 20.0 0.8258699000197822
0 0 20.12152457969707 0
1 0 20.8608664824347 1
2 0 20.86361780349015 1
3 0 20.087282856200137 0

0 1 20.628805464120052 1
1 1 20.134591669287687 0
2 1 20.107695159097247 0
3 1 20.014152654900563 0

0 2 20.0627001923809 0
1 2 20.042457014289408 0
2 2 20.41694489600123 1
3 2 20.022354703820977 0

0 3 20.394272360324088 1
1 3 20.391136410106338 1
2 3 20.03928946604749 0
3 3 20.002376278205467 0


# 20.0 20.0 0.8636178034901505
0 0 20.135025758186632 0
1 0 20.898308912944017 1
2 0 20.900465298882462 1
3 0 20.095116088822326 0

0 1 20.66638344606527 1
1 1 20.14870940355063 0
2 1 20.1202890585006 0
3 1 20.016411361608466 0

0 2 20.073304138149044 0
1 2 20.052780215777204 0
2 2 20.459748102322926 1
3 2 20.027158235166137 0

0 3 20.445651841931486 1
1 3 20.441161339166946 1
2 3 20.04847873710984 0
3 3 20.003198375857384 0


# 20.0 20.0 0.9004652988824624
0 0 20.148941139200026 0
1 0 20.934957328699966 1
2 0 20.936450106041672 1
3 0 20.103126247236524 0

0 1 20.702846797501326 1
1 1 20.163301832985947 0
2 1 20.13342612052808 0
3 1 20.01888661165608 0

0 2 20.084640710609303 0
1 2 20.06403298924092 0
2 2 20.500957346395964 1
3 2 20.032294097296074 0

0 3 20.495918000219266 1
1 3 20.489933719640774 1
2 3 20.058371703453954 0
3 3 20.00417122393552 0


# 20.0 20.0 0.9364501060416721
0 0 20.16323290770324 0
1 0 20.970844939055336 1
2 0 20.971607969269762 1
3 0 20.11129963730712 0

0 1 20.738261337421854 1
1 1 20.178342129637578 0
2 1 20.147059195426245 0
3 1 20.021581209126875 0

0 2 20.096664348686296 0
1 2 20.076150176289683 0
2 2 20.54067789583855 1
3 2 20.03773490915645 0

0 3 20.545104129031298 1
1 3 20.537512015521163 1
2 3 20.06890842553243 0
3 3 20.005300779890106 0


# 20.0 20.0 0.9716079692697619
0 0 20.17786579834365 0
1 0 21.006003242382025 1
2 0 21.005972779461818 1
3 0 20.119623498227128 0

0 1 20.772688828570146 1
1 1 20.193804524726993 0
2 1 20.161144790955635 0
3 1 20.024496836723618 0

0 2 20.109331763648164 0
1 2 20.089070882224597 0
2 2 20.57900766493273 1
3 2 20.043455706350436 0

0 3 20.593242505736203 1
1 3 20.583951172631192 1
2 3 20.080033387069516 0
3 3 20.006591820935103 0


# 20.0 20.0 1.0060032423820253
0 0 20.192806934454705 0
1 0 21.0404621170657 1
2 0 21.039576687599403 1
3 0 20.128085934582828 0

0 1 20.806187216444158 1
1 1 20.209664287620377 0
2 1 20.175642786712277 0
3 1 20.027634182712973 0

0 2 20.1226018368278 0
1 2 20.102738179421962 0
2 2 20.616037737730608 1
3 2 20.04943373158026 0

0 3 20.64036441164321 1
1 3 20.629302855118297 1
2 3 20.091695173778003 0
3 3 20.008048062245738 0


# 20.0 20.0 1.040462117065701
0 0 20.208025676816455 0
1 0 21.074249907973375 1
2 0 21.07245021027145 1
3 0 20.13667585365366 0

0 1 20.838810854968678 1
1 1 20.225897702563515 0
2 1 20.19051617094943 0
3 1 20.03099305611323 0

0 2 20.13643552103344 0
1 2 20.11709883260706 0
2 2 20.651852853226515 1
3 2 20.055648242512916 0

0 3 20.686500153337875 1
1 3 20.673615665120003 1
2 3 20.103846175446435 0
3 3 20.009672265020402 0


# 20.0 20.0 1.0742499079733747
0 0 20.22349348160637 0
1 0 21.10739350857179 1
2 0 21.10462232783815 1
3 0 20.145382907529545 0

0 1 20.870610719522432 1
1 1 20.242482043620274 0
2 1 20.205730798113436 0
3 1 20.034572491134345 0

0 2 20.150795745615646 0
1 2 20.132103044332908 0
2 2 20.68653185539651 1
3 2 20.06208033566599 0

0 3 20.73167908474654 1
1 3 20.716935346839275 1
2 3 20.11644230968476 0
3 3 20.011466335223876 0


# 20.0 20.0 1.1073935085717892
0 0 20.23918376700567 0
1 0 21.139918438873345 1
2 0 21.136120575803144 1
3 0 20.15419743966173 0

0 1 20.90163460797739 1
1 1 20.259395548198068 0
2 1 20.221255165450376 0
3 1 20.038370841796038 0

0 2 20.16564732514447 0
1 2 20.14770421911187 0
2 2 20.72014811069643 1
3 2 20.068712785020615 0

0 3 20.775929629759467 1
1 3 20.759304976174697 1
2 3 20.12944276574314 0
3 3 20.01343141376498 0


# 20.0 20.0 1.1399184388733445
0 0 20.255071787955675 0
1 0 21.171848919384146 1
2 0 21.166971129913367 1
3 0 20.16311043549442 0

0 1 20.931927330377917 1
1 1 20.27661738949645 0
2 1 20.237060207171584 0
3 1 20.042385867572843 0

0 2 20.180956871639392 0
1 2 20.163858744770582 0
2 2 20.752769895415472 1
3 2 20.07552989417079 0

0 3 20.819279305261894 1
1 3 20.800765136964667 1
2 3 20.14280976693567 0
3 3 20.01556795880272 0


# 20.0 20.0 1.1718489193841464
0 0 20.271134518586415 0
1 0 21.203207941225966 1
2 0 21.19719888546371 1
3 0 20.17211347685306 0

0 1 20.96153088785871 1
1 1 20.294127648172942 0
2 1 20.253119104786848 0
3 1 20.046614810844513 0

0 2 20.19669271028523 0
1 2 20.180525789711655 0
2 2 20.78446075510279 1
3 2 20.082517360912615 0

0 3 20.861754744439466 1
1 3 20.84135408482519 1
2 3 20.156508350309142 0
3 3 20.017875820820482 0


# 20.0 20.0 1.2032079412259655
0 0 20.28735054186632 0
1 0 21.234017332600512 1
2 0 21.226827531245117 1
3 0 20.181198699791427 0

0 1 20.99048464137254 1
1 1 20.3119072834823 0
2 1 20.269407112325176 0
3 1 20.051054466865395 0

0 2 20.212824798559534 0
1 2 20.197667114869134 0
2 2 20.815279838118848 1
3 2 20.08966215326394 0

0 3 20.90338172024026 1
1 3 20.881107899487557 1
2 3 20.17050616229728 0
3 3 20.02035431105768 0


# 20.0 20.0 1.2340173326005122
0 0 20.30369994604681 0
1 0 21.264297821760582 1
2 0 21.25587961853935 1
3 0 20.19035875562379 0

0 1 21.018825470771958 1
1 1 20.32993810411187 0
2 1 20.285901395265192 0
3 1 20.055701246906885 0

0 2 20.22932464869061 0
1 2 20.215246899240324 0
2 2 20.845282205209944 1
3 2 20.09695239598495 0

0 3 20.94418516888975 1
1 3 20.920060626474207 1
2 3 20.184773269193695 0
3 3 20.023002263841747 0


# 20.0 20.0 1.2642978217605823
0 0 20.320164227499514 0
1 0 21.294069096648446 1
2 0 21.284376625531145 1
3 0 20.19958677489059 0

0 1 21.04658792476316 1
1 1 20.348202738905506 0
2 1 20.302580882091103 0
3 1 20.060551235172397 0

0 2 20.246165253360324 0
1 2 20.233231577964187 0
2 2 20.874519116862675 1
3 2 20.104377266744102 0

0 3 20.98418921336773 1
1 3 20.958244408888596 1
2 3 20.199281981362677 0
3 3 20.025818093320726 0


# 20.0 20.0 1.294069096648446
0 0 20.33672619956647 0
1 0 21.323349861357247 1
2 0 21.312339017478905 1
3 0 20.208876334026346 0

0 1 21.073804362225093 1
1 1 20.366684607641695 0
2 1 20.3194261274766 0
3 1 20.065600240034122 0

0 2 20.263321014561875 0
1 2 20.251589691997363 0
2 2 20.903038300064235 1
3 2 20.111926901141878 0

0 3 21.023417186767897 1
1 3 20.99568961003681 1
2 3 20.214006690186505 0
3 3 20.028799845057122 0


# 20.0 20.0 1.3233498613572472
0 0 20.353369907065066 0
1 0 21.35215788956647 1
2 0 21.339786302957624 1
3 0 20.2182214245173 0

0 1 21.10050508536286 1
1 1 20.385367892007732 0
2 1 20.33641918617849 0
3 1 20.070843840094742 0

0 2 20.280767675519815 0
1 2 20.27029174851303 0
2 2 20.93088419597339 1
3 2 20.11959230586742 0

0 3 21.061891655470934 1
1 3 21.032424927545307 1
2 3 20.22892371682158 0
3 3 20.031945242907334 0


# 20.0 20.0 1.3521578895664703
0 0 20.370080546109875 0
1 0 21.380510075097583 1
2 0 21.366737086462923 1
3 0 20.227616424353368 0

0 1 21.12671846514127 1
1 1 20.404237506890524 0
2 1 20.35354349679498 0
3 1 20.07627742553495 0

0 2 20.298482255577486 0
1 2 20.289310091216247 0
2 2 20.958098189895072 1
3 2 20.127365279321037 0

0 3 21.099634442071455 1
1 3 21.068477499589715 1
2 3 20.24401117190378 0
3 3 20.035251731577368 0


# 20.0 20.0 1.3805100750975825
0 0 20.386844388932786 0
1 0 21.40842247973092 1
2 0 21.39320911764203 1
3 0 20.237056071594772 0

0 1 21.152471059422147 1
1 1 20.42327907208575 0
2 1 20.370783774610715 0
3 1 20.081896235168802 0

0 2 20.31644298795575 0
1 2 20.308618779832184 0
2 2 20.98471882484812 1
3 2 20.135238339088684 0

0 3 21.136666648007427 1
1 3 21.10387300380387 1
2 3 20.259248825406573 0
3 3 20.038716515214524 0


# 20.0 20.0 1.4084224797309197
0 0 20.403648713401044 0
1 0 21.435910378419766 1
2 0 21.41921933739657 1
3 0 20.246535439888145 0

0 1 21.17778772420773 1
1 1 20.44247888451048 0
2 1 20.388125912812487 0
3 1 20.087695389593183 0

0 2 20.334629260286174 0
1 2 20.328193478081623 0
2 2 21.01078199992008 1
3 2 20.14320465570369 0

0 3 21.17300867584824 1
1 3 21.138635749396144 1
2 3 20.274617985913867 0
3 3 20.042336592366212 0


# 20.0 20.0 1.4359103784197664
0 0 20.420481736950137 0
1 0 21.46298830203242 1
2 0 21.44478392108271 1
3 0 20.25604991578028 0

0 1 21.202691718371966 1
1 1 20.461823890989557 0
2 1 20.405556891416513 0
3 1 20.093669920785075 0

0 2 20.353021557821776 0
1 2 20.348011349511236 0
2 2 21.03632115451446 1
3 2 20.151257992176124 0

0 3 21.20868025120432 1
1 3 21.17278876296106 1
2 3 20.290101388623587 0
3 3 20.046108787610624 0


# 20.0 20.0 1.4629883020324215
0 0 20.437332554664785 0
1 0 21.489670077747906 1
2 0 21.46991831901657 1
3 0 20.26559517768981 0

0 1 21.227204802242056 1
1 1 20.481301661673072 0
2 1 20.42306469330039 0
3 1 20.0998147984701 0

0 2 20.371601409228752 0
1 2 20.368050960595223 0
2 2 21.06136743951411 1
3 2 20.159392648811863 0

0 3 21.243700444227244 1
1 3 21.206353868438047 1
2 3 20.30568309144815 0
3 3 20.050029780139763 0


# 20.0 20.0 1.4896700777479062
0 0 20.45419108125673 0
1 0 21.51596886722585 1
2 0 21.49463729447647 1
3 0 20.275167176408335 0

0 1 21.251347330373793 1
1 1 20.500900364130707 0
2 1 20.44063822678107 0
3 1 20.10612495355837 0

0 2 20.3903513348635 0
1 2 20.38829219057001 0
2 2 21.085949876308767 1
3 2 20.16760341288185 0

0 3 21.27808769067468 1
1 3 21.239351761635962 1
2 3 20.32134837862434 0
3 3 20.054096129552807 0


# 20.0 20.0 1.5159688672258511
0 0 20.471047996702683 0
1 0 21.541897202666085 1
2 0 21.518954959378725 1
3 0 20.28476211701288 0

0 1 21.275138338846457 1
1 1 20.520608738158796 0
2 1 20.458267254224435 0
3 1 20.11259529891835 0

0 2 20.409254797440326 0
1 2 20.408716147505174 0
2 2 21.110095504564775 1
3 2 20.175885512737242 0

0 3 21.31185981251931 1
1 3 21.271802079711037 1
2 3 20.33708367128806 0
3 3 20.05830429909721 0


# 20.0 20.0 1.5418972026660853
0 0 20.487894695319536 0
1 0 21.567467020868396 1
2 0 21.542884807790088 1
3 0 20.294376442080917 0

0 1 21.29859562738593 1
1 1 20.54041607132698 0
2 1 20.475942326212863 0
3 1 20.11922074773615 0

0 2 20.428296154996758 0
1 2 20.42930509015212 0
2 2 21.13382951955035 1
3 2 20.184234575998882 0

0 3 21.345034038085107 1
1 3 21.30372346595748 1
2 3 20.35287644450922 0
3 3 20.062650676575807 0


# 20.0 20.0 1.5674670208683956
0 0 20.504723238067086 0
1 0 21.592689695398132 1
2 0 21.566439747427207 1
3 0 20.304006816107965 0

0 1 21.32173583660841 1
1 1 20.560312175283745 0
2 1 20.493654720834616 0
3 1 20.12599622968653 0

0 2 20.44746061606504 0
1 2 20.450042355147097 0
2 2 21.157175399769812 1
3 2 20.192646591479313 0

0 3 21.377627021698313 1
1 3 21.33513363024352 1
2 3 20.368715150318902 0
3 3 20.067131593120656 0


# 20.0 20.0 1.592689695398132
0 0 20.521526307880748 0
1 0 21.61757606695851 1
2 0 21.589632129282077 1
3 0 20.313650111035702 0

0 1 21.344574520661613 1
1 1 20.580287362833346 0
2 1 20.511396387693416 0
3 1 20.132916705122195 0

0 2 20.46673419696039 0
1 2 20.470912289177722 0
2 2 21.180155025604893 1
3 2 20.201117874523355 0

0 3 21.40965486284362 1
1 3 21.366049405401373 1
2 3 20.38458914629503 0
3 3 20.071743340018134 0


# 20.0 20.0 1.6175760669585095
0 0 20.538297167848484 0
1 0 21.64213647206582 1
2 0 21.61247377550177 1
3 0 20.323303392805904 0

0 1 21.36712621552553 1
1 1 20.600332425790896 0
2 1 20.529159896268368 0
3 1 20.139977177470236 0

0 2 20.48610368109862 0
1 2 20.49190018575194 0
2 2 21.202788789609922 1
3 2 20.209645035478555 0

0 3 21.44113312481925 1
1 3 21.39648679985691 1
2 3 20.40048862930446 0
3 3 20.076482183754877 0


# 20.0 20.0 1.6421364720658183
0 0 20.555029622057035 0
1 0 21.66638077011925 1
2 0 21.63497600564102 1
3 0 20.332963908862226 0

0 1 21.389404503220817 1
1 1 20.620438613617257 0
2 1 20.546938388283547 0
3 1 20.14717270400798 0

0 2 20.50555658025798 0
1 2 20.51299222623595 0
2 2 21.225095699060276 1
3 2 20.218224951030333 0

0 3 21.472076852887135 1
1 3 21.42646104676405 1
2 3 20.416404574028622 0
3 3 20.08134437944041 0


# 20.0 20.0 1.6663807701192503
0 0 20.571717978943063 0
1 0 21.690318368952656 1
2 0 21.657149661397277 1
3 0 20.34262907652805 0

0 1 21.41142207215936 1
1 1 20.640597612831208 0
2 1 20.564725533773498 0
3 1 20.154498405175627 0

0 2 20.525081097702536 0
1 2 20.534175424852922 0
2 2 21.247093471309608 1
3 2 20.226854738158167 0

0 3 21.502500591916796 1
1 3 21.45598664988954 1
2 3 20.432328675927096 0
3 3 20.086326182749577 0


# 20.0 20.0 1.6903183689526564
0 0 20.588357016994458 0
1 0 21.71395824895132 1
2 0 21.679005129929624 1
3 0 20.3522964721943 0

0 1 21.433190773859007 1
1 1 20.66080152719255 0
2 1 20.582515490555657 0
3 1 20.161949472569148 0

0 2 20.544666093086573 0
1 2 20.555437577357722 0
2 2 21.26879862247073 1
3 2 20.235531730488997 0

0 3 21.532418403523504 1
1 3 21.48507742647588 1
2 3 20.448253298318512 0
3 3 20.091423860516283 0


# 20.0 20.0 1.7139582489513217
0 0 20.604941952656382 0
1 0 21.73730898581271 1
2 0 21.700552365855334 1
3 0 20.3619638212564 0

0 1 21.454721676232154 1
1 1 20.68104285864681 0
2 1 20.60030286684349 0
3 1 20.16952117574431 0

0 2 20.564301049062298 0
1 2 20.57676721312442 0
2 2 21.29022654989744 1
3 2 20.244253456842355 0

0 3 21.561843882703116 1
1 3 21.513746547293646 1
2 3 20.464171423281623 0
3 3 20.096633700099183 0


# 20.0 20.0 1.7373089858127102
0 0 20.62146841030529 0
1 0 21.760378772026264 1
2 0 21.721800912010924 1
3 0 20.37162898874423 0

0 1 21.476025113646575 1
1 1 20.70131448901945 0
2 1 20.618082686755066 0
3 1 20.17720886795115 0

0 2 20.58397603951537 0
1 2 20.598153550403158 0
2 2 21.311391608909748 1
3 2 20.253017621778497 0

0 3 21.590790173967513 1
1 3 21.542006574079142 1
2 3 20.48007660610085 0
3 3 20.101952017630165 0


# 20.0 20.0 1.7603787720262645
0 0 20.637932394162373 0
1 0 21.783175437143473 1
2 0 21.742759919058177 1
3 0 20.38128997059355 0

0 1 21.497110733945785 1
1 1 20.721609662445484 0
2 1 20.635850358491197 0
3 1 20.18500799090756 0

0 2 20.603681699355523 0
1 2 20.619586454521286 0
2 2 21.33230718417278 1
3 2 20.261822087976327 0

0 3 21.6192699869859 1
1 3 21.569869494539116 1
2 3 20.49596293300072 0
3 3 20.107375165247202 0


# 20.0 20.0 1.7831754371434734
0 0 20.6543302620256 0
1 0 21.8057064669058 1
2 0 21.76343816400962 1
3 0 20.39094488551119 0

0 1 21.517987542605983 1
1 1 20.74192196851839 0
2 1 20.65360164497492 0
3 1 20.19291407871099 0

0 2 20.62340919579195 0
1 2 20.64105639882053 0
2 2 21.352985756109756 1
3 2 20.270664860282135 0

0 3 21.64729561173838 1
1 3 21.597346755091188 1
2 3 20.511824981932065 0
3 3 20.11289953740487 0


# 20.0 20.0 1.8057064669058
0 0 20.67065870070682 0
1 0 21.827979021294574 1
2 0 21.783844067742585 1
3 0 20.40059196739023 0

0 1 21.53866394419674 1
1 1 20.76224532614095 0
2 1 20.671332636760575 0
3 1 20.200922760978326 0

0 2 20.643150201025755 0
1 2 20.662554428137557 0
2 2 21.373438962701837 1
3 2 20.279544071283308 0

0 3 21.674878933189202 1
1 3 21.624449291496465 1
2 3 20.527657786190158 0
3 3 20.118521576347977 0


# 20.0 20.0 1.8279790212945741
0 0 20.68691470306727 0
1 0 21.84999995156361 1
2 0 21.803985711565968 1
3 0 20.410229558234715 0

0 1 21.559147781303285 1
1 1 20.782573968059364 0
2 1 20.689039727035734 0
3 1 20.20902976529588 0

0 2 20.662896866294233 0
1 2 20.68407212464958 0
2 2 21.393677657002055 1
3 2 20.28845796827316 0

0 3 21.70203144548788 1
1 3 21.651187557529543 1
2 3 20.543456800660728 0
3 3 20.124237776826657 0


# 20.0 20.0 1.8499999515636105
0 0 20.70309554655125 0
1 0 21.87177581631206 1
2 0 21.823870852899187 1
3 0 20.419856101556604 0

0 1 21.579446371059404 1
1 1 20.802902426061195 0
2 1 20.706719588553117 0
3 1 20.21723091905405 0

0 2 20.682641797204237 0
1 2 20.705601575919964 0
2 2 21.41371196066684 1
3 2 20.29740490148426 0

0 3 21.72876426570712 1
1 3 21.677571551820755 1
2 3 20.55921787050475 0
3 3 20.130044690124766 0


# 20.0 20.0 1.8717758163120592
0 0 20.719198773123864 0
1 0 21.893312896651963 1
2 0 21.843506940118562 1
3 0 20.42947013621064 0

0 1 21.59956653943158 1
1 1 20.823225516816937 0
2 1 20.724369152342444 0
3 1 20.22552215073423 0

0 2 20.702378030294362 0
1 2 20.72713534499099 0
2 2 21.4335513137867 1
3 2 20.30638331347767 0

0 3 21.755088147127044 1
1 3 21.703610842995758 1
2 3 20.574937202106437 0
3 3 20.135938927467283 0


# 20.0 20.0 1.8933128966519632
0 0 20.73522217052441 0
1 0 21.9146172105221 1
2 0 21.862901126622486 1
3 0 20.439070290635335 0

0 1 21.619514653387082 1
1 1 20.843538328344636 0
2 1 20.741985588063862 0
3 1 20.233899490709515 0

0 2 20.722099010768062 0
1 2 20.748666442382167 0
2 2 21.4532045212773 1
3 2 20.31539172958506 0

0 3 21.781013492075637 1
1 3 21.729314593228708 1
2 3 20.590611336121647 0
3 3 20.141917162866942 0


# 20.0 20.0 1.914617210522099
0 0 20.75116375475244 0
1 0 21.935694526196805 1
2 0 21.882060284163092 1
3 0 20.448655277470934 0

0 1 21.639296651071206 1
1 1 20.863836207076663 0
2 1 20.759566285875515 0
3 1 20.242359071614892 0

0 2 20.74179857134215 0
1 2 20.77018829986292 0
2 2 21.472679796073333 1
3 2 20.32442874930915 0

0 3 21.806550364335763 1
1 3 21.754691580316944 1
2 3 20.606237122475623 0
3 3 20.14797613546515 0


# 20.0 20.0 1.935694526196805
0 0 20.76702175370857 0
1 0 21.95655037503592 1
2 0 21.90099101548883 1
3 0 20.458223888527225 0

0 1 21.658918070111742 1
1 1 20.884114745507617 0
2 1 20.777108839697707 0
3 1 20.250897128337474 0

0 2 20.761470912157506 0
1 2 20.791694745878164 0
2 2 21.491984799350142 1
3 2 20.333493038595996 0

0 3 21.83170850112937 1
1 3 21.77975021837743 1
2 3 20.62181169716996 0
3 3 20.154112651417595 0


# 20.0 20.0 1.9565503750359206
0 0 20.782794591916833 0
1 0 21.97719006351937 1
2 0 21.91969966633923 1
3 0 20.467774990076364 0

0 1 21.678384074162032 1
1 1 20.90436977040234 0
2 1 20.794611031765367 0
3 1 20.259509997672552 0

0 2 20.781110581700926 0
1 2 20.813179982513983 0
2 2 21.511126677981878 1
3 2 20.342583322899827 0

0 3 21.856497324689652 1
1 3 21.804498577258062 1
2 3 20.63733246076871 0
3 3 20.160323585370584 0


# 20.0 20.0 1.9771900635193695
0 0 20.798480876260005 0
1 0 21.997618684607573 1
2 0 21.938192336830376 1
3 0 20.47730751844765 0

0 1 21.697699477787587 1
1 1 20.924597331543122 0
2 1 20.812070818368966 0
3 1 20.268194117686903 0

0 2 20.800712458689382 0
1 2 20.83463856389898 0
2 2 21.530112099429985 1
3 2 20.351698380967886 0

0 3 21.880925953432193 1
1 3 21.828944400750423 1
2 3 20.65279705844304 0
3 3 20.166605881570174 0


# 20.0 20.0 1.9976186846075734
0 0 20.814079382663387 0
1 0 22.017841128466497 1
2 0 21.956474892266897 1
3 0 20.48682047590298 0

0 1 21.71686876979526 1
1 1 20.944793690995407 0
2 1 20.829486316691806 0
3 1 20.276946026826806 0

0 2 20.820271734869944 0
1 2 20.85606537594438 0
2 2 21.548947284241912 1
3 2 20.360837039278902 0

0 3 21.90500321273608 1
1 3 21.853095123684387 1
2 3 20.66820336146239 0
3 3 20.172956554642543 0


# 20.0 20.0 2.0178411284664968
0 0 20.829589043666648 0
1 0 22.03786209259405 1
2 0 21.974552973413953 1
3 0 20.496312926773363 0

0 1 21.73589613509824 1
1 1 20.96495531287157 0
2 1 20.84685579265885 0
3 1 20.285762362804615 0

0 2 20.83978389869075 0
1 2 20.877455617332913 0
2 2 21.567638036327097 1
3 2 20.369998167074478 0

0 3 21.928737645346082 1
1 3 21.87695788797934 1
2 3 20.683549450028355 0
3 3 20.179372690080644 0


# 20.0 20.0 2.0378620925940503
0 0 20.845008936826957 0
1 0 22.05768609138245 1
2 0 21.992432006260344 1
3 0 20.505783993838303 0

0 1 21.754785475204784 1
1 1 20.985078853572684 0
2 1 20.8641776497188 0
3 1 20.2946398612944 0

0 2 20.859244719800344 0
1 2 20.898804781673086 0
2 2 21.586189771165333 1
3 2 20.379180671927834 0

0 3 21.95213752140698 1
1 3 21.90053955772151 1
2 3 20.698833597354774 0
3 3 20.185851444469133 0


# 20.0 20.0 2.0576860913824504
0 0 20.860338273900233 0
1 0 22.077317465149186 1
2 0 22.010117211301885 1
3 0 20.51523285493128 0

0 1 21.77354042741346 1
1 1 21.00516115248865 0
2 1 20.8814504184873 0
3 1 20.30357535446419 0

0 2 20.878650234334653 0
1 2 20.9201086407413 0
2 2 21.604607542091532 1
3 2 20.388383495799165 0

0 3 21.975210848141 1
1 3 21.92384673333205 1
2 3 20.714054254904585 0
3 3 20.19239004547669 0


# 20.0 20.0 2.0773174651491857
0 0 20.875576390750577 0
1 0 22.096760388667413 1
2 0 22.02761361237224 1
3 0 20.524658739755793 0

0 1 21.792164382792983 1
1 1 21.025199223137463 0
2 1 20.898672747184694 0
3 1 20.31256576936957 0

0 2 20.897996730952702 0
1 2 20.941363228739885 0
2 2 21.62289606479068 1
3 2 20.397605611531244 0

0 3 21.99796537917934 1
1 3 21.946885764885987 1
2 3 20.729210038700433 0
3 3 20.198985791642308 0


# 20.0 20.0 2.0967603886674127
0 0 20.890722737941083 0
1 0 22.11601887922479 1
2 0 22.044926045046587 1
3 0 20.534060926897578 0

0 1 21.810660503020053 1
1 1 21.045190244724896 0
2 1 20.91584339280701 0
3 1 20.321608126230878 0

0 2 20.91728073758396 0
1 2 20.962564827504195 0
2 2 21.641059740127243 1
3 2 20.406846019742936 0

0 3 22.020408623558524 1
1 3 21.969662764637935 1
2 3 20.744299716631904 0
3 3 20.20563605197968 0


# 20.0 20.0 2.1160188792247894
0 0 20.905776871962143 0
1 0 22.135096804238152 1
2 0 22.062059164641944 1
3 0 20.543438741019738 0

0 1 21.82903173614446 1
1 1 21.065131554106426 0
2 1 20.93296121297355 0
3 1 20.330699536614016 0

0 2 20.936499008851918 0
1 2 20.983709952596676 0
2 2 21.659102675424478 1
3 2 20.41610374608195 0

0 3 22.042547854392296 1
1 3 21.992183618806592 1
2 3 20.759322196687894 0
3 3 20.21233826542165 0


# 20.0 20.0 2.1350968042381524
0 0 20.920738447056095 0
1 0 22.153997888449805 1
2 0 22.0790174538363 1
3 0 20.55279155022843 0

0 1 21.847280831346566 1
1 1 21.085020638133717 0
2 1 20.95002515839892 0
3 1 20.339837201532738 0

0 2 20.955648514140165 0
1 2 21.004795340230096 0
2 2 21.677028704300888 1
3 2 20.425377838801573 0

0 3 22.064390117229536 1
1 3 22.014453998666486 1
2 3 20.77427651604767 0
3 3 20.21908994012466 0


# 20.0 20.0 2.1539978884498048
0 0 20.93560720759963 0
1 0 22.172725720729748 1
2 0 22.09580522992746 1
3 0 20.56211876359773 0

0 1 21.865410352748494 1
1 1 21.104855126368584 0
2 1 20.967034265941326 0
3 1 20.34901840948845 0

0 2 20.974726426268777 0
1 2 21.02581793496631 0
2 2 21.694841405163526 1
3 2 20.434667366629228 0

0 3 22.085942238108494 1
1 3 22.036479370991962 1
2 3 20.78916183096903 0
3 3 20.225888652651353 0


# 20.0 20.0 2.1727257207297477
0 0 20.950382981007785 0
1 0 22.191283760506746 1
2 0 22.112426651751058 1
3 0 20.571419828843087 0

0 1 21.8834226923368 1
1 1 21.124632784147906 0
2 1 20.983987652182755 0
3 1 20.358240534461796 0

0 2 20.993730110750427 0
1 2 21.04677487814057 0
2 2 21.712544118450737 1
3 2 20.44397141689757 0

0 3 22.1072108313175 1
1 3 22.058265007895425 1
2 3 20.8039774074163 0
3 3 20.23273204704767 0


# 20.0 20.0 2.191283760506746
0 0 20.965065671125625 0
1 0 22.209675343849757 1
2 0 22.12888572627602 1
3 0 20.58069423013359 0

0 1 21.901320082050944 1
1 1 21.144351505983494 0
2 1 21.000884507500047 0
3 1 20.367501033868773 0

0 2 21.012657115597015 0
1 2 21.067663496964943 0
2 2 21.730139962710446 1
3 2 20.453289093911394 0

0 3 22.128202306871977 1
1 3 22.079815996098855 1
2 3 20.8187226123751 0
3 3 20.239617833829392 0


# 20.0 20.0 2.2096753438497565
0 0 20.97965525207591 0
1 0 22.227903689220092 1
2 0 22.145186314894673 1
3 0 20.589941486033943 0

0 1 21.91910460508868 1
1 1 21.16400930928157 0
2 1 21.01772409058911 0
3 1 20.3767974464927 0

0 2 21.031505161649047 0
1 2 21.088481294267506 0
2 2 21.74763184959406 1
3 2 20.46261951752611 0

0 3 22.14892287771756 1
1 3 22.101137245675027 1
2 3 20.833396905804527 0
3 3 20.2465437888915 0


# 20.0 20.0 2.227903689220092
0 0 20.994151762532884 0
1 0 22.245971902913357 1
2 0 22.161332139423532 1
3 0 20.599161147567717 0

0 1 21.936778206476518 1
1 1 21.183604328367014 0
2 1 21.03450572340736 0
3 1 20.38612739040202 0

0 2 21.050272133401325 0
1 2 21.109225938827116 0
2 2 21.765022497840327 1
3 2 20.47196182191562 0

0 3 22.169378566668644 1
1 3 22.122233498292278 1
2 3 20.847999833181024 0
3 3 20.253507752352565 0


# 20.0 20.0 2.2459719029133574
0 0 21.008555300394377 0
1 0 22.263882984209214 1
2 0 22.177326787829955 1
3 0 20.608352796394062 0

0 1 21.954342702950456 1
1 1 21.203134808798126 0
2 1 21.051228786502254 0
3 1 20.39548856086288 0

0 2 21.068956070299823 0
1 2 21.12989525626618 0
2 2 21.782314446318374 1
3 2 20.48131515450957 0

0 3 22.18957521309168 1
1 3 22.14310933499447 1
2 3 20.862531018591405 0
3 3 20.260507627345085 0


# 20.0 20.0 2.2638829842092143
0 0 21.022866017826097 0
1 0 22.281639830245876 1
2 0 22.1931737196988 1
3 0 20.617516043090617 0

0 1 21.971799792189625 1
1 1 21.222599101958263 0
2 1 21.067892714696207 0
3 1 20.404878728254197 0

0 2 21.0875551584858 0
1 2 21.150487220466488 0
2 2 21.799510066194255 1
3 2 20.49067867508169 0

0 3 22.20951847934214 1
1 3 22.163769183545504 1
2 3 20.876990158335584 0
3 3 20.26754137876167 0


# 20.0 20.0 2.281639830245876
0 0 21.037084116653585 0
1 0 22.299245240635276 1
2 0 22.208876271452517 1
3 0 20.626650525535837 0

0 1 21.989151061442833 1
1 1 21.241995659911154 0
2 1 21.084496993100533 0
3 1 20.414295735992138 0

0 2 21.10606772296441 0
1 2 21.17099994547548 0
2 2 21.816611572280852 1
3 2 20.500051554972675 0

0 3 22.22921385696394 1
1 3 22.184217325365893 1
2 3 20.89137701500239 0
3 3 20.27460703196595 0


# 20.0 20.0 2.299245240635276
0 0 21.051209844078993 0
1 0 22.316701921833907 1
2 0 22.224437661337156 1
3 0 20.6357559073845 0

0 1 22.00639799558569 1
1 1 21.261323030507366 0
2 1 21.10104115343312 0
3 1 20.42373749846995 0

0 2 21.124492220176208 0
1 2 21.19143167787262 0
2 2 21.83362103362674 1
3 2 20.509432976432574 0

0 3 22.248666672659745 1
1 3 22.204457902086943 1
2 3 20.905691411984446 0
3 3 20.28170267147618 0


# 20.0 20.0 2.316701921833907
0 0 21.065243488701185 0
1 0 22.33401249128343 1
2 0 22.23986099418621 1
3 0 20.64483187663053 0

0 1 22.023541984643707 1
1 1 21.280579852729808 0
2 1 21.11752477061648 0
3 1 20.43320199901837 0

0 2 21.14282723095092 0
1 2 21.21178078956747 0
2 2 21.85054038339587 1
3 2 20.51882213206909 0

0 3 22.26788209404045 1
1 3 22.224494921746402 1
2 3 20.91993322840052 0
3 3 20.28882643962867 0


# 20.0 20.0 2.3340124912834312
0 0 21.07918537681907 0
1 0 22.35117948133435 1
2 0 22.255149265973365 1
3 0 20.65387814425173 0

0 1 22.040584330814667 1
1 1 21.299764852266772 0
2 1 21.13394745963474 0
3 1 20.442687287891065 0

0 2 21.161071453824054 0
1 2 21.23204577100303 0
2 2 21.867371428086155 1
3 2 20.52821822438946 0

0 3 22.286865135161836 1
1 3 22.244332264647838 1
2 3 20.93410239439605 0
3 3 20.295976535227464 0


# 20.0 20.0 2.3511794813343485
0 0 21.093035868999372 0
1 0 22.36820534296518 1
2 0 22.270305368164703 1
3 0 20.66289444293134 0

0 1 22.057526255021532 1
1 1 21.31887683730146 0
2 1 21.150308872629594 0
3 1 20.452191480279044 0

0 2 21.17922369869768 0
1 2 21.252225224739682 0
2 2 21.884115856131878 1
3 2 20.537620465424762 0

0 3 22.305620661856157 1
1 3 22.26397368890453 1
2 3 20.948198886794582 0
3 3 20.303151212185906 0


# 20.0 20.0 2.3682053429651795
0 0 21.106795356891237 0
1 0 22.38509244930893 1
2 0 22.285332091880225 1
3 0 20.671880525851723 0

0 1 22.074368903025313 1
1 1 21.337914694507433 0
2 1 21.166608696216958 0
3 1 20.461712754357247 0

0 2 21.19728288082783 0
1 2 21.272317859396637 0
2 2 21.90077524593154 1
3 2 20.547028076426617 0

0 3 22.324153396866123 1
1 3 22.28342283568723 1
2 3 20.962222725074867 0
3 3 20.31034877816523 0


# 20.0 20.0 2.3850924493089316
0 0 21.120464260271163 0
1 0 22.401843098997862 1
2 0 22.300232131874054 1
3 0 20.680836165555835 0

0 1 22.09111335112553 1
1 1 21.35687738523992 0
2 1 21.182846649007377 0
3 1 20.471249349366122 0

0 2 21.215248015121723 0
1 2 21.292322483929365 0
2 2 21.917351073340086 1
3 2 20.556440287627158 0

0 3 22.34246792478865 1
1 3 22.302683234193882 1
2 3 20.976173967650112 0
3 3 20.31756759321461 0


# 20.0 20.0 2.401843098997862
0 0 21.134043024302883 0
1 0 22.418459519336952 1
2 0 22.315008090342147 1
3 0 20.689761152872325 0

0 1 22.10776061147423 1
1 1 21.375763941913377 0
2 1 21.199022479314564 0
3 1 20.480799563730514 0

0 2 21.233118210728918 0
1 2 21.31223800222287 0
2 2 21.93384471866154 1
3 2 20.565856338054097 0

0 3 22.360568696835333 1
1 3 22.321758306358237 1
2 3 20.99005270842762 0
3 3 20.324806068416663 0


# 20.0 20.0 2.4184595193369525
0 0 21.147532116997713 0
1 0 22.434943869315838 1
2 0 22.32966248056581 1
3 0 20.698655295900476 0

0 1 22.124311637027994 1
1 1 21.39457346455611 0
2 1 21.215135963037632 0
3 1 20.49036175321774 0

0 2 21.250892665911337 0
1 2 21.33206340798202 0
2 2 21.950257473175803 1
3 2 20.575275475393546 0

0 3 22.378460035416495 1
1 3 22.340651371313104 1
2 3 21.003859073628526 0
3 3 20.33206266454193 0


# 20.0 20.0 2.4349438693158376
0 0 21.100932026861923 -1
1 0 22.330578242468377 -1
2 0 22.34274909039892 1
3 0 20.707501035371457 0

0 1 22.14004732616077 1
1 1 21.4118478375332 0
2 1 21.231152030663733 0
3 1 20.49993370207974 0

0 2 21.268562023177772 0
1 2 21.35178018886128 0
2 2 21.96658991568593 1
3 2 20.58469694081471 0

0 3 22.396146034875393 1
1 3 22.359365437286336 1
2 3 21.017593208746298 0
3 3 20.339335890413153 0


# 20.119999999999997 20.0 2.4349438693158376
0 0 21.054945980718443 -1
1 0 22.23040847118851 -1
2 0 22.354382367048853 1
3 0 20.71628279092763 0

0 1 22.15498960855917 1
1 1 21.42769910492288 0
2 1 21.24703999426872 0
3 1 20.509512723304525 0

0 2 21.286117408191856 0
1 2 21.371372002188984 0
2 2 21.98284202548523 1
3 2 20.594119956970925 0

0 3 22.413630571765616 1
1 3 22.37790323831272 1
2 3 21.031255267829486 0
3 3 20.346624301055886 0


# 20.239999999999995 20.0 2.4349438693158376
0 0 21.01103270236955 -1
1 0 22.13496868549069 -1
2 0 22.365397805281045 1
3 0 20.72643553679726 0

0 1 22.169898235585496 1
1 1 21.442248894896988 0
2 1 21.262782091931438 0
3 1 20.51983323995413 0

0 2 21.30427928676228 0
1 2 21.3908334274294 0
2 2 21.999013497191875 1
3 2 20.604272571236567 0

0 3 22.432366061482952 1
1 3 22.397004759384487 1
2 3 21.045574257272236 0
3 3 20.35538398815998 0


# 20.359999999999992 20.0 2.4349438693158376
0 0 20.969173928137163 -1
1 0 22.044061848239863 -1
2 0 22.375890451182865 1
3 0 20.737912541766203 0

0 1 22.18479093500846 1
1 1 21.455610567573242 0
2 1 21.278372724589556 0
3 1 20.530886937927164 0

0 2 21.323035441805313 0
1 2 21.410169394104248 0
2 2 22.015121516693096 1
3 2 20.615149832557993 0

0 3 22.452321365683844 1
1 3 22.416667339695064 1
2 3 21.06054621260138 0
3 3 20.36557851712813 0


# 20.47999999999999 20.0 2.4523213656838436
0 0 20.929349900123206 -1
1 0 21.95750146164034 -1
2 0 22.265948492969137 -1
3 0 20.749229715433376 0

0 1 22.07968566665213 -1
1 1 21.40645001129356 -1
2 1 21.231631717315853 -1
3 1 20.54190182171791 0

0 2 21.34093407036677 0
1 2 21.428631338443825 0
2 2 22.030427193102856 1
3 2 20.626728429973944 0

0 3 22.473449013439968 1
1 3 22.436878830201692 1
2 3 21.076157886157315 0
3 3 20.377172326305093 0


# 20.599999999999987 20.0 2.473449013439968
0 0 20.89009954925828 -1
1 0 21.8729163768937 -1
2 0 22.159903989980148 -1
3 0 20.700439115418153 -1

0 1 21.97886867222376 -1
1 1 21.357084988009994 -1
2 1 21.185585210798422 -1
3 1 20.552174978280046 0

0 2 21.358066227700657 0
1 2 21.446246521066705 0
2 2 22.044983304409875 1
3 2 20.63897780322298 0

0 3 22.495704189650958 1
1 3 22.45762722249572 1
2 3 21.092396649177235 0
3 3 20.390130615986912 0


# 20.719999999999985 20.0 2.495704189650958
0 0 20.851477386074393 -1
1 0 21.790275485432936 -1
2 0 22.056903620140776 -1
3 0 20.65373225044415 -1

0 1 21.882155731211785 -1
1 1 21.307596063967633 -1
2 1 21.140217016281678 -1
3 1 20.56177875403167 0

0 2 21.374516723440383 0
1 2 21.463043367827268 0
2 2 22.05883972383631 1
3 2 20.65186972461387 0

0 3 22.519044566174756 1
1 3 22.47890069414905 1
2 3 21.10925044231946 0
3 3 20.404419355814582 0


# 20.839999999999982 20.0 2.519044566174756
0 0 20.813533374775453 -1
1 0 21.709540311751358 -1
2 0 21.95687554303659 -1
3 0 20.60906174099298 -1

0 1 21.78937294444709 -1
1 1 21.258057536580875 -1
2 1 21.095513218189982 -1
3 1 20.570781382567905 0

0 2 21.390364551597276 0
1 2 21.47905123624552 0
2 2 22.072043632548596 1
3 2 20.66537812863126 0

0 3 22.54343014474142 1
1 3 22.500687646874468 1
2 3 21.126707731364895 0
3 3 20.42000528932521 0


# 20.95999999999998 20.0 2.5434301447414214
0 0 20.776313132357917 -1
1 0 21.630674573201507 -1
2 0 21.859749764617664 -1
3 0 20.56638189208346 -1

0 1 21.700356103426746 -1
1 1 21.20853791639776 -1
2 1 21.051461936070446 -1
3 1 20.579247227981476 0

0 2 21.405683290243154 0
1 2 21.494300206738504 0
2 2 22.084639714219925 1
3 2 20.679478954007067 0

0 3 22.56882311077614 1
1 3 22.522976738292293 1
2 3 21.14475746754962 0
3 3 20.436855935968183 0


# 21.079999999999977 20.0 2.5688231107761403
0 0 20.73985822771257 -1
1 0 21.55364399203178 -1
2 0 21.76545812834595 -1
3 0 20.525648608244385 -1

0 1 21.614950100295065 -1
1 1 21.159100371232295 -1
2 1 21.00805310844042 -1
3 1 20.587237012454555 0

0 2 21.360541473066657 -1
1 2 21.44810089637679 -1
2 2 21.975941693053855 -1
3 2 20.63270125363649 -1

0 3 22.594467697324507 1
1 3 22.545019628019027 1
2 3 21.161931460997028 0
3 3 20.454184714848928 0


# 21.199999999999974 20.0 2.5944676973245073
0 0 20.70420646062284 -1
1 0 21.47841612388886 -1
2 0 21.673934301042305 -1
3 0 20.48681931410955 -1

0 1 21.532288375741732 -1
1 1 21.10906585546652 -1
2 1 20.963820705579487 -1
3 1 20.59405315321137 0

0 2 21.316777014831175 -1
1 2 21.401953703647152 -1
2 2 21.871021377273593 -1
3 2 20.587638911927765 -1

0 3 22.620368419935026 1
1 3 22.56681984665718 1
2 3 21.17831465090051 0
3 3 20.471985507868308 0


# 21.319999999999972 20.0 2.6203684199350263
0 0 20.669383482035983 -1
1 0 21.404951250348066 -1
2 0 21.585096155638972 -1
3 0 20.44984361050781 -1

0 1 21.452274980188584 -1
1 1 21.058506702081285 -1
2 1 20.918861440370133 -1
3 1 20.59977904833016 0

0 2 21.274367545453515 -1
1 2 21.355908511529677 -1
2 2 21.769701033341196 -1
3 2 20.544255664701275 -1

0 3 22.526529405522695 -1
1 3 22.466942443913013 -1
2 3 21.19252898338416 0
3 3 20.490235445362075 0


# 21.319999999999972 20.0 2.6203684199350263
0 0 20.635412391449126 -1
1 0 21.33321148082348 -1
2 0 21.498865115482552 -1
3 0 20.414672970495282 -1

0 1 21.374818870688472 -1
1 1 21.007491984022323 -1
2 1 20.873266137406482 -1
3 1 20.60449466557153 0

0 2 21.231851189997357 -1
1 2 21.30853674279154 -1
2 2 21.67177843408022 -1
3 2 20.502515029323988 -1

0 3 22.4357998705308 -1
1 3 22.370493248429145 -1
2 3 21.144752851616484 -1
3 3 20.508194183900326 0


# 21.319999999999972 20.0 2.6203684199350263
0 0 20.6008739095751 -1
1 0 21.262423370737853 -1
2 0 21.41443713037596 -1
3 0 20.37981192510882 -1

0 1 21.29907908312269 -1
1 1 20.956052032797956 -1
2 1 20.82711050996488 -1
3 1 20.607539139190298 0

0 2 21.188554428374808 -1
1 2 21.25996951686173 -1
2 2 21.576345244137574 -1
3 2 20.461634340899117 -1

0 3 22.346659647313338 -1
1 3 22.27586911618462 -1
2 3 21.096918134379262 -1
3 3 20.524441822983253 0


# 21.319999999999972 20.0 2.6203684199350263
0 0 20.565820478276724 -1
1 0 21.19255730486427 -1
2 0 21.331744527779424 -1
3 0 20.345250099808542 -1

0 1 21.224962884904933 -1
1 1 20.904216737822804 -1
2 1 20.780447353273725 -1
3 1 20.60899047687208 0

0 2 21.144534246972025 -1
1 2 21.21030256419377 -1
2 2 21.483272301131922 -1
3 2 20.4215661537932 -1

0 3 22.259064740367936 -1
1 3 22.18299803857216 -1
2 3 21.04905611868758 -1
3 3 20.539049384625624 0


# 21.319999999999972 20.0 2.6203684199350263
0 0 20.530301183335993 -1
1 0 21.12358504744723 -1
2 0 21.250722647619043 -1
3 0 20.310977653709326 -1

0 1 21.152383069756496 -1
1 1 20.852014950823364 -1
2 1 20.733325884833942 -1
3 1 20.60892331315149 0

0 2 21.099844813091018 -1
1 2 21.15962560235589 -1
2 2 21.392438115793638 -1
3 2 20.382265305096734 -1

0 3 22.17297252393465 -1
1 3 22.091811971891865 -1
2 3 21.001195355370434 -1
3 3 20.552085134704708 0


# 21.319999999999972 20.0 2.6203684199350263
0 0 20.494361958142342 -1
1 0 21.05547967013346 -1
2 0 21.171309694923163 -1
3 0 20.276985254272685 -1

0 1 21.081257641491405 -1
1 1 20.79947449876962 -1
2 1 20.685791989833568 -1
3 1 20.607409044589563 0

0 2 21.05453760015458 -1
1 2 21.108022719682126 -1
2 2 21.30372839067534 -1
3 2 20.343688833122307 -1

0 3 22.08834170793756 -1
1 3 22.00224658646829 -1
2 3 20.953361871787056 -1
3 3 20.56361467831425 0


# 21.319999999999972 20.0 2.6203684199350263
0 0 20.458045775388715 -1
1 0 20.988215483616834 -1
2 0 21.09344660046907 -1
3 0 20.243264052859573 -1

0 1 21.01150951504052 -1
1 1 20.746622199326755 -1
2 1 20.637888449142284 -1
3 1 20.60451596073829 0

0 2 21.00866150826001 -1
1 2 21.055572733354147 -1
2 2 21.21703557057179 -1
3 2 20.30579589664666 -1

0 3 22.005132303588546 -1
1 3 21.914241032741376 -1
2 3 20.90557936855153 -1
3 3 20.573701053077315 0


# 21.319999999999972 20.0 2.6203684199350263
0 0 20.42139282745861 -1
1 0 20.92176797283198 -1
2 0 21.017076888947372 -1
3 0 20.209805661152856 -1

0 1 20.943066233829363 -1
1 1 20.693483878428964 -1
2 1 20.58965515116769 -1
3 1 20.600309370894887 0

0 2 20.962262980162354 -1
1 2 21.002349523696 -1
2 2 21.13225842246509 -1
3 2 20.268547695144747 -1

0 3 21.923305588814202 -1
1 3 21.82773772313898 -1
2 3 20.85786940145654 -1
3 3 20.582404820325745 0


# 21.319999999999972 20.0 2.6203684199350263
0 0 20.384440696150037 -1
1 0 20.856113735535352 -1
2 0 20.942146554185854 -1
3 0 20.176602128452323 -1

0 1 20.875859702665426 -1
1 1 20.640084389621148 -1
2 1 20.541129288757645 -1
3 1 20.59485172666556 0

0 2 20.915386112777643 -1
1 2 20.948422346334628 -1
2 2 21.049301642967087 -1
3 2 20.23190739022817 -1

0 3 21.84282407364789 -1
1 3 21.742682128624413 -1
2 3 20.81025154969837 -1
3 3 20.589784154073136 0


# 21.319999999999972 20.0 2.6203684199350263
0 0 20.347224512347044 -1
1 0 20.791230424116716 -1
2 0 20.86860394100597 -1
3 0 20.143645919840097 -1

0 1 20.80982593533043 -1
1 1 20.586447634853805 -1
2 1 20.492345542243186 -1
3 1 20.588202740373344 0

0 2 20.86807276430474 -1
1 2 20.893856123759566 -1
2 2 20.968075491375817 -1
3 2 20.195840028468453 -1

0 3 21.763651465711714 -1
1 3 21.659022588892224 -1
2 3 20.762743571423133 -1
3 3 20.5958949277252 0


# 21.319999999999972 20.0 2.6203684199350263
0 0 20.309777106215915 -1
1 0 20.72709669048872 -1
2 0 20.796399633314582 -1
3 0 20.11092989521011 -1

0 1 20.744904816111045 -1
1 1 20.53259658645205 -1
2 1 20.443336249633703 -1
3 1 20.58041949935741 0

0 2 20.820362657070927 -1
1 2 20.838711717704598 -1
2 2 20.888495446596536 -1
3 2 20.160312465756927 -1

0 3 21.68575263589765 -1
1 3 21.576710135259056 -1
2 3 20.715361547538333 -1
3 3 20.600790798486635 0


# 21.319999999999972 20.0 2.6203684199350263
0 0 20.27212914847134 -1
1 0 20.663692133907052 -1
2 0 20.72548634806038 -1
3 0 20.07844728915156 -1

0 1 20.681039874538314 -1
1 1 20.47855331001176 -1
2 1 20.3941315648996 -1
3 1 20.571556576222097 0

0 2 20.772293476211633 -1
1 2 20.783046183671726 -1
2 2 20.810481886302302 -1
3 2 20.125293293327267 -1

0 3 21.609093584342983 -1
1 3 21.495698325364813 -1
2 3 20.668120014663568 -1
3 3 20.604523289437005 0


# 21.319999999999972 20.0 2.6203684199350263
0 0 20.234309283227716 -1
1 0 20.600997251578555 -1
2 0 20.6558188347094 -1
3 0 20.04619169167328 -1

0 1 20.61817807264112 -1
1 1 20.424338988004685 -1
2 1 20.34475960520728 -1
3 1 20.561666135103263 0

0 2 20.723900964298615 -1
1 2 20.72691300882313 -1
2 2 20.733959786824048 -1
3 2 20.090752765543893 -1

0 3 21.533641406782596 -1
1 3 21.415943088862722 -1
2 3 20.62103208802918 -1
3 3 20.60714186926015 0


# 21.43999999999997 20.0 2.6203684199350263
0 0 20.196344252922156 -1
1 0 20.53899339191989 -1
2 0 20.587353779917212 -1
3 0 20.014157029753285 -1

0 1 20.556269604052897 -1
1 1 20.369973943900497 -1
2 1 20.29524658790627 -1
3 1 20.550798034027366 0

0 2 20.675219012033978 -1
1 2 20.670362334379075 -1
2 2 20.658858442366796 -1
3 2 20.0566627295389 -1

0 3 21.459364261349183 -1
1 3 21.337402583335578 -1
2 3 20.574109575071507 -1
3 3 20.60869402962211 0


# 21.559999999999967 20.0 2.6203684199350263
0 0 20.15969901576863 -1
1 0 20.478399990334292 -1
2 0 20.520778564456617 -1
3 0 19.983786295863975 -1

0 1 20.496004984343113 -1
1 1 20.315495361356827 -1
2 1 20.24562591651326 -1
3 1 20.53973741590121 0

0 2 20.627008592489407 -1
1 2 20.613450122083464 -1
2 2 20.585111417251674 -1
3 2 20.023725409251565 -1

0 3 21.38768008205051 -1
1 3 21.26077455218595 -1
2 3 20.52809193290722 -1
3 3 20.61068285266162 0


# 21.679999999999964 20.0 2.6203684199350263
0 0 20.12436271089709 -1
1 0 20.41919483038078 -1
2 0 20.456049149262533 -1
3 0 19.955039427994837 -1

0 1 20.437335174977623 -1
1 1 20.260938856539163 -1
2 1 20.19593791458808 -1
3 1 20.528524877455375 0

0 2 20.57929581615419 -1
1 2 20.55623796392903 -1
2 2 20.512673987871704 -1
3 2 19.991911522678862 -1

0 3 21.318524443516775 -1
1 3 21.186016273078376 -1
2 3 20.482984549088457 -1
3 3 20.61311702282701 0


# 21.79999999999996 20.0 2.6203684199350263
0 0 20.090324013369095 -1
1 0 20.361356391734834 -1
2 0 20.393123089805318 -1
3 0 19.927877784194152 -1

0 1 20.380213801861313 -1
1 1 20.20633874429064 -1
2 1 20.146220823080927 -1
3 1 20.517198954161696 0

0 2 20.532105106387398 -1
1 2 20.498784150999974 -1
2 2 20.44150444900404 -1
3 2 19.961193083838264 -1

0 3 21.251835020103762 -1
1 3 21.11308683425139 -1
2 3 20.43879169769973 -1
3 3 20.616004627383692 0


# 21.91999999999996 20.0 2.6203684199350263
0 0 20.05757119121096 -1
1 0 20.304863819585652 -1
2 0 20.331959469155823 -1
3 0 19.902264085042972 -1

0 1 20.324597002685806 -1
1 1 20.151728074120918 -1
2 1 20.096510914930352 -1
3 1 20.505796215092644 0

0 2 20.485459286004602 -1
1 2 20.441143855472546 -1
2 2 20.371563910075135 -1
3 2 19.931543351347674 -1

0 3 21.1875515128231 -1
1 3 21.041947032004778 -1
2 3 20.395516633229906 -1
3 3 20.61935318061281 0


# 22.039999999999957 20.0 2.6203684199350263
0 0 20.026092158194622 -1
1 0 20.249696895580712 -1
2 0 20.27251883419793 -1
3 0 19.87816235857291 -1

0 1 20.270443282792844 -1
1 1 20.09713866594843 -1
2 1 20.046842602517465 -1
3 1 20.49435135380801 0

0 2 20.43937965980547 -1
1 2 20.38336930162387 -1
2 2 20.302816105056156 -1
3 2 19.902936778264795 -1

0 3 21.12561557866319 -1
1 3 20.972559274822782 -1
2 3 20.353161677360152 -1
3 3 20.623169647578248 0


# 22.159999999999954 20.0 2.6203684199350263
0 0 19.995874522640097 -1
1 0 20.19583601023976 -1
2 0 20.214763134817577 -1
3 0 19.85553788752779 -1

0 1 20.21771337909627 -1
1 1 20.042601145504634 -1
2 1 19.997248538466863 -1
3 1 20.482897275399186 0

0 2 20.39388609320624 -1
1 2 20.325509926569 -1
2 2 20.23522721506139 -1
3 2 19.87534896323414 -1

0 3 21.065970762247662 -1
1 3 20.904887493674348 -1
2 3 20.311728299186793 -1
3 3 20.627460467414483 0


# 22.27999999999995 20.0 2.6203684199350263
0 0 19.966905632497085 -1
1 0 20.14326213676352 -1
2 0 20.158655665908338 -1
3 0 19.834357158872482 -1

0 1 20.16637013162872 -1
1 1 19.988144979321547 -1
2 1 19.94775971024874 -1
3 1 20.471465179820683 0

0 2 20.348997087136922 -1
1 2 20.26761253139602 -1
2 2 20.16876570278723 -1
3 2 19.848756602978572 -1

0 3 21.008562429776482 -1
1 3 20.838897058064337 -1
2 3 20.27121718936014 -1
3 3 20.632231576095627 0


# 22.39999999999995 20.0 2.6203684199350263
0 0 19.939172616947896 -1
1 0 20.091956806165587 -1
2 0 20.10416101204363 -1
3 0 19.814587815455443 -1

0 1 20.11637836230119 -1
1 1 19.93379850923545 -1
2 1 19.898405529003444 -1
3 1 20.460084641637465 0

0 2 20.304729849358857 -1
1 2 20.20972142332236 -1
2 2 20.103402157989418 -1
3 2 19.823137446162143 -1

0 3 20.953337705193608 -1
1 3 20.77455469744015 -1
2 3 20.231628328585316 -1
3 3 20.637488428653153 0


# 22.519999999999946 20.0 2.6203684199350263
0 0 19.91266242475937 -1
1 0 20.041902083659092 -1
2 0 20.051244994675212 -1
3 0 19.796198609734798 -1

0 1 20.067704760484784 -1
1 1 19.879588986349788 -1
2 1 19.849213912979103 -1
3 1 20.448783686315203 0

0 2 20.261100362353794 -1
1 2 20.151878549452483 -1
2 2 20.039109153252074 -1
3 2 19.798470248641976 -1

0 3 20.900245408524164 -1
1 3 20.711828427586404 -1
2 3 20.19296105089863 -1
3 3 20.643236020816126 0


# 22.639999999999944 20.0 2.6203684199350263
0 0 19.88736185959776 -1
1 0 19.993080546232882 -1
2 0 19.999874621726214 -1
3 0 19.779159359480843 -1

0 1 20.020317775044038 -1
1 1 19.8255426044095 -1
2 1 19.80021136594454 -1
3 1 20.43758886317877 0

0 2 20.218123447931184 -1
1 2 20.094123622676914 -1
2 2 19.975861109353918 -1
3 2 19.7747347301192 -1

0 3 20.849235996323504 -1
1 3 20.650687481666562 -1
2 3 20.155214102102928 -1
3 3 20.64947891005341 0


# 22.75999999999994 20.0 2.6203684199350263
0 0 19.863257612507564 -1
1 0 19.94547526135482 -1
2 0 19.950018039455074 -1
3 0 19.763440905371137 -1

0 1 19.97418751247037 -1
1 1 19.7716845325472 -1
2 1 19.751423050913623 -1
3 1 20.42652531516211 0

0 2 20.175812828695722 -1
1 2 20.036494240215582 -1
2 2 19.913634169585144 -1
3 2 19.7519115321918 -1

0 3 20.800261504180206 -1
1 3 20.591102245594552 -1
2 3 20.118385693717403 -1
3 3 20.6562212360024 0


# 22.87999999999994 20.0 2.6203684199350263
0 0 19.840336291743192 -1
1 0 19.899069766742862 -1
2 0 19.901644486474293 -1
3 0 19.749015070397412 -1

0 1 19.929285640782446 -1
1 1 19.71803894736879 -1
2 1 19.702872859492853 -1
3 1 20.415616845470286 0

0 2 20.13418118651264 -1
1 2 19.979025995273968 -1
2 2 19.852406082413168 -1
3 2 19.729982177806377 -1

0 3 20.753275491215003 -1
1 3 20.533044197442056 -1
2 3 20.082473552771564 -1
3 3 20.663466740273247 0


# 22.999999999999936 20.0 2.6203684199350263
0 0 19.81858445013074 -1
1 0 19.85384805114735 -1
2 0 19.854724249814822 -1
3 0 19.735854621006528 -1

0 1 19.88558529887773 -1
1 1 19.66462906435259 -1
2 1 19.654583477141806 -1
3 1 20.40488598127199 0

0 2 20.09324021810351 -1
1 2 19.921752582248555 -1
2 2 19.792156091936956 -1
3 2 19.708929032100297 -1

0 3 20.70823298651781 -1
1 3 20.476485850607943 -1
2 3 20.047474967748975 -1
3 3 20.6712187856216 0


