# 20.0 20.0 0.0
0 0 20.0 0
1 0 20.0 0
2 0 20.0 0
3 0 20.06 1

0 1 20.0 0
1 1 20.06 1
2 1 20.00072 0
3 1 20.00072864 0

0 2 20.06 1
1 2 20.00144 0
2 2 20.00002592 0
3 2 20.00000905472 0

0 3 20.00072 0
1 3 20.00002592 0
2 3 20.00000062208 0
3 3 20.0000001161216 0


# 20.0 20.0 0.05999999999999872
0 0 20.0 0
1 0 20.00072 0
2 0 20.00073728 0
3 0 20.11785759104 1

0 1 20.00144 0
1 1 20.117171839999997 1
2 1 20.002109404160002 0
3 1 20.00213774971904 0

0 2 20.117523199999997 1
1 2 20.00418784256 0
2 2 20.00010035892224 0
3 2 20.000035533118915 0

0 3 20.00210466944 0
1 3 20.00010034896896 0
2 3 20.000003005840796 0
3 3 20.00000057440874 0


# 20.0 20.0 0.11785759103999993
0 0 20.00002592 0
1 0 20.002104980480002 0
2 0 20.00217117794816 0
3 0 20.173666424894567 1

0 1 20.00419617152 0
1 1 20.171698772464637 1
2 1 20.004121449468972 0
3 1 20.00418184512063 0

0 2 20.172713089802237 1
1 2 20.008122176959017 0
2 2 20.000242927678624 0
3 2 20.000087144894415 0

0 3 20.004102662605415 0
1 3 20.000242868457125 0
2 3 20.000008716042018 0
3 3 20.000001704061262 0


# 20.0 20.0 0.17366642489456652
0 0 20.000100600704 0
1 0 20.004104217913245 0
2 0 20.00426269358166 0
3 0 20.22751576806279 1

0 1 20.00815408187181 0
1 1 20.22375125450089 1
2 1 20.006712884545042 0
3 1 20.00681799719559 0

0 2 20.225703687087776 1
1 2 20.013131601317678 0
2 2 20.00047055131164 0
3 2 20.000170967839672 0

0 3 20.00666632541816 0
1 3 20.00047034769526 0
2 3 20.00001966120507 0
3 3 20.000003930263592 0


# 20.0 20.0 0.2275157680627906
0 0 20.000244078676076 0
1 0 20.006670937081992 0
2 0 20.006974455527505 0
3 0 20.279490709845206 1

0 1 20.01320799867637 0
1 1 20.2734878753443 1
2 1 20.009843676639427 0
3 1 20.010005705565266 0

0 2 20.276620203335035 1
1 2 20.019113872186665 0
2 2 20.00079774298313 0
3 2 20.00029347573615 0

0 3 20.009751424315468 0
1 3 20.000797212584544 0
2 3 20.00003802206443 0
3 3 20.00000776674771 0


# 20.0 20.0 0.27949070984520574
0 0 20.00047383907284 0
1 0 20.009761991763884 0
2 0 20.010270684934333 0
3 0 20.329672360976772 1

0 1 20.01926024574499 0
1 1 20.321056214763793 1
2 1 20.013476744339695 0
3 1 20.013706776904158 0

0 2 20.32557966130193 1
1 2 20.025975176301305 0
2 2 20.00123685234124 0
3 2 20.00046056650715 0

0 3 20.01331689552675 0
1 3 20.001235690782703 0
2 3 20.000066188856184 0
3 3 20.000013808209154 0


# 20.0 20.0 0.32967236097677244
0 0 20.000805047716323 0
1 0 20.013337571478775 0
2 0 20.014117156288634 0
3 0 20.378138043179923 1

0 1 20.026220606509085 0
1 1 20.366593637638676 1
2 1 20.017577713689462 0
3 1 20.017885208154702 0

0 2 20.372691467667295 1
1 2 20.033629459620002 0
2 2 20.001798290572935 0
3 2 20.000677590397093 0

0 3 20.017324613189185 0
1 3 20.001796034909813 0
2 3 20.000106706528527 0
3 3 20.000022722676732 0


# 20.0 20.0 0.3781380431799235
0 0 20.00125076413439 0
1 0 20.017360932173407 0
2 0 20.018481155993026 0
3 0 20.424961469995218 1

0 1 20.034005771468987 0
1 1 20.41022802955544 1
2 1 20.02211469564368 0
3 1 20.022507074484636 0

0 2 20.418057944156608 1
1 2 20.04199780914858 0
2 2 20.00249073424605 0
3 2 20.000949377977303 0

0 3 20.02173917486317 0
1 3 20.002486725730083 0
2 3 20.000162227046165 0
3 3 20.000035243920653 0


# 20.0 20.0 0.42496146999521756
0 0 20.00182213706926 0
1 0 20.021798148893538 0
2 0 20.02333143921571 0
3 0 20.470212919239795 1

0 1 20.042538826396665 0
1 1 20.452078477897768 1
2 1 20.027058082962913 0
3 1 20.02754042191844 0

0 2 20.461774820226932 1
1 2 20.05100788340666 0
2 2 20.003321309858954 0
3 2 20.001280267810632 0

0 3 20.02652770311958 0
1 3 20.00331465701229 0
2 3 20.00023546803973 0
3 3 20.000052163969713 0


# 20.0 20.0 0.47021291923979547
0 0 20.002528583838252 0
1 0 20.02661788865143 0
2 0 20.0286381854589 0
3 0 20.51395939743569 1

0 1 20.05174877827156 0
1 1 20.492255902558185 1
2 1 20.032380364818227 0
3 1 20.032955164558643 0

0 2 20.503931690154975 1
1 2 20.06059338771815 0
2 2 20.004295760846365 0
3 2 20.00167413363508 0

0 3 20.031659661973283 0
1 3 20.004285303630546 0
2 3 20.00032917712342 0
3 3 20.000074325795904 0


# 20.0 20.0 0.5139593974356913
0 0 20.00337795482315 0
1 0 20.031791201842154 0
2 0 20.034372953238776 0
3 0 20.556264796541576 1

0 1 20.061570116154588 0
1 1 20.53086364008179 1
2 1 20.038055957531657 0
3 1 20.038722986299682 0

0 2 20.54461243715862 1
1 2 20.070693590808286 0
2 2 20.005418598634922 0
3 2 20.002134410951175 0

0 3 20.037106687031713 0
1 3 20.005402874337623 0
2 3 20.000446101269457 0
3 3 20.000102616213898 0


# 20.0 20.0 0.5562647965415763
0 0 20.004376684265477 0
1 0 20.037291330695815 0
2 0 20.040508634219975 0
3 0 20.597190043312317 1

0 1 20.071942404414166 0
1 1 20.567997984759263 1
2 1 20.044061050017103 0
3 1 20.044817246926463 0

0 2 20.583895626985008 1
1 2 20.08125287946609 0
2 2 20.006693239200892 0
3 2 20.00266412291932 0

0 3 20.042842428314444 0
1 3 20.00667045052404 0
2 3 20.000588960687406 0
3 3 20.000137959033477 0


# 20.0 20.0 0.5971900433123167
0 0 20.00552992845324 0
1 0 20.04309353337578 0
2 0 20.0470194071032 0
3 0 20.636793241601428 1

0 1 20.08280990591114 0
1 1 20.60374868991606 1
2 1 20.05037346261404 0
3 1 20.051212892481168 0

0 2 20.621854873215938 1
1 2 20.092220348286 0
2 2 20.00812212645333 0
3 2 20.003265905492324 0

0 3 20.048842404780004 0
1 3 20.00809011216707 0
2 3 20.000760426710382 0
3 3 20.000181308494703 0


# 20.0 20.0 0.6367932416014277
0 0 20.006841692300366 0
1 0 20.049174922445836 0
2 0 20.0538806915248 0
3 0 20.675129807911848 1

0 1 20.09412123292806 0
1 1 20.638199432395375 1
2 1 20.056972518122823 0
3 1 20.057886369775282 0

0 2 20.658559176372798 1
1 2 20.103549421736933 0
2 2 20.00970684364832 0
3 2 20.003942031724666 0

0 3 20.0550838696704 0
1 3 20.009663052073467 0
2 3 20.000963103239144 0
3 3 20.00023364300846 0


# 20.0 20.0 0.6751298079118477
0 0 20.008314945242038 0
1 0 20.055514316533056 0
2 0 20.06106910219157 0
3 0 20.712252600490622 1

0 1 20.105829023793206 0
1 1 20.67142824300263 1
2 1 20.06383892395634 0
3 1 20.06481554491878 0

0 2 20.694073238747546 1
1 2 20.11519750602322 0
2 2 20.01144821393252 0
3 2 20.004694435214546 0

0 3 20.06154568585212 0
1 3 20.011389679427754 0
2 3 20.001199511339525 0
3 3 20.000295959218803 0


# 20.0 20.0 0.712252600490622
0 0 20.00995172729724 0
1 0 20.062092104108565 0
2 0 20.06856240344219 0
3 0 20.748212042253293 1

0 1 20.11788964330246 0
1 1 20.70350790546719 1
2 1 20.070954664419563 0
3 1 20.07197962573484 0

0 2 20.728457756742284 1
1 2 20.127125668400943 0
2 2 20.013346391016256 0
3 2 20.005524732647174 0

0 3 20.068208210395486 0
1 3 20.013269713573422 0
2 3 20.001472076628968 0
3 3 20.00036926639824 0


# 20.0 20.0 0.748212042253293
0 0 20.01175324608347 0
1 0 20.06889011839592 0
2 0 20.076339464398444 0
3 0 20.783056237813774 1

0 1 20.13026290518327 0
1 1 20.73450632628156 1
2 1 20.0783029022166 0
3 1 20.079359087926107 0

0 2 20.761769692366865 1
1 2 20.139298341796554 0
2 2 20.01540094088695 0
3 2 20.00643424541853 0

0 3 20.075053187692532 0
1 3 20.015302268876756 0
2 3 20.001783119124493 0
3 3 20.00045458118242 0


# 20.0 20.0 0.7830562378137742
0 0 20.013719965507413 0
1 0 20.07589152249754 0
2 0 20.084380214844046 0
3 0 20.81683108488572 1

0 1 20.14291181497544 0
1 1 20.76448687759788 1
2 1 20.08586788836526 0
3 1 20.086935604857246 0

0 2 20.79406252542103 1
1 2 20.15168305274371 0
2 2 20.017610915392197 0
3 2 20.007424020328134 0

0 3 20.082063650467173 0
1 3 20.017485931451958 0
2 3 20.002134845257583 0
3 3 20.000552922646882 0


# 20.0 20.0 0.8168310848857203
0 0 20.015851686798822 0
1 0 20.08308070390353 0
2 0 20.09266560194645 0
3 0 20.84958038031148 1

0 1 20.155802331824287 0
1 1 20.793508715195223 1
2 1 20.09363487977242 0
3 1 20.094691980818187 0

0 2 20.82538648777377 1
1 2 20.16425017080977 0
2 2 20.019974918447385 0
3 2 20.008494849337303 0

0 3 20.089223828081064 0
1 3 20.019818828460757 0
2 3 20.002529341791426 0
3 3 20.00066530772514 0


# 20.0 20.0 0.8495803803114796
0 0 20.0181476225028 0
1 0 20.090443177615317 0
2 0 20.10117754791709 0
3 0 20.88134592096509 1

0 1 20.16890314779333 0
1 1 20.821627073377744 1
2 1 20.10159006379007 0
3 1 20.10261208763293 0

0 2 20.855788781047483 1
1 2 20.1769726778269 0
2 2 20.022491165554857 0
3 2 20.009647288396092 0

0 3 20.096519061584246 0
1 3 20.022298690639836 0
2 3 20.002968571403223 0
3 3 20.000792746964628 0


# 20.0 20.0 0.8813459209650887
0 0 20.020606463997602 0
1 0 20.097965497178983 0
2 0 20.109898908687782 0
3 0 20.912167599766192 1

0 1 20.182185483407086 0
1 1 20.84889353852205 1
2 1 20.10972048913292 0
3 1 20.11068080447989 0

0 2 20.885313778917308 1
1 2 20.18982595537482 0
2 2 20.025157537259908 0
3 2 20.01088167534791 0

0 3 20.1039357250019 0
1 3 20.02492290865432 0
2 3 20.003454369718835 0
3 3 20.000936240614703 0


# 20.0 20.0 0.9121675997661924
0 0 20.02322644306072 0
1 0 20.105635172980712 0
2 0 20.118813433665455 0
3 0 20.942083497032353 1

0 1 20.19562289822999 0
1 1 20.87535630286161 1
2 1 20.11801400259374 0
3 1 20.118883960791425 0

0 2 20.91400321514606 1
1 2 20.20278758908389 0
2 2 20.027971627112365 0
3 2 20.01219814692552 0

0 3 20.111461152387438 0
1 3 20.02768858382512 0
2 3 20.00398844360927 0
3 3 20.00109677503899 0


# 20.0 20.0 0.9420834970323533
0 0 20.026005387965064 0
1 0 20.11344059720943 0
2 0 20.12790572661353 0
3 0 20.97112996738805 1

0 1 20.209191115376 0
1 1 20.90106039997541 1
2 1 20.126459191043153 0
3 1 20.127208282102465 0

0 2 20.941896358392093 1
1 2 20.215837188439522 0
2 2 20.03093078465118 0
3 2 20.013596654856162 0

0 3 20.119083570208097 0
1 3 20.03059257373155 0
2 3 20.004572370578742 0
3 3 20.001275319442808 0


# 20.0 20.0 0.9711299673880482
0 0 20.028940774549348 0
1 0 20.12137097494029 0
2 0 20.13716120769622 0
3 0 20.999341722439663 1

0 1 20.222867858925213 0
1 1 20.926047923336768 1
2 1 20.135045328246523 0
3 1 20.13564133872067 0

0 2 20.9690301747505 1
1 2 20.228956220872064 0
2 2 20.034032153882563 0
3 2 20.015076981096755 0

0 3 20.12679203466239 0
1 3 20.03363153314818 0
2 3 20.005207599092117 0
3 3 20.001472822905132 0


# 20.0 20.0 0.999341722439663
0 0 20.032029772671958 0
1 0 20.129416260837257 0
2 0 20.14656607671126 0
3 0 21.02675190941702 1

0 1 20.236632703299463 0
1 1 20.950358229175666 1
2 1 20.143762326072572 0
3 1 20.14417149709344 0

0 2 20.995439478916985 1
1 2 20.242127859011685 0
2 2 20.037272707679477 0
3 2 20.01663875222283 0

0 3 20.134576373559327 0
1 3 20.036801950735914 0
2 3 20.005895449706095 0
3 3 20.001690211703693 0


# 20.0 20.0 1.026751909417019
0 0 20.035269288425408 0
1 0 20.13756710101384 0
2 0 20.15610727752743 0
3 0 21.053392185973458 1

0 1 20.250466933719103 0
1 1 20.974028124813042 1
2 1 20.15260068970645 0
3 1 20.15278787375035 0

0 2 21.021157074797955 1
1 2 20.25533684007544 0
2 2 20.040649278491394 0
3 2 20.018281452996813 0

0 3 20.1424271324176 0
1 3 20.040100181871395 0
2 3 20.006637116883237 0
3 3 20.00192838692092 0


# 20.0 20.0 1.0533921859734576
0 0 20.03865600245889 0
1 0 20.14581477962885 0
2 0 20.16577246373498 0
3 0 21.079292791328236 1

0 1 20.26435341692774 0
1 1 20.99709204353808 1
2 1 20.161551476514717 0
3 1 20.16148029170291 0

0 2 21.04621388632949 1
1 2 20.268569336434584 0
2 2 20.04415858571776 0
3 2 20.020004439143047 0

0 3 20.150335524468975 0
1 3 20.04352247796624 0
2 3 20.0074336713814 0
3 3 20.00218822231806 0


# 20.0 20.0 1.0792927913282355
0 0 20.042186404729048 0
1 0 20.154151169828463 0
2 0 20.175549965510168 0
3 0 21.104482613926976 1

0 1 20.278276481431934 0
1 1 21.019582207018768 1
2 1 20.170606258241406 0
3 1 20.170239239187126 0

0 2 21.070639079211677 1
1 2 20.281812836484697 0
2 2 20.047797260066314 0
3 2 20.0218069493579 0

0 3 20.158293384274227 0
1 3 20.04706501259734 0
2 3 20.008286063123162 0
3 3 20.002470562464385 0


# 20.0 20.0 1.1044826139269759
0 0 20.045856825973928 0
1 0 20.162568688677702 0
2 0 20.185428757688893 0
3 0 21.128989255788117 1

0 1 20.292221806558246 0
1 1 21.04152877616141 1
2 1 20.179757086243065 0
3 1 20.179055830637935 0

0 2 21.094460174212593 1
1 2 20.295056035009882 0
2 2 20.05156186518794 0
3 2 20.02368811658435 0

0 3 20.166293124682074 0
1 3 20.050723904742032 0
2 3 20.00919512446072 0
3 3 20.002776221108206 0


# 20.0 20.0 1.1289892557881167
0 0 20.0496634661817 0
1 0 20.171060255753623 0
2 0 20.195398429039376 0
3 0 21.15283909369587 1

0 1 20.306176319681466 0
1 1 21.06295999126592 1
2 1 20.188996459496973 0
3 1 20.187921769788467 0

0 2 21.117703152648144 1
1 2 20.308288732295537 0
2 2 20.055448916852967 0
3 2 20.025646978580802 0

0 3 20.1743276968822 0
1 3 20.05449523938653 0
2 3 20.010161573761543 0
3 3 20.003105979776418 0


# 20.0 20.0 1.1528390936958708
0 0 20.05360242030438 0
1 0 20.179619255099286 0
2 0 20.20544915271923 0
3 0 21.176057337392912 1

0 1 20.320128101025464 0
1 1 21.083902302260164 1
2 1 20.19831729514057 0
3 1 20.196829314790723 0

0 2 21.14039255459936 1
1 2 20.32150174130254 0
2 2 20.05945489990945 0
3 2 20.02768248781413 0

0 3 20.18239055332227 0
1 3 20.05837508575293 0
2 3 20.011186019248825 0
3 3 20.003460586589224 0


# 20.0 20.0 1.176057337392912
0 0 20.05766970144692 0
1 0 20.18823950026223 0
2 0 20.21557165789857 0
3 0 21.19866808491904 1

0 1 20.33406629548207 0
1 1 21.104380489737924 1
2 1 20.207712901321862 0
3 1 20.205771245258173 0

0 2 21.162551570387468 1
1 2 20.334686802269474 0
2 2 20.063576283241648 0
3 2 20.029793520707003 0

0 3 20.190475613276355 0
1 3 20.062359513368843 0
2 3 20.01226896303877 0
3 3 20.00384075527696 0


# 20.0 20.0 1.1986680849190385
0 0 20.06186126174376 0
1 0 20.19691520216378 0
2 0 20.225757202527685 0
3 0 21.220694375235382 1

0 1 20.347981030934253 0
1 1 21.124417777470775 1
2 1 20.217176952160393 0
3 1 20.214740831134563 0

0 2 21.184202125788953 1
1 2 20.34783650415898 0
2 2 20.06780953292683 0
3 2 20.031978886269368 0

0 3 20.1985772308683 0
1 3 20.066444606184145 0
2 3 20.013410805323797 0
3 3 20.004247164386108 0


# 20.0 20.0 1.2206943752353823
0 0 20.066173011118163 0
1 0 20.2056409395663 0
2 0 20.235997547225068 0
3 0 21.242158238267223 1

0 1 20.36186334260755 0
1 1 21.144035937014095 1
2 1 20.2267034646363 0
3 1 20.223731803296985 0

0 2 21.205364961437436 1
1 2 20.3609442124101 0
2 2 20.072151123770016 0
3 2 20.03423733414349 0

0 3 20.2066901653685 0
1 3 20.07062647492164 0
2 3 20.014611848657132 0
3 3 20.004680456661816 0


# 20.0 20.0 1.2421582382672227
0 0 20.070600834103995 0
1 0 20.214411631924634 0
2 0 20.246284930259552 0
3 0 21.26308074249228 1

0 1 20.3757051030087 0
1 1 21.163255384981177 1
2 1 20.236286777241453 0
3 1 20.232738325805038 0

0 2 21.22605970682651 1
1 2 20.374004002500406 0
2 2 20.076597549379564 0
3 2 20.036567562091623 0

0 3 20.21480955359621 0
1 3 20.074901267831976 0
2 3 20.015872302300014 0
3 3 20.00514123859469 0


# 20.0 20.0 1.2630807424922814
0 0 20.075140604895452 0
1 0 20.223222514425434 0
2 0 20.25661204359856 0
3 0 21.283482040195402 1

0 1 20.389498957042772 0
1 1 21.1820952735166 1
2 1 20.24592153024146 0
3 1 20.241754969711568 0

0 2 21.24630494929747 1
1 2 20.387010598860694 0
2 2 20.08114533093127 0
3 2 20.038968222954626 0

0 3 20.2229308842723 0
1 3 20.07926518000823 0
2 3 20.017192286597822 0
3 3 20.00563008011991 0


# 20.0 20.0 1.283482040195402
0 0 20.079788200776836 0
1 0 20.23206911503427 0
2 0 20.266972009993076 0
3 0 21.303381410504823 1

0 1 20.403238261930067 0
1 1 21.200573574460602 1
2 1 20.255602647411028 0
3 1 20.25077668835413 0

0 2 21.266118298367733 1
1 2 20.399959318720594 0
2 2 20.08579102475478 0
3 2 20.04143793110928 0

0 3 20.23104997417901 0
1 3 20.08371446140185 0
2 3 20.01857183735603 0
3 3 20.00614751445718 0


# 20.0 20.0 1.303381410504823
0 0 20.084539514072443 0
1 0 20.240947233385146 0
2 0 20.277358361068977 0
3 0 21.322797300319728 1

0 1 20.416917031571813 0
1 1 21.218707157659555 1
2 1 20.26532531911735 0
3 1 20.25979879404981 0

0 2 21.285516445729947 1
1 2 20.41284602049656 0
2 2 20.0905312288635 0
3 2 20.043975268451135 0

0 3 20.23916294599415 0
1 3 20.088245423669132 0
2 3 20.020010910190955 0
3 3 20.006694038080425 0


# 20.0 20.0 1.3227973003197278
0 0 20.089390462745317 0
1 0 20.249852921360656 0
2 0 20.287765016393653 0
3 0 21.34174736323354 1

0 1 20.430529885039416 0
1 1 21.236511863844065 1
2 1 20.275084986637527 0
3 1 20.268816936119585 0

0 2 21.30451522122765 1
1 2 20.425667056363977 0
2 2 20.095362588537775 0
3 2 20.04657878992904 0

0 3 20.24726620767712 0
1 3 20.092854445965813 0
2 3 20.021509384833944 0
3 3 20.007270110806687 0


# 20.0 20.0 1.3417473632335408
0 0 20.094336999763286 0
1 0 20.258782465223522 0
2 0 20.298186263486254 0
3 0 21.360248496552405 1

0 1 20.444071998885782 0
1 1 21.25400257246488 1
2 1 20.284877327606228 0
3 1 20.277827080171615 0

0 2 21.32312964509121 1
1 2 20.438419228683223 0
2 2 20.10028180106059 0
3 2 20.049247028656488 0

0 3 20.25535643329343 0
1 3 20.097537979796975 0
2 3 20.02306706937089 0
3 3 20.007876155993973 0


# 20.0 20.0 1.3602484965524049
0 0 20.09937512134112 0
1 0 20.26773236917164 0
2 0 20.308616738739794 0
3 0 21.378316876503455 1

0 1 20.457539062999345 0
1 1 21.27119326484809 1
2 1 20.29469824249897 0
3 1 20.286825488576316 0

0 2 21.341373976697092 1
1 2 20.45109974997526 0
2 2 20.1052856196957 0
3 2 20.051978500624106 0

0 3 20.263430545172795 0
1 3 20.10229255301973 0
2 3 20.024683704401824 0
3 3 20.0085125608385 0


# 20.0 20.0 1.3783168765034546
0 0 20.10450087415889 0
1 0 20.276699340199393 0
2 0 20.319051409223142 0
3 0 21.395967991722923 1

0 1 20.470927239741822 0
1 1 21.228097083004368 0
2 1 20.303823842065015 0
3 1 20.295800062069056 0

0 2 21.359261760094494 1
1 2 20.462986206166217 0
2 2 20.110353576989393 0
3 2 20.054771397996657 0

0 3 20.271485697303945 0
1 3 20.107106133087363 0
2 3 20.02635865606793 0
3 3 20.00917966929709 0


# 20.0 20.0 1.395967991722923
0 0 20.109710361648464 0
1 0 20.28496027415753 0
2 0 20.329468275331116 0
3 0 21.4132163640697 1

0 1 20.483513126129633 0
1 1 21.18757182440238 0
2 1 20.3123186225114 0
3 1 20.30474013607709 0

0 2 21.376788586525723 1
1 2 20.474144709722296 0
2 2 20.11546772592948 0
3 2 20.057623649656442 0

0 3 20.27951894883636 0
1 3 20.111967943273214 0
2 3 20.028090976575076 0
3 3 20.009877776717172 0


# 20.0 20.0 1.4132163640697009
0 0 20.114982469432565 0
1 0 20.292576213472906 0
2 0 20.339847942167857 0
3 0 21.43007563190213 1

0 1 20.495357689396517 0
1 1 21.149461143652303 0
2 1 20.320241532004772 0
3 1 20.313636340124614 0

0 2 21.393951722067104 1
1 2 20.48463594607469 0
2 2 20.1206123803366 0
3 2 20.06053297433701 0

0 3 20.287527302662333 0
1 3 20.116868340359485 0
2 3 20.02987945752788 0
3 3 20.01060712593773 0


# 20.0 20.0 1.430075631902131
0 0 20.120298307367428 0
1 0 20.299603301225293 0
2 0 20.350173374178393 0
3 0 21.44655862572529 1

0 1 20.506517200518907 0
1 1 21.113618984514876 0
2 1 20.327646431418398 0
3 1 20.322480470217148 0

0 2 21.41074991513136 1
1 2 20.49451561610721 0
2 2 20.12577387983313 0
3 2 20.063496927126714 0

0 3 20.29550773883238 0
1 3 20.121798703813997 0
2 3 20.03172267682673 0
3 3 20.011367904651415 0


# 20.0 20.0 1.4465586257252916
0 0 20.12564101432313 0
1 0 20.30609316305003 0
2 0 20.360429671105226 0
3 0 21.46267743689505 1

0 1 20.517043597064745 0
1 1 21.079908858949846 0
2 1 20.334582517271578 0
3 1 20.331265373043546 0

0 2 21.427183222119893 1
1 2 20.503834842510667 0
2 2 20.130940377165967 0
3 2 20.12651294004572 1

0 3 20.303457243345623 0
1 3 20.126751335406006 0
2 3 20.033619039806688 0
3 3 20.012880243842194 0


# 20.0 20.0 1.4626774368950493
0 0 20.130995578928875 0
1 0 20.312093259509734 0
2 0 20.370603863482923 0
3 0 21.478443480005144 1

0 1 20.52698481790801 0
1 1 21.048203178966652 0
2 1 20.34109470995445 0
3 1 20.340704840935782 0

0 2 21.44325284963603 1
1 2 20.512640542964252 0
2 2 20.136821645855253 0
3 2 20.1870842773314 1

0 3 20.311372832805684 0
1 3 20.131719368305873 0
2 3 20.035584095230845 0
3 3 20.015088575534623 0


# 20.0 20.0 1.4784434800051436
0 0 20.13634867501645 0
1 0 20.317647211219917 0
2 0 20.380684726030793 0
3 0 21.493876189528557 1

0 1 20.5363851119993 0
1 1 21.018382637289907 0
2 1 20.347241290077978 0
3 1 20.350733658699735 0

0 2 21.458961011804547 1
1 2 20.520984412861036 0
2 2 20.143344935760215 0
3 2 20.245336743723417 1

0 3 20.319251575386005 0
1 3 20.19669699583876 1
2 3 20.03835112931675 0
3 3 20.01794964129186 0


# 20.0 20.0 1.4938761895285566
0 0 20.141688510594488 0
1 0 20.322795098835662 0
2 0 20.390662918478807 0
3 0 21.50899340563167 1

0 1 20.545285323211598 0
1 1 20.990335944199828 0
2 1 20.3530746376399 0
3 1 20.361291702478287 0

0 2 21.47431090504626 1
1 2 20.52963342641385 0
2 2 20.150461130088853 0
3 2 20.301389030173343 1

0 3 20.32781061348273 0
1 3 20.259185264044092 1
2 3 20.041871534310545 0
3 3 20.02142258097916 0


# 20.0 20.0 1.5089934056316707
0 0 20.147004689277654 0
1 0 20.32757374730804 0
2 0 20.40053077738965 0
3 0 21.523811512787347 1

0 1 20.553723158098997 0
1 1 20.963967878511767 0
2 1 20.358642072894806 0
3 1 20.372323562364464 0

0 2 21.489323853410262 1
1 2 20.538566279458642 0
2 2 20.158124622846636 0
3 2 20.355353140100345 1

0 3 20.336991540806803 0
1 3 20.31930863520915 1
2 3 20.04609919993792 0
3 3 20.02546879614437 0


# 20.0 20.0 1.523811512787347
0 0 20.152288083328543 0
1 0 20.33201709079186 0
2 0 20.410282132856974 0
3 0 21.53834556666966 1

0 1 20.561733743241845 0
1 1 20.93918893057985 0
2 1 20.36398628437963 0
3 1 20.383778192638953 0

0 2 21.504019750329117 1
1 2 20.547762801312203 0
2 2 20.16629305805876 0
3 2 20.407334788778236 1

0 3 20.346739785964218 0
1 3 20.37718489397694 1
2 3 20.05099039451869 0
3 3 20.030051821682736 0


# 20.0 20.0 1.5383455666696584
0 0 20.15753072233712 0
1 0 20.33615639440789 0
2 0 20.41991214222247 0
3 0 21.55260941028789 1

0 1 20.56934979886464 0
1 1 20.91591492525959 0
2 1 20.369145722547568 0
3 1 20.39560858760748 0

0 2 21.518417149448986 1
1 2 20.55720390717015 0
2 2 20.174927089028113 0
3 2 20.45743377762937 1

0 3 20.357004378190616 0
1 3 20.43292551258846 1
2 3 20.056503651028496 0
3 3 20.035137205246052 0


# 20.0 20.0 1.5526094102878893
0 0 20.162725690652255 0
1 0 20.34002045894037 0
2 0 20.429417139350434 0
3 0 21.56661578024102 1

0 1 20.576601800496654 0
1 1 20.894066671516985 0
2 1 20.37415496171532 0
3 1 20.407771481162996 0

0 2 21.532533350202417 1
1 2 20.56687155110601 0
2 2 20.183990156052513 0
3 2 20.505744345078472 1

0 3 20.367737726929246 0
1 3 20.486635996208513 1
2 3 20.062599657975383 0
3 3 20.040692393893842 0


# 20.0 20.0 1.566615780241019
0 0 20.16786703290202 0
1 0 20.343635809790108 0
2 0 20.438794498118675 0
3 0 21.580376403903724 1

0 1 20.583518129531253 0
1 1 20.87356963670988 0
2 1 20.379045032817512 0
3 1 20.42022706833575 0

0 2 21.546384478384713 1
1 2 20.57674867986119 0
2 2 20.193448281150783 0
3 2 20.55235549550574 1

0 3 20.378895414454913 0
1 3 20.538416209395255 1
2 3 20.069241154953694 0
3 3 20.046686627519176 0


# 20.0 20.0 1.580376403903724
0 0 20.172949666989403 0
1 0 20.34702687140074 0
2 0 20.448042508895153 0
3 0 21.593902088289962 1

0 1 20.590125213475947 0
1 1 20.854353643718472 0
2 1 20.383843729267472 0
3 1 20.432938747222405 0

0 2 21.55998556198606 1
1 2 20.586819187582858 0
2 2 20.203269878463264 0
3 2 20.597351307732957 1

0 3 20.390436000791112 0
1 3 20.588360684720588 1
2 3 20.076392832734076 0
3 3 20.05309083861409 0


# 20.0 20.0 1.593902088289962
0 0 20.177969303996306 0
1 0 20.35021612828123 0
2 0 20.45716026687162 0
3 0 21.60720280128065 1

0 1 20.596447656626367 0
1 1 20.83635258924108 0
2 1 20.388575888044215 0
3 1 20.44587287980376 0

0 2 21.573350602522652 1
1 2 20.597067871638252 0
2 2 20.21342557909882 0
3 2 20.64081122437837 1

0 3 20.40232084020955 0
1 3 20.636558914497307 1
2 3 20.084021237745766 0
3 3 20.05987755796947 0


# 20.0 20.0 1.6072028012806499
0 0 20.18292237447133 0
1 0 20.353224273660427 0
2 0 20.466147571218837 0
3 0 21.620287745846817 1

0 1 20.60250836184288 0
1 1 20.819504181699738 0
2 1 20.393263647959948 0
3 1 20.45899857027022 0

0 2 21.58649264210099 1
1 2 20.60748038960838 0
2 2 20.223888069298386 0
3 2 20.682810323324937 1

0 3 20.414513908641187 0
1 3 20.683095626520362 1
2 3 20.092094680805904 0
3 3 20.06702082593214 0


# 20.0 20.0 1.6202877458468166
0 0 20.187805960616405 0
1 0 20.35607034672911 0
2 0 20.475004834114078 0
3 0 21.633165427848944 1

0 1 20.608328644058485 0
1 1 20.803749697318423 0
2 1 20.397926686909884 0
3 1 20.472287459575877 0

0 2 21.599423826440443 1
1 2 20.61804321754211 0
2 2 20.234631940875058 0
3 2 20.723419572461886 1

0 3 20.426981641365632 0
1 3 20.72805104468307 1
2 3 20.100583149949937 0
3 3 20.074496108867525 0


# 20.0 20.0 1.6331654278489438
0 0 20.192617733923665 0
1 0 20.35877185935076 0
2 0 20.483732998770602 0
3 0 21.64584371794654 1

0 1 20.61392833610022 0
1 1 20.789033753045974 0
2 1 20.402582439765418 0
3 1 20.485713535035778 0

0 2 21.61215546407004 1
1 2 20.628743609532176 0
2 2 20.24563355297357 0
3 2 20.762706068781007 1

0 3 20.439692780381506 0
1 3 20.771501135284744 1
2 3 20.10945822721755 0
3 3 20.082280220500277 0


# 20.0 20.0 1.6458437179465406
0 0 20.197355897847824 0
1 0 20.361344913054 0
2 0 20.49233346567143 0
3 0 21.65832990810895 1

0 1 20.619325887363576 0
1 1 20.77530409509635 0
2 1 20.407246298442004 0
3 1 20.499252953868258 0

0 2 21.624698081906423 1
1 2 20.639569558657765 0
2 2 20.256870904268016 0
3 2 20.800733262835845 1

0 3 20.452618230894068 0
1 3 20.813517839804017 1
2 3 20.11869300924928 0
3 3 20.09035124782729 0


# 20.0 20.0 1.65832990810895
0 0 20.202019135130314 0
1 0 20.363804307056512 0
2 0 20.50080802627652 0
3 0 21.670630763178764 1

0 1 20.624538455839904 0
1 1 20.76251140197168 0
2 1 20.4119317955534 0
3 1 20.512883879664606 0

0 2 21.637061477411056 1
1 2 20.65050975932365 0
2 2 20.268323514786697 0
3 2 20.83756116950408 1

0 3 20.465730926388463 0
1 3 20.854169294871785 1
2 3 20.12826203155064 0
3 3 20.098688481318163 0


# 20.0 20.0 1.6706307631787638
0 0 20.20660655942038 0
1 0 20.36616363801216 0
2 0 20.509158803533836 0
3 0 21.68275256790271 1

0 1 20.629581993960265 0
1 1 20.75060910091923 0
2 1 20.41665077295369 0
3 1 20.52658633084302 0

0 2 21.64925476751586 1
1 2 20.66155357101324 0
2 2 20.279972316617197 0
3 2 20.87324656593025 1

0 3 20.47900570178713 0
1 3 20.893520040139382 1
2 3 20.13814119628241 0
3 3 20.10727234913726 0


# 20.0 20.0 1.6827525679027104
0 0 20.211117670864915 0
1 0 20.368435392119466 0
2 0 20.517388198581127 0
3 0 21.694701169811303 1

0 1 20.634471328685535 0
1 1 20.73955319685237 0
2 1 20.42141353636664 0
3 1 20.540342040212913 0

0 2 21.661286434498024 1
1 2 20.672690983461887 0
2 2 20.291799552804065 0
3 2 20.90784317746703 1

0 3 20.492419174218444 0
1 3 20.93163121470108 1
2 3 20.14830770343826 0
3 3 20.116084355139183 0


# 20.0 20.0 1.694701169811303
0 0 20.21555231536344 0
1 0 20.37063103018001 0
2 0 20.525498843077017 0
3 0 21.706482018297574 1

0 1 20.639220236241307 0
1 1 20.729302112838454 0
2 1 20.42622899720823 0
3 1 20.554134324839644 0

0 2 21.673164368976167 1
1 2 20.683912583247555 0
2 2 20.303788683805802 0
3 2 20.941401852378828 1

0 3 20.505949630950706 0
1 3 20.968560742695274 1
2 3 20.158739985273535 0
3 3 20.125107020406002 0


# 20.0 20.0 1.7064820182975744
0 0 20.21991064720741 0
1 0 20.372761066149923 0
2 0 20.533493556647652 0
3 0 21.71810020021671 1

0 1 20.643841511867436 0
1 1 20.719816541323887 0
2 1 20.43110480262164 0
3 1 20.567947965458984 0

0 2 21.684895910191955 1
1 2 20.695209521787874 0
2 2 20.315924300927865 0
3 2 20.973970726020433 1

0 3 20.519576924071128 0
1 3 21.004363508675663 1
2 3 20.16941764385216 0
3 3 20.134323828109856 0


# 20.0 20.0 1.7181002002167105
0 0 20.22419309484415 0
1 0 20.374835139685416 0
2 0 20.541375308978736 0
3 0 21.72956047230216 1

0 1 20.648347034925322 0
1 1 20.711059305328583 0
2 1 20.43604745466413 0
3 1 20.581769094745546 0

0 2 21.696487883733305 1
1 2 20.70657348472604 0
2 2 20.32819204619448 0
3 2 21.005595375156172 1

0 3 20.533282371513476 0
1 3 21.039091523312386 1
2 3 20.18032139158177 0
3 3 20.143719171498756 0


# 20.0 20.0 1.7295604723021611
0 0 20.22840032952509 0
1 0 20.37686208314462 0
2 0 20.549147186122962 0
3 0 21.740867290669705 1

0 1 20.652747829681502 0
1 1 20.702995228899407 0
2 1 20.441062419511802 0
3 1 20.595585093790284 0

0 2 21.70794663684756 1
1 2 20.717996662682236 0
2 2 20.34057853816433 0
3 2 21.036318963041055 1

0 3 20.54704866406091 0
1 3 21.072794079953166 1
2 3 20.191432994610732 0
3 3 20.15327830481662 0


# 20.0 20.0 1.740867290669705
0 0 20.2325332366161 0
1 0 20.378849983472207 0
2 0 20.556812360629642 0
3 0 21.752024837658634 1

0 1 20.657054122063236 0
1 1 20.69559101616499 0
2 1 20.446154227480225 0
3 1 20.60938449618925 0

0 2 21.71927807148564 1
1 2 20.729471723342705 0
2 2 20.353071303234138 0
3 2 21.06618237584421 1

0 3 20.56085977797198 0
1 3 21.10551790254624 1
2 3 20.202735218964246 0
3 3 20.162987296980923 0


# 20.0 20.0 1.7520248376586345
0 0 20.236592889364346 0
1 0 20.380806239360282 0
2 0 20.564374065137187 0
3 0 21.76303704623884 1

0 1 20.66127539266076 0
1 1 20.688815138383198 0
2 1 20.4513265645965 0
3 1 20.623156899189457 0

0 2 21.73048767521095 1
1 2 20.74099178485475 0
2 2 20.365658712010017 0
3 2 21.09522435095692 1

0 3 20.574700892898075 0
1 3 21.137307285399903 1
2 3 20.214211779300438 0
3 3 20.172832987852697 0


# 20.0 20.0 1.7630370462388392
0 0 20.24058052493148 0
1 0 20.382737614048573 0
2 0 20.57183556910003 0
3 0 21.773907622193715 1

0 1 20.665420426231314 0
1 1 20.68263772841758 0
2 1 20.45658235640047 0
3 1 20.636892881378113 0

0 2 21.741580550099897 1
1 2 20.75255039049285 0
2 2 20.378329920359345 0
3 2 21.12348159769181 1

0 3 20.588558314779743 0
1 3 21.16820422522798 1
2 3 20.2258472901711 0
3 3 20.182802946944356 0


# 20.0 20.0 1.7739076221937147
0 0 20.244497522517307 0
1 0 20.384650284098953 0
2 0 20.579200158350147 0
3 0 21.78464006427148 1

0 1 20.669497357942017 0
1 1 20.677030482120745 0
2 1 20.46192384459975 0
3 1 20.65058392643899 0

0 2 21.752561439754277 1
1 2 20.764141484558742 0
2 2 20.391074814786354 0
3 2 21.15098891084679 1

0 3 20.602419403427458 0
1 3 21.198248545906292 1
2 3 20.237627219675556 0
3 3 20.192885434420628 0


# 20.0 20.0 1.7846400642714784
0 0 20.248345383411177 0
1 0 20.38654988445338 0
2 0 20.586471117219336 0
3 0 21.795237682481606 1

0 1 20.673513716571886 0
1 1 20.671966566141155 0
2 1 20.46735265715399 0
3 1 20.664222352534342 0

0 2 21.763434754539293 1
1 2 20.7757593894764 0
2 2 20.403883961802443 0
3 2 21.177779277576317 1

0 3 20.616272504509418 0
1 3 21.227478016342165 1
2 3 20.249537845399963 0
3 3 20.2030693642572 0


# 20.0 20.0 1.7952376824816056
0 0 20.25212571282068 0
1 0 20.388441550060513 0
2 0 20.593651712972477 0
3 0 21.80570361469835 1

0 1 20.67747646487788 0
1 1 20.667420531705204 0
2 1 20.472869872318775 0
3 1 20.67780124690302 0

0 2 21.77420459515501 1
1 2 20.78739878404159 0
2 2 20.416748560987966 0
3 2 21.20388397798389 1

0 3 20.630106885685045 0
1 3 21.255928461837314 1
2 3 20.261566212538156 0
3 3 20.213344269430205 0


# 20.0 20.0 1.8057036146983485
0 0 20.255840203338394 0
1 0 20.390329954334163 0
2 0 20.60074518232385 0
3 0 21.816040841719932 1

0 1 20.681392037315394 0
1 1 20.663368233959474 0
2 1 20.478476077137564 0
3 1 20.691314405295188 0

0 2 21.784874774643004 1
1 2 20.799054682784725 0
2 2 20.429660401465874 0
3 2 21.22933267982286 1

0 3 20.64391267663815 0
1 3 21.283633869303678 1
2 3 20.27370009409395 0
3 3 20.22370026901772 0


# 20.0 20.0 1.816040841719932
0 0 20.259490619918008 0
1 0 20.392219344686545 0
2 0 20.607754719828776 0
3 0 21.8262522009195 1

0 1 20.685266375290393 0
1 1 20.65978675648821 0
2 1 20.4841714208319 0
3 1 20.704756275891683 0

0 2 21.795448838924557 1
1 2 20.810722416405245 0
2 2 20.44261182152936 0
3 2 21.254153527667565 1

0 3 20.657680812777915 0
1 3 21.31062648667225 1
2 3 20.285927953068636 0
3 3 20.234128037101915 0


# 20.0 20.0 1.8262522009195017
0 0 20.263078786240683 0
1 0 20.394113575360404 0
2 0 20.61468346796131 0
3 0 21.836340398612634 1

0 1 20.689104960108036 0
1 1 20.656654340649244 0
2 1 20.489955663504347 0
3 1 20.718121907381647 0

0 2 21.80593008596122 1
1 2 20.822397613235538 0
2 2 20.455595671185666 0
3 2 21.278373226893557 1

0 3 20.671402982389512 0
1 3 21.336936916816338 1
2 3 20.298238906541002 0
3 3 20.24461877336746 0


# 20.0 20.0 1.8363403986126343
0 0 20.26660657236164 0
1 0 20.39601613776693 0
2 0 20.62153450870554 0
3 0 21.846308021255627 1

0 1 20.692912843771165 0
1 1 20.653950319397417 0
2 1 20.495828220536183 0
3 1 20.73140690089584 0

0 2 21.8163215836236 1
1 2 20.83407618169251 0
2 2 20.468605277396712 0
3 2 21.302017122783948 1

0 3 20.68507157702877 0
1 3 21.3625942062932 1
2 3 20.310622691550968 0
3 3 20.25516417529825 0


# 20.0 20.0 1.846308021255627
0 0 20.27007588353508 0
1 0 20.397930188520377 0
2 0 20.628310856503653 0
3 0 21.85615754557922 1

0 1 20.69669467777145 0
1 1 20.651655055288586 0
2 1 20.501788203031463 0
3 1 20.744607365514952 0

0 2 21.826626186349323 1
1 2 20.845754293675203 0
2 2 20.48163441181417 0
3 2 21.32510927505855 1

0 3 20.69867964496744 0
1 3 21.38762592919121 1
2 3 20.323069632701472 0
3 3 20.265756411880634 0


# 20.0 20.0 1.8561575455792187
0 0 20.27348865012332 0
1 0 20.399858575345508 0
2 0 20.635015452417974 0
3 0 21.86589134775356 1

0 1 20.700454740006183 0
1 1 20.649749882379435 0
2 1 20.50783445463147 0
3 1 20.757719877092647 0

0 2 21.836846550666436 1
1 2 20.857428368867406 0
2 2 20.494677260822197 0
3 2 21.347672528103637 1

0 3 20.712220847506906 0
1 3 21.412058266354087 1
2 3 20.335570611396694 0
3 3 20.276388098726937 0


# 20.0 20.0 1.8658913477535606
0 0 20.2768468185031 0
1 0 20.401803861020603 0
2 0 20.641651159377286 0
3 0 21.875511711672072 1

0 1 20.70419695994451 0
1 1 20.64821705175879 0
2 1 20.51396558499777 0
3 1 20.770741440152037 0

0 2 21.846985149654273 1
1 2 20.869095059904843 0
2 2 20.507728397715567 0
3 2 21.36972857716242 1

0 3 20.725689417988757 0
1 3 21.435916080238698 1
2 3 20.348117036638207 0
3 3 20.287052274538375 0


# 20.0 20.0 1.8755117116720719
0 0 20.28015234288857 0
1 0 20.403768345506034 0
2 0 20.64822075838955 0
3 0 21.885020836434375 1

0 1 20.70792494215846 0
1 1 20.647039680465173 0
2 1 20.520180000238543 0
3 1 20.783669452631674 0

0 2 21.85704428640942 1
1 2 20.880751238367356 0
2 2 20.5207827568541 0
3 2 21.39129803072989 1

0 3 20.73908012334094 0
1 3 21.459222985648832 1
2 3 20.360700817303897 0
3 3 20.297742378831398 0


# 20.0 20.0 1.885020836434375
0 0 20.283407177996555 0
1 0 20.405754086396996 0
2 0 20.654726945614026 0
3 0 21.894420843101685 1

0 1 20.71164198832626 0
1 1 20.646201703562795 0
2 1 20.526475930531046 0
3 1 20.796501673273497 0

0 2 21.86702610658064 1
1 2 20.89239398155748 0
2 2 20.53383560964657 0
3 2 21.412400469380252 1

0 3 20.75238822800742 0
1 3 21.482001416574008 1
2 3 20.373314335837758 0
3 3 20.308452230856084 0


# 20.0 20.0 1.8944208431016847
0 0 20.286613272485358 0
1 0 20.40776291782827 0
2 0 20.661172330195768 0
3 0 21.903713780791655 1

0 1 20.7153511178081 0
1 1 20.64568782916448 0
2 1 20.53285145517292 0
3 1 20.809236191460148 0

0 2 21.87693261003273 1
1 2 20.904020560027732 0
2 2 20.54688254222856 0
3 2 21.433054501240818 1

0 3 20.765609460118434 0
1 3 21.504272689349705 1
2 3 20.385950423281784 0
3 3 20.319176009639534 0


# 20.0 20.0 1.903713780791655
0 0 20.289772563103522 0
1 0 20.409796467949047 0
2 0 20.66755943277451 0
3 0 21.91290163217397 1

0 1 20.71905508688777 0
1 1 20.645483496205035 0
2 1 20.539304525276638 0
3 1 20.82187139932312 0

0 2 21.88676566169576 1
1 2 20.91562842582015 0
2 2 20.55991943470902 0
3 2 21.453277814312763 1

0 3 20.778739979766716 0
1 3 21.52605706234344 1
2 3 20.398602335584254 0
3 3 20.329908235091274 0


# 20.0 20.0 1.9129016321739698
0 0 20.29288696948984 0
1 0 20.41185617507682 0
2 0 20.67389068458831 0
3 0 21.921986318422643 1

0 1 20.72275640676717 0
1 1 20.645574834782483 0
2 1 20.545832984304194 0
3 1 20.834405965956023 0

0 2 21.89652700165279 1
1 2 20.927215201382634 0
2 2 20.572942441869994 0
3 2 21.473087225826635 1

0 3 20.791776349263067 0
1 3 21.547373792359775 1
2 3 20.41126373112157 0
3 3 20.340643750111365 0


# 20.0 20.0 1.9219863184226433
0 0 20.295958389570334 0
1 0 20.413943302630887 0
2 0 20.680168427099893 0
3 0 21.930969703676098 1

0 1 20.726457360395017 0
1 1 20.645948628897475 0
2 1 20.552434586623473 0
3 1 20.846838813579385 0

0 2 21.90621825451586 1
1 2 20.938778669127984 0
2 2 20.58594797521263 0
3 2 21.49249872880876 1

0 3 20.804715505252105 0
1 3 21.568241187946683 1
2 3 20.42392864937371 0
3 3 20.351377703645547 0


# 20.0 20.0 1.930969703676098
0 0 20.298988695502114 0
1 0 20.416058952938382 0
2 0 20.686394912080555 0
3 0 21.939853599051677 1

0 1 20.73016001820541 0
1 1 20.64659228143314 0
2 1 20.559107014253215 0
3 1 20.859169095514414 0

0 2 21.91584093813722 1
1 2 20.950316761602597 0
2 2 20.598932686250883 0
3 2 21.51152753602372 1

0 3 20.817554732576035 0
1 3 21.58867665977555 1
2 3 20.436591490696077 0
3 3 20.362105534634946 0


# 20.0 20.0 1.939853599051677
0 0 20.301979730117765 0
1 0 20.418204079998546 0
2 0 20.692572302092813 0
3 0 21.948639766257102 1

0 1 20.73386625283704 0
1 1 20.647493781228647 0
2 1 20.565847891950103 0
3 1 20.871396175833578 0

0 2 21.925396471699642 1
1 2 20.961827552233128 0
2 2 20.611893450961677 0
3 2 21.530188121447885 1

0 3 20.830291639781 0
1 3 21.6086967682575 1
2 3 20.44924699713309 0
3 3 20.37282295681106 0


# 20.0 20.0 1.9486397662571022
0 0 20.304933303827553 0
1 0 20.420379501284394 0
2 0 20.698702671318813 0
3 0 21.957329920837676 1

0 1 20.737577752898954 0
1 1 20.64864167211007 0
2 1 20.572654800779187 0
3 1 20.883519610565344 0

0 2 21.934886183227214 1
1 2 20.973309246620616 0
2 2 20.624827355307286 0
3 2 21.54849425941928 1

0 3 20.8429241361667 0
1 3 21.62831726854973 1
2 3 20.461890234221517 0
3 3 20.383525944289552 0


# 20.0 20.0 1.957329920837676
0 0 20.30785119193996 0
1 0 20.422585908654877 0
2 0 20.704788006686684 0
3 0 21.965925735094544 1

0 1 20.741296035844524 0
1 1 20.650025023751578 0
2 1 20.579525290297518 0
3 1 20.895539130339337 0

0 2 21.944311316555254 1
1 2 20.984760174352793 0
2 2 20.63773168175203 0
3 2 21.56645906160024 1

0 3 20.85545041028596 0
1 3 21.647553153096965 1
2 3 20.474516573733876 0
3 3 20.394210717919137 0


# 20.0 20.0 1.9659257350945438
0 0 20.310735132364115 0
1 0 20.424823878445 0
2 0 20.71083020925189 0
3 0 21.974428840706235 1

0 1 20.745022460011107 0
1 1 20.65163340424878 0
2 1 20.58645688947034 0
3 1 20.907454624366405 0

0 2 21.95367303779573 1
1 2 20.996178781306583 0
2 2 20.650603896701263 0
3 2 21.584095011880873 1

0 3 20.86786890980638 0
1 3 21.666418691845053 1
2 3 20.48712167731464 0
3 3 20.404873732344395 0


# 20.0 20.0 1.974428840706235
0 0 20.37358682366048 1
1 0 20.427813880796243 0
2 0 20.716839735794984 0
3 0 21.98284093476275 1

0 1 20.7494782358791 0
1 1 20.653474134294267 0
2 1 20.59344742746965 0
3 1 20.919266130632376 0

0 2 21.962981081332217 1
1 2 21.00756393345394 0
2 2 20.66344164626103 0
3 2 21.60141399949273 1

0 3 20.880178426331476 0
1 3 21.68492747523276 1
2 3 20.499701481113483 0
3 3 20.41551166374727 0


# 20.0 20.0 1.9828409347627485
0 0 20.43426520340881 1
1 0 20.43150064668478 0
2 0 20.7228259349986 0
3 0 21.99116376589886 1

0 1 20.7546087950006 0
1 1 20.65555282547945 0
2 1 20.600494989399564 0
3 1 20.93097382620331 0

0 2 21.972244089773696 1
1 2 21.018914857089115 0
2 2 20.676242751165642 0
3 2 21.61842735040743 1

0 3 20.89237806176362 0
1 3 21.703092454072582 1
2 3 20.512252181334542 0
3 3 20.426121398233274 0


# 20.0 20.0 1.991163765898861
0 0 20.492864969386318 1
1 0 20.43583254428239 0
2 0 20.72879714132363 0
3 0 21.999399121936825 1

0 1 20.76036316822625 0
1 1 20.657873556564404 0
2 1 20.607597877211468 0
3 1 20.94257801769744 0

0 2 21.98146971104815 1
1 2 21.030231085623047 0
2 2 20.68900520104461 0
3 2 21.63514585709402 1

0 3 20.904467197521576 0
1 3 21.720925976575284 1
2 3 20.524770220628728 0
3 3 20.436700020829548 0


# 20.0 20.0 1.9993991219368255
0 0 20.549476179038514 1
1 0 20.44076133994565 0
2 0 20.734760761457164 0
3 0 22.007548818896954 1

0 1 20.76669374852056 0
1 1 20.660439034464922 0
2 1 20.61475457528129 0
3 1 20.954079131969415 0

0 2 21.99066468756411 1
1 2 21.04151241230893 0
2 2 20.70172714817822 0
3 2 21.651579806707797 1

0 3 20.916445466380473 0
1 3 21.73843982275094 1
2 3 20.537252275263427 0
3 3 20.447244805063338 0


# 20.0 20.0 2.0075488188969537
0 0 20.60418449765472 1
1 0 20.446241975190855 0
2 0 20.740723353908393 0
3 0 22.015614691247197 1

0 1 20.7735560697189 0
1 1 20.663250741200606 0
2 1 20.621963720170868 0
3 1 20.96547770704421 0

0 2 21.999834938067316 1
1 2 21.052758848320465 0
2 2 20.714406900871218 0
3 2 21.667739007781815 1

0 3 20.928312726720595 0
1 3 21.755645236399054 1
2 3 20.549695243010365 0
3 3 20.457753203090565 0


# 20.0 20.0 2.0156146912471975
0 0 20.65707143227807 1
1 0 20.452232358561485 0
2 0 20.746690702283995 0
3 0 21.90359858327424 -1

0 1 20.78090860012926 0
1 1 20.66630906794916 0
2 1 20.62922407414045 0
3 1 20.97533438333071 0

0 2 22.008985632770532 1
1 2 21.063970585656964 0
2 2 20.727042916556474 0
3 2 21.683615535490713 1

0 3 20.94006903898869 0
1 3 21.772552954882165 1
2 3 20.56209623169828 0
3 3 20.468222628985572 0


# 20.0 20.0 2.0156146912471975
0 0 20.708214552220348 1
1 0 20.458693171371344 0
2 0 20.7512278827335 0
3 0 21.795787781469137 -1

0 1 20.78871254995911 0
1 1 20.669613437261134 0
2 1 20.63649994202029 0
3 1 20.983761178338582 0

0 2 22.018121262289426 1
1 2 21.0751479643973 0
2 2 20.739633172645043 0
3 2 21.699203086759734 1

0 3 20.951714644191156 0
1 3 21.789173236860556 1
2 3 20.574452538428847 0
3 3 20.478650481844355 0


# 20.0 20.0 2.0181212622894265
0 0 20.75768769699638 1
1 0 20.46557040637764 0
2 0 20.7544506092171 0
3 0 21.691997962786917 -1

0 1 20.796931691619392 0
1 1 20.673161792325576 0
2 1 20.643760025833632 0
3 1 20.990862741752924 0

0 2 22.027245700875763 1
1 2 21.08629142893871 0
2 2 20.75217526531761 0
3 2 21.714496818982806 1

0 3 20.96324994425311 0
1 3 21.80551588785186 1
2 3 20.586761631435003 0
3 3 20.48903416590297 0


# 20.0 20.0 2.0272457008757634
0 0 20.805560965080478 1
1 0 20.472814529709257 0
2 0 20.756466553849936 0
3 0 21.592053987673822 -1

0 1 20.80553218207076 0
1 1 20.676950804292577 0
2 1 20.650977008976174 0
3 1 20.996736840386895 0

0 2 22.03636226410213 1
1 2 21.097401491008423 0
2 2 20.764666495987193 0
3 2 21.729493202612854 1

0 3 20.974675484083445 0
1 3 21.821590283840404 1
2 3 20.5990211342635 0
3 3 20.49937110797298 0


# 20.0 20.0 2.036362264102131
0 0 20.85190093087894 1
1 0 20.480380138929725 0
2 0 20.757375892215194 0
3 0 21.49578939690879 -1

0 1 20.814482398415073 0
1 1 20.680976058134487 0
2 1 20.658127175986003 0
3 1 21.001474810396736 0

0 2 22.045473761491923 1
1 2 21.108478698633466 0
2 2 20.77710394671776 0
3 2 21.744189886484165 1

0 3 20.985991935200428 0
1 3 21.837405393136276 1
2 3 20.611228811998355 0
3 3 20.50965877246774 0


# 20.0 20.0 2.045473761491923
0 0 20.896770847815436 1
1 0 20.488225646672657 0
2 0 20.757271811376967 0
3 0 21.40304593808136 -1

0 1 20.823752785690942 0
1 1 20.685232219027828 0
2 1 20.665190064988906 0
3 1 21.005161979034728 0

0 2 22.05458254454356 1
1 2 21.119523610340163 0
2 2 20.789484545761045 0
3 2 21.75858557481899 1

0 3 20.99720008078537 0
1 3 21.852969796662038 1
2 3 20.623382559273114 0
3 3 20.51989467426801 0


# 20.0 20.0 2.0545825445435604
0 0 20.940230838482442 1
1 0 20.496312987939053 0
2 0 20.756240983191248 0
3 0 21.313673119857143 -1

0 1 20.83331571591657 0
1 1 20.689713181064707 0
2 1 20.67214815013806 0
3 1 21.00787805805304 0

0 2 22.003690550557238 0
1 2 21.129816773932376 0
2 2 20.801796484262464 0
3 2 21.772679811275594 1

0 3 21.007580802043726 0
1 3 21.868274426825224 1
2 3 20.635480078807912 0
3 3 20.530076384675365 0


# 20.0 20.0 2.0545825445435604
0 0 20.982338072743342 1
1 0 20.504607349289603 0
2 0 20.754364005328632 0
3 0 21.227527792302865 -1

0 1 20.842425357500456 0
1 1 20.694394919943928 0
2 1 20.67898624054249 0
3 1 21.009697505744263 0

0 2 21.955293422635553 0
1 2 21.079422679827626 -1
2 2 20.81330907874331 0
3 2 21.786464254831973 1

0 3 21.01719070736368 0
1 3 21.882592022490556 1
2 3 20.64750164532889 0
3 3 20.540201225628984 0


# 20.0 20.0 2.0545825445435604
0 0 21.023138294606063 1
1 0 20.513076607257982 0
2 0 20.75171580478607 0
3 0 21.144473751506325 -1

0 1 20.851117412131664 0
1 1 20.698535199063738 0
2 1 20.685673992056497 0
3 1 21.010689554483744 0

0 2 21.908543868476734 0
1 2 21.031246153221193 -1
2 2 20.824080875508894 0
3 2 21.79993241599649 1

0 3 21.026065472590197 0
1 3 21.895980916799637 1
2 3 20.659429732440326 0
3 3 20.55026632728758 0


# 20.0 20.0 2.0545825445435604
0 0 21.06267564423292 1
1 0 20.52168250953014 0
2 0 20.74836570402217 0
3 0 21.06438135955417 -1

0 1 20.859407537363413 0
1 1 20.70218163181473 0
2 1 20.69218545362774 0
3 1 21.010918583945568 0

0 2 21.86338565595881 0
1 2 20.98517388682756 -1
2 2 20.774165651351172 -1
3 2 21.75235946127565 0

0 3 21.03423951445005 0
1 3 21.78849583589867 -1
2 3 20.66908881745228 0
3 3 20.559514118849965 0


# 20.0 20.0 2.0545825445435604
0 0 21.10099240160326 1
1 0 20.53039032097916 0
2 0 20.744377830063172 0
3 0 20.987127187578324 -1

0 1 20.86731113706667 0
1 1 20.70537764306964 0
2 1 20.69777862835476 0
3 1 21.009707186746358 0

0 2 21.819764152868668 0
1 2 20.938939179658096 -1
2 2 20.725703693127205 -1
3 2 21.706299463886754 0

0 3 21.040306011795057 0
1 3 21.68515901889779 -1
2 3 20.676631609089785 0
3 3 20.567966783447083 0


# 20.0 20.0 2.0545825445435604
0 0 21.138129092642092 1
1 0 20.53916854228733 0
2 0 20.739802853499164 0
3 0 20.91258472930845 -1

0 1 20.874843319972836 0
1 1 20.708128272245574 0
2 1 20.702485358261153 0
3 1 21.007155919520486 0

0 2 21.777583120585295 0
1 2 20.892628988292778 -1
2 2 20.678606460891466 -1
3 2 21.66167963636982 0

0 3 21.04440790104423 0
1 3 21.585746362085203 -1
2 3 20.6822009167851 0
3 3 20.575646545880847 0


# 20.0 20.0 2.0545825445435604
0 0 21.1741245876541 1
1 0 20.54798813207205 0
2 0 20.7346878322879 0
3 0 20.840633804075047 -1

0 1 20.882017932299796 0
1 1 20.710439560108895 0
2 1 20.706336738338322 0
3 1 21.003359173046025 0

0 2 21.736753287380353 0
1 2 20.846321344900314 -1
2 2 20.632791814405397 -1
3 2 21.61843066204227 0

0 3 21.046679212400225 0
1 3 21.49004743256665 -1
2 3 20.68593030779436 0
3 3 20.582575601867177 0


# 20.0 20.0 2.0545825445435604
0 0 21.209016175271014 1
1 0 20.556822353337036 0
2 0 20.72907645808081 0
3 0 20.77116021470187 -1

0 1 20.888847687416327 0
1 1 20.712318398711574 0
2 1 20.709363125029007 0
3 1 20.99840553579937 0

0 2 21.69719182824698 0
1 2 20.800086114032265 -1
2 2 20.588183529820714 -1
3 2 21.576486550246344 0

0 3 21.04724563188358 0
1 3 21.397864585043376 -1
2 3 20.687944719467772 0
3 3 20.58877605543653 0


# 20.0 20.0 2.0545825445435604
0 0 21.2428396334503 1
1 0 20.565646628379792 0
2 0 20.723009286458744 0
3 0 20.704055424839698 -1

0 1 20.895344282869747 0
1 1 20.71377239737715 0
2 1 20.71159414402109 0
3 1 20.992378136725083 0

0 2 21.658821883806034 0
1 2 20.753985689311282 -1
2 2 20.54471085362588 -1
3 2 21.535784495685448 0

0 3 21.046225026761963 0
1 3 21.309012137698048 -1
2 3 20.68836102981125 0
3 3 20.594269863746774 0


# 20.0 20.0 2.0545825445435604
0 0 21.275629297581084 1
1 0 20.574438401764844 0
2 0 20.716523952074983 0
3 0 20.63921625461107 -1

0 1 20.901518505934387 0
1 1 20.714809763195426 0
2 1 20.713058697575534 0
3 1 20.985354968357093 0

0 2 21.621572115350272 0
1 2 20.708075634662777 -1
2 2 20.50230809094466 -1
3 2 21.496264741943243 0

0 3 21.04372793683511 0
1 3 21.22331560313044 -1
2 3 20.68728858925304 0
3 3 20.599078788626247 0


# 20.0 20.0 2.0545825445435604
0 0 21.307418125760556 1
1 0 20.583177010983093 0
2 0 20.70965536964587 0
3 0 20.576544593501108 -1

0 1 20.907380328736817 0
1 1 20.715439194625542 0
2 1 20.713784971574785 0
3 1 20.977409191370324 0

0 2 21.58537629330838 0
1 2 20.662405274383072 -1
2 2 20.460914225505164 -1
3 2 21.457870449247647 0

0 3 21.039858033866313 0
1 3 21.140610970568993 -1
2 3 20.684829716320817 0
3 3 20.603224354222522 0


# 20.0 20.0 2.0545825445435604
0 0 21.338237761309816 1
1 0 20.59184356442878 0
2 0 20.702435921674798 0
3 0 20.51594712949161 -1

0 1 20.912938993920797 0
1 1 20.715669786935205 0
2 1 20.71380044244502 0
3 1 20.968609421586983 0

0 2 21.55017291661547 0
1 2 20.61701823600818 -1
2 2 20.420472568809174 -1
3 2 21.42054756651467 0

0 3 21.03471255129334 0
1 3 21.060744035848565 -1
2 3 20.681080159741906 0
3 3 20.60672781018559 0


# 20.0 20.0 2.0545825445435604
0 0 21.36811859260286 1
1 0 20.600420826337324 0
2 0 20.694895633743744 0
3 0 20.45733509349388 -1

0 1 20.918203091729964 0
1 1 20.71551094832056 0
2 1 20.713131884077185 0
3 1 20.959020000409357 0

0 2 21.515904860665998 0
1 2 20.57195294964352 -1
2 2 20.380930436226063 -1
3 2 21.384244707682907 0

0 3 21.028382686204953 0
1 3 20.98356977589001 -1
2 3 20.676129529300365 0
3 3 20.609610099862707 0


# 20.0 20.0 2.0545825445435604
0 0 21.397089810285962 1
1 0 20.60889310833936 0
2 0 20.687062338157432 0
3 0 20.400624018190904 -1

0 1 20.923180629308575 0
1 1 20.714972325657598 0
2 1 20.711805374846886 0
3 1 20.948701249600813 0

0 2 21.48251905169991 0
1 2 20.527243107134314 -1
2 2 20.342238847914786 -1
3 2 21.348913032328763 0

0 3 21.020953975432654 0
1 3 20.90895176464504 -1
2 3 20.67006169761882 0
3 3 20.61189183302702 0


# 20.0 20.0 2.0545825445435604
0 0 21.425179461967442 1
1 0 20.617246167298497 0
2 0 20.678961826678854 0
3 0 20.34573351045139 -1

0 1 20.927879092949514 0
1 1 20.714063738932783 0
2 1 20.709846304811762 0
3 1 20.937709711288683 0

0 2 21.449966165634713 0
1 2 20.482918084197394 -1
2 2 20.304352252642357 -1
3 2 21.31450613053445 0

0 3 21.012506647480436 0
1 3 20.836761627681508 -1
2 3 20.66295517487904 0
3 3 20.61359326270301 0


# 20.0 19.0 2.0545825445435604
0 0 21.45241450445959 1
1 0 20.625467109112815 0
2 0 20.670617993050854 0
3 0 20.292587036527213 -1

0 1 20.93230550395396 0
1 1 20.71279512348892 0
2 1 20.707279383146446 0
3 1 20.926098374017055 0

0 2 21.418200349505636 0
1 2 20.43900332839574 -1
2 2 20.26722827271899 -1
3 2 21.28097991196527 0

0 3 21.003115951897385 0
1 3 20.76687853278095 -1
2 3 20.654883458352558 0
3 3 20.614734265689513 0


# 20.0 19.0 2.4524145044595898
0 0 21.478820853655847 1
1 0 20.633544298172424 0
2 0 20.66205296595687 0
3 0 20.24111171929192 -1

0 1 20.936466468707696 0
1 1 20.71117647930252 0
2 1 20.704128645859363 0
3 1 20.91391688563374 0

0 2 21.38717896381441 0
1 2 20.395520715616147 -1
2 2 20.23082746841 -1
3 2 21.24829249909953 0

0 3 20.992852467588225 0
1 3 20.699188714102835 -1
2 3 20.645915358480178 0
3 3 20.61533432641565 0


# 20.0 19.0 2.478820853655847
0 0 21.5044234321268 1
1 0 20.641467272177817 0
2 0 20.653287233034632 0
3 0 20.19123814682143 -1

0 1 20.940368223524896 0
1 1 20.709217826582137 0
2 1 20.70041746382204 0
3 1 20.901211753754037 0

0 2 21.356862344214957 0
1 2 20.352488877506293 -1
2 2 20.195113120313216 -1
3 2 21.216404124543146 0

0 3 20.981782391454864 0
1 3 20.63358502763981 -1
2 3 20.636115303116433 0
3 3 20.6154125237966 0


# 20.0 19.0 2.5044234321267993
0 0 21.52924621451867 1
1 0 20.649226662035975 0
2 0 20.64433975651933 0
3 0 20.142900191659137 -1

0 1 20.94401667476064 0
1 1 20.706929167043693 0
2 1 20.696168551130143 0
3 1 20.888026534504355 0

0 2 21.32721358108259 0
1 2 20.309923502138943 -1
2 2 20.160051028309326 -1
3 2 21.185277032351657 0

0 3 20.969967808667157 0
1 3 20.56996653584601 -1
2 3 20.625543621440965 0
3 3 20.614987520785434 0


# 20.0 19.0 2.5292462145186683
0 0 21.553312270837555 1
1 0 20.65681411656327 0
2 0 20.635228081057747 0
3 0 20.096034840146153 -1

0 1 20.94741743464826 0
1 1 20.704320450279365 0
2 1 20.691403973805706 0
3 1 20.874402010210815 0

0 2 21.29819831562257 0
1 2 20.26783760999696 -1
2 2 20.125609325801623 -1
3 2 21.15487538327446 0

0 3 20.95746694577276 0
1 3 20.508238119467006 -1
2 3 20.614256808933092 0
3 3 20.61407755634365 0


# 20.0 19.0 2.553312270837555
0 0 21.57664380770194 1
1 0 20.664222231736083 0
2 0 20.625968434201578 0
3 0 20.05058203123384 -1

0 1 20.950575853276277 0
1 1 20.701401544691734 0
2 1 20.6861451588419 0
3 1 20.86037635666216 0

0 2 21.269784551274974 0
1 2 20.22624180721193 -1
2 2 20.091758308062282 -1
3 2 21.125165163829752 0

0 3 20.944334407773844 0
1 3 20.44831011473642 -1
2 3 20.60230777470761 0
3 3 20.612700439577726 0


# 20.0 19.0 2.5766438077019416
0 0 21.59926220764482 1
1 0 20.671444484241626 0
2 0 20.61657582005692 0
3 0 20.006484504230052 -1

0 1 20.95349704708201 0
1 1 20.69818221251506 0
2 1 20.680412903585044 0
3 1 20.84598530054209 0

0 2 21.24194247926624 0
1 2 20.18514451784072 -1
2 2 20.05847027359485 -1
3 2 21.09611409911348 0

0 3 20.93062140022202 0
1 3 20.390097974230734 -1
2 3 20.58974607241873 0
3 3 20.610873545811312 0


# 20.0 19.0 2.59926220764482
0 0 21.62118806654549 1
1 0 20.678475169092888 0
2 0 20.607064106537425 0
3 0 19.963687654962722 -1

0 1 20.956185924204487 0
1 1 20.694672088491014 0
2 1 20.674227385442947 0
3 1 20.83126226759355 0

0 2 21.214644317244264 0
1 2 20.144552196827096 -1
2 2 20.025719377507922 -1
3 2 21.067691569241667 0

0 3 20.916375937311727 0
1 3 20.333521949791734 -1
2 3 20.576618115854476 0
3 3 20.608613814383258 0


# 20.0 19.0 2.621188066545489
0 0 21.64244122926942 1
1 0 20.68530934108256 0
2 0 20.597446106640714 0
3 0 19.922139399874876 -1

0 1 20.958647207007953 0
1 1 20.69088066180777 0
2 1 20.667608171904284 0
3 1 20.816238522046874 0

0 2 21.187864160013767 0
1 2 20.10446952516885 -1
2 2 19.993481495973572 -1
3 2 21.039868529322362 0

0 3 20.90164303688617 0
1 3 20.278506796035394 -1
2 3 20.562967380265295 0
3 3 20.605937747980512 0


# 20.0 19.0 2.6424412292694193
0 0 21.663040823592805 1
1 0 20.69194275986159 0
2 0 20.58773365414149 0
3 0 19.88179004759364 -1

0 1 20.96088545205859 0
1 1 20.686817260948917 0
2 1 20.66057423085021 0
3 1 20.8009432978141 0

0 2 21.161577841462552 0
1 2 20.064899588693788 -1
2 2 19.96173410091642 -1
3 2 21.012617432851357 0

0 3 20.886464903208243 0
1 3 20.224981493067915 -1
2 3 20.548834590397732 0
3 3 20.602861413332203 0


# 20.0 19.0 2.663040823592805
0 0 21.683005292486506 1
1 0 20.698371838438327 0
2 0 20.577937674070135 0
3 0 19.84259217754288 -1

0 1 20.962905067810905 0
1 1 20.682491041132888 0
2 1 20.6531439411366 0
3 1 20.785403921924278 0

0 2 21.13576280683768 0
1 2 20.025844041739944 -1
2 2 19.93045614414594 -1
3 2 20.98591215842443 0

0 3 20.870881098291612 0
1 3 20.172878987124214 -1
2 3 20.534257896136257 0
3 3 20.599400443106973 0


# 20.119999999999997 19.0 2.6830052924865058
0 0 21.703072424831984 1
1 0 20.704962234904336 0
2 0 20.568432672002196 0
3 0 19.805224898278453 -1

0 1 20.965078970236476 0
1 1 20.67791982141472 0
2 1 20.64533958267589 0
3 1 20.770014676876002 0

0 2 21.110762418273712 0
1 2 19.98730773618793 -1
2 2 19.89962805770803 -1
3 2 20.960092365902895 0

0 3 20.855653075617887 0
1 3 20.122504694160302 -1
2 3 20.519637462838237 0
3 3 20.596298785100014 0


# 20.239999999999995 19.0 2.7030724248319835
0 0 21.72396231199972 1
1 0 20.712077598703353 0
2 0 20.559590204733997 0
3 0 19.77035206051975 -1

0 1 20.967777388106803 0
1 1 20.6731296976549 0
2 1 20.637191634351122 0
3 1 20.755165693176494 0

0 2 21.08691925510517 0
1 2 19.949303145306448 -1
2 2 19.869240606238826 -1
3 2 20.935496947549158 0

0 3 20.84152265228683 0
1 3 20.07416505613075 -1
2 3 20.505369142768664 0
3 3 20.594282421920227 0


# 20.359999999999992 19.0 2.7239623119997205
0 0 21.745657928609454 1
1 0 20.71971087352979 0
2 0 20.551414470955976 0
3 0 19.737898348310626 -1

0 1 20.97099922038275 0
1 1 20.668145930650308 0
2 1 20.628734036314526 0
3 1 20.740874286049173 0

0 2 21.064210546606464 0
1 2 19.911845740007255 -1
2 2 19.839294407539036 -1
3 2 20.912099489138196 0

0 3 20.82848834403735 0
1 3 20.027798562495015 -1
2 3 20.491480143475833 0
3 3 20.593331210322468 0


# 20.47999999999999 19.0 2.745657928609454
0 0 21.768142764306464 1
1 0 20.727855454832493 0
2 0 20.543908917249315 0
3 0 19.707791406211026 -1

0 1 20.974743244025433 0
1 1 20.66299306768125 0
2 1 20.619999650713655 0
3 1 20.727156252587864 0

0 2 21.042614631585835 0
1 2 19.87494955251852 -1
2 2 19.809790622007316 -1
3 2 20.889874647613404 0

0 3 20.816547721980974 0
1 3 19.98334675188593 -1
2 3 20.477995600460435 0
3 3 20.593425729727745 0


# 20.599999999999987 19.0 2.7681427643064644
0 0 21.791400809177727 1
1 0 20.73650515925883 0
2 0 20.537076297319047 0
3 0 19.67996170618631 -1

0 1 20.979008129877702 0
1 1 20.657694950340975 0
2 1 20.611020284946463 0
3 1 20.71402596964413 0

0 2 21.022110881911757 0
1 2 19.838627292471383 -1
2 2 19.780730886056865 -1
3 2 20.868798103438785 0

0 3 20.805697495595233 0
1 3 19.940754032969043 -1
2 3 20.46493871302614 0
3 3 20.594547245255125 0


# 20.719999999999985 19.0 2.791400809177727
0 0 21.815416539516967 1
1 0 20.745654196016083 0
2 0 20.530918727077434 0
3 0 19.654342421124262 -1

0 1 20.983792456884075 0
1 1 20.652274723488425 0
2 1 20.601826714944234 0
3 1 20.701496485793164 0

0 2 21.00267963181087 0
1 2 19.802890453724658 -1
2 2 19.75211725134774 -1
3 2 20.848846514883107 0

0 3 20.795933589731163 0
1 3 19.899967516662127 -1
2 3 20.45233087123822 0
3 3 20.596677673059396 0


# 20.839999999999982 19.0 2.815416539516967
0 0 21.840174903929157 1
1 0 20.75529714003735 0
2 0 20.52543773585345 0
3 0 19.63086930462355 -1

0 1 20.989094724805685 0
1 1 20.646754845163123 0
2 1 20.592448708444802 0
3 1 20.689579607725268 0

0 2 20.984302112493953 0
1 2 19.767749412653878 -1
2 2 19.72395212936969 -1
3 2 20.82999747417987 0

0 3 20.787251216050713 0
1 3 19.86093685896163 -1
2 3 20.440191774582903 0
3 3 20.59979954781441 0


# 20.95999999999998 19.0 2.8401749039291566
0 0 21.865661309765823 1
1 0 20.76542890684517 0
2 0 20.52063431398657 0
3 0 19.609480576717644 -1

0 1 20.99491336557292 0
1 1 20.641157097317496 0
2 1 20.58291504822024 0
3 1 20.678285981390218 0

0 2 20.96696039170054 0
1 2 19.733213518574683 -1
2 2 19.696238240946638 -1
3 2 20.812229465506128 0

0 3 20.779644939280832 0
1 3 19.823614113674502 -1
2 3 20.428539542879648 0
3 3 20.60389599219372 0


# 21.079999999999977 19.0 2.865661309765823
0 0 21.89186160988327 1
1 0 20.77604472901192 0
2 0 20.516508957046533 0
3 0 19.590116815217048 -1

0 1 21.001246753405674 0
1 1 20.635502597236805 0
2 1 20.57325355522511 0
3 1 20.66762516820321 0

0 2 20.95063731778425 0
1 2 19.699291176918805 -1
2 2 19.668978570267555 -1
3 2 20.795521824722844 0

0 3 20.773108738644225 0
1 3 19.787953594401486 -1
2 3 20.417390819961057 0
3 3 20.608950688210953 0


# 21.199999999999974 19.0 2.8918616098832715
0 0 21.918762089716484 1
1 0 20.78714013412142 0
2 0 20.51306170690534 0
3 0 19.572720852370537 -1

0 1 21.008093213819485 0
1 1 20.629811809530455 0
2 1 20.563491111633184 0
3 1 20.657605716603392 0

0 2 20.9353164679899 0
1 2 19.665989925732976 -1
2 2 19.642176323079312 -1
3 2 20.779854700819207 0

0 3 20.767636064801728 0
1 3 19.753911745162572 -1
2 3 20.406760870600127 0
3 3 20.614947850292392 0


# 21.319999999999972 19.0 2.918762089716484
0 0 21.94634945466198 1
1 0 20.798710924141492 0
2 0 20.51029218987306 0
3 0 19.557237676562917 -1

0 1 21.015451031625254 0
1 1 20.624104558590588 0
2 1 20.55365368373255 0
3 1 20.648235229239425 0

0 2 20.92098210060024 0
1 2 19.633316506026986 -1
2 2 19.615834888705653 -1
3 2 20.76520901900365 0

0 3 20.763219892618018 0
1 3 19.721447019096686 -1
2 3 20.39666367113206 0
3 3 20.621872199963494 0


# 21.43999999999997 19.0 2.9463494546619806
0 0 21.97461081776335 1
1 0 20.810753156122274 0
2 0 20.508199652095403 0
3 0 19.543614338782668 -1

0 1 21.023318458020444 0
1 1 20.618400041425065 0
2 1 20.543766344650972 0
3 1 20.639520426040615 0

0 2 20.907619110655016 0
1 2 19.60127692645628 -1
2 2 19.589957805582696 -1
3 2 20.751566445384537 0

0 3 20.75985277004079 0
1 3 19.690519764706174 -1
2 3 20.387111994187542 0
3 3 20.629708942039674 0


# 21.559999999999967 19.0 2.974610817763349
0 0 22.00353368769358 1
1 0 20.823263124139707 0
2 0 20.506782992398275 0
3 0 19.53179986360776 -1

0 1 21.031693716860868 0
1 1 20.612716840781957 0
2 1 20.53385329688537 0
3 1 20.63146720341744 0

0 2 20.8952129889678 0
1 2 19.569876522786842 -1
2 2 19.564548730025656 -1
3 2 20.73890935318418 0

0 3 20.75752686336341 0
1 3 19.661092119152567 -1
2 3 20.37811748792628 0
3 3 20.63844374221957 0


# 21.679999999999964 19.0 3.0035336876935794
0 0 22.033105957028617 1
1 0 20.836237342408346 0
2 0 20.506040792752366 0
3 0 19.521745164471916 -1

0 1 21.04057501019405 0
1 1 20.60707293849172 0
2 1 20.523937894611116 0
3 1 20.624080689821113 0

0 2 20.883749784187284 0
1 2 19.53912001255536 -1
2 2 19.539611407963747 -1
3 2 20.727220790430497 0

0 3 20.756233999122404 0
1 3 19.633127908143408 -1
2 3 20.369690750133294 0
3 3 20.648062705986433 0


# 21.79999999999996 19.0 3.033105957028617
0 0 22.063315890806816 1
1 0 20.849672529491805 0
2 0 20.505971346519665 0
3 0 19.513402962987016 -1

0 1 21.04996052312773 0
1 1 20.60148572896155 0
2 1 20.514042665748974 0
3 1 20.617365297878624 0

0 2 20.873216067669084 0
1 2 19.509011545305558 -1
2 2 19.515149649400907 -1
3 2 20.716484449071608 0

0 3 20.755965702863747 0
1 3 19.606592551981016 -1
2 3 20.361841397516116 0
3 3 20.658552358729974 0


# 21.91999999999996 19.0 3.063315890806816
0 0 22.094152115369205 1
1 0 20.863565593543353 0
2 0 20.50657268463319 0
3 0 19.506727712109626 -1

0 1 21.059848428100363 0
1 1 20.595972032763775 0
2 1 20.50418933376914 0
3 1 20.611324773307125 0

0 2 20.86359890094222 0
1 2 19.479554748751948 -1
2 2 19.49116730537897 -1
3 2 20.70668463545959 0

0 3 20.756713234995733 0
1 3 19.58145297737298 -1
2 3 20.35457813051822 0
3 3 20.669899627007428 0


# 22.039999999999957 19.0 3.094152115369205
0 0 22.12560360747564 1
1 0 20.877913618513002 0
2 0 20.507842599851298 0
3 0 19.50167552295158 -1

0 1 21.07023688861433 0
1 1 20.590548110266894 0
2 1 20.494398839213872 0
3 1 20.605962240799727 0

0 2 20.85488580557099 0
1 2 19.45075277119493 -1
2 2 19.46766824723742 -1
3 2 20.697806242150822 0

0 3 20.758467623931214 0
1 3 19.557677534631047 -1
2 3 20.347908793942967 0
3 3 20.682091820868287 0


# 22.159999999999954 19.0 3.1256036074756395
0 0 22.157659683692042 1
1 0 20.892713851261178 0
2 0 20.50977866921866 0
3 0 19.498204095045544 -1

0 1 21.081124062486886 0
1 1 20.585229675263967 0
2 1 20.484691360921843 0
3 1 20.601280247063556 0

0 2 20.847064735228365 0
1 2 19.422608320485903 -1
2 2 19.444656347980043 -1
3 2 20.68983472097143 0

0 3 20.761219696708004 0
1 3 19.535235919910185 -1
2 3 20.341840433662465 0
3 3 20.695116617172634 0


# 22.27999999999995 19.0 3.1576596836920423
0 0 22.190309990044106 1
1 0 20.90796368952253 0
2 0 20.512378274857358 0
3 0 19.496272649886954 -1

0 1 21.092508104668873 0
1 1 20.580031908558485 0
2 1 20.475086336939107 0
3 1 20.597280801180457 0

0 2 20.840124049811127 0
1 2 19.3951236998177 -1
2 2 19.42213546557369 -1
3 2 20.682756057297752 0

0 3 20.76496010726317 0
1 3 19.514099102162877 -1
2 3 20.336379349667553 0
3 3 20.708962043838003 0


# 22.39999999999995 19.0 3.1903099900441063
0 0 22.223544491932813 1
1 0 20.923660670666766 0
2 0 20.515638623203262 0
3 0 19.49584186758363 -1

0 1 21.10438716967641 0
1 1 20.574969471472876 0
2 1 20.465602485103194 0
3 1 20.593965412450693 0

0 2 20.834052491440147 0
1 2 19.368300840594245 -1
2 2 19.400109428018105 -1
3 2 20.67655674550293 0

0 3 20.769679362524933 0
1 3 19.494239254505477 -1
2 3 20.331531145697856 0
3 3 20.723616464954244 0


# 22.519999999999946 19.0 3.223544491932813
0 0 22.25735346430735 1
1 0 20.939802461206565 0
2 0 20.519556762795446 0
3 0 19.49687382645357 -1

0 1 21.116759413676647 0
1 1 20.570056519249146 0
2 1 20.4562578232884 0
3 1 20.591335125870703 0

0 2 20.82883916220121 0
1 2 19.34214133261341 -1
2 2 19.37858202003847 -1
3 2 20.671223765522168 0

0 3 20.775367846474516 0
1 3 19.475629689713674 -1
2 3 20.32730077567502 0
3 3 20.739068566710255 0


# 22.639999999999944 19.0 3.25735346430735
0 0 22.291727482090884 1
1 0 20.956386847005515 0
2 0 20.524129600719007 0
3 0 19.499331945420316 -1

0 1 21.12962299626472 0
1 1 20.565306714315252 0
2 1 20.447069689301877 0
3 1 20.589390555387066 0

0 2 20.82447350349299 0
1 2 19.31664645177869 -1
2 2 19.357556971263953 -1
3 2 20.66674456049057 0

0 3 20.782015842319915 0
1 3 19.45824479958298 -1
2 3 20.323692587147356 0
3 3 20.75530734408034 0


# 22.75999999999994 19.0 3.2917274820908844
0 0 22.326657410854853 1
1 0 20.97341172414195 0
2 0 20.529353917795177 0
3 0 19.503180929063372 -1

0 1 21.14297608196556 0
1 1 20.560733239394377 0
2 1 20.438054760421473 0
3 1 20.588131915060515 0

0 2 20.820945276859053 0
1 2 19.29181718553852 -1
2 2 19.337037945766458 -1
3 2 20.663107015408855 0

0 3 20.7896135529137 0
1 3 19.44205999790769 -1
2 3 20.320710361940222 0
3 3 20.772322088221635 0


# 22.87999999999994 19.0 3.3266574108548532
0 0 22.362134397737368 1
1 0 20.99087509038711 0
2 0 20.535226382606243 0
3 0 19.50838671518909 -1

0 1 21.156816841490897 0
1 1 20.556348810437502 0
2 1 20.42922907256769 0
3 1 20.58755904826596 0

0 2 20.81824454619029 0
1 2 19.267654256236295 -1
2 2 19.317028532843505 -1
3 2 20.660299436793657 0

0 3 20.79815111953798 0
1 3 19.427051666848143 -1
2 3 20.31835735419369 0
3 3 20.790102374537504 0


# 22.999999999999936 19.0 3.3621343977373677
0 0 22.398149862601358 1
1 0 21.00877503725859 0
2 0 20.541743564436967 0
3 0 19.514916424794716 -1

0 1 21.171143452779027 0
1 1 20.5521656893626 0
2 1 20.42060803910335 0
3 1 20.58767145504709 0

0 2 20.816361661192936 0
1 2 19.24415814253992 -1
2 2 19.297532238938583 -1
3 2 20.6583105332706 0

0 3 20.807618639171107 0
1 3 19.413197106471376 -1
2 3 20.316636325956924 0
3 3 20.808638051364884 0


# 23.119999999999933 19.0 3.3981498626013575
0 0 22.434695489428158 1
1 0 21.027109742612463 0
2 0 20.54890194520874 0
3 0 19.522738314305176 -1

0 1 21.18595410184211 0
1 1 20.54819569658637 0
2 1 20.412206469255757 0
3 1 20.58846831773709 0

0 2 20.81528724202547 0
1 2 19.221329099106267 -1
2 2 19.278552480600606 -1
3 2 20.657129397069667 0

0 3 20.81800618034291 0
1 3 19.40047448726445 -1
2 3 20.315549580497493 0
3 3 20.827919229246554 0


# 23.23999999999993 19.0 3.434695489428158
0 0 22.471763217942197 1
1 0 21.045877463739586 0
2 0 20.55669793047758 0
3 0 19.531821729968765 -1

0 1 21.20124698344339 0
1 1 20.544450223336764 0
2 1 20.404038586157306 0
3 1 20.58994852495048 0

0 2 20.81501216501511 0
1 2 19.19916717462377 -1
2 2 19.260092578391955 -1
3 2 20.65674548638381 0

0 3 20.82930379767792 0
1 3 19.388862805432932 -1
2 3 20.315098993473455 0
3 3 20.847936270751966 0


# 23.35999999999993 19.0 3.471763217942197
0 0 22.509345235462472 1
1 0 21.065076530933844 0
2 0 20.56512785956224 0
3 0 19.542137064304043 -1

0 1 21.21702030162454 0
1 1 20.54094024373667 0
2 1 20.396118044501453 0
3 1 20.59211069404483 0

0 2 20.815527549371588 0
1 2 19.177672228365026 -1
2 2 19.242155751661826 -1
3 2 20.657148608553193 0

0 3 20.841501545219167 0
1 3 19.37834184080944 -1
2 3 20.315286042106248 0
3 3 20.86867978081281 0


# 23.479999999999926 19.0 3.5093452354624723
0 0 22.547433968976524 1
1 0 21.084705341501927 0
2 0 20.574188014864312 0
3 0 19.553655714496006 -1

0 1 21.233272270101327 0
1 1 20.537676326650946 0
2 1 20.388457947812046 0
3 1 20.594953192145283 0

0 2 20.816824744822206 0
1 2 19.156843945370838 -1
2 2 19.224745114108167 -1
3 2 20.658328904038754 0

0 3 20.854589488618856 0
1 3 19.368892117208595 -1
2 3 20.31611183248334 0
3 3 20.890140597541812 0


# 23.599999999999923 19.0 3.5474339689765237
0 0 22.586022077432606 1
1 0 21.10476235418622 0
2 0 20.583874630437943 0
3 0 19.566350042645148 -1

0 1 21.25000111254394 0
1 1 20.53466864729066 0
2 1 20.38107086532485 0
3 1 20.598474155819286 0

0 2 20.818895320098076 0
1 2 19.136681850377503 -1
2 2 19.20786367005767 -1
3 2 20.660276831150153 0

0 3 20.868557716276257 0
1 3 19.36049486507548 -1
2 3 20.31757712511114 0
3 3 20.912309783505442 0


# 23.71999999999992 19.0 3.586022077432606
0 0 22.505102444245793 -1
1 0 21.12380608397409 0
2 0 20.59416661986288 0
3 0 19.580193130418106 -1

0 1 21.26576506275671 0
1 1 20.531892438569905 0
2 1 20.373968226400976 0
3 1 20.602671499530505 0

0 2 20.82171377220688 0
1 2 19.1171846985103 -1
2 2 19.191514296468974 -1
3 2 20.662983151195906 0

0 3 20.8833961421377 0
1 3 19.35313197633142 -1
2 3 20.31968235853214 0
3 3 20.935178617415982 0


# 23.839999999999918 19.0 3.586022077432606
0 0 22.428953610013714 -1
1 0 21.141946380468536 0
2 0 20.60504491467609 0
3 0 19.595158774693534 -1

0 1 21.280673647970413 0
1 1 20.529326876958752 0
2 1 20.36716044258534 0
3 1 20.60754292497192 0

0 2 20.82525684763761 0
1 2 19.098350592950567 -1
2 2 19.17569972878163 -1
3 2 20.66643891409971 0

0 3 20.89909454690837 0
1 3 19.346785963306193 -1
2 3 20.322427671187835 0
3 3 20.958738586212455 0


# 23.959999999999916 19.0 3.586022077432606
0 0 22.357382720394487 -1
1 0 21.09928568663321 -1
2 0 20.615772287106637 0
3 0 19.671212841349508 0

0 1 21.294828952095546 0
1 1 20.526234694955907 0
2 1 20.360639736971038 0
3 1 20.613805620032142 0

0 2 20.829503349140285 0
1 2 19.080168449323146 -1
2 2 19.16042223905909 -1
3 2 20.67064407705117 0

0 3 20.915642614969023 0
1 3 19.34143981767309 -1
2 3 20.325812916713282 0
3 3 20.982981481033978 0


# 24.079999999999913 19.0 3.586022077432606
0 0 22.28948631812503 -1
1 0 21.058413607396865 -1
2 0 20.627113045276765 0
3 0 19.74618020304463 0

0 1 21.308308828454187 0
1 1 20.522665797063766 0
2 1 20.35441711001361 0
3 1 20.621400680672103 0

0 2 20.83443364718935 0
1 2 19.06262790176746 -1
2 2 19.145683995650803 -1
3 2 20.675597819703302 0

0 3 20.933029962408487 0
1 3 19.33707699470149 -1
2 3 20.329837683867957 0
3 3 21.00789937375961 0


# 24.19999999999991 19.0 3.586022077432606
0 0 22.22514547990274 -1
1 0 21.019299327753114 -1
2 0 20.639053057064878 0
3 0 19.820123160587865 0

0 1 21.321186796748982 0
1 1 20.518668212440105 0
2 1 20.34850276008289 0
3 1 20.630272536968363 0

0 2 20.840029569938494 0
1 2 19.04571926775539 -1
2 2 19.13148705423648 -1
3 2 20.681298618855337 0

0 3 20.95124616253746 0
1 3 19.333681398293958 -1
2 3 20.334501315060983 0
3 3 21.033484595511258 0


# 24.319999999999908 19.0 3.586022077432606
0 0 22.164246076120264 -1
1 0 20.981912364134985 -1
2 0 20.65157928808582 0
3 0 19.89310094870735 0

0 1 21.333532277587512 0
1 1 20.51428813827771 0
2 1 20.342906151809732 0
3 1 20.64036875904816 0

0 2 20.84627430049564 0
1 2 19.02943351359878 -1
2 2 19.117833350825027 -1
3 2 20.687744317328026 0

0 3 20.970280769071582 0
1 3 19.33123736673839 -1
2 3 20.339802923585317 0
3 3 21.059729716963812 0


