# 20.0 20.0 0.0
0 0 20.0 0
1 0 20.06 1
2 0 20.00072 0
3 0 20.00000864 0

0 1 20.06 1
1 1 20.06144 1
2 1 20.06074592 1
3 1 20.00072905472 0

0 2 20.00072 0
1 2 20.00074592 0
2 2 20.00073790208 0
3 2 20.0000176034816 0

0 3 20.00000864 0
1 3 20.00000905472 0
2 3 20.0600089634816 1
3 3 20.00072031880356 0


# 20.0 20.0 0.06144000000000105
0 0 20.00144 0
1 0 20.1182432 1
2 0 20.00283773312 0
3 0 20.000051130414082 0

0 1 20.1182432 1
1 1 20.12206661888 1
2 1 20.1193465715456 1
3 1 20.002131418087057 0

0 2 20.002117733120002 0
1 2 20.0022092915456 0
2 2 20.002881471940814 0
3 2 20.00008566264135 0

0 3 20.00003385041408 0
1 3 20.000755699687055 0
2 3 20.11754087690055 1
3 3 20.002105905801134 0


# 20.0 20.0 0.1220666188800017
0 0 20.0042259968 0
1 0 20.1748265497856 1
2 0 20.006249239349902 0
3 0 20.00014985760842 0

0 1 20.1748179097856 1
1 1 20.18186182504571 1
2 1 20.175935423564493 1
3 1 20.00415594985317 0

0 2 20.004153520949906 0
1 2 20.004379075762895 0
2 2 20.006318453754087 0
3 2 20.000233028523315 0

0 3 20.000091542446818 0
1 3 20.002188098241522 0
2 3 20.172731509564287 1
3 3 20.004105667649345 0


# 20.0 20.0 0.18186182504571136
0 0 20.008269594430054 0
1 0 20.229840402600512 1
2 0 20.01085787950249 0
3 0 20.000324628686784 0

0 1 20.229806976859713 1
1 1 20.240811999988967 1
2 1 20.230636254630582 1
3 1 20.006755726901424 0

0 2 20.006790404210843 0
1 2 20.00724218760062 0
2 2 20.010945283737716 0
3 2 20.000484921464796 0

0 3 20.00019598894816 0
1 3 20.004258234348736 0
2 3 20.225708496391416 1
3 3 20.006672184628243 0


# 20.0 20.0 0.24081199998896707
0 0 20.013487657584093 0
1 0 20.283368996136197 1
2 0 20.016573807116828 0
3 0 20.00059289646228 0

0 1 20.283288164573012 1
1 1 20.298907451224782 1
2 1 20.283563901636082 1
3 1 20.009887687006323 0

0 2 20.00999392332745 0
1 2 20.010783821307456 0
2 2 20.016666403807903 0
3 2 20.000863270068585 0

0 3 20.00035995923814 0
1 3 20.006921615829334 0
2 3 20.276591861994163 1
3 3 20.00976144756638 0


# 20.0 20.0 0.2989074512247818
0 0 20.01980198783958 0
1 0 20.33549089725265 1
2 0 20.023313479562134 0
3 0 20.00096996618846 0

0 1 20.335334502009648 1
1 1 20.35614197103246 1
2 1 20.334824948854457 1
3 1 20.013512302373396 0

0 2 20.013731917938358 0
1 2 20.014987740787994 0
2 2 20.023393630285586 0
3 2 20.00138702128841 0

0 3 20.00059484311078 0
1 3 20.01013700131522 0
2 3 20.325494508740416 1
3 3 20.013332613814335 0


# 20.0 20.0 0.3561419710324607
0 0 20.0271390210685 0
1 0 20.386279413227996 1
2 0 20.030999205359777 0
3 0 20.001469185498475 0

0 1 20.386014607845713 1
1 1 20.412512436951495 1
2 1 20.384518362209086 1
3 1 20.017593280501664 0

0 2 20.017974343685882 0
1 2 20.019836538177028 0
2 2 20.031045573196856 0
3 2 20.00207242400445 0

0 3 20.000910764898805 0
1 3 20.013866149001775 0
2 3 20.372522671405473 1
3 3 20.017347780861936 0


# 20.0 20.0 0.412512436951495
0 0 20.03542954456292 0
1 0 20.43580297211491 1
2 0 20.039558724972537 0
3 0 20.00210211888622 0

0 1 20.435392990218595 1
1 1 20.468018450330458 1
2 1 20.432736073171068 1
3 1 20.022097290113336 0

0 2 20.022693104770607 0
1 2 20.025311863672126 0
2 2 20.039547102070443 0
3 2 20.00293328827281 0

0 3 20.001316688407716 0
1 3 20.018073585425523 0
2 3 20.417776340826737 1
3 3 20.021771776300103 0


# 20.0 20.0 0.4680184503304581
0 0 20.044608432506656 0
1 0 20.4841254745798 1
2 0 20.048924822523336 0
3 0 20.002878707957958 0

0 1 20.483530324480707 1
1 1 20.522662009545442 1
2 1 20.479563516349888 1
3 1 20.026993710079545 0

0 2 20.02786190088897 0
1 2 20.031394629391027 0
2 2 20.048828854469146 0
3 2 20.00398122225554 0

0 3 20.00182051346081 0
1 3 20.022726392641793 0
2 3 20.461349658792948 1
3 3 20.026571962925882 0


# 20.0 20.0 0.5226620095454422
0 0 20.054614398525143 0
1 0 20.531306619414575 1
2 0 20.059034966102026 0
3 0 20.00380741858565 0

0 1 20.53048371056003 1
1 1 20.57644721479585 1
2 1 20.525080124510453 1
3 1 20.032254399440422 0

0 2 20.033456087292574 0
1 2 20.03806518977065 0
2 2 20.058826783798583 0
3 2 20.005225848674787 0

0 3 20.00242916473543 0
1 3 20.027794012310427 0
2 3 20.50333128623206 1
3 3 20.03171805787943 0


# 20.0 20.0 0.5764472147958486
0 0 20.065389764137933 0
1 0 20.57740220473959 1
2 0 20.06983097449977 0
3 0 20.00489537600385 0

0 1 20.576306911511224 1
1 1 20.62938000165203 1
2 1 20.56935978444664 1
3 1 20.03785348677343 0

0 2 20.039452546818495 0
1 2 20.045303500796614 0
2 2 20.069481743218052 0
3 2 20.006675002484897 0

0 3 20.003148673514502 0
1 3 20.033248065319906 0
2 3 20.543804746607325 1
3 3 20.037181964784878 0


# 20.0 20.0 0.6293800016520308
0 0 20.07688024202398 0
1 0 20.62246440675864 1
2 0 20.081258708377288 0
3 0 20.006148488809522 0

0 1 20.62105057471369 1
1 1 20.68146790077332 1
2 1 20.612471256862907 1
3 1 20.043767177306833 0

0 2 20.045829572840415 0
1 2 20.053089260144198 0
2 2 20.08073910273678 0
3 2 20.008334911318475 0

0 3 20.003984252925903 0
1 3 20.0390621856926 0
2 3 20.582848746288388 1
3 3 20.042937617943906 0


# 20.0 20.0 0.6814679007733204
0 0 20.089034733088784 0
1 0 20.66654203778165 1
2 0 20.09326778402689 0
3 0 20.007571562748385 0

0 1 20.664762437056144 1
1 1 20.73271982143834 1
2 1 20.654478563159593 1
3 1 20.049973576306662 0

0 2 20.052566762182632 0
1 2 20.06140203012188 0
2 2 20.092548396816074 0
3 2 20.010210360135897 0

0 3 20.004940367195072 0
1 3 20.045211867616775 0
2 3 20.620537473532796 1
3 3 20.04896083770195 0


# 20.0 20.0 0.7327198214383408
0 0 20.10180513639564 0
1 0 20.709680785097152 1
2 0 20.10581130802982 0
3 0 20.00916840510148 0

0 1 20.707487515339984 1
1 1 20.783145856733924 1
2 1 20.69544134178257 1
3 1 20.05645252738602 0

0 2 20.059644917122846 0
1 2 20.070221345135504 0
2 2 20.104863000015943 0
3 2 20.012304841391437 0

0 3 20.006020795392924 0
1 3 20.051674324545605 0
2 3 20.65694087759158 1
3 3 20.055229196172476 0


# 20.0 20.0 0.783145856733924
0 0 20.115146171090643 0
1 0 20.691923432153324 0
2 0 20.118125631241018 0
3 0 20.01093328042135 0

0 1 20.749268283035075 1
1 1 20.832037108435973 1
2 1 20.735397896581954 1
3 1 20.063185153456544 0

0 2 20.06704595568645 0
1 2 20.079518165233207 0
2 2 20.117639517384756 0
3 2 20.01462068445716 0

0 3 20.007228690121565 0
1 3 20.058428255710044 0
2 3 20.69212492436394 1
3 3 20.06172189241612 0


# 20.0 20.0 0.8320371084359728
0 0 20.12829520951364 0
1 0 20.675804143393172 0
2 0 20.19022997857365 1
3 0 20.073580663910544 1

0 1 20.790127554431233 0
1 1 20.879469500346723 1
2 1 20.77510508734316 1
3 1 20.0708910542399 0

0 2 20.07475251846505 0
1 2 20.089264770804892 0
2 2 20.13084620615392 0
3 2 20.01716812554368 0

0 3 20.00856662656729 0
1 3 20.065453744831057 0
2 3 20.72615193966147 1
3 3 20.0684197450716 0


# 20.0 20.0 0.8794695003467226
0 0 20.141267762345045 0
1 0 20.661951976265843 0
2 0 20.26036797220379 1
3 0 20.13490686832709 1

0 1 20.770088074519002 0
1 1 20.864811883237273 0
2 1 20.81382304854071 1
3 1 20.079504406470765 0

0 2 20.082027946352213 0
1 2 20.09869773917315 0
2 2 20.144435678493558 0
3 2 20.019955382231277 0

0 3 20.010028008305067 0
1 3 20.07272321979383 0
2 3 20.759080501915996 1
3 3 20.075305064858792 0


# 20.0 20.0 0.8794695003467226
0 0 20.15336660351004 0
1 0 20.64949255077009 0
2 0 20.328611186982886 1
3 0 20.19494760818876 1

0 1 20.7509468525864 0
1 1 20.85105643513473 0
2 1 20.791602834695738 0
3 1 20.088243291300383 0

0 2 20.088898843806195 0
1 2 20.107845617819578 0
2 2 20.15764457796582 0
3 2 20.022971571387064 0

0 3 20.011606464769287 0
1 3 20.080211235576545 0
2 3 20.79095705137634 1
3 3 20.082361225997037 0


# 20.0 20.0 0.8794695003467226
0 0 20.164650678623957 0
1 0 20.638345683246648 0
2 0 20.39430827064318 1
3 0 20.253720113037286 1

0 1 20.73266235626855 0
1 1 20.83745120415263 0
2 1 20.771337666759088 0
3 1 20.097113425279968 0

0 2 20.155390465632625 1
1 2 20.11743739796417 0
2 2 20.1705100824733 0
3 2 20.02620658219381 0

0 3 20.0140158524521 0
1 3 20.087911287303843 0
2 3 20.821826246367824 1
3 3 20.089572615803885 0


# 20.0 20.0 0.8794695003467226
0 0 20.175175350667676 0
1 0 20.628418382455852 0
2 0 20.457589037223194 1
3 0 20.31124261851798 1

0 1 20.715906741550704 0
1 1 20.82405074861806 0
2 1 20.752904618277785 0
3 1 20.106118907246085 0

0 2 20.21903238597966 1
1 2 20.127418456914388 0
2 2 20.183065869359627 0
3 2 20.029650994450588 0

0 3 20.017194605843226 0
1 3 20.095816284946586 0
2 3 20.851731001261697 1
3 3 20.09692458558349 0


# 20.0 20.0 0.8794695003467226
0 0 20.18500093953172 0
1 0 20.61962449909718 0
2 0 20.518575558490536 1
3 0 20.367534217840173 1

0 1 20.700575667295126 0
1 1 20.810902591583407 0
2 1 20.73618915172061 0
3 1 20.115262405509885 0

0 2 20.279975290529148 1
1 2 20.137739491419524 0
2 2 20.195342435296595 0
3 2 20.093296005800344 1

0 3 20.021085098938578 0
1 3 20.10391866807827 0
2 3 20.880712527476206 1
3 3 20.105123402901803 0


# 20.0 20.0 0.8807125274762058
0 0 20.194183307705284 0
1 0 20.61188420762845 0
2 0 20.577382675960205 1
3 0 20.422614726975567 1

0 1 20.686572223546545 0
1 1 20.798047888079186 0
2 1 20.72108449729617 0
3 1 20.125265327239333 0

0 2 20.33836109009378 1
1 2 20.14835603680996 0
2 2 20.208087387210952 0
3 2 20.154639286964954 1

0 3 20.02563339247485 0
1 3 20.172210507500115 1
2 3 20.909547656893558 1
3 3 20.11410920372364 0


# 20.0 20.0 0.9095476568935581
0 0 20.202774185801992 0
1 0 20.60512352790615 0
2 0 20.63411847659601 1
3 0 20.47651320245047 1

0 1 20.67380638812529 0
1 1 20.785522034853035 0
2 1 20.707508360136746 0
3 1 20.13606811368991 0

0 2 20.394323474118764 1
1 2 20.15995666788728 0
2 2 20.22127901628742 0
3 2 20.21380191291684 1

0 3 20.031508998125183 0
1 3 20.238189826059983 1
2 3 20.878229591856883 0
3 3 20.123105650446874 0


# 20.0 20.0 0.9095476568935581
0 0 20.210821474105497 0
1 0 20.59927388356075 0
2 0 20.688885045932754 1
3 0 20.529258165077724 1

0 1 20.662194523620954 0
1 1 20.77336417840256 0
2 1 20.695383115101933 0
3 1 20.14761457123209 0

0 2 20.448005810481376 1
1 2 20.172448813803467 0
2 2 20.234175984709772 0
3 2 20.270880987050997 1

0 3 20.038609021831174 0
1 3 20.30125730249536 1
2 3 20.84924641625072 0
3 3 20.132115375870406 0


# 20.0 20.0 0.9095476568935581
0 0 20.21836952192388 0
1 0 20.594271805406308 0
2 0 20.741778831030608 1
3 0 20.58087759196208 1

0 1 20.651659227758568 0
1 1 20.76160785338408 0
2 1 20.684626852461317 0
3 1 20.159851384418037 0

0 2 20.499542171201877 1
1 2 20.18573027048239 0
2 2 20.246821351758648 0
3 2 20.32596944293942 1

0 3 20.04682869072962 0
1 3 20.36158616032011 1
2 3 20.82246434142358 0
3 3 20.141140427751427 0


# 20.0 20.0 0.9095476568935581
0 0 20.2254593915326 0
1 0 20.59005854249061 0
2 0 20.79289087597029 1
3 0 20.631398905776102 1

0 1 20.64212885318613 0
1 1 20.750281210645092 0
2 1 20.67516290141668 0
3 1 20.172728001274066 0

0 2 20.549057653784175 1
1 2 20.19970817401733 0
2 2 20.259253585191797 0
3 2 20.379156190506574 1

0 3 20.056070583632604 0
1 3 20.419338458775545 1
2 3 20.797757628744414 0
3 3 20.150182338183388 0


# 20.0 20.0 0.9095476568935581
0 0 20.232129102185546 0
1 0 20.586579697971615 0
2 0 20.84230715724151 1
3 0 20.68084896707035 1

0 1 20.63353705695169 0
1 1 20.739407566498414 0
2 1 20.666919437871147 0
3 1 20.186196520365932 0

0 2 20.59666902210046 1
1 2 20.214298205255293 0
2 2 20.27150699065112 0
3 2 20.430526260695704 1

0 3 20.06624413239234 0
1 3 20.474665843103676 1
2 3 20.775008070400407 0
3 3 20.159242185981938 0


# 20.0 20.0 0.9095476568935581
0 0 20.238413855565945 0
1 0 20.583784893608478 0
2 0 20.890108896219967 1
3 0 20.72925406925485 1

0 1 20.625822385889695 0
1 1 20.729005902377985 0
2 1 20.659829124568713 0
3 1 20.200211579964794 0

0 2 20.642485299854687 1
1 2 20.22942385983489 0
2 2 20.28361210288586 0
3 2 20.480160948172475 1

0 3 20.077265157341717 0
1 3 20.527710242744245 1
2 3 20.754104505822934 0
3 3 20.168320652734533 0


# 20.0 20.0 0.9095476568935581
0 0 20.244346244119548 0
1 0 20.58162746058953 0
2 0 20.936372850431685 1
3 0 20.776639935926433 1

0 1 20.618927895038553 0
1 1 20.719091319144223 0
2 1 20.653828780818532 0
3 1 20.214730249585283 0

0 2 20.686608320207373 1
1 2 20.245015778382594 0
2 2 20.2955960421057 0
3 2 20.52813795168234 1

0 3 20.089055434432836 0
1 3 20.578604521172647 1
2 3 20.734942371170526 0
3 3 20.177418073110324 0


# 20.0 20.0 0.9363728504316846
0 0 20.24995644359878 0
1 0 20.580064154602866 0
2 0 20.98117158516973 1
3 0 20.823031720250142 1

0 1 20.61280079644234 0
1 1 20.709675449948257 0
2 1 20.64885907926095 0
3 1 20.229711924117023 0

0 2 20.729133234869757 1
1 2 20.261011131997385 0
2 2 20.30748283849396 0
3 2 20.574531511740336 1

0 3 20.101542291865762 0
1 3 20.6274730808238 1
2 3 20.7174232794905 0
3 3 20.186534479973123 0


# 20.0 20.0 0.9811715851697294
0 0 20.255272391041768 0
1 0 20.57905489322346 0
2 0 21.024573726905416 1
3 0 20.86845400613341 1

0 1 20.607392135902078 0
1 1 20.700766835235346 0
2 1 20.644864267353448 0
3 1 20.245118220726834 0

0 2 20.77014898572241 1
1 2 20.27735305854482 0
2 2 20.3192937276518 0
3 2 20.619412545387462 1

0 3 20.114658234157147 0
1 3 20.67443242629551 1
2 3 20.701454629358945 0
3 3 20.195669644791046 0


# 20.0 20.0 1.024573726905416
0 0 20.26031994931377 0
1 0 20.57856251384553 0
2 0 21.066644199823376 1
3 0 20.912930810959207 1

0 1 20.60265649543745 0
1 1 20.692371263166223 0
2 1 20.641791911456902 0
3 1 20.26091287866995 0

0 2 20.809738741779743 1
1 2 20.293990145641388 0
2 2 20.33104741950665 0
3 2 20.6628487777968 1

0 3 20.128340591744394 0
1 3 20.719591688792036 1
2 3 20.686949239962946 0
3 3 20.204823113791686 0


# 20.0 20.0 1.0666441998233758
0 0 20.26512305924987 0
1 0 20.57855255053089 0
2 0 21.107444446706157 1
3 0 20.95648558966919 1

0 1 20.598551719399428 0
1 1 20.684492078458586 0
2 1 20.639592661587066 0
3 1 20.27706166211445 0

0 2 20.847980304106414 1
1 2 20.310875956540965 0
2 2 20.342760343000982 0
3 2 20.70490487055622 1

0 3 20.142531194356376 0
1 3 20.763053114553095 1
2 3 20.67382501074065 0
3 3 20.213994240270747 0


# 20.0 20.0 1.1074444467061575
0 0 20.269703880356037 0
1 0 20.57899302827484 0
2 0 21.14703263529887 1
3 0 20.999141240010058 1

0 1 20.595038662339704 0
1 1 20.677130462397486 0
2 1 20.638220035064627 0
3 1 20.293532266053212 0

0 2 20.88494648109279 1
1 2 20.32796859543953 0
2 2 20.354446868678547 0
3 2 20.74564254649289 1

0 3 20.157176066507297 0
1 3 20.804912519814113 1
2 3 20.662004603834703 0
3 3 20.22318221342493 0


# 20.0 20.0 1.1470326352988707
0 0 20.274082920950594 0
1 0 20.57985427331106 0
2 0 21.185463851196946 1
3 0 21.040920108776696 1

0 1 20.592080956894726 0
1 1 20.670285686530924 0
2 1 20.63763021745104 0
3 1 20.310294225351626 0

0 2 20.920705436312993 1
1 2 20.34523030899447 0
2 2 20.366119511103253 0
3 2 20.785120710938745 1

0 3 20.17222514358656 0
1 3 20.84525971465891 1
2 3 20.65141514774389 0
3 3 20.232386084045825 0


# 20.0 20.0 1.1854638511969462
0 0 20.278279158558842 0
1 0 20.581108738187435 0
2 0 21.222790278219655 1
3 0 21.08184399890359 1

0 1 20.58964480008198 0
1 1 20.66395534235402 0
2 1 20.637781879297734 0
3 1 20.32731882695654 0

0 2 20.9553210110198 1
1 2 20.362627121112368 0
2 2 20.37778911287941 0
3 2 20.8233955693659 1

0 3 20.187632007125586 0
1 3 20.884178897955017 1
2 3 20.64198796067721 0
3 3 20.24160478738069 0


# 20.0 20.0 1.2227902782196551
0 0 20.282310151309957 0
1 0 20.582730840446168 0
2 0 21.2590613671582 1
3 0 21.121934177272436 1

0 1 20.587698756534742 0
1 1 20.658135549089717 0
2 1 20.63863600736445 0
3 1 20.3445790252724 0

0 2 20.988853023174244 1
1 2 20.380128498296155 0
2 2 20.38946501188964 0
3 2 20.860520741347045 1

0 3 20.203353637922618 0
1 3 20.92174902540366 1
2 3 20.633658292224855 0
3 3 20.25083716343785 0


# 20.0 20.0 1.2590613671581998
0 0 20.286192141026568 0
1 0 20.58469681383472 0
2 0 21.294323993719214 1
3 0 21.161211383118527 1

0 1 20.586213577319768 0
1 1 20.652821141495192 0
2 1 20.640155749079476 0
3 1 20.362049360693497 0

0 2 21.021357544763386 1
1 2 20.397707043060564 0
2 2 20.40115519322748 0
3 2 20.896547370818777 1

0 3 20.219350185799406 0
1 3 20.958044152589725 1
2 3 20.62636508206247 0
3 3 20.260081974988662 0


# 20.0 20.0 1.294323993719214
0 0 20.289940148643467 0
1 0 20.586984571059958 0
2 0 21.3286226064221 1
3 0 21.199695836931646 1

0 1 20.585162033091162 0
1 1 20.648005839458918 0
2 1 20.642306269121285 0
3 1 20.37970588126683 0

0 2 21.05288715902674 1
1 2 20.415338213125292 0
2 2 20.412866427174094 0
3 2 20.931524232645543 1

0 3 20.235584754850027 0
1 3 20.99313375478141 1
2 3 20.620050734499177 0
3 3 20.269337923494806 0


# 20.0 20.0 1.3286226064221012
0 0 20.293568062542114 0
1 0 20.589573577176516 0
2 0 21.361999365151128 1
3 0 21.237407249759123 1

0 1 20.584518760433667 0
1 1 20.643682401003172 0
2 1 20.645054617098605 0
3 1 20.39752606744766 0

0 2 21.083491199088524 1
1 2 20.433000064279845 0
2 2 20.424604394452015 0
3 2 20.965497835499164 1

0 3 20.252023203121865 0
1 3 21.0270830251034 1
2 3 20.614660907766815 0
3 3 20.278603663168184 0


# 20.0 20.0 1.361999365151128
0 0 20.29708872034192 0
1 0 20.592444732773057 0
2 0 21.39449427101035 1
3 0 21.274364832829292 1

0 1 20.584260120340655 0
1 1 20.639842760168925 0
2 1 20.64836960539482 0
3 1 20.41548875989954 0

0 2 21.113215969379713 1
1 2 20.45067301498366 0
2 2 20.436373799882052 0
3 2 20.998512521083597 1

0 3 20.268633955743276 0
1 3 21.05995315259098 1
2 3 20.610144317028304 0
3 3 20.28787781335147 0


# 20.0 20.0 1.3944942710103483
0 0 20.300513984646976 0
1 0 20.595580266186502 0
2 0 21.426145288080843 1
3 0 21.3105873074232 1

0 1 20.584364067856693 0
1 1 20.636478151133876 0
2 1 20.652221696323824 0
3 1 20.433574090281727 0

0 2 21.14210495112877 1
1 2 20.468339630921275 0
2 2 20.448178475471998 0
3 2 21.03061055974735 1

0 3 20.285387830581154 0
1 3 21.09180158152453 1
2 3 20.606452550157293 0
3 3 20.297158969389674 0


# 20.0 20.0 1.4261452880808427
0 0 20.303854813208204 0
1 0 20.598963634035744 0
2 0 21.45698845763484 1
3 0 21.346092914930964 1

0 1 20.58481003199236 0
1 1 20.63357921979873 0
2 1 20.656582897818527 0
3 1 20.451763414959856 0

0 2 21.1701989931033 1
1 2 20.485984427875835 0
2 2 20.46002147387653 0
3 2 21.06183224253667 1

0 3 20.302257875575766 0
1 3 21.122682253343804 1
2 3 20.603539895410005 0
3 3 20.306445712147006 0


# 20.0 20.0 1.4569884576348393
0 0 20.307121323925045 0
1 0 20.602579429422548 0
2 0 21.48705800532024 1
3 0 21.38089942703681 1

0 1 20.585578805090606 0
1 1 20.63113612397088 0
2 1 20.66142666694077 0
3 1 20.470039251569712 0

0 2 21.197536488695466 1
1 2 20.503593691416434 0
2 2 20.4719051530861 0
3 2 21.092215969751763 1

0 3 20.31921921695951 0
1 3 21.152645832348796 1
2 3 20.601363180173767 0
3 3 20.315736616308822 0


# 20.0 20.0 1.4870580053202396
0 0 20.310322855077903 0
1 0 20.60641329719923 0
2 0 21.51638644179091 1
3 0 21.41502415598381 1

0 1 20.586652440889733 0
1 1 20.62913862317763 0
2 1 20.666727820563104 0
3 1 20.48838521835937 0

0 2 21.224153540361446 1
1 2 20.521155312016134 0
2 2 20.483831253128027 0
3 2 21.121798336075745 1

0 3 20.33624891762149 0
1 3 21.181739916307883 1
2 3 20.599881620035404 0
3 3 20.32503025759504 0


# 20.0 20.0 1.5163864417909103
0 0 20.313468021152165 0
1 0 20.61045185575031 0
2 0 21.54500465722326 1
3 0 21.448483964875386 1

0 1 20.58801416058866 0
1 1 20.627576159052122 0
2 1 20.67246245262923 0
3 1 20.50678597623124 0

0 2 21.25008411234898 1
1 2 20.538658634329405 0
2 2 20.49580096549472 0
3 2 21.150614212352416 1

0 3 20.353325844931 0
1 3 21.210009233014503 1
2 3 20.599056677467168 0
3 3 20.334325218999453 0


# 20.0 20.0 1.5450046572232594
0 0 20.316564764586754 0
1 0 20.614682624779142 0
2 0 21.57294201012729 1
3 0 21.481295277976173 1

0 1 20.58964826627579 0
1 1 20.626437927153784 0
2 1 20.678607857451112 0
3 1 20.525227173402882 0

0 2 21.275360172576757 1
1 2 20.55609431946047 0
2 2 20.507814995951748 0
3 2 21.178696824093862 1

0 3 20.37043054738058 0
1 3 21.23749582375959 1
2 3 20.598851929478077 0
3 3 20.343620096158336 0


# 20.0 20.0 1.5729420101272886
0 0 20.31962040375429 0
1 0 20.61909395863084 0
2 0 21.60022641083064 1
3 0 21.513474090979834 1

0 1 20.591540061134026 0
1 1 20.62571294101052 0
2 1 20.68514245854781 0
3 1 20.543695392603418 0

0 2 21.300011824464235 1
1 2 20.5734542191486 0
2 2 20.519873621321285 0
3 2 21.206077826802915 1

0 3 20.387545139453565 0
1 3 21.26423921461865 1
2 3 20.599232943625175 0
3 3 20.352913501941774 0


# 20.0 20.0 1.6002264108306399
0 0 20.322641677456314 0
1 0 20.623674984719916 0
2 0 21.626884399986725 1
3 0 21.54503598121564 1

0 1 20.593675775881568 0
1 1 20.62539008910159 0
2 1 20.69204574257367 0
3 1 20.56217810072118 0

0 2 21.32406742945054 1
1 2 20.590731260883373 0
2 2 20.531976740784483 0
3 2 21.232787378198562 1

0 3 20.404653194162066 0
1 3 21.290276576388717 1
2 3 20.6001671618223 0
3 3 20.36220407035212 0


# 20.0 20.0 1.626884399986725
0 0 20.325634786195106 0
1 0 20.62841554666508 0
2 0 21.652941222432734 1
3 0 21.575996117769723 1

0 1 20.59604250095151 0
1 1 20.625458185437598 0
2 1 20.699298197922644 0
3 1 20.58066360081758 0

0 2 21.347553720885582 1
1 2 20.607919343042926 0
2 2 20.544123922198665 0
3 2 21.25885420743464 1

0 3 20.421739642739524 0
1 3 21.31564287395165 1
2 3 20.60162379142379 0
3 3 20.371490459805745 0


# 20.0 20.0 1.6529412224327338
0 0 20.328605430463483 0
1 0 20.633306151765154 0
2 0 21.67842089670005 1
3 0 21.606369271500224 1

0 1 20.598628123952984 0
1 1 20.6259060143368 0
2 1 20.706881257630993 0
3 1 20.599140986422032 0

0 2 21.370495909925214 1
1 2 20.625013239221815 0
2 2 20.556314443881664 0
3 2 21.2843056814037 1

0 3 20.438790681007426 0
1 3 21.340371005785517 1
2 3 20.603573703097666 0
3 3 20.380771355866756 0


# 20.0 20.0 1.6784208967000502
0 0 20.331558846275417 0
1 0 20.638337922478765 0
2 0 21.703346280457968 1
3 0 21.636169824928775 1

0 1 20.60142127199341 0
1 1 20.62672236994453 0
2 1 20.71477724623318 0
3 1 20.617600098023093 0

0 2 21.392917784015026 1
1 2 20.642008510982688 0
2 2 20.56854733227595 0
3 2 21.309167868218736 1

0 3 20.455793681968764 0
1 3 21.364491934295113 1
2 3 20.605989335036817 0
3 3 20.39004547349462 0


# 20.0 20.0 1.7033462804579678
0 0 20.334499838143167 0
1 0 20.643502551597205 0
2 0 21.727739132151843 1
3 0 21.665411781993438 1

0 1 20.60441125847492 0
1 1 20.62789609099465 0
2 1 20.72296933025533 0
3 1 20.636031481671733 0

0 2 21.414841798503513 1
1 2 20.65890142832835 0
2 2 20.580821395868778 0
3 2 21.333465597965972 1

0 3 20.472737114211473 0
1 3 21.388034807585637 1
2 3 20.60884460308866 0
3 3 20.39931155886147 0


# 20.0 20.0 1.727739132151843
0 0 20.337432809690878 0
1 0 20.64879226082417 0
2 0 21.75162016907834 1
3 0 21.694108777650676 1

0 1 20.60758803400924 0
1 1 20.629416091267913 0
2 1 20.731441472057718 0
3 1 20.654426349613612 0

0 2 21.436289161884954 1
1 2 20.675688897247877 0
2 2 20.5931352557114 0
3 2 21.35722252082164 1

0 3 20.489610465733506 0
1 3 21.41102707325988 1
2 3 20.61211481641293 0
3 3 20.408568390789274 0


# 20.0 20.0 1.7516201690783397
0 0 20.340361792080007 0
1 0 20.65419976249867 0
2 0 21.775009122123535 1
3 0 21.722274087316098 1

0 1 20.610942141123648 0
1 1 20.631271386162187 0
2 1 20.740178386762278 0
3 1 20.67277654286864 0

0 2 21.457279915135047 1
1 2 20.6923683937432 0
2 2 20.60548737285013 0
3 2 21.380461162625227 1

0 3 20.50640417282784 0
1 3 21.433494584778774 1
2 3 20.615776598304606 0
3 3 20.41781478185202 0


# 20.0 20.0 1.7750091221235351
0 0 20.343290470408594 0
1 0 20.659718224218057 0
2 0 21.797924787373905 1
3 0 21.74992063613563 1

0 1 20.614464672456926 0
1 1 20.633451115752568 0
2 1 20.749165502023832 0
3 1 20.691074495677572 0

0 2 21.47783300556771 1
1 2 20.70893790379092 0
2 2 20.61787607295426 0
3 2 21.403202978000774 1

0 3 20.523109553690194 0
1 3 21.455461700887493 1
2 3 20.619807811844137 0
3 3 20.427049579183485 0


# 20.0 20.0 1.7979247873739048
0 0 20.346222208233986 0
1 0 20.665341236137223 0
2 0 21.820385074795762 1
3 0 21.777061008080427 1

0 1 20.618147232168386 0
1 1 20.63594456468589 0
2 1 20.75838892042405 0
3 1 20.709313201737178 0

0 2 21.49796635560966 1
1 2 20.7253958687386 0
2 2 20.630299568400545 0
3 2 21.425468401116596 1

0 3 20.539718746435312 0
1 3 21.476951378574434 1
2 3 20.624187490060585 0
3 3 20.436271665027007 0


# 20.0 20.0 1.8203850747957624
0 0 20.34916007035723 0
1 0 20.671062780737525 0
2 0 21.842407054165243 1
3 0 21.803707454860362 1

0 1 20.621981900305148 0
1 1 20.63874117922343 0
2 1 20.767835384286013 0
3 1 20.727486182147373 0

0 2 21.517696926859802 1
1 2 20.74174113567585 0
2 2 20.64275597805099 0
3 2 21.447276894172404 1

0 3 20.556224651228852 0
1 3 21.49798525999789 1
2 3 20.62889577031495 0
3 3 20.445479957059884 0


# 20.0 20.0 1.8424070541652426
0 0 20.352106843996882 0
1 0 20.676877204875176 0
2 0 21.86400699841856 1
3 0 21.82987190465218 1

0 1 20.625961199893293 0
1 1 20.64183058171747 0
2 1 20.777492242724296 0
3 1 20.74558745499577 0

0 2 21.537040779773267 1
1 2 20.757972912357882 0
2 2 20.655243344939375 0
3 2 21.468646993701103 1

0 3 20.57262087626187 0
1 3 21.518583753785194 1
2 3 20.633913832631137 0
3 3 20.454673408521714 0


# 20.0 20.0 1.86400699841856
0 0 20.355065058470217 0
1 0 20.682779193933694 0
2 0 21.885200424580702 1
3 0 21.85556597063962 1

0 1 20.630078066537305 0
1 1 20.64520258278167 0
2 1 20.7873474207611 0
3 1 20.76361150650717 0

0 2 21.556013129284676 1
1 2 20.774090726294194 0
2 2 20.667759652062937 0
3 2 21.489596354770757 1

0 3 20.58890168731328 0
1 3 21.538766111081078 1
2 3 20.639223841720618 0
3 3 20.463851008172828 0


# 20.0 20.0 1.8852004245807024
0 0 20.358037003490942 0
1 0 20.688763747918717 0
2 0 21.906002132420145 1
3 0 21.88080095936372 1

0 1 20.634325820329426 0
1 1 20.64884719139179 0
2 1 20.797389390353153 0
3 1 20.781553263687723 0

0 2 21.57462839666196 1
1 2 20.790094387646445 0
2 2 20.68030283645781 0
3 2 21.510141793170206 1

0 3 20.60506196066292 0
1 3 21.558550496696032 1
2 3 20.644808892464273 0
3 3 20.47301178010622 0


# 20.0 20.0 1.906002132420145
0 0 20.361024746184246 0
1 0 20.694826159346086 0
2 0 21.926426240967256 1
3 0 21.905587878882486 1

0 1 20.638698139886447 0
1 1 20.65275462313177 0
2 1 20.807607143187138 0
3 1 20.799408068395717 0

0 2 21.592900257860506 1
1 2 20.805983955609168 0
2 2 20.692870801721003 0
3 2 21.530299325659733 1

0 3 20.62109713913373 0
1 3 21.577954055681285 1
2 3 20.650652958630875 0
3 3 20.482154783433884 0


# 20.0 20.0 1.9264262409672561
0 0 20.364030146912402 0
1 0 20.700961992785686 0
2 0 21.946486223024895 1
3 0 21.929937446739764 1

0 1 20.643189038346073 0
1 1 20.656915306780583 0
2 1 20.817990165113223 0
3 1 20.81717165277325 0

0 2 21.61084168862743 1
1 2 20.82175970797365 0
2 2 20.705461429126924 0
3 2 21.550084208366034 1

0 3 20.63700319105662 0
1 3 21.596992975634606 1
2 3 20.656740844626725 0
3 3 20.491279111866177 0


# 20.0 20.0 1.9464862230248947
0 0 20.367054873997137 0
1 0 20.707167065934318 0
2 0 21.966194937791297 1
3 0 21.953860097743906 1

0 1 20.6477928411684 0
1 1 20.66131988941739 0
2 1 20.828528412097093 0
3 1 20.834840115975258 0

0 2 21.62846500658746 1
1 2 20.837422113600113 0
2 2 20.71807258747311 0
3 2 21.569510973398433 1

0 3 20.652776571965248 0
1 3 21.615682545020256 1
2 3 20.66305814008472 0
3 3 20.50038389320079 0


# 20.0 20.0 1.9661949377912968
0 0 20.370100417418474 0
1 0 20.7134374321006 0
2 0 21.98556466170736 1
3 0 21.977365991557317 1

0 1 20.65250416560041 0
1 1 20.66595924020613 0
2 1 20.839212287580775 0
3 1 20.852409902134735 0

0 2 21.64578191052478 1
1 2 20.852971807545998 0
2 2 20.73070214177772 0
3 2 21.588593463761057 1

0 3 20.66841418884104 0
1 3 21.634037207767065 1
2 3 20.669591177114107 0
3 3 20.509468288736063 0


# 20.0 20.0 1.985564661707361
0 0 20.37316810156382 0
1 0 20.719769363994104 0
2 0 22.00460711763324 1
3 0 22.00046502009847 1

0 1 20.657317901672727 0
1 1 20.67082445300576 0
2 1 20.850032621151517 0
3 1 20.86987777950521 0

0 2 21.662803517059455 1
1 2 20.86840956861911 0
2 2 20.743347960940138 0
3 2 21.60734486663327 1

0 3 20.683913366740683 0
1 3 21.652070614390535 1
2 3 20.676326990044114 0
3 3 20.518531492621694 0


# 20.0 20.0 2.0046071176332383
0 0 20.376259097095524 0
1 0 20.726159338719164 0
2 0 22.02333350245227 1
3 0 22.023166814758415 1

0 1 20.6622291946084 0
1 1 20.675906847938663 0
2 1 20.860980648426278 0
3 1 20.887240820723807 0

0 2 21.679540394902578 1
1 2 20.883736299143457 0
2 2 20.756007924465976 0
3 2 21.62577774508841 1

0 3 20.699271817649535 0
1 3 21.66979566986818 1
2 3 20.68325327750573 0
3 3 20.527572731158443 0


# 20.0 20.0 2.023333502452271
0 0 20.379374432000017 0
1 0 20.73260402388165 0
2 0 22.04175451319407 1
3 0 22.045480753434127 1

0 1 20.667233428532942 0
1 1 20.68119797203742 0
2 1 20.87204799206687 0
3 1 20.90449638414048 0

0 2 21.69600259686058 1
1 2 20.89895300674336 0
2 2 20.76867992834846 0
3 2 21.643904068318466 1

0 3 20.714487611414896 0
1 3 21.687224578481683 1
2 3 20.690358366706352 0
3 3 20.536591262057037 0


# 20.0 20.0 2.045480753434127
0 0 20.382515001876992 0
1 0 20.73910026472392 0
2 0 22.05988037176262 1
3 0 22.067415967381336 1

0 1 20.672326211383858 0
1 1 20.68668959907864 0
2 1 20.883226643847625 0
3 1 20.921642096161147 0

0 2 21.712199689746942 1
1 2 20.914060787967546 0
2 2 20.781361890189814 0
3 2 21.661735240429987 1

0 3 20.7295591486227 0
1 3 21.704368885825012 1
2 3 20.697631179761547 0
3 3 20.545586373665284 0


# 20.0 20.0 2.0674159673813364
0 0 20.385681579522714 0
1 0 20.745645072209882 0
2 0 22.077720848349855 1
3 0 22.08898134788974 1

0 1 20.677503360925915 0
1 1 20.69237372870228 0
2 1 20.894508947703777 0
3 1 20.93867583455466 0

0 2 21.728140782347765 1
1 2 20.92906081358988 0
2 2 20.794051753638524 0
3 2 21.67928212787423 1

0 3 20.744485135290358 0
1 3 21.72123951816406 1
2 3 20.705061201957175 0
3 3 20.55455738417131 0


# 20.0 20.0 2.0889813478897388
0 0 20.448874823857526 1
1 0 20.692955611987983 -1
2 0 22.094573923610138 1
3 0 22.110177016463687 1

0 1 20.683480891785916 0
1 1 20.69753986490538 0
2 1 20.9058706147345 0
3 1 20.955595406612236 0

0 2 21.743843191577152 1
1 2 20.94394598647699 0
2 2 20.80674718863639 0
3 2 21.69655507825655 1

0 3 20.7592646629368 0
1 3 21.737846720617622 1
2 3 20.712638446996078 0
3 3 20.563503640644175 0


# 20.0 20.0 2.1101770164636875
0 0 20.50923256824394 1
1 0 20.643467632565603 -1
2 0 22.11051600198368 1
3 0 22.131003980774146 1

0 1 20.690182081827626 0
1 1 20.702259547177178 0
2 1 20.917290242960156 0
3 1 20.972398591158413 0

0 2 21.75932249030581 1
1 2 20.95871069048694 0
2 2 20.81944565708624 0
3 2 21.713563939636444 1

0 3 20.773897165602158 0
1 3 21.754200113988702 1
2 3 20.720353425162873 0
3 3 20.572424517958577 0


# 20.0 20.0 2.131003980774146
0 0 20.56690399235988 1
1 0 20.596998146496098 -1
2 0 22.00561783834313 -1
3 0 22.150024034620294 1

0 1 20.69753626674898 0
1 1 20.70659751307298 0
2 1 20.927309026493997 0
3 1 20.989048614338767 0

0 2 21.774592675187023 1
1 2 20.973350608855586 0
2 2 20.83212718954789 0
3 2 21.730317458033856 1

0 3 20.788382381110587 0
1 3 21.770308746182724 1
2 3 20.728196906750302 0
3 3 20.581319407689477 0


# 20.0 20.0 2.1500240346202943
0 0 20.622029861593866 1
1 0 20.55193516689938 -1
2 0 21.904933107868885 -1
3 0 22.107350950040455 0

0 1 20.645478384143768 -1
1 1 20.709857710682186 0
2 1 20.93602979269154 0
3 1 21.004792950945728 0

0 2 21.788946319318487 1
1 2 20.987844659219295 0
2 2 20.84477375024993 0
3 2 21.746814758103056 1

0 3 20.80271167617662 0
1 3 21.786180817748804 1
2 3 20.73615992437505 0
3 3 20.590187605202395 0


# 20.0 20.0 2.1500240346202943
0 0 20.674005749189003 1
1 0 20.508219448702487 -1
2 0 21.807545119635606 -1
3 0 22.065234372685975 0

0 1 20.596442009360008 -1
1 1 20.65212697148912 -1
2 1 20.94281122815019 0
3 1 21.019649971313278 0

0 2 21.802454554044182 1
1 2 21.001454548699154 0
2 2 20.857351495749864 0
3 2 21.763054807129915 1

0 3 20.81687768029578 0
1 3 21.801815129243792 1
2 3 20.744233458313648 0
3 3 20.59902831060043 0


# 20.0 20.0 2.1500240346202943
0 0 20.722997479714948 1
1 0 20.46506626670706 -1
2 0 21.71330556702143 -1
3 0 22.023681401729295 0

0 1 20.549522393029868 -1
1 1 20.59633113009668 -1
2 1 20.887795947169156 -1
3 1 21.032919058390462 0

0 2 21.815165718238624 1
1 2 21.014232692041542 0
2 2 20.869110426809723 0
3 2 21.779019198780066 1

0 3 20.83087385397492 0
1 3 21.817210973867514 1
2 3 20.752399849599808 0
3 3 20.607840319999376 0


# 20.0 20.0 2.1500240346202943
0 0 20.769144634362053 1
1 0 20.422478859483125 -1
2 0 21.621354207707107 -1
3 0 21.98268015046021 0

0 1 20.50461015031498 -1
1 1 20.541656647640146 -1
2 1 20.833962225791606 -1
3 1 21.044684396838445 0

0 2 21.827125358428578 -1
1 2 21.0262107637045 0
2 2 20.880092230777368 0
3 2 21.794691795802684 1

0 3 20.844694431219377 0
1 3 21.832367773499364 1
2 3 20.760642659807928 0
3 3 20.616622081946726 0


# 20.0 20.0 2.1500240346202943
0 0 20.812580495642596 1
1 0 20.38044184359671 -1
2 0 21.531622341621592 -1
3 0 21.942219345905166 0

0 1 20.461592874022287 -1
1 1 20.4880836210388 -1
2 1 20.781265830036922 -1
3 1 21.055025775832167 0

0 2 21.71837607020193 -1
1 2 21.035979683392895 0
2 2 20.89031876332854 0
3 2 21.81005833983226 1

0 3 20.856894357819897 0
1 3 21.847250527424638 1
2 3 20.768945964568395 0
3 3 20.625371738649452 0


# 20.0 20.0 2.1500240346202943
0 0 20.853432014410892 1
1 0 20.338940941890503 -1
2 0 21.444043316687477 -1
3 0 21.902288278562814 0

0 1 20.41892467378117 -1
1 1 20.435556940778156 -1
2 1 20.729664407754665 -1
3 1 21.064018825561014 0

0 2 21.613945859833375 -1
1 2 21.04369752368641 0
2 2 20.89981185751887 0
3 2 21.765106318620056 0

0 3 20.867580517585477 0
1 3 21.861828693342886 1
2 3 20.77729438153066 0
3 3 20.63336716445988 0


# 20.0 20.0 2.1500240346202943
0 0 20.89180284928016 1
1 0 20.29796225961205 -1
2 0 21.358552476737756 -1
3 0 21.862876756162137 0

0 1 20.376625505281062 -1
1 1 20.384025603976816 -1
2 1 20.679117421347975 -1
3 1 21.071015240841014 0

0 2 21.51361497627901 -1
1 2 21.049511416122876 0
2 2 20.907873242809423 0
3 2 21.722318921015336 0

0 3 20.876852942987863 0
1 3 21.75607579311018 -1
2 3 20.784215811910926 0
3 3 20.640644363334438 0


# 20.0 20.0 2.1500240346202943
0 0 20.927792999884794 1
1 0 20.257492297675537 -1
2 0 21.275087110416997 -1
3 0 21.823966421155397 0

0 1 20.334712437020944 -1
1 1 20.333442377851938 -1
2 1 20.629568800786306 -1
3 1 21.076142850441176 0

0 2 21.41717606882887 -1
1 2 21.052109677940184 0
2 2 20.914553885694403 0
3 2 21.681557619526334 0

0 3 20.88336525938357 0
1 3 21.65495689879037 -1
2 3 20.789800609584496 0
3 3 20.647237465003727 0


# 20.0 20.0 2.1500240346202943
0 0 20.9614989087053 1
1 0 20.217517961936856 -1
2 0 21.193586089986027 -1
3 0 21.78554037727893 0

0 1 20.293199922930697 -1
1 1 20.283745900078173 -1
2 1 20.58096584306296 -1
3 1 21.079521616801067 0

0 2 21.32439877226111 -1
1 2 21.051740278880942 0
2 2 20.919904071393727 0
3 2 21.64269215734461 0

0 3 20.88731637809838 0
1 3 21.55819499623994 -1
2 3 20.794133022373597 0
3 3 20.653178818420212 0


# 20.0 20.0 2.1500240346202943
0 0 20.99301356261032 1
1 0 20.178026354167603 -1
2 0 21.113989865100727 -1
3 0 21.747583061479713 0

0 1 20.252099424987 -1
1 1 20.234880079687603 -1
2 1 20.533259030191733 -1
3 1 21.081264119883613 0

0 2 21.23506789680974 -1
1 2 21.04863331002423 0
2 2 20.92397328620604 0
3 2 21.605600081430254 0

0 3 20.888892143203435 0
1 3 21.465530708105078 -1
2 3 20.79729162918668 0
3 3 20.65849908148449 0


# 20.0 20.0 2.1500240346202943
0 0 21.022426583706203 1
1 0 20.1390048056345 -1
2 0 21.03624045353417 -1
3 0 21.710080126147457 0

0 1 20.21141974385999 -1
1 1 20.186793638539122 -1
2 1 20.486401854720484 -1
3 1 21.08147601159608 0

0 2 21.14898238750878 -1
1 2 21.043002271387376 0
2 2 20.926810118508847 0
3 2 21.570166300549257 0

0 3 20.888266183195476 0
1 3 21.3767211393699 -1
2 3 20.7993497448332 0
3 3 20.66322730709564 0


# 20.0 20.0 2.1500240346202943
0 0 21.049824321286714 1
1 0 20.10044090475817 -1
2 0 20.960281429113248 -1
3 0 21.67301833089466 0

0 1 20.171167318785887 -1
1 1 20.139439692085066 -1
2 1 20.44035065270954 -1
3 1 21.080256442518888 0

0 2 21.06595435651384 -1
1 2 21.035045266038512 0
2 2 20.92846217638999 0
3 2 21.536282667038243 0

0 3 20.885600706551045 0
1 3 21.291538800125437 -1
2 3 20.80037579495354 0
3 3 20.6673910255841 0


# 20.0 20.0 2.1500240346202943
0 0 21.075289944402922 1
1 0 20.062322519545543 -1
2 0 20.88605790712829 -1
3 0 21.63638544317822 0

0 1 20.1313464993129 -1
1 1 20.09277536611626 -1
2 1 20.395064444085325 -1
3 1 21.077698462584717 0

0 2 20.985808183203087 -1
1 2 21.024946107578682 0
2 2 20.928976020087138 0
3 2 21.503847581121708 0

0 3 20.88104724491515 0
1 3 21.209770600289538 -1
2 3 20.80043366331702 0
3 3 20.671016323596337 0


# 20.0 20.0 2.1500240346202943
0 0 21.09890353463072 1
1 0 20.024637815419133 -1
2 0 20.813516527461093 -1
3 0 21.600170147104354 0

0 1 20.09195979134916 -1
1 1 20.046761446443867 -1
2 1 20.35050478024815 -1
3 1 21.07388939725785 0

0 2 20.908379677234674 -1
1 2 21.012875347343567 0
2 2 20.92839710758732 0
3 2 21.472765616655895 0

0 3 20.874747347428492 0
1 3 21.131216911374445 -1
2 3 20.7995830135684 0
3 3 20.674127919509562 0


# 20.0 20.0 2.1500240346202943
0 0 21.120742178665232 1
1 0 19.98737526900237 -1
2 0 20.742605435663986 -1
3 0 21.56436195980366 0

0 1 20.05300807974062 -1
1 1 20.001362058730578 -1
2 1 20.306635598787118 -1
3 1 21.06891120067598 0

0 2 20.83351530008497 -1
1 2 20.998991227204403 0
2 2 20.926769751897716 0
3 2 21.442947167221348 0

0 3 20.866833229458578 0
1 3 21.055690690739496 -1
2 3 20.79787958734429 0
3 3 20.676749235462005 0


# 20.0 20.0 2.1500240346202943
0 0 21.140880060418198 1
1 0 19.950523678362025 -1
2 0 20.67327426220953 -1
3 0 21.528951154805352 0

0 1 20.01449082942232 -1
1 1 19.95654437591682 -1
2 1 20.263423085133738 -1
3 1 21.062840787133513 0

0 2 20.761071440914424 -1
1 2 20.983440563412213 0
2 2 20.924137088643963 0
3 2 21.414308111532925 0

0 3 20.857428378777918 0
1 3 20.98301666408285 -1
2 3 20.795375480534098 0
3 3 20.678902466090175 0


# 20.0 20.0 2.1500240346202943
0 0 21.159388552336555 1
1 0 19.914072170156373 -1
2 0 20.605474100117878 -1
3 0 21.493928691879375 0

0 1 19.976406267016596 -1
1 1 19.912278350901442 -1
2 1 20.22083554096888 -1
3 1 21.05575034220648 0

0 2 20.6909137429065 -1
1 2 20.966359566526844 0
2 2 20.920541052783808 0
3 2 21.386769497181508 0

0 3 20.846648122025787 0
1 3 20.91303056222041 -1
2 3 20.792119399324797 0
3 3 20.680608644069004 0


# 20.0 20.0 2.1500240346202943
0 0 21.176336305698516 1
1 0 19.87801020409042 -1
2 0 20.53915748115619 -1
3 0 21.45928615285207 0

0 1 19.938751544595977 -1
1 1 19.86853647233236 -1
2 1 20.17884325918412 -1
3 1 21.04770761474442 0

0 2 20.62291647650221 -1
1 2 20.94787460209962 0
2 2 20.916022363343664 0
3 2 21.36025724176577 0

0 3 20.83460015409753 0
1 3 20.845578408473415 -1
2 3 20.78815689754379 0
3 3 20.681887702554235 0


# 20.0 20.0 2.1500240346202943
0 0 21.191789339677605 1
1 0 19.842327575036617 -1
2 0 20.474278350792506 -1
3 0 21.42501568293584 0

0 1 19.90152288718509 -1
1 1 19.82529354154247 -1
2 1 20.13741840518836 -1
3 1 21.038776190883837 0

0 2 20.5569619562097 -1
1 2 20.92810289643367 0
2 2 20.91062051519435 0
3 2 21.334701850515195 0

0 3 20.821385032926216 0
1 3 20.780515853240374 -1
2 3 20.783530596698817 0
3 3 20.68275853462885 0


# 20.0 20.0 2.1500240346202943
0 0 21.205811128995872 1
1 0 19.807014413141047 -1
2 0 20.410792042074405 -1
3 0 21.391109937145647 0

0 1 19.864715725444295 -1
1 1 19.78252646883092 -1
2 1 20.09653490434312 -1
3 1 21.029015751170764 0

0 2 20.492939997906543 -1
1 2 20.90715319142692 0
2 2 20.90437377698083 0
3 2 21.310038149546923 0

0 3 20.807096641954637 0
1 3 20.717707552565244 -1
2 3 20.778280390007566 0
3 3 20.683239049856866 0


# 20.0 20.0 2.1500240346202943
0 0 21.218462690015045 1
1 0 19.77206118220017 -1
2 0 20.348655248591548 -1
3 0 21.35756203140555 0

0 1 19.828324814856664 -1
1 1 19.740214087440958 -1
2 1 20.05616833530486 -1
3 1 21.01848231181668 0

0 2 20.430747413773325 -1
1 2 20.885126352207553 0
2 2 20.897319194410553 0
3 2 21.286205033938963 0

0 3 20.791822622440332 0
1 3 20.65702658773337 -1
2 3 20.772443631611257 0
3 3 20.68334622804862 0


# 20.0 20.0 2.1500240346202943
0 0 21.229802665139186 1
1 0 19.737458676561822 -1
2 0 20.28782599666997 -1
3 0 21.32436549797679 0

0 1 19.792344342628926 -1
1 1 19.69833698372423 -1
2 1 20.016295829049685 -1
3 1 21.007228451051965 0

0 2 20.370287542202167 -1
1 2 20.862115930998435 0
2 2 20.889492598186028 0
3 2 21.263145229840966 0

0 3 20.775644777591708 0
1 3 20.598353923130986 -1
2 3 20.76605531207597 0
3 3 20.683096170341873 0


# 20.0 20.0 2.1500240346202943
0 0 21.239887405424465 1
1 0 19.70319801677605 -1
2 0 20.22826361693546 -1
3 0 21.291514244865475 0

0 1 19.756768023414722 -1
1 1 19.65687734210833 -1
2 1 19.976895973354683 -1
3 1 20.995303521484516 0

0 2 20.311469810213733 -1
1 2 20.83820869039418 0
2 2 20.880928615941087 0
3 2 21.240805069880853 0

0 3 20.758639450398544 0
1 3 20.54157789979391 -1
2 3 20.759148221201702 0
3 3 20.682504147702556 0


# 20.0 20.0 2.1500240346202943
0 0 21.248771051311472 1
1 0 19.66927064419572 -1
2 0 20.169928715373164 -1
3 0 21.25900251889261 0

0 1 19.721589184874905 -1
1 1 19.615818803600966 -1
2 1 19.937948722510455 -1
3 1 20.98275384931757 0

0 2 20.254209326092766 -1
1 2 20.8134850890004 0
2 2 20.871660687607037 0
3 2 21.219134281161384 0

0 3 20.740877876894835 0
1 3 20.48659376224773 -1
2 3 20.751753099081917 0
3 3 20.681584646948185 0


# 20.0 20.0 2.1500240346202943
0 0 21.256505611413107 1
1 0 19.635668314704148 -1
2 0 20.112783144000776 -1
3 0 21.226824872132298 0

0 1 19.68680084400344 -1
1 1 19.57514633667074 -1
2 1 19.899435312041106 -1
3 1 20.96962292123025 0

0 2 20.198426500115655 -1
1 2 20.788019732168078 0
2 2 20.86172108369533 0
3 2 21.198085785175092 0

0 3 20.722426516474982 0
1 3 20.433303216406024 -1
2 3 20.74389877628507 0
3 3 20.680351414395574 0


# 20.0 20.0 2.1500240346202943
0 0 21.263141039306728 1
1 0 19.602383091726313 -1
2 0 20.05678997126354 -1
3 0 21.19497613144546 0

0 1 19.652395775068413 -1
1 1 19.53484611944259 -1
2 1 19.861338178210715 -1
3 1 20.955951559676556 0

0 2 20.144046691395335 -1
1 2 20.761881790355282 0
2 2 20.851140926038266 0
3 2 21.177615508999065 0

0 3 20.7033473607755 0
1 3 20.381614016445962 -1
2 3 20.735612303963656 0
3 3 20.678817497232885 0


# 20.0 20.0 2.1500240346202943
0 0 21.268725308293224 1
1 0 19.5694073386618 -1
2 0 20.00191345225029 -1
3 0 21.163451370856546 0

0 1 19.618366569945113 -1
1 1 19.49490543223542 -1
2 1 19.823640882099006 -1
3 1 20.941778087313597 0

0 2 20.09099987900964 -1
1 2 20.73513538746298 0
2 2 20.839950210578724 0
3 2 21.157682207162605 0

0 3 20.68369822253305 0
1 3 20.331439578722748 -1
2 3 20.726919074635596 0
3 3 20.676995282714078 0


# 20.0 20.0 2.1500240346202943
0 0 21.273304484097952 1
1 0 19.53673371086101 -1
2 0 19.948118998821574 -1
3 0 21.132245886539334 0

0 1 19.584705691551534 -1
1 1 19.455312559551814 -1
2 1 19.786328038033442 -1
3 1 20.92713848122725 0

0 2 20.039220355709805 -1
1 2 20.707839961319515 0
2 2 20.82817783184476 0
3 2 21.138247293611208 0

0 3 20.66353300573505 0
1 3 20.282698620916673 -1
2 3 20.717842934326608 0
3 3 20.674896535271625 0


# 20.0 20.0 2.1500240346202943
0 0 21.276922795499377 1
1 0 19.50435514725132 -1
2 0 19.895373149732958 -1
3 0 21.10135517419544 0

0 1 19.551405521035502 -1
1 1 19.416056700705003 -1
2 1 19.749385246169957 -1
3 1 20.912066517583423 0

0 2 19.988646442627076 -1
1 2 20.6800505983293 0
2 2 20.815851608785454 0
3 2 21.119274683219224 0

0 3 20.642901958291112 0
1 3 20.235314824729535 -1
2 3 20.70840628671033 0
3 3 20.672532431641002 0


# 20.0 20.0 2.1500240346202943
0 0 21.279622702880843 1
1 0 19.47226486170659 -1
2 0 19.84364354082904 -1
3 0 21.070774908625353 0

0 1 19.518458399306567 -1
1 1 19.377127888337313 -1
2 1 19.71279902902022 -1
3 1 20.896593907295298 0

0 2 19.939220223507863 -1
1 2 20.651818344153813 0
2 2 20.802998311680994 0
3 2 21.100730642331424 0

0 3 20.621851908371482 0
1 3 20.189216520561722 -1
2 3 20.6986301898351 0
3 3 20.669913594087923 0


# 20.0 20.0 2.1500240346202943
0 0 21.28144496470929 1
1 0 19.44045633424142 -1
2 0 19.792898875376864 -1
3 0 21.040500925306905 0

0 1 19.485856663454346 -1
1 1 19.338516914147558 -1
2 1 19.67655677172926 -1
3 1 20.880750423261308 0

0 2 19.89088729711229 -1
1 2 20.62319049215646 0
2 2 20.789643689872932 0
3 2 21.08258364784017 0

0 3 20.600426485482195 0
1 3 20.144336392707814 -1
2 3 20.68853444598205 0
3 3 20.667050121826623 0


# 20.0 20.0 2.1500240346202943
0 0 21.282428701952107 1
1 0 19.408923302101 -1
2 0 19.74310889460068 -1
3 0 21.0105292038102 0

0 1 19.453592678547807 -1
1 1 19.30021526120289 -1
2 1 19.640646665913508 -1
3 1 20.8645640196951 0

0 2 19.84359654650781 -1
1 2 20.59421085121645 0
2 2 20.775812500090456 0
3 2 21.06480425433023 0

0 3 20.578666327275425 0
1 3 20.10061120370777 -1
2 3 20.6781376851583 0
3 3 20.663951620714727 0


# 20.0 20.0 2.1500240346202943
0 0 21.282611460449615 1
1 0 19.377659750807798 -1
2 0 19.69424434847383 -1
3 0 20.98085585289106 0

0 1 19.42165886526672 -1
1 1 19.262215042263605 -1
2 1 19.605057656875935 -1
3 1 20.848060944037073 0

0 2 19.797299924079585 -1
1 2 20.564919994399755 0
2 2 20.761528535175284 0
3 2 21.047364968847486 0

0 3 20.556609273026957 0
1 3 20.057981536583064 -1
2 3 20.66745744269133 0
3 3 20.660627231307462 0


# 20.0 20.0 2.1500240346202943
0 0 21.282029271266325 1
1 0 19.346659905217916 -1
2 0 19.646276966817748 -1
3 0 20.95147709711724 0

0 1 19.39004772377683 -1
1 1 19.2245089435982 -1
2 1 19.56977939402143 -1
3 1 20.83126584190735 0

0 2 19.751952251162685 -1
1 2 20.5353554898668 0
2 2 20.746814653031993 0
3 2 21.03024013287085 0

0 3 20.534290544650936 0
1 3 20.016391553773083 -1
2 3 20.656510231355643 0
3 3 20.65708565535111 0


# 20.0 20.0 2.1500240346202943
0 0 21.280716709048672 1
1 0 19.315918220632337 -1
2 0 19.599179430752656 -1
3 0 20.922389264892942 0

0 1 19.358751854223918 -1
1 1 19.187090173810418 -1
2 1 19.534802184302432 -1
3 1 20.814201855532037 0

0 2 19.707511031278752 -1
1 2 20.505552115295924 0
2 2 20.731692805652354 0
3 2 21.013405811088703 0

0 3 20.511742916064126 0
1 3 19.9757887716672 -1
2 3 20.645311608430752 0
3 3 20.653335180792705 0


# 20.0 20.0 2.1500240346202943
0 0 21.278706948421195 1
1 0 19.28542937400159 -1
2 0 19.552925344539407 -1
3 0 20.893588777757653 0

0 1 19.32776397418864 -1
1 1 19.149952417240982 -1
2 1 19.500116948531492 -1
3 1 20.796890716048225 0

0 2 19.663936276031627 -1
1 2 20.475542057008827 0
2 2 20.71618406808176 0
3 2 20.996839686602048 0

0 3 20.488996871658202 0
1 3 19.93612384970235 -1
2 3 20.63387623805958 0
3 3 20.649383705380107 0


# 20.0 20.0 2.1500240346202943
0 0 21.276031818456314 1
1 0 19.255188255256364 -1
2 0 19.507489207847296 -1
3 0 20.865072140845125 0

0 1 19.29707693341346 -1
1 1 19.11308979154394 -1
2 1 19.465715180404235 -1
3 1 20.779352830068415 0

0 2 19.621190342783265 -1
1 2 20.44535509489774 0
2 2 20.7003086672134 0
3 2 20.980520962196703 0

0 3 20.466080754588333 0
1 3 19.897350393065402 -1
2 3 20.622217949248988 0
3 3 20.64523875892377 0


# 20.0 20.0 2.1500240346202943
0 0 21.272721855255924 1
1 0 19.22518995879136 -1
2 0 19.462846388478198 -1
3 0 20.83683593439726 0

0 1 19.266683726085095 -1
1 1 19.07649680907197 -1
2 1 19.431588908082816 -1
3 1 20.761607360861664 0

0 2 19.579237783293223 -1
1 2 20.415018774174374 0
2 2 20.68408601031159 0
3 2 20.964430267345605 0

0 3 20.443020905539456 0
1 3 19.85942476810421 -1
2 3 20.610349789828604 0
3 3 20.640907524288604 0


# 20.0 20.0 2.1500240346202943
0 0 21.26880635268523 1
1 0 19.19542977512495 -1
2 0 19.418973095573374 -1
3 0 20.80887680623618 0

0 1 19.236577500930125 -1
1 1 19.040168341736262 -1
2 1 19.397730658196636 -1
3 1 20.743672304486815 0

0 2 19.538045202562635 -1
1 2 20.384558564886582 0
2 2 20.667534713179723 0
3 2 20.948549570620553 0

0 3 20.419841792588038 0
1 3 19.82230592961147 -1
2 3 20.59828407666076 0
3 3 20.63639685718159 0


# 20.0 20.0 2.1500240346202943
0 0 21.26431341130122 1
1 0 19.16590318275303 -1
2 0 19.375846353325525 -1
3 0 20.781191465105426 0

0 1 19.20675156935826 -1
1 1 19.004099589035256 -1
2 1 19.364133422123526 -1
3 1 20.725564561192563 0

0 2 19.497581127177 -1
1 2 20.35399801008007 0
2 2 20.650672627900914 0
3 2 20.932862097209792 0

0 3 20.39656613273633 0
1 3 19.785955259201515 -1
2 3 20.586032442372417 0
3 3 20.63171330479804 0


# 20.0 20.0 2.1500240346202943
0 0 21.259269985519712 1
1 0 19.13660584021197 -1
2 0 19.333443975215143 -1
3 0 20.753776674798523 0

0 1 19.177199411866 -1
1 1 18.968286048972942 -1
2 1 19.330790624420974 -1
3 1 20.707300002379625 0

0 2 19.457815882491754 -1
1 2 20.32335886341903 0
2 2 20.633516870090737 0
3 2 20.9173522512542 0

0 3 20.37321500565814 0
1 3 19.750336414052445 -1
2 3 20.57360587886007 0
3 3 20.62686312338668 0


# 20.0 20.0 2.1500240346202943
0 0 21.253701929065937 1
1 0 19.107533578362116 -1
2 0 19.291744538787086 -1
3 0 20.726629248999778 0

0 1 19.147914682893994 -1
1 1 18.932723491611394 -1
2 1 19.297696093283193 -1
3 1 20.688893533402126 0

0 2 19.418721478050756 -1
1 2 20.29266121702058 0
2 2 20.6160838456114 0
3 2 20.902005542730326 0

0 3 20.349807960159684 0
1 3 19.715415185334727 -1
2 3 20.561014777799944 0
3 3 20.621852294791122 0


# 20.0 20.0 2.1500240346202943
0 0 21.247634038754637 1
1 0 19.078682392900745 -1
2 0 19.250727360980232 -1
3 0 20.699746046768375 0

0 1 19.118891214313447 -1
1 1 18.897407935024262 -1
2 1 19.264844032905817 -1
3 1 20.67035915246809 0

0 2 19.38027150067055 -1
1 2 20.261923620203284 0
2 2 20.598389276705724 0
3 2 20.88680851862323 0

0 3 20.326363113825998 0
1 3 19.68115936569262 -1
2 3 20.54826896837862 0
3 3 20.616686542022663 0


# 20.0 20.0 2.1500240346202943
0 0 21.24109009664604 1
1 0 19.05004843711072 -1
2 0 19.21037247402048 -1
3 0 20.673123968602578 0

0 1 19.09012301770037 -1
1 1 18.86233562343814 -1
2 1 19.232228997645926 -1
3 1 20.65171000588289 0

0 2 19.34244101466314 -1
1 2 20.23116318979952 0
2 2 20.580448227517216 0
3 2 20.871748698146128 0

0 3 20.30289724629253 0
1 3 19.647538625187178 -1
2 3 20.53537775244344 0
3 3 20.61137134391692 0


# 20.0 19.0 2.1500240346202943
0 0 21.234092910624515 1
1 0 19.021628014849068 -1
2 0 19.17066060188479 -1
3 0 20.6467599530261 0

0 1 19.061604285541666 -1
1 1 18.82750300736714 -1
2 1 19.199845867870746 -1
3 1 20.632958439864325 0

0 2 19.305206468706892 -1
1 2 20.200395712634485 0
2 2 20.562275128969528 0
3 2 20.856814511777 0

0 3 20.27942588655273 0
1 3 19.614524395148884 -1
2 3 20.52234993725724 0
3 3 20.605911948924323 0


# 20.0 19.0 2.234092910624515
0 0 21.226664353446722 1
1 0 18.99341757377779 -1
2 0 19.131573137341725 -1
3 0 20.62065097364363 0

0 1 19.033329391503166 -1
1 1 18.792906725562954 -1
2 1 19.16768982739381 -1
3 1 20.614116049143796 0

0 2 19.268545608909488 -1
1 2 20.16963574073112 0
2 2 20.5438838029849 0
3 2 20.841995243895003 0

0 3 20.255963394685534 0
1 3 19.58208975942472 -1
2 3 20.509193866028443 0
3 3 20.600313388082128 0


# 20.0 19.0 2.234092910624515
0 0 21.218825400306013 1
1 0 18.96541369883765 -1
2 0 19.093092119571875 -1
3 0 20.59479403661705 0

0 1 19.005292889877374 -1
1 1 18.75854358861801 -1
2 1 19.135756342402733 -1
3 1 20.595193722554733 0

0 2 19.23243739763882 -1
1 2 20.138896679760023 0
2 2 20.52528748602666 0
3 2 20.827280978811373 0

0 3 20.232523038361617 0
1 3 19.55020935253868 -1
2 3 20.495917446375017 0
3 3 20.59458048721341 0


# 20.0 19.0 2.234092910624515
0 0 21.210596164959576 1
1 0 18.937613105964264 -1
2 0 19.055200212369666 -1
3 0 20.569186178517928 0

0 1 18.97748951431712 -1
1 1 18.724410564073676 -1
2 1 19.104041141787697 -1
3 1 20.57620168579684 0

0 2 19.196861937727252 -1
1 2 20.10819087121594 0
2 2 20.50649885195566 0
3 2 20.812662550000887 0

0 3 20.20911706446379 0
1 3 19.518859264316713 -1
2 3 20.482528176869096 0
3 3 20.588717878396167 0


# 20.0 19.0 2.234092910624515
0 0 21.201995934464406 1
1 0 18.91001263604466 -1
2 0 19.017880682926343 -1
3 0 20.54382446451596 0

0 1 18.949914175950987 -1
1 1 18.69050476289813 -1
2 1 19.07254019878481 -1
3 1 20.55714954155299 0

0 2 19.161800401682278 -1
1 2 20.077529668767806 0
2 2 20.487530034194858 0
3 2 20.798131492350578 0

0 3 20.185756766135082 0
1 3 19.488016950556677 -1
2 3 20.469033171798365 0
3 3 20.582730010743692 0


# 20.0 19.0 2.234092910624515
0 0 21.193043202567637 1
1 0 18.88260924911149 -1
2 0 18.981117381192384 -1
3 0 20.51870598686633 0

0 1 18.92256196096682 -1
1 1 18.65682342721059 -1
2 1 19.04124971385295 -1
3 1 20.538046307124603 0

0 2 19.12723496556206 -1
1 2 20.046923509197242 0
2 2 20.468392647199895 0
3 2 20.783679997252673 0

0 3 20.162452545547644 0
1 3 19.457661149351814 -1
2 3 20.45543918427038 0
3 3 20.576621160535197 0


# 20.0 19.0 2.234092910624515
0 0 21.18375570179614 1
1 0 18.855400018771196 -1
2 0 18.94489471981619 -1
3 0 20.493827863662432 0

0 1 18.895428127741038 -1
1 1 18.62336391913923 -1
2 1 19.010166098707366 -1
3 1 20.51890044974084 0

0 2 19.093148747198285 -1
1 2 20.016381978310445 0
2 2 20.44909780723679 0
3 2 20.769300870378213 0

0 3 20.139213972666532 0
1 3 19.427771802702008 -1
2 3 20.44175262777671 0
3 3 20.57039544073379 0


# 20.0 19.0 2.234092910624515
0 0 21.174150434289626 1
1 0 18.828382126861747 -1
2 0 18.90919765465469 -1
3 0 20.46918723782333 0

0 1 18.86850810358344 -1
1 1 18.590123710710103 -1
2 1 18.979285961437522 -1
3 1 20.499719919687394 0

0 2 19.059525748470683 -1
1 2 19.98591387218098 0
2 2 20.429656152470706 0
3 2 20.75498749197703 0

0 3 20.11604984026461 0
1 3 19.398329983071193 -1
2 3 20.427979596325397 0
3 3 20.564056809927003 0


# 20.0 19.0 2.234092910624515
0 0 21.164243701420542 1
1 0 18.80155285833498 -1
2 0 18.874011665850343 -1
3 0 20.444781276288143 0

0 1 18.841797481160153 -1
1 1 18.557100374673382 -1
2 1 18.948606092640702 -1
3 1 20.480512181391394 0

0 2 19.026350801358184 -1
1 2 19.955527254055173 0
2 2 20.41007786237209 0
3 2 20.74073377955828 0

0 3 20.092968215428236 0
1 3 19.369317824571908 -1
2 3 20.414125883242182 0
3 3 20.557609080723235 0


# 20.0 19.0 2.234092910624515
0 0 21.034051132243345 -1
1 0 18.773469596358115 -1
2 0 18.839305459468072 -1
3 0 20.420606962032085 0

0 1 18.813852014650724 -1
1 1 18.524257016181515 -1
2 1 18.918122830426906 -1
3 1 20.461284232637162 0

0 2 18.99359223751075 -1
1 2 19.92522888514816 0
2 2 20.390372661518736 0
3 2 20.72653415251538 0

0 3 20.069976280417812 0
1 3 19.340718448525585 -1
2 3 20.40019699843522 0
3 3 20.551055927628607 0


# 20.0 19.0 2.234092910624515
0 0 20.90787315081469 -1
1 0 18.744241100828646 -1
2 0 18.805050280889866 -1
3 0 20.396661125561256 0

0 1 18.784778898889478 -1
1 1 18.49156113998832 -1
2 1 18.887832154346825 -1
3 1 20.442042624055482 0

0 2 18.961221172308765 -1
1 2 19.895024379729147 0
2 2 20.370549825986156 0
3 2 20.712383498641778 0

0 3 20.047080409772782 0
1 3 19.312515895142756 -1
2 3 20.38619818428603 0
3 3 20.54440089442911 0


# 20.119999999999997 19.0 2.234092910624515
0 0 20.78553795738198 -1
1 0 18.773968767132963 0
2 0 18.891939713656985 1
3 0 20.3143891130936 -1

0 1 18.75467802837227 -1
1 1 18.459704245223854 -1
2 1 18.859187047845246 -1
3 1 20.42210834976012 0

0 2 18.92921127688629 -1
1 2 19.864926984421018 0
2 2 20.35063578292115 0
3 2 20.698269132024148 0

0 3 20.02428624108531 0
1 3 19.284695164464267 -1
2 3 20.37213464264779 0
3 3 20.537647307525724 0


# 20.239999999999995 19.0 2.234092910624515
0 0 20.66904235246229 -1
1 0 18.802430314649495 0
2 0 18.97491032339045 1
3 0 20.237275329100036 -1

0 1 18.724397045675502 -1
1 1 18.428649738164204 -1
2 1 18.832061719879505 -1
3 1 20.402311073242238 0

0 2 18.898267726511246 -1
1 2 19.83495747011354 0
2 2 20.330654340916915 0
3 2 20.684909181139354 0

0 3 20.003047491097945 0
1 3 19.25797964280308 -1
2 3 20.358740363151533 0
3 3 20.532255798986288 0


# 20.359999999999992 19.0 2.234092910624515
0 0 20.558158756097548 -1
1 0 18.829708867246044 0
2 0 19.054192640802757 1
3 0 20.165091461820975 -1

0 1 18.754033284406407 0
1 1 18.459083686832066 0
2 1 18.807077658226817 -1
3 1 20.38273894778031 0

0 2 18.86908494094519 -1
1 2 19.805881142886058 0
2 2 20.310662232697748 0
3 2 20.67229087928507 0

0 3 19.9833425564234 0
1 3 19.232360066554882 -1
2 3 20.346016605078034 0
3 3 20.528194280035137 0


# 20.47999999999999 19.0 2.234092910624515
0 0 20.453389946697865 -1
1 0 18.856621090113702 0
2 0 19.13002203241098 1
3 0 20.097621300957716 -1

0 1 18.781902589355038 0
1 1 18.488065459631105 0
2 1 18.84407579470217 0
3 1 20.304191767672876 -1

0 2 18.841596888889466 -1
1 2 19.777671063800806 0
2 2 20.29143109764265 0
3 2 20.659700468099306 0

0 3 19.96514970785749 0
1 3 19.207826992280413 -1
2 3 20.333973336104254 0
3 3 20.525423371604315 0


# 20.599999999999987 19.0 2.234092910624515
0 0 20.354490192770367 -1
1 0 18.883193936546675 0
2 0 19.203339799436197 1
3 0 20.033957312928546 -1

0 1 18.808152511097617 0
1 1 18.51639543724258 0
2 1 18.879344453780398 0
3 1 20.229171740248315 -1

0 2 18.81574149894918 -1
1 2 19.750319593051746 0
2 2 20.27292245916823 0
3 2 20.647203259291384 0

0 3 19.948447140269373 0
1 3 19.18437113943774 -1
2 3 20.322619059630398 0
3 3 20.52390599805362 0


# 20.719999999999985 19.0 2.234092910624515
0 0 20.261224703202366 -1
1 0 18.90947131049029 0
2 0 19.274272804786268 1
3 0 19.973976184203533 -1

0 1 18.832930445304246 0
1 1 18.544073245886455 0
2 1 18.91298120300001 0
3 1 20.157556454915824 -1

0 2 18.79146072213682 -1
1 2 19.723818183384815 0
2 2 20.255101641591835 0
3 2 20.63485949153588 0

0 3 19.93321302555857 0
1 3 19.16198335480424 -1
2 3 20.311960951059316 0
3 3 20.523607227434834 0


# 20.839999999999982 19.0 2.234092910624515
0 0 20.173369434956616 -1
1 0 18.93549410127725 0
2 0 19.342942764847013 1
3 0 19.91755903220936 -1

0 1 18.856374207437227 0
1 1 18.571101742425096 0
2 1 18.94507853650137 0
3 1 20.089229048532317 -1

0 2 18.76870023680364 -1
1 2 19.698157554289843 0
2 2 20.237937441196063 0
3 2 20.62272467749733 0

0 3 19.919425559737753 0
1 3 19.140654582683503 -1
2 3 20.302004982130597 0
3 3 20.524494123162714 0


# 20.95999999999998 19.0 2.234092910624515
0 0 20.09071055500275 -1
1 0 18.961300409770903 0
2 0 19.40946642446522 1
3 0 19.864591252725795 -1

0 1 18.878612641135643 0
1 1 18.597486648489063 0
2 1 18.975724201501496 0
3 1 20.024077910074656 -1

0 2 18.747409175919845 -1
1 2 19.67332784586339 0
2 2 20.221401824502568 0
3 2 20.610849927335323 0

0 3 19.907063004690436 0
1 3 19.12037584020301 -1
2 3 20.292756034335532 0
3 3 20.526535606268908 0


# 21.079999999999977 19.0 2.234092910624515
0 0 20.01304393163353 -1
1 0 18.98692575661558 0
2 0 19.473955729167795 1
3 0 19.814962371298574 -1

0 1 18.899766187280456 0
1 1 18.623236217256718 0
2 1 19.005001500001445 0
3 1 19.961996403435144 -1

0 2 18.787539874985224 0
1 2 19.59003875434532 -1
2 2 20.144758291518656 -1
3 2 20.598553714001913 0

0 3 19.89682372510384 0
1 3 19.100435477079902 -1
2 3 20.28348103339185 0
3 3 20.529684741411952 0


# 21.199999999999974 19.0 2.234092910624515
0 0 19.940174653421476 -1
1 0 19.01240327403588 0
2 0 19.53651799428678 1
3 0 19.768565898704487 -1

0 1 18.920667416362637 0
1 1 18.64765821016534 0
2 1 19.032252598794248 0
3 1 19.902865021028877 -1

0 2 18.825833558985586 0
1 2 19.510341120589736 -1
2 2 20.070905435127095 -1
3 2 20.585935920384646 0

0 3 19.888613299432887 0
1 3 19.08088641248352 -1
2 3 20.274232549057665 0
3 3 20.53389811235443 0


# 21.319999999999972 19.0 2.234092910624515
0 0 19.871925214183083 -1
1 0 19.037755553549996 0
2 0 19.59724712713932 1
3 0 19.725298872129144 -1

0 1 18.941344388675414 0
1 1 18.670830940016717 0
2 1 19.057606656331867 0
3 1 19.84657078753181 -1

0 2 18.86243213521257 0
1 2 19.434065405875508 -1
2 2 19.999724060620792 -1
3 2 20.573088927254574 0

0 3 19.882343043225656 0
1 3 19.061776875137117 -1
2 3 20.26505957057459 0
3 3 20.53913556228362 0


# 21.43999999999997 19.0 2.234092910624515
0 0 19.808125105779197 -1
1 0 19.063004258376118 0
2 0 19.656233665241512 1
3 0 19.685061766165774 -1

0 1 18.96182458252315 0
1 1 18.692829065733196 0
2 1 19.081185827777464 0
3 1 19.793006852709848 -1

0 2 18.897468781913133 0
1 2 19.361051851794333 -1
2 2 19.931101939839806 -1
3 2 20.56009812456788 0

0 3 19.877929641554136 0
1 3 19.043150739148434 -1
2 3 20.256007727505718 0
3 3 20.545359952266292 0


# 21.559999999999967 19.0 2.234092910624515
0 0 19.748610548061936 -1
1 0 19.08817015887276 0
2 0 19.71356486433516 1
3 0 19.647758403188345 -1

0 1 18.982134850805675 0
1 1 18.713723782849005 0
2 1 19.10310567732095 0
3 1 19.74207211135696 -1

0 2 18.93106848920263 0
1 2 19.291149902320683 -1
2 2 19.864933383908078 -1
3 2 20.487042388706403 -1

0 3 19.8152948051984 -1
1 3 19.024327837324496 -1
2 3 20.247110857032464 0
3 3 20.55181683293357 0


# 21.679999999999964 19.0 2.234092910624515
0 0 19.693224228447846 -1
1 0 19.11327316670769 0
2 0 19.76932478699969 1
3 0 19.613295863453843 -1

0 1 19.002301385077832 0
1 1 18.73358300284938 0
2 1 19.123475564230915 0
3 1 19.692950848476663 -1

0 2 18.962628565767282 0
1 2 19.22420038048748 -1
2 2 19.80039853176598 -1
3 2 20.41648860293885 -1

0 3 19.756507669048357 -1
1 3 19.065399895035686 0
2 3 20.239103584153924 0
3 3 20.558538533193076 0


# 21.79999999999996 19.0 2.234092910624515
0 0 19.64181505084515 -1
1 0 19.138332367794295 0
2 0 19.82359439149145 1
3 0 19.581575755249123 -1

0 1 19.022341046338106 0
1 1 18.75247121101882 0
2 1 19.142381716940868 0
3 1 19.645612265742187 -1

0 2 18.992314755155544 0
1 2 19.160765774939794 -1
2 2 19.73748427838889 -1
3 2 20.348375702543308 -1

0 3 19.70212596876491 -1
1 3 19.10395704337849 0
2 3 20.231940991878982 0
3 3 20.565554946331194 0


# 21.91999999999996 19.0 2.234092910624515
0 0 19.594237789984312 -1
1 0 19.16336604905687 0
2 0 19.87645130930377 1
3 0 19.552503790960706 -1

0 1 19.04227100746581 0
1 1 18.770458007470754 0
2 1 19.159907464858573 0
3 1 19.600025994081367 -1

0 2 19.020299488453055 0
1 2 19.10063540355498 -1
2 2 19.676175347780255 -1
3 2 20.282644998494803 -1

0 3 19.651940512271352 -1
1 3 19.140205050449058 0
2 3 20.16558269435479 -1
3 3 20.512173700577467 -1


# 22.039999999999957 19.0 2.234092910624515
0 0 19.550352874223147 -1
1 0 19.18839182128845 0
2 0 19.927969991238307 1
3 0 19.525989606309956 -1

0 1 19.06210894959401 0
1 1 18.78760854678371 0
2 1 19.176133265103967 0
3 1 19.556162116768853 -1

0 2 19.046743128323072 0
1 2 19.043613689064372 -1
2 2 19.61573462685102 -1
3 2 20.218502753888387 -1

0 3 19.605754031974847 -1
1 3 19.173615843314927 0
2 3 20.101766511240807 -1
3 3 20.46061867853823 -1


# 22.159999999999954 19.0 2.234092910624515
0 0 19.510026180001702 -1
1 0 19.213426621410623 0
2 0 19.978221845520192 1
3 0 19.501946588030265 -1

0 1 19.08187290797236 0
1 1 18.803983894340707 0
2 1 19.191128098180744 0
3 1 19.513982237145754 -1

0 2 19.07179480448164 0
1 2 18.989501782017143 -1
2 2 19.556190154506094 -1
3 2 20.155935131067356 -1

0 3 19.56337181459731 -1
1 3 19.204419659189963 0
2 3 20.040387059675506 -1
3 3 20.410872272399764 -1


# 22.27999999999995 19.0 2.234092910624515
0 0 19.473128831874238 -1
1 0 19.238486718172197 0
2 0 20.027275264860943 1
3 0 19.480291600885256 -1

0 1 19.10158113620588 0
1 1 18.819641040227264 0
2 1 19.20495901382895 0
3 1 19.473449212135012 -1

0 2 19.095592879487256 0
1 2 18.938115821281247 -1
2 2 19.49756579140004 -1
3 2 20.094928502873746 -1

0 3 19.524610579735935 -1
1 3 19.232831395032296 0
2 3 19.98134603667512 -1
3 3 20.362916165067958 -1


# 22.39999999999995 19.0 2.234092910624515
0 0 19.4395370081793 -1
1 0 19.263587715768175 0
2 0 20.07519576370257 1
3 0 19.460944842963436 -1

0 1 19.12125197961996 0
1 1 18.834633244662335 0
2 1 19.21769110930796 0
3 1 19.434527118687082 -1

0 2 19.118265719116437 0
1 2 18.88928581566228 -1
2 2 19.439881650987065 -1
3 2 20.03546940496995 -1

0 3 19.489297764235225 -1
1 3 19.25905163183981 0
2 3 19.924551696509504 -1
3 3 20.316731436343265 -1


# 22.519999999999946 19.0 2.234092910624515
0 0 19.409131752229502 -1
1 0 19.288744560833045 0
2 0 20.122046107784314 1
3 0 19.44382970733441 -1

0 1 19.14090376506802 0
1 1 18.849010351929 0
2 1 19.229387518813827 0
3 1 19.397181219275645 -1

0 2 19.13993240705313 0
1 2 18.8428546090122 -1
2 2 19.38315449049135 -1
3 2 19.977544495714536 -1

0 3 19.45727085318947 -1
1 3 19.28326758920707 0
2 3 19.869918367448605 -1
3 3 20.272298658992863 -1


# 22.639999999999944 19.0 2.234092910624515
0 0 19.381798789060053 -1
1 0 19.313971552263336 0
2 0 20.167886436598312 1
3 0 19.428872649740857 -1

0 1 19.16055470551167 0
1 1 18.86281907566362 0
2 1 19.24010941257511 0
3 1 19.361377926762433 -1

0 2 19.16070340796946 0
1 2 18.79867692253959 -1
2 2 19.3273980653271 -1
3 2 19.921140522707514 -1

0 3 19.428376754440766 -1
1 3 19.30565401499352 0
2 3 19.817366004887525 -1
3 3 20.22959798560026 -1


# 22.75999999999994 19.0 2.234092910624515
0 0 19.35742834774719 -1
1 0 19.339282353388384 0
2 0 20.212774379249634 1
3 0 19.41600306202233 -1

0 1 19.180222817856745 0
1 1 18.876103258108085 0
2 1 19.24991600432487 0
3 1 19.327084768907067 -1

0 2 19.180681182772787 0
1 2 18.75661846851211 -1
2 2 19.272623450196583 -1
3 2 19.866244295210244 -1

0 3 19.402471213654092 -1
1 3 19.326374014608437 0
2 3 19.76681977808711 -1
3 3 20.18860922699822 -1


# 22.87999999999994 19.0 2.234092910624515
0 0 19.335914989283232 -1
1 0 19.364690006065764 0
2 0 20.256765164190103 1
3 0 19.405153150986692 -1

0 1 19.19992585266873 0
1 1 18.888904105697755 0
2 1 19.258864565985174 0
3 1 19.294270352759156 -1

0 2 19.199960759514347 0
1 2 18.716555129983732 -1
2 2 19.218839329818344 -1
3 2 19.81284266172632 -1

0 3 19.379418267252017 -1
1 3 19.345579824098756 0
2 3 19.718209687978437 -1
3 3 20.14931192302274 -1


# 22.999999999999936 19.0 2.234092910624515
0 0 19.317157439973847 -1
1 0 19.390206946329343 0
2 0 20.299911723253732 1
3 0 19.396257822463326 -1

0 1 19.219681234518873 0
1 1 18.90126040314607 0
2 1 19.267010448525614 0
3 1 19.262904329135853 -1

0 2 19.2186302631958 0
1 2 18.67837220158762 -1
2 2 19.16605226198488 -1
3 2 19.76092249210354 -1

0 3 19.359089730678477 -1
1 3 19.36341353092954 0
2 3 19.67147021367459 -1
3 3 20.11168540626326 -1


# 23.119999999999933 19.0 2.234092910624515
0 0 19.301058430304966 -1
1 0 19.415845021263966 0
2 0 20.34226479038411 1
3 0 19.389254570288884 -1

0 1 19.23950601182884 0
1 1 18.91320870799353 0
2 1 19.274407108070363 0
3 1 19.2329573573577 -1

0 2 19.236771407470712 0
1 2 18.64196368681196 -1
2 2 19.11426691541753 -1
3 2 19.710470663583653 -1

0 3 19.341364719634853 -1
1 3 19.380007746071957 0
2 3 19.62653998551329 -1
3 3 20.075708859426943 -1


# 23.23999999999993 19.0 2.234092910624515
0 0 19.287524539211102 -1
1 0 19.441615506821943 0
2 0 20.38387299541015 1
3 0 19.384083369991696 -1

0 1 19.259416815188132 0
1 1 18.92478352741255 0
2 1 19.28110613643016 0
3 1 19.204401070388744 -1

0 2 19.25445995101656 0
1 2 18.607231647524006 -1
2 2 19.063486284674102 -1
3 2 19.661474050287016 -1

0 3 19.32612920209306 -1
1 3 19.3954862307585 0
2 3 19.583361482620045 -1
3 3 20.041361366882455 -1


# 23.35999999999993 19.0 2.234092910624515
0 0 19.27646604366362 -1
1 0 19.467529126333257 0
2 0 20.424782953195987 1
3 0 19.38068657695501 -1

0 1 19.27942982321534 0
1 1 18.93601747889878 0
2 1 19.287157295327404 0
3 1 19.17720804050325 -1

0 2 19.271766121147852 0
1 2 18.574085601828607 -1
2 2 19.0137118841705 -1
3 2 19.613919515673636 -1

0 3 19.313275579040585 -1
1 3 19.409964481028513 0
2 3 19.54188075313498 -1
3 3 20.00862196090039 -1


# 23.479999999999926 19.0 2.234092910624515
0 0 19.267796773486314 -1
1 0 19.493596069494235 0
2 0 20.465039348463076 1
3 0 19.379008828852225 -1

0 1 19.299560735122693 0
1 1 18.946941436332914 0
2 1 19.292608553665325 0
3 1 19.151351745580406 -1

0 2 19.288755007051545 0
1 2 18.542441966643835 -1
2 2 18.96494392319973 -1
3 2 19.56779390757151 -1

0 3 19.302702292052086 -1
1 3 19.423550272967287 0
2 3 19.50204715538812 -1
3 3 19.977469663063488 -1


# 23.599999999999923 19.0 2.234092910624515
0 0 19.26143397129621 -1
1 0 19.519826011648583 0
2 0 20.50468501655762 1
3 0 19.3789969521592 -1

0 1 19.319824749223706 0
1 1 18.95758466276311 0
2 1 19.2975061272666 0
3 1 19.126806536109996 -1

0 2 19.305486924850417 0
1 2 18.512223541650297 -1
2 2 18.917181463668662 -1
3 2 19.52308405540761 -1

0 3 19.29431345591202 -1
1 3 19.436344171338064 0
2 3 19.46381311843866 -1
3 3 19.94788352127936 -1


# 23.71999999999992 19.0 2.234092910624515
0 0 19.257298157460013 -1
1 0 19.54622813320071 0
2 0 20.54376102041372 1
3 0 19.380599872559753 -1

0 1 19.34023654669719 0
1 1 18.967974931136258 0
2 1 19.301894520573747 0
3 1 19.10354760297587 -1

0 2 19.322017756537814 0
1 2 18.483359031523253 -1
2 2 18.870422562123885 -1
3 2 19.47977676931704 -1

0 3 19.2880185146337 -1
1 3 19.44844000411701 0
2 3 19.427133920514482 -1
3 3 19.919842642791277 -1


# 23.839999999999918 19.0 2.234092910624515
0 0 19.255312999950227 -1
1 0 19.57281113902428 0
2 0 20.582306723942235 1
3 0 19.38376852907062 -1

0 1 19.3608102799874 0
1 1 18.97813863409502 0
2 1 19.30581656986385 0
3 1 19.0815509460699 -1

0 2 19.33839926467696 0
1 2 18.455782603590293 -1
2 2 18.824664397501365 -1
3 2 19.437858840842075 -1

0 3 19.28373191933241 -1
1 3 19.45992530526534 0
2 3 19.39196748399957 -1
3 3 19.89332622354889 -1


# 23.959999999999916 19.0 2.234092910624515
0 0 19.25540518898016 -1
1 0 19.59958327774947 0
2 0 20.62035986205687 1
3 0 19.388455791721597 -1

0 1 19.381559565280956 0
1 1 18.988100883856276 0
2 1 19.3093134875842 0
3 1 19.060793343776737 -1

0 2 19.35467938461897 0
1 2 18.429433478272863 -1
2 2 18.779903385909684 -1
3 2 19.397317044965533 -1

0 3 19.281372826515053 -1
1 3 19.470881727909646 0
2 3 19.358274185720006 -1
3 3 19.868313574269354 -1


# 24.079999999999913 19.0 2.234092910624515
0 0 19.257504316293236 -1
1 0 19.62655236083047 0
2 0 20.657956607532114 1
3 0 19.394616382635324 -1

0 1 19.402497478556377 0
1 1 18.9978856030941 0
2 1 19.312424907463907 0
3 1 19.04125232335889 -1

0 2 19.370902495865103 0
1 2 18.404255549869106 -1
2 2 18.73613528364224 -1
3 2 19.358138143252226 -1

0 3 19.280864815445806 -1
1 3 19.48138542994986 0
2 3 19.326016681374103 -1
3 3 19.84478414349117 -1


# 24.19999999999991 19.0 2.234092910624515
0 0 19.26154275897932 -1
1 0 19.653725781310857 0
2 0 20.695131634872684 1
3 0 19.40220680035923 -1

0 1 19.42363655475227 0
1 1 19.00751560766634 0
2 1 19.31518893010012 0
3 1 19.022906132262356 -1

0 2 19.387109674079575 0
1 2 18.380197035419446 -1
2 2 18.693355279509163 -1
3 2 19.320308887898786 -1

0 3 19.28213562333811 -1
1 3 19.491507433973545 0
2 3 19.295159743040077 -1
3 3 19.822717537896754 -1


# 24.319999999999908 19.0 2.234092910624515
0 0 19.26745556768882 -1
1 0 19.681110532218536 0
2 0 20.731918181360165 1
3 0 19.411185247309767 -1

0 1 19.44498878964589 0
1 1 19.017012681946962 0
2 1 19.317642168756258 0
3 1 19.005733710354914 -1

0 2 19.403338925149075 0
1 2 18.357210149566257 -1
2 2 18.65155807748386 -1
3 2 19.28381602651586 -1

0 3 19.28511689720741 -1
1 3 19.501313963224423 0
2 3 19.265670108775655 -1
3 3 19.80209354015597 -1


