# 20.0 20.0 0.0
0 0 20.06 1
1 0 20.00072 0
2 0 20.00000864 0
3 0 20.00000010368 0

0 1 20.06072 1
1 1 20.00073728 0
2 1 20.06000895104 1
3 1 20.00072010865664 0

0 2 20.00072864 0
1 2 20.00001759104 0
2 2 20.00072031850496 0
3 2 20.00001728512594 0

0 3 20.00000874368 0
1 3 20.00000031601664 0
2 3 20.00000864761426 0
3 3 20.00000031119288 0


# 20.0 20.0 0.060719999999999885
0 0 20.11857728 1
1 0 20.002121638400002 0
2 0 20.00075384543744 0
3 0 20.00001778739665 0

0 1 20.1196102784 1
1 1 20.00288299206656 0
2 1 20.117189448566066 1
3 1 20.002096558346125 0

0 2 20.00213367647744 0
1 2 20.000085594306867 0
2 2 20.00209335492408 0
3 2 20.000066841844205 0

0 3 20.000034036817446 0
1 3 20.000001842088803 0
2 3 20.00003343051293 0
3 3 20.000001503258222 0


# 20.0 20.0 0.11961027839999971
0 0 20.1757692809216 1
1 0 20.00418540300831 0
2 0 20.00217889559672 0
3 0 20.000068452497686 0

0 1 20.176756078100787 1
1 1 20.00632320673515 0
2 1 20.17171665922212 1
3 1 20.004070726338355 0

0 2 20.004166570576086 0
1 2 20.000232505472027 0
2 2 20.00405746713234 0
3 2 20.000161590847497 0

0 3 20.000082832443997 0
1 3 20.00000594994222 0
2 3 20.000080805475378 0
3 3 20.0000043578968 0


# 20.0 20.0 0.1767560781007873
0 0 20.231612884581732 1
1 0 20.006890995924923 0
2 0 20.004231495273395 0
3 0 20.00016561486711 0

0 1 20.23223755476327 1
1 1 20.010952625396452 0
2 1 20.223754007349147 1
3 1 20.00658873038891 0

0 2 20.00678220932404 0
1 2 20.000482924230912 0
2 2 20.006556460644823 0
3 2 20.000312598619068 0

0 3 20.00016130838721 0
1 3 20.00001440050177 0
2 3 20.000156314273934 0
3 3 20.00000982796723 0


# 20.0 20.0 0.23223755476326957
0 0 20.28614436334505 1
1 0 20.010217515904255 0
2 0 20.00686341812936 0
3 0 20.000321078514116 0

0 1 20.28613012784 1
1 1 20.016673914281313 0
2 1 20.27345400527772 1
3 1 20.009601055901506 0

0 2 20.00993864885793 0
1 2 20.000857944959257 0
2 2 20.009539120891432 0
3 2 20.00052926953419 0

0 3 20.000274937877585 0
1 3 20.000029266046024 0
2 3 20.000264687653285 0
3 3 20.00001900164666 0


# 20.0 20.0 0.28614436334504845
0 0 20.33939933798956 1
1 0 20.01414362028108 0
2 0 20.010030179016802 0
3 0 20.000545094506627 0

0 1 20.338504805284266 1
1 1 20.023397090905437 0
2 1 20.320959022384972 1
3 1 20.013062212190754 0

0 2 20.01359687786335 0
1 2 20.00137551186969 0
2 2 20.012958784985948 0
3 2 20.000819520199634 0

0 3 20.000428553840905 0
1 3 20.000052861912458 0
2 3 20.000409938554387 0
3 3 20.000033071092428 0


# 20.0 20.0 0.33939933798955835
0 0 20.39141274292872 1
1 0 20.018647668383483 0
2 0 20.013690732921397 0
3 0 20.000846506445736 0

0 1 20.389428484002696 1
1 1 20.031038958781664 0
2 1 20.36640199757705 1
3 1 20.016930415569412 0

0 2 20.017720599589648 0
1 2 20.00205074176318 0
2 2 20.01677294968375 0
3 2 20.001189937587398 0

0 3 20.00062640744066 0
1 3 20.000087686765234 0
2 3 20.0005954456256 0
3 3 20.000053305131658 0


# 20.0 20.0 0.3914127429287184
0 0 20.44221879801192 1
1 0 20.023707848187957 0
2 0 20.017807198365226 0
3 0 20.001232883580904 0

0 1 20.438964227951182 1
1 1 20.039522586545896 0
2 1 20.409907099495324 1
3 1 20.021167297163462 0

0 2 20.022276030932744 0
1 2 20.00289621720568 0
2 2 20.0209429124979 0
3 2 20.001645922386242 0

0 3 20.000872221385173 0
1 3 20.000136370531692 0
2 3 20.00082402796726 0
3 3 20.00008102555116 0


# 20.0 20.0 0.4422187980119183
0 0 20.491850986197157 1
1 0 20.029302287817362 0
2 0 20.02234460328461 0
3 0 20.00171064257737 0

0 1 20.487171525621342 1
1 1 20.04877682795337 0
2 1 20.45159033841034 1
3 1 20.025737633523082 0

0 2 20.027231717204113 0
1 2 20.003922252718052 0
2 2 20.025433443195784 0
3 2 20.00219181887326 0

0 3 20.001169238468137 0
1 3 20.000201629199204 0
2 3 20.001098011967986 0
3 3 20.000117586601416 0


# 20.0 20.0 0.49185098619715717
0 0 20.540342036455325 1
1 0 20.03540915334135 0
2 0 20.027270651558602 0
3 0 20.002285158865565 0

0 1 20.5341065285246 1
1 1 20.05873587948754 0
2 1 20.491560133459824 1
3 1 20.030609098249496 0

0 2 20.03255836131807 0
1 2 20.005137136345994 0
2 2 20.03021248313015 0
3 2 20.002831032496356 0

0 3 20.001520265769493 0
1 3 20.00028622574184 0
2 3 20.00141929101101 0
3 3 20.000164357365854 0


# 20.0 20.0 0.5403420364553249
0 0 20.587723911325323 1
1 0 20.042006734209473 0
2 0 20.03255550851156 0
3 0 20.002960868427536 0

0 1 20.57982227215214 1
1 1 20.069338872586147 0
2 1 20.52991783860348 1
3 1 20.035752032997344 0

0 2 20.038228666233923 0
1 2 20.00654734877369 0
2 2 20.035250870070517 0
3 2 20.003566136256715 0

0 3 20.0019277149055 0
1 3 20.000392936516963 0
2 3 20.001789378755987 0
3 3 20.000222706680837 0


# 20.0 20.0 0.5877239113253232
0 0 20.63402779859395 1
1 0 20.049073517528974 0
2 0 20.038171603848795 0
3 0 20.0037413608063 0

0 1 20.624368880770717 1
1 1 20.080529497730133 0
2 1 20.566758230406275 1
3 1 20.04113923634109 0

0 2 20.0442171895855 0
1 2 20.008157761959392 0
2 2 20.040522086395672 0
3 2 20.004398966886946 0

0 3 20.00239363868213 0
1 3 20.000524522536022 0
2 3 20.002209456635587 0
3 3 20.000293990322596 0


# 20.0 20.0 0.6340277985939515
0 0 20.679284106624166 1
1 0 20.056588252291196 0
2 0 20.04409345060919 0
3 0 20.004629464060674 0

0 1 20.667793757305624 1
1 1 20.092255657862637 0
2 1 20.602169960521277 1
3 1 20.046745769112388 0

0 2 20.050500209518272 0
1 2 20.009971819101093 0
2 2 20.04600202868642 0
3 2 20.00533071173515 0

0 3 20.002919764474225 0
1 3 20.00068370507204 0
2 3 20.002680416145864 0
3 3 20.000379540205554 0


# 20.0 20.0 0.6792841066241664
0 0 20.72352246290086 1
1 0 20.064530004551436 0
2 0 20.050297478833205 0
3 0 20.005627322329836 0

0 1 20.710141759462168 1
1 1 20.104469148808864 0
2 1 20.636235975521547 1
3 1 20.052548774924706 0

0 2 20.057055600834953 0
1 2 20.011991697585067 0
2 2 20.051668796921323 0
3 2 20.006361987186896 0

0 3 20.003507524624037 0
1 3 20.00087314511927 0
2 3 20.00320289645469 0
3 3 20.00048065536185 0


# 20.0 20.0 0.7235224629008599
0 0 20.76677171540459 1
1 0 20.072878204476837 0
2 0 20.05676188275015 0
3 0 20.00673646661806 0

0 1 20.75145536314534 1
1 1 20.117125364554784 0
2 1 20.669033906526323 1
3 1 20.058527314701845 0

0 2 20.06386272062414 0
1 2 20.014218456427617 0
2 2 20.057502501628246 0
3 2 20.00749290938535 0

0 3 20.004158084126495 0
1 3 20.001095426268368 0
2 3 20.003777317802697 0
3 3 20.00059859449508 0


# 20.0 20.0 0.766771715404591
0 0 20.80905993646149 1
1 0 20.081612686094008 0
2 0 20.063466480385504 0
3 0 20.00795787936086 0

0 1 20.79177481415292 1
1 1 20.130183025414564 0
2 1 20.70063643087862 1
3 1 20.064662214119867 0

0 2 20.07090230261441 0
1 2 20.0166521695902 0
2 2 20.063485087481972 0
3 2 20.008723157944328 0

0 3 20.004872365844534 0
1 3 20.001353040603945 0
2 3 20.004403911125955 0
3 3 20.000734569922102 0


# 20.0 20.0 0.809059936461491
0 0 20.85041442875184 1
1 0 20.090713720492683 0
2 0 20.070392584578098 0
3 0 20.009292053288245 0

0 1 20.831138269039865 1
1 1 20.143603927274683 0
2 1 20.731111607957903 1
3 1 20.07093592295712 0

0 2 20.0781563595583 0
1 2 20.019292046428895 0
2 2 20.06960017196432 0
3 2 20.010052033288787 0

0 3 20.005651073476077 0
1 3 20.00164837727095 0
2 3 20.005082744288554 0
3 3 20.000889742735833 0


# 20.0 20.0 0.85041442875184
0 0 20.890861733191166 1
1 0 20.100162043172517 0
2 0 20.077522884478842 0
3 0 20.0107390450591 0

0 1 20.86958192598048 1
1 1 20.157352710247974 0
2 1 20.760523191051703 1
3 1 20.077332385425716 0

0 2 20.085608093007476 0
1 2 20.022136540430196 0
2 2 20.075832897818746 0
3 2 20.011478508202423 0

0 3 20.00649471247428 0
1 3 20.001983713391887 0
2 3 20.00581374527579 0
3 3 20.00106521903908 0


# 20.0 20.0 0.8908617331911657
0 0 20.93042763842612 1
1 0 20.109938876157106 0
2 0 20.084841336677947 0
3 0 20.012298524102217 0

0 1 20.90714014638948 1
1 1 20.171396645204414 0
2 1 20.788930917062743 1
3 1 20.083836920630244 0

0 2 20.09324180989269 0
1 2 20.02518344728524 0
2 2 20.08216979813736 0
3 2 20.013001274111602 0

0 3 20.00740360910462 0
1 3 20.002361207049415 0
2 3 20.00659672266492 0
3 3 20.00126204711499 0


# 20.0 20.0 0.9304276384261208
0 0 20.96913719171334 1
1 0 20.120025945441654 0
2 0 20.092333065176753 0
3 0 20.013969817064222 0

0 1 20.943845568002846 1
1 1 20.185705436768114 0
2 1 20.81639077569228 1
3 1 20.09043611236619 0

0 2 20.101042845369907 0
1 2 20.028429993263448 0
2 2 20.088598673015554 0
3 2 20.014618782588876 0

0 3 20.008377927805885 0
1 3 20.00278289207815 0
2 3 20.007431383659497 0
3 3 20.001481215413833 0


# 20.0 20.0 0.9691371917133402
0 0 21.007014710972992 1
1 0 20.13040549428812 0
2 0 20.099984269483866 0
3 0 20.01575194823211 0

0 1 20.979729210064058 1
1 1 20.20025104148294 0
2 1 20.842955259615234 1
3 1 20.097117707532046 0

0 2 20.10899749143797 0
1 2 20.031872914762978 0
2 2 20.095108476798327 0
3 2 20.016329282517074 0

0 3 20.009417687007065 0
1 3 20.003250674436025 0
2 3 20.008317349945578 0
3 3 20.001723651248486 0


# 20.0 20.0 1.0070147109729923
0 0 21.04408379783019 1
1 0 20.141060292833583 0
2 0 20.107782140173715 0
3 0 20.017643676268225 0

0 1 21.01482057121038 1
1 1 20.215007499952826 0
2 1 20.868673597047184 1
3 1 20.10387052248569 0

0 2 20.11709293087334 0
1 2 20.03550852983908 0
2 2 20.101689215024194 0
3 2 20.018130853316457 0

0 3 20.010522773538522 0
1 3 20.00376632994959 0
2 3 20.00925417160253 0
3 3 20.00199022010257 0


# 20.0 20.0 1.04408379783019
0 0 21.08036735147683 1
1 0 20.151973644433813 0
2 0 20.11571478129941 0
3 0 20.01964352756799 0

0 1 21.04914772060718 1
1 1 20.229950781858218 0
2 1 20.89359196799693 1
3 1 20.110684356727866 0

0 2 20.125317176064478 0
1 2 20.039332802441564 0
2 2 20.10833185024732 0
3 2 20.0200214346021 0

0 3 20.011692955763305 0
1 3 20.004331503249393 0
2 3 20.010241339278416 0
3 3 20.002281725465444 0


# 20.0 20.0 1.0803673514768306
0 0 21.115887583204156 1
1 0 20.163129389123934 0
2 0 20.123771139101102 0
3 0 20.02174982652549 0

0 1 21.0827373828352 1
1 1 20.245058642837794 0
2 1 20.917753705400045 1
3 1 20.117549913343627 0

0 2 20.13365901236225 0
1 2 20.04334140002873 0
2 2 20.115028215987163 0
3 2 20.021998852606366 0

0 3 20.012927895543164 0
1 3 20.004947707731123 0
2 3 20.011278294818926 0
3 3 20.002598909117793 0


# 20.0 20.0 1.115887583204156
0 0 21.150666031472316 1
1 0 20.174511904541664 0
2 0 20.131940936496463 0
3 0 20.023960722968653 0

0 1 21.11561501699619 1
1 1 20.26031049230518 0
2 1 20.94119948223843 1
3 1 20.124458725676956 0

0 2 20.142107945593853 0
1 2 20.04752974516676 0
2 2 20.121770938117745 0
3 2 20.024060843671847 0

0 3 20.01422715914351 0
1 3 20.005616326395966 0
2 3 20.01236444052011 0
3 3 20.002942451799857 0


# 20.0 20.0 1.1506660314723156
0 0 21.184723577397765 1
1 0 20.186106104625306 0
2 0 20.1402146128816 0
3 0 20.026274217004485 0

0 1 21.147804890465913 1
1 1 20.275687271344488 0
2 1 20.963967485667236 1
3 1 20.131403089754645 0

0 2 20.150654153416227 0
1 2 20.051893061670047 0
2 2 20.128553363066445 0
3 2 20.02620507509308 0

0 3 20.01559022717209 0
1 3 20.00633861343968 0
2 3 20.013499147157937 0
3 3 20.003312974202075 0


# 20.0 20.0 1.1847235773977651
0 0 21.21808046055254 1
1 0 20.197897436368386 0
2 0 20.148583268809055 0
3 0 20.028688181495088 0

0 1 21.179330147690106 1
1 1 20.291171339896703 0
2 1 20.98609357909353 1
3 1 20.138376002013132 0

0 2 20.15928844021113 0
1 2 20.05642641578925 0
2 2 20.135369492244862 0
3 2 20.02842916356069 0

0 3 20.017016503637706 0
1 3 20.007115696474234 0
2 3 20.01468176093236 0
3 3 20.003711038224715 0


# 20.0 20.0 1.2180804605525388
0 0 21.25075629498135 1
1 0 20.20987187488516 0
2 0 20.15703861514476 0
3 0 20.03120038236716 0

0 1 21.21021287438819 1
1 1 20.306746372511533 0
2 1 21.007611453080013 1
3 1 20.145371101916673 0

0 2 20.168002195248047 0
1 2 20.06112475290911 0
2 2 20.142213922182894 0
3 2 20.030730691439032 0

0 3 20.018505324207414 0
1 3 20.007948579278903 0
2 3 20.015911609449436 0
3 3 20.004137148459286 0


# 20.0 20.0 1.2507562949813504
0 0 21.282770085353302 1
1 0 20.222015917016098 0
2 0 20.16557292633824 0
3 0 20.033808496941003 0

0 1 21.24047415750124 1
1 1 20.322397261997057 0
2 1 21.02855276588139 1
3 1 20.15238261908731 0

0 2 20.17678735386304 0
1 2 20.065982930177334 0
2 2 20.149081789881482 0
3 2 20.03310722108773 0

0 3 20.02005596373365 0
1 3 20.008838144989515 0
2 3 20.01718800685252 0
3 3 20.004591753850036 0


# 20.0 20.0 1.2827700853533024
0 0 21.31414024317479 1
1 0 20.234316573679543 0
2 0 20.174178997470054 0
3 0 20.036510130449816 0

0 1 21.270134141194607 1
1 1 20.338110030352393 0
2 1 21.04894727436058 1
3 1 20.15940532459642 0

0 2 20.18563636142206 0
1 2 20.070995745448567 0
2 2 20.155968722940163 0
3 2 20.035556307418684 0

0 3 20.021667643116178 0
1 3 20.009785159644963 0
2 3 20.01851025820194 0
3 3 20.005075249498883 0


# 20.0 20.0 1.3141402431747906
0 0 21.344884602998988 1
1 0 20.24676136115486 0
2 0 20.182850104767894 0
3 0 20.039302830905996 0

0 1 21.299212079201716 1
1 1 20.353871746417468 0
2 1 21.068822955975936 1
3 1 20.16643448609498 0

0 2 20.194542139855532 0
1 2 20.076157962893333 0
2 2 20.162870794052914 0
3 2 20.03807550886286 0

0 3 20.023339535558 0
1 3 20.010790276019712 0
2 3 20.019877663192315 0
3 3 20.005587978581588 0


# 20.0 20.0 1.344884602998988
0 0 21.375020438575305 1
1 0 20.259338291463482 0
2 0 20.19157996930779 0
3 0 20.04218410245821 0

0 1 21.327726383773424 1
1 1 20.369670449718704 0
2 1 21.088206122479182 1
3 1 20.17346582648459 0

0 2 20.203498056568296 0
1 2 20.08146433559077 0
2 2 20.169784479499874 0
3 2 20.040662396905415 0

0 3 20.02507077226897 0
1 3 20.01185403767951 0
2 3 20.021289519287368 0
3 3 20.006130234346962 0


# 20.0 20.0 1.375020438575305
0 0 21.404564478889437 1
1 0 20.272035861997008 0
2 0 20.200362723640076 0
3 0 20.045151417371212 0

0 1 21.355694671477057 1
1 1 20.385495080030733 0
2 1 21.107121525916046 1
3 1 20.18049548585455 0

0 2 20.21249789554447 0
1 2 20.086909625395467 0
2 2 20.17670662129393 0
3 2 20.043314564333333 0

0 3 20.026860447665975 0
1 3 20.012976883205155 0
2 3 20.02274512434345 0
3 3 20.006702262174592 0


# 20.0 20.0 1.4045644788894371
0 0 21.433532924051107 1
1 0 20.284843044525797 0
2 0 20.20919288110095 0
3 0 20.048202226749314 0

0 1 21.383133806070536 1
1 1 20.401335412212152 0
2 1 21.125592457477616 1
3 1 20.187519986431383 0

0 2 20.221535830481187 0
1 2 20.092488620342795 0
2 2 20.183634392669788 0
3 2 20.046029632326643 0

0 3 20.028707624114237 0
1 3 20.014159150536145 0
2 3 20.024243778785593 0
3 3 20.007304261669653 0


# 20.0 20.0 1.4335329240511072
0 0 21.461941460992424 1
1 0 20.297749273707378 0
2 0 20.21806530758992 0
3 0 20.051333970114595 0

0 1 21.410059938659803 1
1 1 20.41718199590822 0
2 1 21.14364083970988 1
3 1 20.194536200307077 0

0 2 20.23060639979838 0
1 2 20.098196149833292 0
2 2 20.190565266629502 0
3 2 20.0488052565122 0

0 3 20.03061133625014 0
1 3 20.015401081392056 0
2 3 20.025784787392894 0
3 3 20.007936388776407 0


# 20.0 20.0 1.4619414609924242
0 0 21.489805278945102 1
1 0 20.310744435200988 0
2 0 20.22697519561145 0
3 0 20.05454408394149 0

0 1 21.436488545331912 1
1 1 20.433026099745536 0
2 1 21.16128731255133 1
3 1 20.20154131973024 0

0 2 20.239704483383832 0
1 2 20.104027097815106 0
2 2 20.197496987282545 0
3 2 20.05163913208816 0

0 3 20.032570594922444 0
1 3 20.016702825735155 0
2 3 20.02736746074392 0
3 3 20.008598757894443 0


# 20.0 20.0 1.4898052789451022
0 0 21.517139084669473 1
1 0 20.323818853482862 0
2 0 20.235918040395475 0
3 0 20.057830009241105 0

0 1 21.462434462441557 1
1 1 20.44885965967324 0
2 1 21.178551313633843 1
3 1 20.208532829761126 0

0 2 20.248825280943862 0
1 2 20.109976414163597 0
2 2 20.204427543740536 0
3 2 20.05452899811721 0

0 3 20.034584390785383 0
1 3 20.018064446242594 0
2 3 20.02899111636721 0
3 3 20.009291443984058 0


# 20.0 20.0 1.5171390846694734
0 0 21.543957117412464 1
1 0 20.336963279446355 0
2 0 20.24488961792672 0
3 0 20.06118919828068 0

0 1 21.487911919715366 1
1 1 20.464675231132432 0
2 1 21.195451153250147 1
3 1 20.215508483106934 0

0 2 20.257964291840192 0
1 2 20.116039124439215 0
2 2 20.211355146347074 0
3 2 20.057472641077542 0

0 3 20.036651697574104 0
1 3 20.01948592276097 0
2 3 20.03065507963689 0
3 3 20.010014484649204 0


# 20.0 20.0 1.5439571174124644
0 0 21.450273163575556 -1
1 0 20.348728877861223 0
2 0 20.253868684726502 0
3 0 20.064618913156576 0

0 1 21.511494571325898 1
1 1 20.480431384760593 0
2 1 21.212003462281434 1
3 1 20.222466267014628 0

0 2 20.267100016302976 0
1 2 20.12220971610819 0
2 2 20.218278190111665 0
3 2 20.06046789745359 0

0 3 20.038771267730205 0
1 3 20.020967146766715 0
2 3 20.032358684150473 0
3 3 20.01076788218108 0


# 20.0 20.0 1.5439571174124644
0 0 21.360386011077082 -1
1 0 20.359218497957823 0
2 0 20.26283629044874 0
3 0 20.0681162629725 0

0 1 21.5333068082759 1
1 1 20.496091540107564 0
2 1 21.228223363544117 1
3 1 20.229404374087657 0

0 2 20.276213269123623 0
1 2 20.128482251488315 0
2 2 20.225195223345942 0
3 2 20.06351265551592 0

0 3 20.040941667082603 0
1 3 20.02250791783517 0
2 3 20.0341012716965 0
3 3 20.011551605549112 0


# 20.0 20.0 1.5439571174124644
0 0 21.274122418353112 -1
1 0 20.368527924030506 0
2 0 20.271775576856456 0
3 0 20.071678236916817 0

0 1 21.553465049059323 1
1 1 20.511623529239866 0
2 1 21.244124626536358 1
3 1 20.236321176603607 0

0 2 20.285286979431994 0
1 2 20.134850467215113 0
2 2 20.232104920876903 0
3 2 20.066604856420604 0

0 3 20.043161305834836 0
1 3 20.02410794182305 0
2 3 20.035882191904236 0
3 3 20.012365592329243 0


# 20.0 20.0 1.553465049059323
0 0 21.19131792696948 -1
1 0 20.376746355618014 0
2 0 20.28067159325734 0
3 0 20.075301733626144 0

0 1 21.572078258226526 1
1 1 20.526999196327505 0
2 1 21.2597198071074 1
3 1 20.243215203952104 0

0 2 20.294306006671167 0
1 2 20.14130786157717 0
2 2 20.239006061278925 0
3 2 20.06974249474166 0

0 3 20.04542846620671 0
1 3 20.02576683050274 0
2 3 20.03770080165359 0
3 3 20.013209750562133 0


# 20.0 20.0 1.5720782582265258
0 0 21.11181637696471 -1
1 0 20.38395685468065 0
2 0 20.2895111270855 0
3 0 20.078983587188056 0

0 1 21.58924843034057 1
1 1 20.542194030348256 0
2 1 21.21502037343822 0
3 1 20.24936512285053 0

0 2 20.303256971488473 0
1 2 20.14784777094489 0
2 2 20.245177507626877 0
3 2 20.072906338534985 0

0 3 20.047741327047163 0
1 3 20.02748410241737 0
2 3 20.039547824311416 0
3 3 20.014083649496055 0


# 20.0 20.0 1.5892484303405716
0 0 21.035469450814237 -1
1 0 20.39023676208304 0
2 0 20.297562548420423 0
3 0 20.082703310104538 0

0 1 21.60507104169808 1
1 1 20.55646682826951 0
2 1 21.172882259599195 0
3 1 20.254833690589674 0

0 2 20.312128100362237 0
1 2 20.154446156403647 0
2 2 20.25068637820698 0
3 2 20.076079516936026 0

0 3 20.05009798570682 0
1 3 20.029258873712905 0
2 3 20.041415162507327 0
3 3 20.014986574267517 0


# 20.0 20.0 1.6050710416980785
0 0 20.962136244230297 -1
1 0 20.395640805526593 0
2 0 20.304879637889528 0
3 0 20.086442550882524 0

0 1 21.619626832021105 1
1 1 20.56986757315518 0
2 1 21.13314711849653 0
3 1 20.25967870582069 0

0 2 20.320908771836603 0
1 2 20.161081400059214 0
2 2 20.255594110429033 0
3 2 20.07924728991092 0

0 3 20.05249646996797 0
1 3 20.031089917407378 0
2 3 20.043295772907268 0
3 3 20.015917574347704 0


# 20.0 20.0 1.6196268320211047
0 0 20.89168255108858 -1
1 0 20.400221048840077 0
2 0 20.311512421716795 0
3 0 20.090184912581204 0

0 1 21.63299201182918 1
1 1 20.582443228594432 0
2 1 21.09566679840743 0
3 1 20.263953388187016 0

0 2 20.32958944200174 0
1 2 20.167734093237563 0
2 2 20.259956920582 0
3 2 20.082396838332063 0

0 3 20.054934749362033 0
1 3 20.03297571626235 0
2 3 20.045183552979466 0
3 3 20.016875506366926 0


# 20.0 20.0 1.632992011829181
0 0 20.82398053597742 -1
1 0 20.404026999024257 0
2 0 20.317507444524846 0
3 0 20.093915785720824 0

0 1 21.64523850581124 1
1 1 20.594237950379664 0
2 1 21.060302660527956 0
3 1 20.26770672929813 0

0 2 20.338161573618596 0
1 2 20.17438684269227 0
2 2 20.263826227128444 0
3 2 20.08551707267564 0

0 3 20.05741074586357 0
1 3 20.034914509877755 0
2 3 20.047073238674805 0
3 3 20.01785907187392 0


# 20.0 20.0 1.645238505811239
0 0 20.75890842274026 -1
1 0 20.407105710876976 0
2 0 20.32290802174031 0
3 0 20.097622194447336 0

0 1 21.65643418392803 1
1 1 20.605293281537744 0
2 1 21.02692494393907 0
3 1 20.270983817200353 0

0 2 20.34661756879642 0
1 2 20.18102409329113 0
2 2 20.267249040409247 0
3 2 20.088598458777064 0

0 3 20.059922343956572 0
1 3 20.036904336573958 0
2 3 20.048960312036748 0
3 3 20.018866850536227 0


# 20.0 20.0 1.656434183928031
0 0 20.69635019825927 -1
1 0 20.40950188903859 0
2 0 20.32775447315632 0
3 0 20.101292654931513 0

0 1 21.666643080786177 1
1 1 20.61564833210859 0
2 1 20.995412174584487 0
3 1 20.273826136337455 0

0 2 20.35495070512338 0
1 2 20.187631965783737 0
2 2 20.270268321403787 0
3 2 20.091632859207756 0

0 3 20.062467400074503 0
1 3 20.038943070572593 0
2 3 20.050840917841356 0
3 3 20.019897329241513 0


# 20.0 20.0 1.6666430807861765
0 0 20.636195330759833 -1
1 0 20.41125798733127 0
2 0 20.33208433908592 0
3 0 20.104917045059057 0

0 1 21.67592560380906 1
1 1 20.62533994494548 0
2 1 20.965650615105705 0
3 1 20.276271844843752 0

0 2 20.363155075144206 0
1 2 20.19419810837091 0
2 2 20.272923311982712 0
3 2 20.094613388953846 0

0 3 20.065043751420422 0
1 3 20.041028454940136 0
2 3 20.05271178844599 0
3 3 20.020948927517615 0


# 20.0 20.0 1.675925603809059
0 0 20.578338501946163 -1
1 0 20.412414305295087 0
2 0 20.33593258042983 0
3 0 20.108486484540215 0

0 1 21.68433873071351 1
1 1 20.63440284870192 0
2 1 20.93753375261213 0
3 1 20.27835603087359 0

0 2 20.37122552907421 0
1 2 20.200711560905493 0
2 2 20.275249838898553 0
3 2 20.09753428418526 0

0 3 20.067649224177458 0
1 3 20.043158130714996 0
2 3 20.05457017609683 0
3 3 20.022020019650366 0


# 20.0 20.0 1.6843387307135096
0 0 20.522679352308206 -1
1 0 20.413009081849975 0
2 0 20.339331763879805 0
3 0 20.111993224633807 0

0 1 21.691936196784553 1
1 1 20.642869799070056 0
2 1 20.91096182167941 0
3 1 20.28011094954288 0

0 2 20.379157620635503 0
1 2 20.20716263065386 0
2 2 20.277280593582805 0
3 2 20.100390783002794 0

0 3 20.070281641123277 0
1 3 20.045329662599453 0
2 3 20.056413792010755 0
3 3 20.023108953843117 0


# 20.0 20.0 1.6919361967845532
0 0 20.469122238968726 -1
1 0 20.413078586035297 0
2 0 20.342312233385037 0
3 0 20.115430546742125 0

0 1 21.698768672423693 1
1 1 20.6507717092442 0
2 1 20.885841360067857 0
3 1 20.28156624193983 0

0 2 20.386947555899223 0
1 2 20.21354277863838 0
2 2 20.27904538965547 0
3 2 20.103179017141937 0

0 3 20.072938828664824 0
1 3 20.047540561562045 0
2 3 20.05824075160703 0
3 3 20.02421406872975 0


# 20.0 20.0 1.698768672423693
0 0 20.41757600546736 -1
1 0 20.412657204798975 0
2 0 20.344902268922173 0
3 0 20.11879266918975 0

0 1 21.704883931429226 1
1 1 20.658137770499692 0
2 1 20.862084794836807 0
3 1 20.28274913755238 0

0 2 20.394592145016244 0
1 2 20.21984451566454 0
2 2 20.28057139990301 0
3 2 20.105895913696198 0

0 3 20.07561862331183 0
1 3 20.04978830466344 0
2 3 20.06004952531909 0
3 3 20.025333707523664 0


# 20.0 20.0 1.704883931429226
0 0 20.367953762905273 -1
1 0 20.411777527825343 0
2 0 20.347128233529663 0
3 0 20.122074661551906 0

0 1 21.710327010450253 1
1 1 20.66499556370103 0
2 1 20.839610056700874 0
3 1 20.283684641358565 0

0 2 20.40208875671868 0
1 2 20.226061307212476 0
2 2 20.281883374342808 0
3 2 20.108539105999657 0

0 3 20.07831887760919 0
1 3 20.052070352389265 0
2 3 20.061838894466756 0
3 3 20.02646623005841 0


# 20.0 20.0 1.7103270104502535
0 0 20.32017268189999 -1
1 0 20.410470429406246 0
2 0 20.349014709493325 0
3 0 20.12527236594626 0

0 1 21.71514036003918 1
1 1 20.671371162483688 0
2 1 20.818340220631374 0
3 1 20.284395706732433 0

0 2 20.409435275474824 0
1 2 20.232187486442562 0
2 2 20.283003840864836 0
3 2 20.11110685287954 0

0 3 20.081037465549628 0
1 3 20.054384163746423 0
2 3 20.063607911715188 0
3 3 20.027610022951446 0


# 20.0 20.0 1.7151403600391788
0 0 20.274153794824937 -1
1 0 20.408765147372808 0
2 0 20.35058462450201 0
3 0 20.128382324747008 0

0 1 21.719363987710935 1
1 1 20.677289228790364 0
2 1 20.798203170851743 0
3 1 20.28490339523141 0

0 2 20.41663006118132 0
1 2 20.238218174628315 0
2 2 20.283953289824222 0
3 2 20.113597965554685 0

0 3 20.083772287488973 0
1 3 20.056727209355063 0
2 3 20.06535586568872 0
3 3 20.028763508100116 0


# 20.0 20.0 1.7193639877109348
0 0 20.229821807832245 -1
1 0 20.406689359116644 0
2 0 20.35185936852951 0
3 0 20.131401714221248 0

0 1 21.723035593400724 1
1 1 20.682773101384395 0
2 1 20.779131288510495 0
3 1 20.285227024251128 0

0 2 20.42367191127792 0
1 2 20.244149208388254 0
2 2 20.284750343850366 0
3 2 20.11601174151581 0

0 3 20.086521274586964 0
1 3 20.05909698274612 0
2 3 20.067082249346154 0
3 3 20.029925149698855 0


# 20.0 20.0 1.7230355934007235
0 0 20.18710492218049 -1
1 0 20.404269254738878 0
2 0 20.35285890214092 0
3 0 20.134328283625987 0

0 1 21.72619069769601 1
1 1 20.68784487790995 0
2 1 20.76106116043982 0
3 1 20.28538430345956 0

0 2 20.430560025172305 0
1 2 20.249977073141764 0
2 2 20.28541191403887 0
3 2 20.118347904778513 0

0 3 20.089282392796854 0
1 3 20.0614910100542 0
2 3 20.06878673175912 0
3 3 20.03109345994815 0


# 20.0 20.0 1.7261906976960084
0 0 20.14593466441121 -1
1 0 20.40152960737339 0
2 0 20.35360185686827 0
3 0 20.137160299339385 0

0 1 21.7288627632027 1
1 1 20.692525491020163 0
2 1 20.74393330752335 0
3 1 20.28539146085395 0

0 2 20.437293970864765 0
1 2 20.255698842262696 0
2 2 20.28595334360089 0
3 2 20.12060655195065 0

0 3 20.092053646427196 0
1 3 20.063906858277313 0
2 3 20.07046913296715 0
3 3 20.03226700360903 0


# 20.0 20.0 1.7288627632026987
0 0 20.10624572493932 -1
1 0 20.39849384073764 0
2 0 20.354105628251006 0
3 0 20.139896493632428 0

0 1 21.731083309390076 1
1 1 20.69683477905016 0
2 1 20.7276919313033 0
3 1 20.28526335922072 0

0 2 20.443873653665406 0
1 2 20.261312121449212 0
2 2 20.286388539960093 0
3 2 20.1227881036022 0

0 3 20.09483308129913 0
1 3 20.066342142258254 0
2 3 20.07212940161246 0
3 3 20.03344440154168 0


# 20.0 20.0 1.7310833093900762
0 0 20.067975804643037 -1
1 0 20.395184093969988 0
2 0 20.35438646209133 0
3 0 20.142536017717404 0

0 1 21.732882021243995 1
1 1 20.70079155167135 0
2 1 20.712284677556063 0
3 1 20.28501360371996 0

0 2 20.450299286899366 0
1 2 20.26681499786912 0
2 2 20.286730096209688 0
3 2 20.124893260468564 0

0 3 20.09761878752225 0
1 3 20.06879453052745 0
2 3 20.07376759508408 0
3 3 20.03462433335281 0


# 20.0 20.0 1.732882021243995
0 0 20.031065469058454 -1
1 0 20.391621283817102 0
2 0 20.354459534432582 0
3 0 20.145078398737407 0

0 1 21.734286852043297 1
1 1 20.704413650926554 0
2 1 20.697662415656836 0
3 1 20.284654641262076 0

0 2 20.45657136449881 0
1 2 20.27220599367735 0
2 2 20.286989402770264 0
3 2 20.126922964057506 0

0 3 20.100408901911766 0
1 3 20.071261750133377 0
2 3 20.075383861925626 0
3 3 20.035805539263905 0


# 20.0 20.0 1.7342868520432972
0 0 19.995458009802675 -1
1 0 20.387825164238727 0
2 0 20.35433902573001 0
3 0 20.147523500386765 0

0 1 21.735324120560215 1
1 1 20.70771800801168 0
2 1 20.683779032638597 0
3 1 20.284197852294064 0

0 2 20.46269063538365 0
1 2 20.277484023536424 0
2 2 20.28717675002319 0
3 2 20.128878361266064 0

0 3 20.103201610069146 0
1 3 20.07374159057415 0
2 3 20.076978426283084 0
3 3 20.036986821300992 0


# 20.0 20.0 1.7353241205602146
0 0 19.961099312867365 -1
1 0 20.38381438350001 0
2 0 20.354038189647653 0
3 0 20.14987148687614 0

0 1 21.73601860297184 1
1 1 20.710720696138882 0
2 1 20.67059124092919 0
3 1 20.28365363556657 0

0 2 20.468658079536468 0
1 2 20.282648355801946 0
2 2 20.28730142263344 0
3 2 20.1307607726469 0

0 3 20.105995148147983 0
1 3 20.076231906932833 0
2 3 20.0785515741896 0
3 3 20.038167043896195 0


# 20.0 20.0 1.7360186029718392
0 0 19.9279377334418 -1
1 0 20.37960653882375 0
2 0 20.353569416882 0
3 0 20.152122789977984 0

0 1 21.736393619756427 1
1 1 20.71343697978795 0
2 1 20.65805839882303 0
3 1 20.28303148641015 0

0 2 20.47447488568041 0
1 2 20.287698577063868 0
2 2 20.287371786219715 0
3 2 20.132571663994046 0

0 3 20.108787804326013 0
1 3 20.07873062230861 0
2 3 20.08010364150273 0
3 3 20.039345133981893 0


# 20.0 20.0 1.7363936197564271
0 0 19.89592397694086 -1
1 0 20.375218228676484 0
2 0 20.352944294382684 0
3 0 20.15427807890829 0

0 1 21.736471117835567 1
1 1 20.715881360626916 0
2 1 20.6461423428112 0
3 1 20.282340069009486 0

0 2 20.48014243047254 0
1 2 20.292634559760334 0
2 2 20.28739536697799 0
3 2 20.134312620945927 0

0 3 20.11157792000365 0
1 3 20.081235729626847 0
2 3 20.081635003326657 0
3 3 20.040520080649816 0


# 20.0 20.0 1.736471117835567
0 0 19.865010985929136 -1
1 0 20.370665102763336 0
2 0 20.352173660312406 0
3 0 20.156338232819454 0

0 1 21.736271748210815 1
1 1 20.718067620359374 0
2 1 20.634807230956174 0
3 1 20.281587283127745 0

0 2 20.48566225912839 0
1 2 20.29745643260495 0
2 2 20.28737892481705 0
3 2 20.135985326329333 0

0 3 20.11436389074858 0
1 3 20.08374529290268 0
2 3 20.083146064767373 0
3 3 20.041690934439583 0


# 20.0 20.0 1.736471117835567
0 0 19.835153832647375 -1
1 0 20.365961909807105 0
2 0 20.351267655062276 0
3 0 20.158304315696235 0

0 1 21.735814939331583 1
1 1 20.720008860734524 0
2 1 20.624019396555177 0
3 1 20.28078032569935 0

0 2 20.491036067397218 0
1 2 20.30216455359013 0
2 2 20.287328520520738 0
3 2 20.137591539991416 0

0 3 20.117144167005232 0
1 3 20.08625744802512 0
2 3 20.084637252882967 0
3 3 20.04285680631425 0


# 20.0 20.0 1.736471117835567
0 0 19.806309616861732 -1
1 0 20.361122543187108 0
2 0 20.350235768614922 0
3 0 20.16017755346294 0

0 1 21.735118966419577 1
1 1 20.72171754093629 0
2 1 20.613747211389782 0
3 1 20.279925747678107 0

0 2 20.496265684810712 0
1 2 20.306759485349318 0
2 2 20.287249577411103 0
3 2 20.139133080888616 0

0 3 20.119917254587072 0
1 3 20.088770403121895 0
2 3 20.08610900970405 0
3 3 20.04401686637405 0


# 20.0 20.0 1.736471117835567
0 0 19.77843736876999 -1
1 0 20.356160084513103 0
2 0 20.349086884525487 0
3 0 20.16195931312472 0

0 1 21.73420101696416 1
1 1 20.723205512549946 0
2 1 20.60396095790905 0
3 1 20.279029506498695 0

0 2 20.501353059131468 0
1 2 20.311241972679124 0
2 2 20.28714693794954 0
3 2 20.140611811221163 0

0 3 20.122681714968977 0
1 3 20.091282438559002 0
2 3 20.087561786211072 0
3 3 20.04517034235377 0


# 20.0 20.0 1.736471117835567
0 0 19.751497956711997 -1
1 0 20.351086845209004 0
2 0 20.34782932077033 0
3 0 20.163651083779456 0

0 1 21.733077252592388 1
1 1 20.724484052288222 0
2 1 20.594632709739496 0
3 1 20.278097014482633 0

0 2 20.50630024193083 0
1 2 20.315612922039257 0
2 2 20.287024915678494 0
3 2 20.142029622420054 0

0 3 20.12543616539597 0
1 3 20.09379190662328 0
2 3 20.088996037166073 0
3 3 20.046316517944067 0


# 20.0 20.0 1.736471117835567
0 0 19.72545399944398 -1
1 0 20.345914406180256 0
2 0 20.346470867694368 0
3 0 20.16525445934952 0

0 1 21.731762867507463 1
1 1 20.725563892643986 0
2 1 20.585736219957994 0
3 1 20.277133183495092 0

0 2 20.511109375229047 0
1 2 20.31987338286347 0
2 2 20.286887342874817 0
3 2 20.14338842281018 0

0 3 20.128179278823943 0
1 3 20.096297230931345 0
2 3 20.0904122167061 0
3 3 20.047454730972277 0


# 20.0 20.0 1.736471117835567
0 0 19.70026978274825 -1
1 0 20.340653655637723 0
2 0 20.345018823270546 0
3 0 20.166771122894126 0

0 1 21.730272143679606 1
1 1 20.72645525062274 0
2 1 20.577246816603168 0
3 1 20.276142466135987 0

0 2 20.51578267913383 0
1 2 20.324024530528778 0
2 2 20.286737614256605 0
3 2 20.14469012678853 0

0 3 20.130909783707065 0
1 3 20.098796905603532 0
2 3 20.09181077461443 0
3 3 20.04858437147411 0


# 20.0 20.0 1.736471117835567
0 0 19.675911180161123 -1
1 0 20.33531482514959 0
2 0 20.343480025868946 0
3 0 20.168202832373996 0

0 1 21.728618502964075 1
1 1 20.727167854695796 0
2 1 20.569141304937705 0
3 1 20.275128893727477 0

0 2 20.52032244041661 0
1 2 20.328067650843067 0
2 2 20.286578727058494 0
3 2 20.145936645370533 0

0 3 20.13362646364585 0
1 3 20.101289494237424 0
2 3 20.093192153193865 0
3 3 20.049704879683816 0


# 20.0 20.0 1.736471117835567
0 0 19.652345577612685 -1
1 0 20.329907523991437 0
2 0 20.341860884718088 0
3 0 20.16955140774988 0

0 1 21.726814556312284 1
1 1 20.727710970103413 0
2 1 20.561397876007984 0
3 1 20.274096111340462 0

0 2 20.52473100196873 0
1 2 20.332004125923017 0
2 2 20.286413317765632 0
3 2 20.14712987797045 0

0 3 20.136328156909073 0
1 3 20.103773628711764 0
2 3 20.094556784673657 0
3 3 20.05081574396693 0


# 20.0 20.0 1.736471117835567
0 0 19.629541801782274 -1
1 0 20.324440771863042 0
2 0 20.34016740822738 0
3 0 20.170818719305696 0

0 1 21.72487215023342 1
1 1 20.728093422626777 0
2 1 20.553996021079122 0
3 1 20.273047410084427 0

0 2 20.52901075308283 0
1 2 20.335835421344957 0
2 2 20.2862436957737 0
3 2 20.148271705293592 0

0 3 20.13901375584188 0
1 3 20.106248007848194 0
2 3 20.09590508908843 0
3 3 20.051916498716704 0


# 20.0 20.0 1.736471117835567
0 0 19.60747005198327 -1
1 0 20.318923030038842 0
2 0 20.338405230326913 0
3 0 20.172006677095627 0

0 1 21.72280241065593 1
1 1 20.72832362093812 0
2 1 20.546916451552804 0
3 1 20.271985756868187 0

0 2 20.533164120507465 0
1 2 20.339563074461207 0
2 2 20.286071874221314 0
3 2 20.149363983228934 0

0 3 20.14168220617184 0
1 3 20.10871139595523 0
2 3 20.097237472573433 0
3 3 20.05300672223253 0


# 20.0 20.0 1.736471117835567
0 0 19.58610183540021 -1
1 0 20.313362231017194 0
2 0 20.33657963496917 0
3 0 20.17311722142223 0

0 1 21.72061578433053 1
1 1 20.72840957762943 0
2 1 20.540141024002526 0
3 1 20.270913821823566 0

0 2 20.537193560225713 0
1 2 20.34318868378345 0
2 2 20.28589959822175 0
3 2 20.150408537640654 0

0 3 20.144332506223826 0
1 3 20.11116262127608 0
2 3 20.09855432602611 0
3 3 20.05408603459616 0


# 20.0 20.0 1.736471117835567
0 0 19.565409905509977 -1
1 0 20.307765806731776 0
2 0 20.334695578926343 0
3 0 20.17415231426003 0

0 1 21.71832207790903 1
1 1 20.72835892901234 0
2 1 20.533652669986214 0
3 1 20.26983400356962 0

0 2 20.54110154991123 0
1 2 20.3467138993429 0
2 2 20.28572837070306 0
3 2 20.151407159966173 0

0 3 20.146963706054017 0
1 3 20.11360057435956 0
2 3 20.09985602408892 0
3 3 20.05515409555936 0


# 20.119999999999997 20.0 1.736471117835567
0 0 19.546088203527308 -1
1 0 20.302509355386633 0
2 0 20.33312213668703 0
3 0 20.17583830462975 0

0 1 21.71629913482626 1
1 1 20.728187801134254 0
2 1 20.527439809572 0
3 1 20.26911719870971 0

0 2 20.545255005697637 0
1 2 20.350144893197175 0
2 2 20.2855595835512 0
3 2 20.152726029781437 0

0 3 20.15029927959676 0
1 3 20.116392952599053 0
2 3 20.1015073506577 0
3 3 20.05693934868449 0


# 20.239999999999995 20.0 1.736471117835567
0 0 19.52881473008288 -1
1 0 20.297965458475243 0
2 0 20.3322259298183 0
3 0 20.178884243205413 0

0 1 21.714921661606535 1
1 1 20.72792044855402 0
2 1 20.521500576640143 0
3 1 20.269131606559426 0

0 2 20.55001868547114 0
1 2 20.353496638365815 0
2 2 20.285403490686086 0
3 2 20.154729229881777 0

0 3 20.15504544518812 0
1 3 20.119905041800433 0
2 3 20.103871016504126 0
3 3 20.06015273508848 0


# 20.359999999999992 19.0 1.736471117835567
0 0 19.513532045240876 -1
1 0 20.294135050302643 0
2 0 20.33200667920771 0
3 0 20.183258069879223 0

0 1 21.714192605970254 1
1 1 20.727580165478773 0
2 1 20.5158380122646 0
3 1 20.269873982828237 0

0 2 20.555390716955642 0
1 2 20.356788152703306 0
2 2 20.2852788400694 0
3 2 20.157414268922576 0

0 3 20.161167358266418 0
1 3 20.1241309483745 0
2 3 20.106943184093343 0
3 3 20.064759526061486 0


# 20.47999999999999 19.0 2.714192605970254
0 0 19.50018482348748 -1
1 0 20.29101863820802 0
2 0 20.332463775325206 0
3 0 20.18892883246141 0

0 1 21.714114384990566 1
1 1 20.72718942779379 0
2 1 20.510455459988098 0
3 1 20.271340858285917 0

0 2 20.56136914559503 0
1 2 20.36003794171554 0
2 2 20.2852036660027 0
3 2 20.16077851823203 0

0 3 20.16863133449646 0
1 3 20.129064798066434 0
2 3 20.11071990624299 0
3 3 20.070726164216975 0


# 20.599999999999987 19.0 2.714192605970254
0 0 19.488719766120315 -1
1 0 20.288616331034152 0
2 0 20.33359630424335 0
3 0 20.19586664044315 0

0 1 21.71468892089507 1
1 1 20.72676991910328 0
2 1 20.50535652688029 0
3 1 20.273528562464573 0

0 2 20.567951939845322 0
1 2 20.363264004389407 0
2 2 20.285195317503508 0
3 2 20.164819220996502 0

0 3 20.17740480730953 0
1 3 20.13470074116295 0
2 3 20.115197136855386 0
3 3 20.078020218599388 0


# 20.599999999999987 19.0 2.714688920895071
0 0 19.478365517563134 -1
1 0 20.286559226021634 0
2 0 20.33503864818527 0
3 0 20.203318247914993 0

0 1 21.71554903473562 1
1 1 20.726333708490646 0
2 1 20.500540568429766 0
3 1 20.276064499289156 0

0 2 20.574772572529035 0
1 2 20.36647936025495 0
2 2 20.285270377701778 0
3 2 20.169169074861735 0

0 3 20.18673191401069 0
1 3 20.140664210967557 0
2 3 20.120006314794683 0
3 3 20.085881595405688 0


# 20.599999999999987 19.0 2.71554903473562
0 0 19.46836965805995 -1
1 0 20.284480642705557 0
2 0 20.336427098470093 0
3 0 20.210548690163165 0

0 1 21.71632968654568 1
1 1 20.725883653578325 0
2 1 20.49599836869361 0
3 1 20.278578383923634 0

0 2 20.581466616012552 0
1 2 20.369687769261834 0
2 2 20.285435737903434 0
3 2 20.173462722324334 0

0 3 20.195875135030064 0
1 3 20.14658314473596 0
2 3 20.124780855309847 0
3 3 20.093568780902693 0


# 20.599999999999987 19.0 2.7163296865456807
0 0 19.458718074320807 -1
1 0 20.282384801628353 0
2 0 20.337764342660172 0
3 0 20.217565050036296 0

0 1 21.717036659837703 1
1 1 20.725422529399623 0
2 1 20.49171685892296 0
3 1 20.281071027374246 0

0 2 20.58803621290958 0
1 2 20.372888487836647 0
2 2 20.285689009576796 0
3 2 20.177701233800956 0

0 3 20.204839062460728 0
1 3 20.152456753524337 0
2 3 20.12952063391488 0
3 3 20.101086967202786 0


# 20.599999999999987 19.0 2.717036659837703
0 0 19.44939728118285 -1
1 0 20.280275649798874 0
2 0 20.339052930973544 0
3 0 20.224374195735162 0

0 1 21.717675392406424 1
1 1 20.72495292465602 0
2 1 20.487683640405624 0
3 1 20.283543153063828 0

0 2 20.59448352727982 0
1 2 20.376080827000933 0
2 2 20.286027773138578 0
3 2 20.18188567670218 0

0 3 20.213628139581793 0
1 3 20.158284325082285 0
2 3 20.13422555607554 0
3 3 20.108441171176818 0


# 20.599999999999987 19.0 2.7176753924064236
0 0 19.44039439156673 -1
1 0 20.278156875473677 0
2 0 20.34029528441203 0
3 0 20.230982785938405 0

0 1 21.718250996047384 1
1 1 20.72447725233966 0
2 1 20.483886947221603 0
3 1 20.285995405553493 0

0 2 20.600810738685627 0
1 2 20.379264148375842 0
2 2 20.286449587968427 0
3 2 20.186017112257073 0

0 3 20.222246667322064 0
1 3 20.16406521989011 0
2 3 20.13889555446879 0
3 3 20.115636241015164 0


# 20.599999999999987 19.0 2.7182509960473844
0 0 19.43169708792858 -1
1 0 20.276031922199945 0
2 0 20.341493702331043 0
3 0 20.237397274939237 0

0 1 21.71876827516084 1
1 1 20.723997759742854 0
2 1 20.480315611222114 0
3 1 20.288428358501267 0

0 2 20.607020036751138 0
1 2 20.382437860506034 0
2 2 20.28695200140739 0
3 2 20.19009659275336 0

0 3 20.230698810378165 0
1 3 20.16979886735896 0
2 3 20.14353058649848 0
3 3 20.12267686248964 0


# 20.599999999999987 19.0 2.7187682751608406
0 0 19.42329359513148 -1
1 0 20.273904002154012 0
2 0 20.342650369492922 0
3 0 20.243623917777356 0

0 1 21.719231744303592 1
1 1 20.723516537893428 0
2 1 20.47695902909099 0
3 1 20.290842521919675 0

0 2 20.613113616189843 0
1 2 20.38560141547594 0
2 2 20.28753255682566 0
3 2 20.194125159152538 0

0 3 20.238988603007137 0
1 3 20.17548476218966 0
2 3 20.148130632043603 0
3 3 20.129567564934366 0


# 20.599999999999987 19.0 2.719231744303592
0 0 19.415172654664236 -1
1 0 20.27177610880815 0
2 0 20.34376736264234 0
3 0 20.249668775352117 0

0 1 21.71964564474781 1
1 1 20.72303553045202 0
2 1 20.4738071313567 0
3 1 20.293238348789384 0

0 2 20.61909367226864 0
1 2 20.388754305793928 0
2 2 20.28818880083819 0
3 2 20.198103839042876 0

0 3 20.247119954512378 0
1 3 20.181122460885895 0
2 3 20.152695691417673 0
3 3 20.136312726962256 0


# 20.599999999999987 19.0 2.7196456447478106
0 0 19.407323500138993 -1
1 0 20.269651028957007 0
2 0 20.34484665663935 0
3 0 20.255537719504584 0

0 1 21.72001396010272 1
1 1 20.722556542104847 0
2 1 20.47085035323204 0
3 1 20.295616241081582 0

0 2 20.624962396678267 0
1 2 20.391896061521905 0
2 2 20.28891828974053 0
3 2 20.20203364489649 0

0 3 20.255096654440703 0
1 3 20.18671157841725 0
2 3 20.15722578351957 0
3 3 20.142916581932607 0


# 20.599999999999987 19.0 2.720013960102719
0 0 19.399735834002705 -1
1 0 20.267531354133776 0
2 0 20.345890130182944 0
3 0 20.261236438057594 0

0 1 21.720340431051834 1
1 1 20.72208124648309 0
2 1 20.46807960716676 0
3 1 20.297976555237607 0

0 2 20.630721973781952 0
1 2 20.39502624762993 0
2 2 20.289718595231538 0
3 2 20.205915572599658 0

0 3 20.262922377507227 0
1 3 20.192251785027604 0
2 3 20.161720944158052 0
3 3 20.149383223184124 0


# 20.599999999999987 19.0 2.7203404310518344
0 0 19.392399805400835 -1
1 0 20.26541949144496 0
2 0 20.34689957115529 0
3 0 20.266770439804237 0

0 1 21.72062856925565 1
1 1 20.72161119363787 0
2 1 20.465486257005903 0
3 1 20.300319607150545 0

0 2 20.636374577215825 0
1 2 20.398144461557045 0
2 2 20.290587309484273 0
3 2 20.2097506002283 0

0 3 20.270600688263887 0
1 3 20.19774280318419 0
2 3 20.166181224533645 0
3 3 20.15571660904664 0


# 20.599999999999987 19.0 2.7206285692556484
0 0 19.385305989134814 -1
1 0 20.263317673851407 0
2 0 20.347876681614707 0
3 0 20.27214505943647 0

0 1 21.720881670466774 1
1 1 20.721147817097826 0
2 1 20.46306209365379 0
3 1 20.302645676690044 0

0 2 20.641922366816214 0
1 2 20.401250330961297 0
2 2 20.291522049621552 0
3 2 20.21353968704301 0

0 3 20.27813504552639 0
1 3 20.20318440466271 0
2 3 20.170606689863202 0
3 3 20.161920567643833 0


# 20.599999999999987 19.0 2.720881670466774
0 0 19.37844536565778 -1
1 0 20.261227969922093 0
2 0 20.34882308246304 0
3 0 20.277365462406593 0

0 1 21.72110282690203 1
1 1 20.7206924405344 0
2 1 20.460799312150115 0
3 1 20.30495501180826 0

0 2 20.64736748585061 0
1 2 20.404343511643187 0
2 2 20.292520461648113 0
3 2 20.217283772680407 0

0 3 20.2855288065736 0
1 3 20.208576407763836 0
2 3 20.174997418133618 0
3 3 20.167998801498424 0


# 20.599999999999987 19.0 2.7211028269020296
0 0 19.37180930205599 -1
1 0 20.259152293086007 0
2 0 20.349740317811303 0
3 0 20.28243664971539 0

0 1 21.721294938913438 1
1 1 20.720246284058263 0
2 1 20.458690490070822 0
3 1 20.307247832261915 0

0 2 20.652712058530447 0
1 2 20.407423685628324 0
2 2 20.29358022388716 0
3 2 20.2209837765196 0

0 3 20.29278523113248 0
1 3 20.213918674656487 0
2 3 20.17935349897251 0
3 3 20.173954891950387 0


# 20.599999999999987 19.0 2.721294938913438
0 0 19.365389533965967 -1
1 0 20.257092410406422 0
2 0 20.35062985906554 0
3 0 20.287363462621563 0

0 1 21.72146072599773 1
1 1 20.719810470168706 0
2 1 20.45672856717202 0
3 1 20.309524332982672 0

0 2 20.657958187785272 0
1 2 20.410490559396134 0
2 2 20.294699049965303 0
3 2 20.224640597204555 0

0 3 20.29990748516101 0
1 3 20.21921110884327 0
2 3 20.183675032624773 0
3 3 20.179792303398127 0


# 20.599999999999987 19.0 2.72146072599773
0 0 19.359178148380042 -1
1 0 20.255049950900723 0
2 0 20.351493108753118 0
3 0 20.292150587268015 0

0 1 21.721602737181833 1
1 1 20.719386029376416 0
2 1 20.454906826200695 0
3 1 20.311784687125478 0

0 2 20.66310795327916 0
1 2 20.41354386224269 0
2 2 20.295874691386242 0
3 2 20.228255112304883 0

0 3 20.306898644440682 0
1 3 20.224453652743552 0
2 3 20.187962129024868 0
3 3 20.18551438737175 0


# 20.599999999999987 19.0 2.7216027371818328
0 0 19.35316756729535 -1
1 0 20.253026413427992 0
2 0 20.35233140410825 0
3 0 20.29680255922117 0

0 1 21.721723360819606 1
1 1 20.71897390551864 0
2 1 20.453218874800726 0
3 1 20.31402904882213 0

0 2 20.66816340965147 0
1 2 20.41658334476664 0
2 2 20.297104939730467 0
3 2 20.23182817809917 0

0 3 20.31376169798956 0
1 3 20.229646285389695 0
2 3 20.192214906955726 0
3 3 20.191124386447026 0


# 20.599999999999987 19.0 2.721723360819606
0 0 19.347350532163688 -1
1 0 20.251023174165503 0
2 0 20.35314602043395 0
3 0 20.30132376792028 0

0 1 21.72182483383319 1
1 1 20.71857496078454 0
2 1 20.451658628447543 0
3 1 20.316257555665203 0

0 2 20.673126584965182 0
1 2 20.41960877746828 0
2 2 20.29838762851505 0
3 2 20.235360629466534 0

0 3 20.32049955130619 0
1 3 20.23478902023209 0
2 3 20.196433493285916 0
3 3 20.196625438007963 0


# 20.599999999999987 19.0 2.721824833833189
0 0 19.34172008910178 -1
1 0 20.249041493694396 0
2 0 20.35393817425647 0
3 0 20.30571846103421 0

0 1 21.721909250430414 1
1 1 20.71818998046737 0
2 1 20.45022029434891 0
3 1 20.31847033094546 0

0 2 20.677999479347104 0
1 2 20.422619949452542 0
2 2 20.299720634744975 0
3 2 20.23885327987332 0

0 3 20.32711502945412 0
1 3 20.23988190304865 0
2 3 20.200618022277528 0
3 3 20.202020577865486 0


# 20.599999999999987 19.0 2.7219092504304143
0 0 19.336269574823614 -1
1 0 20.1870825237138 -1
2 0 20.35398902628686 0
3 0 20.309982108723766 0

0 1 21.721978570327995 1
1 1 20.717099677459053 0
2 1 20.448881076253397 0
3 1 20.320667174623956 0

0 2 20.682784063805343 0
1 2 20.42560802722752 0
2 2 20.301101569144798 0
3 2 20.242306913978254 0

0 3 20.33361087999602 0
1 3 20.24492490627462 0
2 3 20.20476862998129 0
3 3 20.207312743589842 0


# 20.599999999999987 19.0 2.7219785703279946
0 0 19.330272603258464 -1
1 0 20.127641393401873 -1
2 0 20.35335954212336 -1
3 0 20.31411107341068 0

0 1 21.722017346508494 1
1 1 20.715368667061714 0
2 1 20.44762074802868 0
3 1 20.32284761811476 0

0 2 20.687481968170303 0
1 2 20.428565367248414 0
2 2 20.302527833736686 0
3 2 20.245722281936462 0

0 3 20.339989770809503 0
1 3 20.249917945427555 0
2 3 20.208885449795126 0
3 3 20.212504777601385 0


# 20.599999999999987 19.0 2.722017346508494
0 0 19.323778694420085 -1
1 0 20.070590537722257 -1
2 0 20.29210630966412 -1
3 0 20.31738252190124 -1

0 1 21.72201216991096 1
1 1 20.713056436917675 0
2 1 20.4457014105045 0
3 1 20.324993692726046 0

0 2 20.692094533202777 0
1 2 20.431485390611908 0
2 2 20.3039880321115 0
3 2 20.249099784124397 0

0 3 20.346254288803923 0
1 3 20.25486089327013 0
2 3 20.21296850533953 0
3 3 20.217599425081303 0


# 20.599999999999987 19.0 2.722017346508494
0 0 19.31683389391256 -1
1 0 20.015089694823853 -1
2 0 20.23277592818498 -1
3 0 20.25984998656373 -1

0 1 21.721951477143097 1
1 1 20.710200463622627 0
2 1 20.443171240200027 0
3 1 20.32636940976221 0

0 2 20.696622856686968 0
1 2 20.43436215881083 0
2 2 20.305471826831848 0
3 2 20.252430881131275 0

0 3 20.352406939406468 0
1 3 20.259753586995465 0
2 3 20.21701772618217 0
3 3 20.222599229066137 0


# 20.599999999999987 19.0 2.722017346508494
0 0 19.30947236779531 -1
1 0 19.961085312756488 -1
2 0 20.174568617675455 -1
3 0 20.203706643376687 -1

0 1 21.601825063360344 -1
1 1 20.705396166670273 0
2 1 20.440040692921702 0
3 1 20.327016033161353 0

0 2 20.69962782664505 0
1 2 20.437155768073623 0
2 2 20.306968919963623 0
3 2 20.255707794310055 0

0 3 20.35843286655152 0
1 3 20.264595212671345 0
2 3 20.221032942022934 0
3 3 20.227506545655753 0


# 20.599999999999987 19.0 2.722017346508494
0 0 19.30028628706808 -1
1 0 19.90848274247768 -1
2 0 20.117463496678397 -1
3 0 20.148906958573203 -1

0 1 21.48661213406381 -1
1 1 20.63880464672054 -1
2 1 20.435601776819748 0
3 1 20.326963958125013 0

0 2 20.701229867150225 0
1 2 20.439111474964157 0
2 2 20.30845185966277 0
3 2 20.258923135310354 0

0 3 20.364319184313526 0
1 3 20.269375776954757 0
2 3 20.22501356864525 0
3 3 20.232323550459615 0


# 20.599999999999987 19.0 2.722017346508494
0 0 19.289417119252125 -1
1 0 19.85647469044543 -1
2 0 20.061421830927966 -1
3 0 20.095406937533202 -1

0 1 21.375327844030608 -1
1 1 20.573420213113074 -1
2 1 20.429935985874348 0
3 1 20.26624266458838 -1

0 2 20.701523314769616 0
1 2 20.44026737813988 0
2 2 20.309895851214595 0
3 2 20.26134990842247 0

0 3 20.370054482778933 0
1 3 20.274086019477426 0
2 3 20.228958663815966 0
3 3 20.23704360550993 0


# 20.599999999999987 19.0 2.722017346508494
0 0 19.276979733372762 -1
1 0 19.80504461477569 -1
2 0 20.00640676448719 -1
3 0 20.042444080930913 -1

0 1 21.267787153716387 -1
1 1 20.509212464473723 -1
2 1 20.422400151489544 0
3 1 20.20737480236578 -1

0 2 20.700596643724914 0
1 2 20.440660035735853 0
2 2 20.31126127546986 0
3 2 20.263041368468873 0

0 3 20.37562871335732 0
1 3 20.278717375614285 0
2 3 20.232866667014825 0
3 3 20.241660932137375 0


# 20.599999999999987 19.0 2.722017346508494
0 0 19.263082444193248 -1
1 0 19.75417716103296 -1
2 0 19.95236593710017 -1
3 0 19.99003298289099 -1

0 1 21.163814791889003 -1
1 1 20.446142891860752 -1
2 1 20.413130683099606 0
3 1 20.15025952107993 -1

0 2 20.698532827180255 0
1 2 20.440324206462034 0
2 2 20.312513089347853 0
3 2 20.26404683350396 0

0 3 20.38103308210999 0
1 3 20.28326193330553 0
2 3 20.23673549845769 0
3 3 20.24617052656397 0


# 20.599999999999987 19.0 2.722017346508494
0 0 19.247827379637354 -1
1 0 19.703857754772756 -1
2 0 19.89925082479112 -1
3 0 19.938185919657368 -1

0 1 21.063244607813804 -1
1 1 20.384174720077215 -1
2 1 20.40225478817438 0
3 1 20.094802471690603 -1

0 2 20.695409671195314 0
1 2 20.439292957518965 0
2 2 20.313620421991015 0
3 2 20.26441198753974 0

0 3 20.38625995040804 0
1 3 20.287712392983313 0
2 3 20.240562647620926 0
3 3 20.250568083229595 0


# 20.599999999999987 19.0 2.722017346508494
0 0 19.231310822321447 -1
1 0 19.65407256547858 -1
2 0 19.847016449429617 -1
3 0 19.886913053603145 -1

0 1 20.965919076848753 -1
1 1 20.323272806169758 -1
2 1 20.38989110413338 0
3 1 20.04091536162291 -1

0 2 20.69130012882242 0
1 2 20.437597764557655 0
2 2 20.314556203781667 0
3 2 20.264179159846684 0

0 3 20.391302742455018 0
1 3 20.292062030333618 0
2 3 20.244345252228985 0
3 3 20.254849925178238 0


# 20.599999999999987 19.0 2.722017346508494
0 0 19.213623532425803 -1
1 0 19.604808471184782 -1
2 0 19.79562111010063 -1
3 0 19.836222621334112 -1

0 1 20.87168883323012 -1
1 1 20.26340354555088 -1
2 1 20.376150285787652 0
3 1 19.98851554123837 -1

0 2 20.686272595494792 0
1 2 20.435268604360818 0
2 2 20.315296825626838 0
3 2 20.263387582637645 0

0 3 20.39615585923658 0
1 3 20.296304661649522 0
2 3 20.248080168584824 0
3 3 20.259012940886493 0


# 20.599999999999987 19.0 2.722017346508494
0 0 19.194851052911453 -1
1 0 19.55605302389778 -1
2 0 19.745026134648636 -1
3 0 19.786121107076728 -1

0 1 20.78041222856194 -1
1 1 20.204534785075737 -1
2 1 20.36113555150892 0
3 1 19.93752561940104 -1

0 2 20.680391186789922 0
1 2 20.432334040861203 0
2 2 20.315821826119862 0
3 2 20.26207362880375 0

0 3 20.400814598485336 0
1 3 20.300434611555417 0
2 3 20.251764034047003 0
3 3 20.263054526968787 0


# 20.599999999999987 19.0 2.722017346508494
0 0 19.175073998036158 -1
1 0 19.5077944159072 -1
2 0 19.695195649887307 -1
3 0 19.736613402453425 -1

0 1 20.69195491460116 -1
1 1 20.146635742466643 -1
2 1 20.34494319109099 0
3 1 19.887873106054375 -1

0 2 20.613715999592117 -1
1 2 20.368101305056673 -1
2 2 20.25538496437409 -1
3 2 20.25954228756276 0

0 3 20.404555080273635 0
1 3 20.303709402902616 0
2 3 20.254655731347974 0
3 3 20.26695494022484 0


# 20.599999999999987 19.0 2.722017346508494
0 0 19.154368326072955 -1
1 0 19.46002144706022 -1
2 0 19.646096369079295 -1
3 0 19.687702953666705 -1

0 1 20.60546944900549 -1
1 1 20.088939651534805 -1
2 1 20.326925447011135 0
3 1 19.839472483858977 -1

0 2 20.548077437621277 -1
1 2 20.304785779891144 -1
2 2 20.19687739703389 -1
3 2 20.255881169338537 0

0 3 20.40741253947007 0
1 3 20.306155856589218 0
2 3 20.196800048957535 -1
3 3 20.209976736996296 -1


# 20.599999999999987 19.0 2.722017346508494
0 0 19.132796957087116 -1
1 0 19.412714542016108 -1
2 0 19.59768843689029 -1
3 0 19.639391578383695 -1

0 1 20.520877500702177 -1
1 1 20.031454187496582 -1
2 1 20.307218935617957 0
3 1 19.79224453973698 -1

0 2 20.483455095081943 -1
1 2 20.24237137289079 -1
2 2 20.139454540297923 -1
3 2 20.25043427003069 0

0 3 20.4094210194692 0
1 3 20.30708041990828 0
2 3 20.140012587267748 -1
3 3 20.15430293675201 -1


# 20.599999999999987 19.0 2.722017346508494
0 0 19.110419371144598 -1
1 0 19.36585527519781 -1
2 0 19.54993511201129 -1
3 0 19.59167963738286 -1

0 1 20.438104589517362 -1
1 1 19.974186988575433 -1
2 1 20.285942280875755 0
3 1 19.7461069433275 -1

0 2 20.41982874487103 -1
1 2 20.180824155315864 -1
2 2 20.083047281885502 -1
3 2 20.24331751663298 0

0 3 20.41060477274566 0
1 3 20.306560340456084 0
2 3 20.084258985311624 -1
3 3 20.099878949052272 -1


# 20.599999999999987 19.0 2.722017346508494
0 0 19.087291792159974 -1
1 0 19.319426320352463 -1
2 0 19.502802416170148 -1
3 0 19.54456608275105 -1

0 1 20.35707988706491 -1
1 1 19.91714528484712 -1
2 1 20.263206274508484 0
3 1 19.700983530194456 -1

0 2 20.357178043367963 -1
1 2 20.12011176726738 -1
2 2 20.027591746879644 -1
3 2 20.234639631647912 0

0 3 20.410987861532703 0
1 3 20.30466910952627 0
2 3 20.029505785594033 -1
3 3 20.046653051893294 -1


# 20.599999999999987 19.0 2.722017346508494
0 0 19.063467362131224 -1
1 0 19.27341139565544 -1
2 0 19.456258919725983 -1
3 0 19.498048613171058 -1

0 1 20.277736020092338 -1
1 1 19.860335896664743 -1
2 1 20.239114414453656 0
3 1 19.65680385383756 -1

0 2 20.29548259333322 -1
1 2 20.060203354595394 -1
2 2 19.97302890126491 -1
3 2 20.224502596802648 0

0 3 20.41059411895184 0
1 3 20.301476646035862 0
2 3 19.975720445789413 -1
3 3 19.994576218536242 -1


# 20.599999999999987 19.0 2.722017346508494
0 0 19.038996306083472 -1
1 0 19.2277952105076 -1
2 0 19.41027554395508 -1
3 0 19.45212381587041 -1

0 1 20.200008884801438 -1
1 1 19.803765235997133 -1
2 1 20.213763404980536 0
3 1 19.613502769788223 -1

0 2 20.234722000713408 -1
1 2 20.00106950698295 -1
2 2 19.919304185458863 -1
3 2 20.213002085822335 0

0 3 20.409447114430563 0
1 3 20.297049471708792 0
2 3 19.922871345574706 -1
3 3 19.9436019558457 -1


# 20.599999999999987 19.0 2.722017346508494
0 0 19.013926088208176 -1
1 0 19.182563414084207 -1
2 0 19.364825378728188 -1
3 0 19.406787296281273 -1

0 1 20.123837471538803 -1
1 1 19.74743931024031 -1
2 1 20.187243621272057 0
3 1 19.571020049497626 -1

0 2 20.174875925798872 -1
1 2 19.942682197366253 -1
2 2 19.86636717555726 -1
3 2 20.200227868388605 0

0 3 20.407570123081154 0
1 3 20.29145087788929 0
2 3 19.870927789172075 -1
3 3 19.893686153325984 -1


# 20.47999999999999 19.0 2.722017346508494
0 0 18.987581559660157 -1
1 0 19.137333905676215 -1
2 0 19.319519090700357 -1
3 0 19.361309423297524 -1

0 1 20.048795059282565 -1
1 1 19.69135488075194 -1
2 1 20.159635061809084 0
3 1 19.528931275660668 -1

0 2 20.11555970547208 -1
1 2 19.88501024356872 -1
2 2 19.814171162685774 -1
3 2 20.18589976101635 0

0 3 20.404261725650567 0
1 3 20.284372338118636 0
2 3 19.819495577876413 -1
3 3 19.84405819587296 -1


# 20.359999999999992 19.0 2.722017346508494
0 0 18.959302171091895 -1
1 0 19.091727995348343 -1
2 0 19.2739713586564 -1
3 0 19.31497711567062 -1

0 1 19.974460267880488 -1
1 1 19.635499849299126 -1
2 1 20.13100346259787 0
3 1 19.486818726154336 -1

0 2 20.05639098468745 -1
1 2 19.828014963894912 -1
2 2 19.762663912061484 -1
3 2 20.16973446106273 0

0 3 20.39883746340082 0
1 3 20.27550487597972 0
2 3 19.768183487412575 -1
3 3 19.793967116203238 -1


# 20.239999999999995 19.0 2.722017346508494
0 0 18.929161552091333 -1
1 0 19.045739012664274 -1
2 0 19.228165196684024 -1
3 0 19.267817746580537 -1

0 1 19.900785565262442 -1
1 1 19.5798623725858 -1
2 1 20.101405418883 0
3 1 19.444639831174168 -1

0 2 19.997354219241274 -1
1 2 19.771654870186374 -1
2 2 19.71178778313307 -1
3 2 20.15181035046422 0

0 3 20.391353623861043 0
1 3 20.264907974966093 0
2 3 19.716967735432874 -1
3 3 19.743409637050686 -1


# 20.119999999999997 19.0 2.722017346508494
0 0 18.897230031151167 -1
1 0 18.99936106533743 -1
2 0 19.182085269192907 -1
3 0 19.219857008908043 -1

0 1 19.827725930997158 -1
1 1 19.52443074612653 -1
2 1 20.070893282332136 0
3 1 19.402355685965304 -1

0 2 19.938434155133674 -1
1 2 19.71589016432974 -1
2 2 19.66148870793339 -1
3 2 20.132201364116117 0

0 3 20.38186499896324 0
1 3 20.25263851480223 0
2 3 19.66582553286213 -1
3 3 19.6923832128806 -1


