# 20.0 20.0 0.0
0 0 20.06 1
1 0 20.00072 0
2 0 20.00000864 0
3 0 20.00000010368 0

0 1 20.00072 0
1 1 20.00001728 0
2 1 20.06000031104 1
3 1 20.06072000497664 1

0 2 20.00000864 0
1 2 20.00000031104 0
2 2 20.06072000746496 1
3 2 20.0014572801493 0

0 3 20.00000010368 0
1 3 20.00000000497664 0
2 3 20.000728640149298 0
3 3 20.000026231043584 0


# 20.0 20.0 0.060720007464958314
0 0 20.11785728 1
1 0 20.0021043584 0
2 0 20.00075353439744 0
3 0 20.00073778242001 0

0 1 20.0021043584 0
1 1 20.000786962626563 0
2 1 20.118596062223666 1
3 1 20.11961925826514 1

0 2 20.000033534397442 0
1 2 20.000738782223667 0
2 2 20.119263696283593 1
3 2 20.004262984610136 0

0 3 20.00000050242001 0
1 3 20.000017619865137 0
2 3 20.002129727829335 0
3 3 20.000101999275287 0


# 20.0 20.0 0.1196192582651392
0 0 20.1736649225216 1
1 0 20.00411844038175 0
2 0 20.00220331337305 0
3 0 20.00217309311255 0

0 1 20.004109800381748 0
1 1 20.002279945443018 0
2 1 20.175823845797307 1
3 1 20.176782368500245 1

0 2 20.000090314973054 0
1 2 20.00216313959571 0
2 2 20.17575159523597 1
3 2 20.00831557081265 0

0 3 20.00000177955095 0
1 3 20.000068415594512 0
2 3 20.00415134338177 0
3 3 20.00024793027171 0


# 20.0 20.0 0.17678236850024476
0 0 20.227511724199985 1
1 0 20.00672940568191 0
2 0 20.004327490346483 0
3 0 20.00426818006666 0

0 1 20.006695772581107 0
1 1 20.004467454025626 0
2 1 20.231720248096337 1
3 1 20.232289157010943 1

0 2 20.000192850044918 0
1 2 20.004225072673925 0
2 2 20.23029646548422 1
3 2 20.01352031947172 0

0 3 20.000004850674788 0
1 3 20.00016611734031 0
2 3 20.006745513116893 0
3 3 20.00048219477299 0


# 20.0 20.0 0.23228915701094266
0 0 20.27948240426794 1
1 0 20.00990609882695 0
2 0 20.007096470075812 0
3 0 20.0069871531093 0

0 1 20.009824262632762 0
1 1 20.007321124419157 0
2 1 20.286321714791594 1
3 1 20.286214962664953 1

0 2 20.00035340057481 0
1 2 20.0068799144794 0
2 2 20.283003844683293 1
3 2 20.019788878079364 0

0 3 20.000010910265477 0
1 3 20.00032277646636 0
2 3 20.009867907357055 0
3 3 20.000820717186397 0


# 20.0 20.0 0.28632171479159396
0 0 20.329657802051813 1
1 0 20.01361894743478 0
2 0 20.010481552116655 0
3 0 20.010295973774745 0

0 1 20.013459631526736 0
1 1 20.010813072945826 0
2 1 20.339664433670528 1
3 1 20.33863092565932 1

0 2 20.00058276322593 0
1 2 20.010086348072246 0
2 2 20.333972550944644 1
3 2 20.027038835525516 0

0 3 20.00002138397223 0
1 3 20.00054892752759 0
2 3 20.013477561595963 0
3 3 20.001277368133145 0


# 20.0 20.0 0.3396644336705279
0 0 20.378115064125485 1
1 0 20.017839867912773 0
2 0 20.014454930232052 0
3 0 20.01416234898955 0

0 1 20.01756845780618 0
1 1 20.01491595473397 0
2 1 20.39178423319318 1
3 1 20.38960425179413 1

0 2 20.000890401448647 0
1 2 20.013806137380637 0
2 2 20.383295149711646 1
3 2 20.035193325669113 0

0 3 20.000037886096944 0
1 3 20.00085373159231 0
2 3 20.01753661900218 0
3 3 20.00186414221641 0


# 20.0 20.0 0.39178423319318156
0 0 20.424927821725596 1
1 0 20.022542177940736 0
2 0 20.01898968828379 0
3 0 20.01855563170686 0

0 1 20.02211939271322 0
1 1 20.019603012201472 0
2 1 20.442716495223802 1
3 1 20.439198458649972 1

0 2 20.001284565582093 0
1 2 20.018003880295417 0
2 2 20.431058386367773 1
3 2 20.04418065783782 0

0 3 20.000062181763546 0
1 3 20.00124510703817 0
2 3 20.022010092631557 0
3 3 20.00259132210225 0


# 20.0 20.0 0.4427164952238023
0 0 20.47016635899132 1
1 0 20.027700515180943 0
2 0 20.024059793081207 0
3 0 20.023446727986187 0

0 1 20.027083025460563 0
1 1 20.02484811460973 0
2 1 20.492496080485562 1
3 1 20.487473604982387 1

0 2 20.00177240287788 0
1 2 20.02264678217196 0
2 2 20.477343587179643 1
3 2 20.053933972379802 0

0 3 20.00009615333905 0
1 3 20.001729848880277 0
2 3 20.026865645838978 0
3 3 20.003467629925197 0


# 20.0 20.0 0.49249608048556226
0 0 20.51389777255533 1
1 0 20.033290761706297 0
2 0 20.029640084613934 0
3 0 20.02880801005384 0

0 1 20.032431757871734 0
1 1 20.03062578969529 0
2 1 20.541157265419912 1
3 1 20.53448650454737 1

0 2 20.002360058277603 0
1 2 20.0277044480361 0
2 2 20.522227030975117 1
3 2 20.064390919525223 0

0 3 20.00014177070474 0
1 3 20.002313737602265 0
2 3 20.03207338949577 0
3 3 20.00450036695614 0


# 20.0 20.0 0.5411572654199119
0 0 20.556186122978275 1
1 0 20.039289973682084 0
2 0 20.03570626405002 0
3 0 20.03461323491507 0

0 1 20.038139687692535 0
1 1 20.036911248287883 0
2 1 20.58873368925408 1
3 1 20.580290925480714 1

0 2 20.003052766707142 0
1 2 20.033148691933235 0
2 2 20.56578029377081 1
3 2 20.075493359939657 0

0 3 20.000201065011083 0
1 3 20.00300163838025 0
2 3 20.037605694726235 0
3 3 20.00569554240171 0


# 20.0 20.0 0.5887336892540809
0 0 20.59709257848755 1
1 0 20.04567631587734 0
2 0 20.04223487984048 0
3 0 20.040837468121982 0

0 1 20.04418249993124 0
1 1 20.043680402734015 0
2 1 20.635258310191798 1
3 1 20.624937776269565 1

0 2 20.00385493758795 0
1 2 20.038953361990117 0
2 2 20.608070568391984 1
3 2 20.08718708546695 0

0 3 20.0002761055823 0
1 3 20.003797591515866 0
2 3 20.043437019975446 0
3 3 20.007057992140556 0


# 20.0 20.0 0.6352583101917979
0 0 20.636675551451702 1
1 0 20.052429000618808 0
2 0 20.04920331223437 0
3 0 20.047457012331638 0

0 1 20.05053736563541 0
1 1 20.050909879864015 0
2 1 20.680763369743712 1
3 1 20.668475279276752 1

0 2 20.00477023220775 0
1 2 20.045094179878348 0
2 2 20.649160960969944 1
3 2 20.099421558665988 0

0 3 20.00036897966602 0
1 3 20.00470489482644 0
2 3 20.04954375131172 0
3 3 20.008591488143228 0


# 20.0 20.0 0.6807633697437119
0 0 20.674990827994492 1
1 0 20.059528230833934 0
2 0 20.056589756475436 0
3 0 20.054449340316726 0

0 1 20.057182847559517 0
1 1 20.058577029166727 0
2 1 20.72528036430668 1
3 1 20.710949132706602 1

0 2 20.005801634540273 0
1 2 20.051548593478227 0
2 2 20.689110766056537 1
3 2 20.112149669844893 0

0 3 20.000481774750444 0
1 3 20.005726178678213 0
2 3 20.055904054951164 0
3 3 20.010298839267623 0


# 20.0 20.0 0.7252803643066805
0 0 20.712091691127412 1
1 0 20.066955146860142 0
2 0 20.06437320492127 0
3 0 20.061793032116856 0

0 1 20.06409881222003 0
1 1 20.066659926769105 0
2 1 20.7688400231854 1
3 1 20.75240266183469 1

0 2 20.006951516054965 0
1 2 20.058295641641976 0
2 2 20.727975721961304 1
3 2 20.12532751038817 0

0 3 20.000616563196225 0
1 3 20.0068634742912 0
2 3 20.062497741069457 0
3 3 20.01218198407148 0


# 20.0 20.0 0.7688400231854011
0 0 20.74802903775579 1
1 0 20.07469177672537 0
2 0 20.072533428298907 0
3 0 20.069467716042254 0

0 1 20.07126634787375 0
1 1 20.075137375757308 0
2 1 20.81147229232673 1
3 1 20.79287696026272 1

0 2 20.0082216950132 0
1 2 20.06531583004744 0
2 2 20.765808247793142 1
3 2 20.138914161257397 0

0 3 20.000775388952814 0
1 3 20.008118275891807 0
2 3 20.069306138037618 0
3 3 20.014242076236446 0


# 20.0 20.0 0.8114722923267301
0 0 20.78285148989177 1
1 0 20.082720989630282 0
2 0 20.081050956286344 0
3 0 20.07745401326332 0

0 1 20.078667687991 0
1 1 20.083988903320904 0
2 1 20.853206323107006 1
3 1 20.83241102190322 1

0 2 20.009613490706542 0
1 2 20.07259101721771 0
2 2 20.802657663574507 1
3 2 20.152871495625156 0

0 3 20.000960256149693 0
1 3 20.00949159724121 0
2 3 20.076311976284664 0
3 3 20.016479563154853 0


# 20.0 20.0 0.8532063231070062
0 0 20.81660550038712 1
1 0 20.151026452385743 1
2 0 20.09062705758739 0
3 0 20.085742125739728 0

0 1 20.086286139828353 0
1 1 20.093914755151967 0
2 1 20.894087745576474 1
3 1 20.87104217538658 1

0 2 20.011127773055215 0
1 2 20.080112949859537 0
2 2 20.83857070573108 1
3 2 20.16716400214017 0

0 3 20.00117311937186 0
1 3 20.010984126703274 0
2 3 20.083499286027777 0
3 3 20.018894258339294 0


# 20.0 20.0 0.8940877455764742
0 0 20.85005545347975 1
1 0 20.21709850858017 1
2 0 20.101183861727478 0
3 0 20.094322121658465 0

0 1 20.094123297735806 0
1 1 20.104831916925697 0
2 1 20.934159077706052 1
3 1 20.9088061464384 1

0 2 20.012765318990503 0
1 2 20.087873353086486 0
2 2 20.873591660483513 1
3 2 20.181758618833417 0

0 3 20.001415880422797 0
1 3 20.01259625561618 0
2 3 20.090853302107877 0
3 3 20.021485408090374 0


# 20.0 20.0 0.9341590777060524
0 0 20.883188118830272 1
1 0 20.281050817989605 1
2 0 20.11264852374317 0
3 0 20.10318398132094 0

0 1 20.16217954348786 1
1 1 20.117383138420504 0
2 1 20.97346859560519 1
3 1 20.945737222637103 1

0 2 20.015246800916866 0
1 2 20.09588124640358 0
2 2 20.907762801935704 1
3 2 20.19662458203437 0

0 3 20.001699025405973 0
1 3 20.01432841576731 0
2 3 20.098360382928867 0
3 3 20.024251752978678 0


# 20.0 20.0 0.9734685956051905
0 0 20.916712110890114 1
1 0 20.34300760891069 1
2 0 20.124953207976 0
3 0 20.112317643160743 0

0 1 20.2279601072641 1
1 1 20.131432558474522 0
2 1 21.01206073250842 1
3 1 20.98186829477879 1

0 2 20.01851291982724 0
1 2 20.104143386928264 0
2 2 20.94112445645559 1
3 2 20.211733283639482 0

0 3 20.002031956518493 0
1 3 20.01618105102159 0
2 3 20.106007933971323 0
3 3 20.027191584482775 0


# 20.0 20.0 1.01206073250842
0 0 20.950562087492166 1
1 0 20.40308466358375 1
2 0 20.138034729712043 0
3 0 20.121713044300847 0

0 1 20.291591873548533 1
1 1 20.146854363546574 0
2 1 21.04997639948193 1
3 1 21.017230899127146 1

0 2 20.02250858379844 0
1 2 20.112664525813575 0
2 2 20.973715068260596 1
3 2 20.227058136349072 0

0 3 20.002423081701668 0
1 3 20.018154593376522 0
2 3 20.113784335697968 0
3 3 20.03030279710596 0


# 20.0 20.0 1.049976399481931
0 0 20.984677970788034 1
1 0 20.461389912481792 1
2 0 20.15183422333931 0
3 0 20.131360156175614 0

0 1 20.35319350587709 1
1 1 20.16353204622019 0
2 1 21.087253279150165 1
3 1 20.991855260223904 0

0 2 20.027182596639616 0
1 2 20.121447640228485 0
2 2 21.005571265681194 1
3 2 20.241854446498543 0

0 3 20.0028798970406 0
1 3 20.020249442930314 0
2 3 20.121678875667264 0
3 3 20.033574296276136 0


# 20.0 20.0 1.0872532791501648
0 0 21.019004564859973 1
1 0 20.51802398617059 1
2 0 20.166296835017015 0
3 0 20.14052901569618 0

0 1 20.41287600912289 1
1 1 20.181357718977686 0
2 1 21.123206094709754 1
3 1 20.968264413977355 0

0 2 20.032487370137456 0
1 2 20.130494143070237 0
2 2 20.976710647647845 0
3 2 20.25543915204042 0

0 3 20.003409062503952 0
1 3 20.022465951302138 0
2 3 20.128961373631952 0
3 3 20.036978427918264 0


# 20.0 20.0 1.1232060947097544
0 0 21.053491200468535 1
1 0 20.573080727804985 1
2 0 20.18135415800483 0
3 0 20.149265393994906 0

0 1 20.47074325221473 1
1 1 20.200222839080354 0
2 1 21.157210826868212 1
3 1 20.94634029306515 0

0 2 20.03837865808515 0
1 2 20.13908376135625 0
2 2 20.94999687792751 0
3 2 20.267910494841654 0

0 3 20.004016471566455 0
1 3 20.024787120626105 0
2 3 20.135686145057072 0
3 3 20.040490364191992 0


# 20.0 20.0 1.1572108268682122
0 0 21.088091405011905 1
1 0 20.626647358062343 1
2 0 20.19693476631573 0
3 0 20.15761114052366 0

0 1 20.52689235044784 1
1 1 20.220010154365312 0
2 1 21.18942409227862 1
3 1 20.92597334948814 0

0 2 20.04480666544602 0
1 2 20.14728295063153 0
2 2 20.925280671980698 0
3 2 20.339359186686234 1

0 3 20.00470700402293 0
1 3 20.027198174756347 0
2 3 20.141902957495823 0
3 3 20.044807856811264 0


# 20.0 20.0 1.189424092278621
0 0 21.1227625909336 1
1 0 20.6788046591631 1
2 0 20.212973584834057 0
3 0 20.165604502676675 0

0 1 20.58141382465797 1
1 1 20.240612773276553 0
2 1 21.2199898204042 1
3 1 20.907781910926843 0

0 2 20.051725630849038 0
1 2 20.155151176011568 0
2 2 20.903144037412797 0
3 2 20.407374906507222 1

0 3 20.00548463754537 0
1 3 20.029686316669213 0
2 3 20.14767469181172 0
3 3 20.049855369145885 0


# 20.0 20.0 1.2199898204042015
0 0 21.157465759465843 1
1 0 20.729627488889165 1
2 0 20.229411356014666 0
3 0 20.173289059783613 0

0 1 20.634392093985433 1
1 1 20.26193328711076 0
2 1 21.24905755612238 1
3 1 20.891611728936873 0

0 2 20.059093489243885 0
1 2 20.16275020512825 0
2 2 20.88339541193182 0
3 2 20.472163510554093 1

0 3 20.006352548264694 0
1 3 20.03224082071156 0
2 3 20.153058253977097 0
3 3 20.055563237031006 0


# 20.0 20.0 1.2490575561223807
0 0 21.192165227119567 1
1 0 20.779185252798758 1
2 0 20.246194461486507 0
3 0 20.180704327916484 0

0 1 20.685905930079734 1
1 1 20.283883276658994 0
2 1 21.276763811976675 1
3 1 20.87731961612689 0

0 2 20.066871666897313 0
1 2 20.17013488939649 0
2 2 20.865857877749942 0
3 2 20.533917531881716 1

0 3 20.00731320637847 0
1 3 20.0348527824387 0
2 3 20.158105094076696 0
3 3 20.06186723200939 0


# 20.0 20.0 1.276763811976675
0 0 21.226828373137803 1
1 0 20.82754234551661 1
2 0 20.26327441992899 0
3 0 20.187886100544162 0

0 1 20.736028880816715 1
1 1 20.30638251851184 0
2 1 21.303233162189606 1
3 1 20.864772633784945 0

0 2 20.075024780606725 0
1 2 20.177353830217143 0
2 2 20.850368015038327 0
3 2 20.592817090112675 1

0 3 20.00836846170539 0
1 3 20.037514894208268 0
2 3 20.162861681820548 0
3 3 20.068708156920252 0


# 20.0 20.0 1.3032331621896063
0 0 21.26142540642084 1
1 0 20.874758555143252 1
2 0 20.280607428106496 0
3 0 20.19486676166727 0

0 1 20.784829660288885 1
1 1 20.32935826011734 0
2 1 21.32857924644907 1
3 1 20.853847340344725 0

0 2 20.08352036324778 0
1 2 20.18444998475806 0
2 2 20.83677484635417 0
3 2 20.649030736451373 1

0 3 20.00951962017347 0
1 3 20.040221244092546 0
2 3 20.16736994215249 0
3 3 20.076031471414368 0


# 20.0 20.0 1.3285792464490704
0 0 21.295929150374878 1
1 0 20.92088943389042 1
2 0 20.298153941430105 0
3 0 20.201675573628545 0

0 1 20.832372507841633 1
1 1 20.352744557706977 0
2 1 21.352905690849546 1
3 1 20.8444290960614 0

0 2 20.092328613344648 0
1 2 20.191461216627655 0
2 2 20.824938864762142 0
3 2 20.70271623870727 1

0 3 20.01076751213647 0
1 3 20.042967135891658 0
2 3 20.171667654246903 0
3 3 20.0837869451589 0


# 20.0 20.0 1.3529056908495463
0 0 21.330314844262166 1
1 0 20.96598663778781 1
2 0 20.31587829071723 0
3 0 20.20833894161926 0

0 1 20.87871751869605 1
1 1 20.376481671704575 0
2 1 21.376306952767713 1
3 1 20.836411419623953 0

0 2 20.101422166553697 0
1 2 20.19842079629647 0
2 2 20.81473113895778 0
3 2 20.754021310726454 1

0 3 20.0121125533289 0
1 3 20.045748928230676 0
2 3 20.1757888169167 0
3 3 20.091928336664896 0


# 20.0 20.0 1.3763069527677132
0 0 21.364559959746533 1
1 0 21.010098238066742 1
2 0 20.33374833209655 0
3 0 20.214880656741613 0

0 1 20.923920948486874 1
1 1 20.40051551469017 0
2 1 21.398869095899283 1
3 1 20.829695392760154 0

0 2 20.110775887135787 0
1 2 20.205357855702413 0
2 2 20.806032489238742 0
3 2 20.803084290299907 1

0 3 20.013554799193457 0
1 3 20.04856389090674 0
2 3 20.179763983207923 0
3 3 20.100413095827054 0


# 20.0 20.0 1.3988690958992827
0 0 21.3986440314343 1
1 0 21.05326900660659 1
2 0 20.351735127259467 0
3 0 20.22132211933915 0

0 1 20.96803549384955 1
1 1 20.424797147409738 0
2 1 21.420670501176133 1
3 1 20.82418910919401 0

0 2 20.12036667766103 0
1 2 20.212297801091292 0
2 2 20.798732728664586 0
3 2 20.850034769311538 1

0 3 20.015093993245305 0
1 3 20.051410076819188 0
2 3 20.18362056672892 0
3 3 20.109202088409766 0


# 20.0 20.0 1.420670501176133
0 0 21.43254850030814 1
1 0 21.095540677628843 1
2 0 20.3698126514923 0
3 0 20.227682544171174 0

0 1 21.011110551012415 1
1 1 20.449282318704974 0
2 1 21.44178251881635 1
3 1 20.81980716459545 0

0 2 20.130173305343455 0
1 2 20.219262687793297 0
2 2 20.792729964200486 0
3 2 20.894994179606922 1

0 3 20.016729610074425 0
1 3 20.05428620796794 0
2 3 20.187383122053244 0
3 3 20.118259340846937 0


# 20.0 20.0 1.4417825188163498
0 0 21.46625656904074 1
1 0 21.136952187639288 1
2 0 20.387957527137146 0
3 0 20.2339791488818 0

0 1 21.053192454186963 1
1 1 20.473931045588365 0
2 1 21.462270066331424 1
3 1 20.816470184420282 0

0 2 20.140176243543685 0
1 2 20.226271560314824 0
2 2 20.78792995305854 0
3 2 20.93807633780334 1

0 3 20.018460893529884 0
1 3 20.057191574144063 0
2 3 20.191073601343604 0
3 3 20.12755180384621 0


# 20.0 20.0 1.4662565690407412
0 0 21.49975306825719 1
1 0 21.17753989545023 1
2 0 20.40614878032535 0
3 0 20.240227327099003 0

0 1 21.09432469539978 1
1 1 20.49870723001008 0
2 1 21.482192176921288 1
3 1 20.814104386776513 0

0 2 20.150357527105783 0
1 2 20.233340760831535 0
2 2 20.784245509834527 0
3 2 20.97938795202109 1

0 3 20.020286890577808 0
1 3 20.06012594306305 0
2 3 20.194711589168097 0
3 3 20.137049133402016 0


# 20.0 20.0 1.4997530682571885
0 0 21.53302433289013 1
1 0 21.217337783960026 1
2 0 20.424367619007448 0
3 0 20.246440807392847 0

0 1 21.13454812727306 1
1 1 20.523578309157426 0
2 1 21.501602502326378 1
3 1 20.812641177672784 0

0 2 20.160700620311527 0
1 2 20.24048420890002 0
2 2 20.781595960391456 0
3 2 21.0190290932938 1

0 3 20.0222064812775 0
1 3 20.06308948080655 0
2 3 20.198314517318238 0
3 3 20.146723487926888 0


# 20.0 20.0 1.533024332890129
0 0 21.566058087840883 1
1 0 21.256377645225776 1
2 0 20.442597230468476 0
3 0 20.2526317992244 0

0 1 21.17390115013531 1
1 1 20.54851493639692 0
2 1 21.520549773873867 1
3 1 20.812016776207233 0

0 2 20.171190296342196 0
1 2 20.247713654960066 0
2 2 20.77990663876602 0
3 2 21.05709363421026 1

0 3 20.024218405277296 0
1 3 20.066082681543342 0
2 3 20.20189786128971 0
3 3 20.15654934030752 0


# 20.0 20.0 1.566058087840883
0 0 21.598843342222946 1
1 0 21.294689250235354 1
2 0 20.4608225966688 0
3 0 20.258811126926833 0

0 1 21.212419884729172 1
1 1 20.57349069021545 0
2 1 21.539078225150213 1
3 1 20.81217186744198 0

0 2 20.181812527235422 0
1 2 20.255038909975106 0
2 2 20.779108423672753 0
3 2 21.093669657150496 1

0 3 20.026321285192658 0
1 3 20.069106305596012 0
2 3 20.205475319950455 0
3 3 20.16650330378166 0


# 20.0 20.0 1.5988433422229456
0 0 21.631370291522494 1
1 0 21.33230050466635 1
2 0 20.47903032588963 0
3 0 20.264988352677445 0

0 1 21.250138331678226 1
1 1 20.598481808742747 0
2 1 21.55722797945197 1
3 1 20.813051280880774 0

0 2 20.192554383413686 0
1 2 20.262468053353402 0
2 2 20.779137311455337 0
3 2 21.128839834303587 1

0 3 20.02851364719384 0
1 3 20.072161325006952 0
2 3 20.209058979795465 0
3 3 20.17656397061471 0


# 20.0 20.0 1.6313702915224937
0 0 21.66363022706382 1
1 0 21.369237591810716 1
2 0 20.49720849928955 0
3 0 20.2711718893431 0

0 1 21.287088518778383 1
1 1 20.62346694764383 0
2 1 21.57503540490951 1
3 1 20.814603692626456 0

0 2 20.20340394194222 0
1 2 20.27000762110502 0
2 2 20.779934022586843 0
3 2 21.162681781492772 1

0 3 20.030793939098253 0
1 3 20.075248875836646 0
2 3 20.212659465072512 0
3 3 20.18671176263136 0


# 20.0 20.0 1.6636302270638197
0 0 21.69561545221659 1
1 0 21.405525103744466 1
2 0 20.515346531095354 0
3 0 20.277369104011413 0

0 1 21.32330063709132 1
1 1 20.64842695935913 0
2 1 21.592533439941867 1
3 1 20.8167813494415 0

0 2 20.214350202748182 0
1 2 20.27766277601835 0
2 2 20.78144363905298 0
3 2 21.195268387683587 1

0 3 20.033160546233734 0
1 3 20.0783702164994 0
2 3 20.216286074957672 0
3 3 20.19692879272833 0


# 20.0 20.0 1.6956154522165896
0 0 21.727319204826824 1
1 0 21.441186161730574 1
2 0 20.533435041257555 0
3 0 20.28358641295539 0

0 1 21.358803166736696 1
1 1 20.673344691843024 0
2 1 21.6097518914838 1
3 1 20.819539813070428 0

0 2 20.225383012100625 0
1 2 20.285437461483422 0
2 2 20.78361527016574 0
3 2 21.22666812191245 1

0 3 20.03561180531252 0
1 3 20.08152669150747 0
2 3 20.21994690886227 0
3 3 20.207198736559405 0


# 20.0 20.0 1.7273192048268236
0 0 21.758735585394664 1
1 0 21.476242526759833 1
2 0 20.551465739499125 0
3 0 20.289829368719833 0

0 1 21.393622993205813 1
1 1 20.698204805109754 0
2 1 21.626717708226717 1
3 1 20.822837723307778 0

0 2 20.23649299271242 0
1 2 20.293334540446164 0
2 2 20.786401744551156 0
3 2 21.256945319245148 1

0 3 20.038146016531908 0
1 3 20.08471970005424 0
2 3 20.22364898086403 0
3 3 20.21750671364458 0


# 20.0 20.0 1.758735585394664
0 0 21.789859490560044 1
1 0 21.510714701057946 1
2 0 20.569431319776218 0
3 0 20.296102739962926 0

0 1 21.427785514951754 1
1 1 20.722993604040678 0
2 1 21.643455230931945 1
3 1 20.826636578410533 0

0 2 20.247671479881657 0
1 2 20.30135592084708 0
2 2 20.78975932623536 0
3 2 21.286160447256336 1

0 3 20.04076145409599 0
1 3 20.087950668921646 0
2 3 20.22739832417336 0
3 3 20.22783917721053 0


# 20.0 20.0 1.789859490560044
0 0 21.820686551492 1
1 0 21.54462202131722 1
2 0 20.587325364252163 0
3 0 20.302410584636213 0

0 1 21.46131474294875 1
1 1 20.747698886039267 0
2 1 21.65998642170646 1
3 1 20.830900531560477 0

0 2 20.25891046314133 0
1 2 20.30950266877847 0
2 2 20.793647452919036 0
3 2 21.31437035441185 1

0 3 20.04345637533329 0
1 3 20.09122102924636 0
2 3 20.23120008647059 0
3 3 20.23818381212154 0


# 20.0 20.0 1.820686551491999
0 0 21.85121307680948 1
1 0 21.577982744347107 1
2 0 20.605142255961848 0
3 0 20.308756317039578 0

0 1 21.494233392856785 1
1 1 20.772309802241647 0
2 1 21.676331073976748 1
3 1 20.835596202180074 0

0 2 20.270202532933016 0
1 2 20.317775110485186 0
2 2 20.798028494683056 0
3 2 21.341628501634368 1

0 3 20.046229028567442 0
1 3 20.09453219672429 0
2 3 20.235058616881172 0
3 3 20.24852944030735 0


# 20.0 20.0 1.8512130768094792
0 0 21.881435999690783 1
1 0 21.61081412577926 1
2 0 20.622877099412996 0
3 0 20.31514276924527 0

0 1 21.526562970375185 1
1 1 20.796816731101444 0
2 1 21.692507004754393 1
3 1 20.84069250099612 0

0 2 20.281540831862962 0
1 2 20.32617292423436 0
2 2 20.80286753150832 0
3 2 21.367985178239465 1

0 3 20.049077659882062 0
1 3 20.09788555487384 0
2 3 20.23897754529244 0
3 3 20.25886593313867 0


# 20.0 20.0 1.8814359996907832
0 0 21.91135282885577 1
1 0 21.643132492408974 1
2 0 20.640525648434554 0
3 0 20.321572247345607 0

0 1 21.55832385032127 1
1 1 20.821211163269204 0
2 1 21.70853023065668 1
3 1 20.846160467829183 0

0 2 20.29291901013797 0
1 2 20.334695222988582 0
2 2 20.808132148122045 0
3 2 21.393487703342487 1

0 3 20.05200051890645 0
1 3 20.10128244101539 0
2 3 20.24295985465747 0
3 3 20.269184130241676 0


# 20.0 20.0 1.9113528288557688
0 0 21.940961603129725 1
1 0 21.6749533087058 1
2 0 20.6580842406408 0
3 0 20.328046582942804 0

0 1 21.58953534992622 1
1 1 20.84548559677961 0
2 1 21.72441512902562 1
3 1 20.85197312116409 0

0 2 20.304331184814032 0
1 2 20.343340628733902 0
2 2 20.813792244801302 0
3 2 21.418180613756586 1

0 3 20.05499586373577 0
1 3 20.10472413465827 0
2 3 20.247007946878274 0
3 3 20.279475764280594 0


# 20.0 20.0 1.9409616031297254
0 0 21.97026084932064 1
1 0 21.70629123798105 1
2 0 20.67554973793328 0
3 0 20.33456718026603 0

0 1 21.620215796800288 1
1 1 20.86963344164468 0
2 1 21.74017458537891 1
3 1 20.858105318628017 0

0 2 20.315771902523082 0
1 2 20.352107339238202 0
2 2 20.819819862873864 0
3 2 21.4421058393282 1

0 3 20.058061965087457 0
1 3 20.10821184801707 0
2 3 20.251123702811444 0
3 3 20.28973339127217 0


# 20.0 20.0 1.9702608493206384
0 0 21.99924954316247 1
1 0 21.737160198658728 1
2 0 20.692919472511726 0
3 0 20.34113505927013 0

0 1 21.650382591982638 1
1 1 20.89364893302884 0
2 1 21.75582012832523 1
3 1 20.864533627568722 0

0 2 20.327236105372812 0
1 2 20.360993187946278 0
2 2 20.826189023756854 0
3 2 21.46530286658759 1

0 3 20.061197109784988 0
1 3 20.111746718406867 0
2 3 20.255308536894596 0
3 3 20.299950326028156 0


# 20.0 20.0 1.9992495431624704
0 0 22.02792707309632 1
1 0 21.767573416058703 1
2 0 20.71019119791008 0
3 0 20.34775089504215 0

0 1 21.68005226845734 1
1 1 20.917527052252904 0
2 1 21.77136205298348 1
3 1 20.871236204986193 0

0 2 20.338719099741418 0
1 2 20.369995697654755 0
2 2 20.83287558046597 0
3 2 21.487808891528672 1

0 3 20.064399603650507 0
1 3 20.115329802292177 0
2 3 20.259563446850457 0
3 3 20.310120582351693 0


# 20.0 20.0 2.0279270730963184
0 0 22.056293206679044 1
1 0 21.79754347006634 1
2 0 20.72736304461496 0
3 0 20.354415053815845 0

0 1 21.709240545486214 1
1 1 20.941263454939055 0
2 1 21.786809533860346 1
3 1 20.878192686127232 0

0 2 20.350216527713776 0
1 2 20.379112128552258 0
2 2 20.839857080613104 0
3 2 21.509658962273573 1

0 3 20.067667773879162 0
1 3 20.118962070787287 0
2 3 20.263889058887763 0
3 3 20.32023881764097 0


# 20.0 20.0 2.056293206679044
0 0 22.084348059425228 1
1 0 21.827082339031307 1
2 0 20.744433479861623 0
3 0 20.361127625870342 0

0 1 21.73796237908073 1
1 1 20.964854405668277 0
2 1 21.802170728062293 1
3 1 20.885384081104363 0

0 2 20.361724340927942 0
1 2 20.388339521157707 0
2 2 20.84711263998825 0
3 2 21.530886112322886 1

0 3 20.070999970960095 0
1 3 20.12264440642629 0
2 3 20.268285668783143 0
3 3 20.330300281579166 0


# 20.0 20.0 2.0843480594252277
0 0 22.112092065903266 1
1 0 21.85620144020919 1
2 0 20.761401271237137 0
3 0 20.36788845556711 0

0 1 21.766232008909334 1
1 1 20.98829671857626 0
2 1 21.817452869646175 1
3 1 20.892792678948414 0

0 2 20.373238776621296 0
1 2 20.397674734641484 0
2 2 20.85462282589354 0
3 2 21.55152148504238 1

0 3 20.074394570202102 0
1 3 20.126377601039906 0
2 3 20.2727532791964 0
3 3 20.340300768613183 0


# 20.0 20.0 2.1120920659032656
0 0 22.13952595292017 1
1 0 21.884911667033208 1
2 0 20.778265453752134 0
3 0 20.3746971687591 0

0 1 21.794063001912555 1
1 1 21.011587703363404 0
2 1 21.832662355846647 1
3 1 20.900401958548358 0

0 2 20.384756335684276 0
1 2 20.407114480970467 0
2 2 20.86236954946332 0
3 2 21.571594449990098 1

0 3 20.077849972915516 0
1 3 20.130162354593217 0
2 3 20.277291633542188 0
3 3 20.350236573945494 0


# 20.0 20.0 2.1395259529201702
0 0 22.166650714642394 1
1 0 21.913223423478907 1
2 0 20.79502530007156 0
3 0 20.38155319778721 0

0 1 21.82146829287651 1
1 1 21.03472511624003 0
2 1 21.84780482585789 1
3 1 20.90819650597295 0

0 2 20.396273762546688 0
1 2 20.416655355278003 0
2 2 20.8703359662651 0
3 2 21.591132711644715 1

0 3 20.081364607296237 0
1 3 20.1339992748537 0
2 3 20.281900246714187 0
3 3 20.360104452783762 0


# 20.0 20.0 2.166650714642394
0 0 22.19346758951153 1
1 0 21.941146655762672 1
2 0 20.81168029362145 0
3 0 20.388455804262 0

0 1 21.848460222195275 1
1 1 21.057707115369634 0
2 1 21.86288523279146 1
3 1 20.916161937706462 0

0 2 20.407788026736963 0
1 2 20.426293862823364 0
2 2 20.87850638453206 0
3 2 21.610162411055903 1

0 3 20.08493692905266 0
1 3 20.137888877772927 0
2 3 20.286578432933258 0
3 3 20.369901582611416 0


# 20.0 20.0 2.193467589511531
0 0 22.21997803882461 1
1 0 21.96869088159443 1
2 0 20.828230104313125 0
3 0 20.395404099812804 0

0 1 21.875050571034247 1
1 1 21.080532220410813 0
2 1 21.87790790938102 1
3 1 20.92428482936579 0

0 2 20.419296305968935 0
1 2 20.43602644287206 0
2 2 20.88686618042943 0
3 2 21.628708220900435 1

0 3 20.088565421811666 0
1 3 20.141831588477867 0
2 3 20.291325330968284 0
3 3 20.37962552825983 0


# 20.0 20.0 2.2199780388246104
0 0 22.24618372685847 1
1 0 21.995865217186452 1
2 0 20.844674566648536 0
3 0 20.402397064971716 0

0 1 21.901250594089667 1
1 1 21.103199275793443 0
2 1 21.892876627957577 1
3 1 20.932552649498383 0

0 2 20.43079597062352 0
1 2 20.445849489798093 0
2 2 20.89540171980431 0
3 2 21.646793434393366 1

0 3 20.09224859733566 0
1 3 20.145827742779023 0
2 3 20.296139926957736 0
3 3 20.389274209578687 0


# 20.0 20.0 2.246183726858469
0 0 22.272086502426877 1
1 0 22.02267840220305 1
2 0 20.861013659990885 0
3 0 20.409433566346607 0

0 1 21.927071050124027 1
1 1 21.125707417396352 0
2 1 21.90779465517589 1
3 1 20.940953698090443 0

0 2 20.442284569504427 0
1 2 20.455759371681594 0
2 2 20.904100285912204 0
3 2 21.66444004847182 1

0 3 20.09598499557898 0
1 3 20.149877589112922 0
2 3 20.301021075040758 0
3 3 20.398845871516006 0


# 20.0 20.0 2.272086502426877
0 0 22.297688381767433 1
1 0 22.049138822820378 1
2 0 20.87724749080338 0
3 0 20.416512372224854 0

0 1 21.95252223044284 1
1 1 21.148056042322775 0
2 1 21.922664801932996 1
3 1 20.9494770494422 0

0 2 20.45375981675768 0
1 2 20.465752446650146 0
2 2 20.912950012653567 0
3 2 21.681668841639347 1

0 3 20.099773184608583 0
1 3 20.153981290845774 0
2 3 20.30596751598923 0
3 3 20.408339056432972 0


# 20.0 20.0 2.2976883817674327
0 0 22.322991532662964 1
1 0 22.075254533051393 1
2 0 20.89337627667615 0
3 0 20.42363216673818 0

0 1 21.97761398546516 1
1 1 21.17024478149648 0
2 1 21.93748946888343 1
3 1 20.95811249909276 0

0 2 20.465219579854544 0
1 2 20.475825077189143 0
2 2 20.92193982289061 0
3 2 21.69849944683149 1

0 3 20.103611760411077 0
1 3 20.158138928873324 0
2 3 20.310977894016045 0
3 3 20.417752578491555 0


# 20.0 20.0 2.3229915326629644
0 0 22.347998259709296 1
1 0 22.101033274477818 1
2 0 20.909400331976943 0
3 0 20.430791562708443 0

0 1 22.00235574952835 1
1 1 21.192273474825594 0
2 1 21.952270687922457 1
3 1 20.96685051450041 0

0 2 20.476661868546195 0
1 2 20.48597364262569 0
2 2 20.931059371448608 0
3 2 21.714950419637855 1

0 3 20.107499346605312 0
1 3 20.16235050445961 0
2 3 20.316050771920168 0
3 3 20.427085499964555 0


# 20.0 20.0 2.3479982597092963
0 0 22.372710990647835 1
1 0 22.126482494519152 1
2 0 20.925320054975714 0
3 0 20.43798911328465 0

0 1 22.02675656405639 1
1 1 21.21414214870345 0
2 1 21.96701015997772 1
3 1 20.975682189206196 0

0 2 20.488084824706704 0
1 2 20.496194549971477 0
2 2 20.94029899243716 0
3 2 21.73103930219236 1

0 3 20.111434594077515 0
1 3 20.166615942263935 0
2 3 20.32118464471551 0
3 3 20.436337109328726 0


# 20.0 20.0 2.3727109906478354
0 0 22.39713226368742 1
1 0 22.151609363357746 1
2 0 20.941135916306177 0
3 0 20.44522332247255 0

0 1 22.050825099211195 1
1 1 21.2358509956359 0
2 1 21.98170928942181 1
3 1 20.984599200228576 0

0 2 20.499486712988144 0
1 2 20.506484243292746 0
2 2 20.949649650555646 0
3 2 21.74678268302164 1

0 3 20.11541618055375 0
1 3 20.170935093511595 0
2 3 20.326377951878207 0
3 3 20.44550690101169 0


# 20.0 20.0 2.3971322636874213
0 0 22.4212647157455 1
1 0 22.17642078962897 1
2 0 20.956848448639597 0
3 0 20.452492654649955 0

0 1 22.07456967413676 1
1 1 21.25740035580314 0
2 1 21.99636921539229 1
3 1 20.993593768455742 0

0 2 20.510865912218442 0
1 2 20.51683921175976 0
2 2 20.9591028960736 0
3 2 21.76219625312122 1

0 3 20.119442810122578 0
1 3 20.175307739269236 0
2 3 20.33162908833558 0
3 3 20.454594556672753 0


# 20.0 20.0 2.421264715745501
0 0 22.32511107154385 -1
1 0 22.199483434976393 1
2 0 20.972440957456957 0
3 0 20.45979533579351 0

0 1 22.096558275897802 1
1 1 21.278756140380903 0
2 1 22.010990218201865 1
3 1 21.002658611866 0

0 2 20.52220362747863 0
1 2 20.527255374433718 0
2 2 20.968650808271175 0
3 2 21.77729485821185 1

0 3 20.12351300535914 0
1 3 20.179733583837468 0
2 3 20.33693641401086 0
3 3 20.463599927899207 0


# 20.0 20.0 2.421264715745501
0 0 22.232959573498764 -1
1 0 22.220915010763424 1
2 0 20.98789884402087 0
3 0 20.467129393175583 0

0 1 22.116909860406395 1
1 1 21.299888691208285 0
2 1 22.02557185119257 1
3 1 21.011786903398587 0

0 2 20.533483214006917 0
1 2 20.537728192028787 0
2 2 20.978285945259486 0
3 2 21.792092547485638 1

0 3 20.127625138740342 0
1 3 20.184212250253655 0
2 3 20.342298262103352 0
3 3 20.472523020209902 0


# 20.0 20.0 2.421264715745501
0 0 22.144626927306845 -1
1 0 22.120825553861792 -1
2 0 21.00176941415075 0
3 0 20.474475410831854 0

0 1 22.13573563225959 1
1 1 21.3193323687824 0
2 1 22.040078497914422 1
3 1 21.02097161093063 0

0 2 20.544689986574973 0
1 2 20.548235485421852 0
2 2 20.988000677402134 0
3 2 21.806602604193753 1

0 3 20.13177746058763 0
1 3 20.188743070240356 0
2 3 20.34771293630924 0
3 3 20.481363977968382 0


# 20.0 20.0 2.421264715745501
0 0 22.058499092157255 -1
1 0 22.02430609110068 -1
2 0 21.014161418754583 0
3 0 20.481815892398128 0

0 1 22.153104993074862 1
1 1 21.337193115890987 0
2 1 22.05447865189027 1
3 1 21.03020556905333 0

0 2 20.555810422407838 0
1 2 20.5587571495529 0
2 2 20.997787260990187 0
3 2 21.820837576513757 1

0 3 20.135968113918256 0
1 3 20.193325119687625 0
2 3 20.353178709288006 0
3 3 20.490123070191142 0


# 20.0 20.0 2.421264715745501
0 0 21.9745220578497 -1
1 0 21.931195754384394 -1
2 0 21.025176522750964 0
3 0 20.489135105373446 0

0 1 22.1690848905195 1
1 1 21.353570043684385 0
2 1 22.068744549357284 1
3 1 21.039481541928023 0

0 2 20.566832106514596 0
1 2 20.569274980744883 0
2 2 21.007637902253506 0
3 2 21.83480930847265 1

0 3 20.140195148531625 0
1 3 20.19795725072352 0
2 3 20.358693822175926 0
3 3 20.498800677232044 0


# 20.0 20.0 2.421264715745501
0 0 21.892642631505957 -1
1 0 21.841342203075545 -1
2 0 21.0349097710891 0
3 0 20.49641893733621 0

0 1 22.18373986249814 1
1 1 21.368555900735647 0
2 1 22.08285183238021 1
3 1 21.048792278105314 0

0 2 20.57774367794228 0
1 2 20.579772518448987 0
2 2 21.01754481272307 0
3 2 21.848528970733526 1

0 3 20.144456534328476 0
1 3 20.202638120692573 0
2 3 20.36425648497231 0
3 3 20.50739727832016 0


# 20.0 20.0 2.421264715745501
0 0 21.812808481558626 -1
1 0 21.754601120386972 -1
2 0 20.9834500233846 -1
3 0 20.502934763209986 0

0 1 22.197132084996056 1
1 1 21.38223750817488 0
2 1 22.096059239894615 1
3 1 21.058113278110948 0

0 2 20.588534777121986 0
1 2 20.590234900187987 0
2 2 21.027491616861823 0
3 2 21.862006780042233 1

0 3 20.148750173866425 0
1 3 20.207366218331806 0
2 3 20.369864773965638 0
3 3 20.51591343494873 0


# 20.0 20.0 2.421264715745501
0 0 21.73496817468711 -1
1 0 21.670115741805677 -1
2 0 20.933374439341367 -1
3 0 20.568726964343853 1

0 1 22.20932142294603 1
1 1 21.3946788834405 0
2 1 22.10841229499273 1
3 1 21.068142272902833 0

0 2 20.599195994446866 0
1 2 20.600648417535936 0
2 2 21.037463206450894 0
3 2 21.87526072225209 1

0 3 20.15307391416058 0
1 3 20.212139882429817 0
2 3 20.375516651745034 0
3 3 20.52434987977854 0


# 20.0 20.0 2.421264715745501
0 0 21.659062566375397 -1
1 0 21.587816271319728 -1
2 0 20.885352179256905 -1
3 0 20.63169472705339 1

0 1 22.160365172513448 0
1 1 21.405221202911697 0
2 1 22.119962651171345 1
3 1 21.078803314646635 0

0 2 20.60899881273062 0
1 2 20.610983170748487 0
2 2 21.047445650892254 0
3 2 21.88830695806131 1

0 3 20.157416917592723 0
1 3 20.216957008248798 0
2 3 20.38120998283878 0
3 3 20.532707487397314 0


# 20.0 20.0 2.421264715745501
0 0 21.58431449131188 -1
1 0 21.507626642406066 -1
2 0 20.839278795975684 -1
3 0 20.691970702206934 1

0 1 22.112812249351332 0
1 1 21.413987201736063 0
2 1 22.13075862347413 1
3 1 21.090026010836386 0

0 2 20.617995410648245 0
1 2 20.621212601810864 0
2 2 21.057426117643647 0
3 2 21.901159981213265 1

0 3 20.16176933758615 0
1 3 20.22181511696918 0
2 3 20.386942548223672 0
3 3 20.540987248204253 0


# 20.119999999999997 20.0 2.421264715745501
0 0 21.51072443632574 -1
1 0 21.42947420863346 -1
2 0 20.79505552895648 -1
3 0 20.749680735404997 1

0 1 22.0665866194631 0
1 1 21.421092200693312 0
2 1 22.140845407844928 1
3 1 21.101745151874816 0

0 2 20.62623442610734 0
1 2 20.631313211260906 0
2 2 21.067392797779267 0
3 2 21.913832764376608 1

0 3 20.166122235949967 0
1 3 20.22671141800169 0
2 3 20.3927120587661 0
3 3 20.54919024514661 0


# 20.239999999999995 20.0 2.421264715745501
0 0 21.439731086555174 -1
1 0 21.354026837665316 -1
2 0 20.75331783251129 -1
3 0 20.80639298474305 1

0 1 22.022354674005918 0
1 1 21.42666225662936 0
2 1 22.03027424473391 -1
3 1 21.053197855422315 -1

0 2 20.634490061665435 0
1 2 20.641273255529292 0
2 2 21.075895051366732 0
3 2 21.92631118609602 1

0 3 20.171916253211773 0
1 3 20.232380357255703 0
2 3 20.399227740143154 0
3 3 20.558765863436204 0


# 20.359999999999992 19.0 2.421264715745501
0 0 21.371297345579244 -1
1 0 21.28121303970001 -1
2 0 20.71253304677594 -1
3 0 20.86143160811868 1

0 1 21.98004517366416 0
1 1 21.42937613687468 0
2 1 21.92407310607196 -1
3 1 21.006945336298017 -1

0 2 20.64280029526435 0
1 2 20.651057561353024 0
2 2 21.0830601240251 0
3 2 21.938631372165098 1

0 3 20.17910943592639 0
1 3 20.238813119100033 0
2 3 20.40646784433588 0
3 3 20.56967148295051 0


# 20.47999999999999 19.0 2.980045173664159
0 0 21.30538573969876 -1
1 0 21.2109296311128 -1
2 0 20.67272387095499 -1
3 0 20.91489610071344 1

0 1 21.939574022432318 0
1 1 21.369473694156337 -1
2 1 21.821304033285717 -1
3 1 20.96291161024747 -1

0 2 20.65119957509979 0
1 2 20.659917356556655 0
2 2 21.088989085348015 0
3 2 21.950827720676717 1

0 3 20.187661648563438 0
1 3 20.245991530291302 0
2 3 20.41441202005685 0
3 3 20.581866186453095 0


# 20.599999999999987 19.0 2.980045173664159
0 0 21.241957896912147 -1
1 0 21.142360452150346 -1
2 0 20.633892195408674 -1
3 0 20.966881486755632 1

0 1 21.90014348748418 0
1 1 21.310023660790556 -1
2 1 21.721831238309537 -1
3 1 20.92102380796598 -1

0 2 20.65970186285685 0
1 2 20.667897797113376 0
2 2 21.093777234565188 0
3 2 21.962932963156106 1

0 3 20.19753414993293 0
1 3 20.253898013624305 0
2 3 20.423041212430174 0
3 3 20.595310693847818 0


# 20.599999999999987 19.0 2.980045173664159
0 0 21.180957459898924 -1
1 0 21.07547979295321 -1
2 0 20.59603903341773 -1
3 0 21.017478507329034 1

0 1 21.8617456568124 0
1 1 21.25106597889487 -1
2 1 21.625526211528804 -1
3 1 20.881212060215578 -1

0 2 20.668320515863165 0
1 2 20.675043443767304 0
2 2 21.09751445327665 0
3 2 21.97497822519163 1

0 3 20.208689542889196 0
1 3 20.262515587441126 0
2 3 20.432337570322893 0
3 3 20.60996729841547 0


# 20.599999999999987 19.0 2.980045173664159
0 0 21.12088969673975 -1
1 0 21.009525578157803 -1
2 0 20.558435757578373 -1
3 0 21.065325054878716 1

0 1 21.823635653524253 0
1 1 21.192619582551657 -1
2 1 21.532258335618888 -1
3 1 20.842671893074794 -1

0 2 20.676339477879083 0
1 2 20.681389227680256 0
2 2 21.100285319825133 0
3 2 21.986264233869367 1

0 3 20.219642980129027 0
1 3 20.271090370106183 0
2 3 20.44155550822949 0
3 3 20.6243423125777 0


# 20.599999999999987 19.0 2.986264233869367
0 0 21.061735602437302 -1
1 0 20.94447899518598 -1
2 0 20.521086204388283 -1
3 0 21.11053845007264 1

0 1 21.78581129203065 0
1 1 21.134701096795368 -1
2 1 21.441894869678183 -1
3 1 20.805344044209093 -1

0 2 20.68377534180624 0
1 2 20.686960770294 0
2 2 21.04215172905838 -1
3 2 21.996103193076994 1

0 3 20.230394221387332 0
1 3 20.27961150056065 0
2 3 20.449963443390214 0
3 3 20.638418788962507 0


# 20.599999999999987 19.0 2.996103193076994
0 0 21.00347660419616 -1
1 0 20.88032204425273 -1
2 0 20.483993648172017 -1
3 0 21.153231118178596 1

0 1 21.748270654278937 0
1 1 21.077324824211235 -1
2 1 21.35358968688144 -1
3 1 20.769154682329955 -1

0 2 20.690644285201902 0
1 2 20.691063441388273 0
2 2 20.98601708324042 -1
3 2 22.004589945622154 1

0 3 20.24094309884654 0
1 3 20.288051457340604 0
2 3 20.45761482672235 0
3 3 20.65218216982799 0


# 20.599999999999987 19.0 3.004589945622154
0 0 20.946094558827475 -1
1 0 20.817037474768643 -1
2 0 20.447152214306737 -1
3 0 21.193510480683805 1

0 1 21.71101205081811 0
1 1 21.020485664495375 -1
2 1 21.2672910976436 -1
3 1 20.73403488395949 -1

0 2 20.69695344831606 0
1 2 20.693790488042346 0
2 2 20.931767699541243 -1
3 2 21.891812984945968 -1

0 3 20.251289206155946 0
1 3 20.296385630383345 0
2 3 20.46455902999704 0
3 3 20.6641800758935 0


# 20.599999999999987 19.0 3.004589945622154
0 0 20.889571749016728 -1
1 0 20.754608416362185 -1
2 0 20.41055674124213 -1
3 0 21.23147920288161 1

0 1 21.674033675025687 0
1 1 20.964179036724484 -1
2 1 21.182947585294315 -1
3 1 20.698480296110656 -1

0 2 20.702710763917473 0
1 2 20.695229062183113 0
2 2 20.877857433912308 -1
3 2 21.782843053249234 -1

0 3 20.26143195146594 0
1 3 20.304592074430996 0
2 3 20.47080710574801 0
3 3 20.6745133950693 0


# 20.599999999999987 19.0 3.004589945622154
0 0 20.83389087114878 -1
1 0 20.69301838266436 -1
2 0 20.374202700160044 -1
3 0 21.267218147533118 1

0 1 21.637333628736098 0
1 1 20.908400786868246 -1
2 1 21.1004733958048 -1
3 1 20.662550538833056 -1

0 2 20.707924847541562 0
1 2 20.695443368911363 0
2 2 20.82431508016908 -1
3 2 21.677500193181622 -1

0 3 20.211370604276837 -1
1 3 20.311930660252127 0
2 3 20.476362316932477 0
3 3 20.683277262968176 0


# 20.599999999999987 19.0 3.004589945622154
0 0 20.779035023924227 -1
1 0 20.632251272723884 -1
2 0 20.338085500546065 -1
3 0 21.300805926694476 1

0 1 21.60090994422919 0
1 1 20.8531464848786 -1
2 1 21.01978784405929 -1
3 1 20.626300543769293 -1

0 2 20.711884690953827 0
1 2 20.69447741019866 0
2 2 20.771165489493427 -1
3 2 21.575614104622765 -1

0 3 20.163247046737343 -1
1 3 20.31843861380796 0
2 3 20.481229676016547 0
3 3 20.690561406868994 0


# 20.599999999999987 19.0 3.004589945622154
0 0 20.724987697666393 -1
1 0 20.572291355466575 -1
2 0 20.302200531037773 -1
3 0 21.33231892623116 1

0 1 21.564751953053552 0
1 1 20.798411156357766 -1
2 1 20.940814960192345 -1
3 1 20.589780896823537 -1

0 2 20.714655250853642 0
1 2 20.692374540635278 0
2 2 20.718429945375345 -1
3 2 21.477023579217423 -1

0 3 20.11696727943074 -1
1 3 20.324151049981015 0
2 3 20.485415738450556 0
3 3 20.696450468033728 0


# 20.599999999999987 19.0 3.004589945622154
0 0 20.671732660252644 -1
1 0 20.51312325070876 -1
2 0 20.266543194379775 -1
3 0 21.36183133398128 1

0 1 21.528849959834872 0
1 1 20.744189373389048 -1
2 1 20.863483163022725 -1
3 1 20.553038156071604 -1

0 2 20.7162980316766 0
1 2 20.68917738348985 0
2 2 20.666126506367494 -1
3 2 21.381575970455966 -1

0 3 20.072441846351122 -1
1 3 20.32910112550131 0
2 3 20.48892841463446 0
3 3 20.7010243038056 0


# 20.599999999999987 19.0 3.004589945622154
0 0 20.619253963010074 -1
1 0 20.454731912548336 -1
2 0 20.231108937130454 -1
3 0 21.389415171076376 1

0 1 21.493195157938715 0
1 1 20.69047533487037 -1
2 1 20.787724958410912 -1
3 1 20.516115146715915 -1

0 2 20.716871286999538 0
1 2 20.684927760127202 0
2 2 20.614270319305398 -1
3 2 21.289126696934737 -1

0 3 20.02958560883249 -1
1 3 20.333320179633386 0
2 3 20.491776798852747 0
3 3 20.704358270818048 0


# 20.599999999999987 19.0 3.004589945622154
0 0 20.567535945187554 -1
1 0 20.397102614827567 -1
2 0 20.195893274702755 -1
3 0 21.41514032597465 1

0 1 21.45777955210998 0
1 1 20.6372629374223 -1
2 1 20.713476660544945 -1
3 1 20.4790512347553 -1

0 2 20.716430207998393 0
1 2 20.67966663137341 0
2 2 20.562873905431207 -1
3 2 21.19953877659553 -1

0 3 19.988317531566103 -1
1 3 20.33683786363029 0
2 3 20.493971013779486 0
3 3 20.7065234905531 0


# 20.599999999999987 19.0 3.004589945622154
0 0 20.516563237164053 -1
1 0 20.34022093839628 -1
2 0 20.16089181226423 -1
3 0 21.4390745908038 1

0 1 21.422595887512376 0
1 1 20.584545837839954 -1
2 1 20.640678134322275 -1
3 1 20.441882580916236 -1

0 2 20.715027099867882 0
1 2 20.67343404954872 0
2 2 20.51194742166146 -1
3 2 21.11268238989609 -1

0 3 19.948560479991702 -1
1 3 20.339682259877655 0
2 3 20.495522069265853 0
3 3 20.70758709840313 0


# 20.599999999999987 19.0 3.004589945622154
0 0 20.466320762537052 -1
1 0 20.28407275993533 -1
2 0 20.126100261969867 -1
3 0 21.461283699649496 1

0 1 21.387637584639794 0
1 1 20.53231750796499 -1
2 1 20.569272557144956 -1
3 1 20.40464237627804 -1

0 2 20.712711547043593 0
1 2 20.666269120008955 0
2 2 20.4614988990575 -1
3 2 21.02843447000532 -1

0 3 19.910241028395056 -1
1 3 20.34187999157483 0
2 3 20.49644173422511 0
3 3 20.707612477311383 0


# 20.599999999999987 19.0 3.004589945622154
0 0 20.41679373922062 -1
1 0 20.228644242127913 -1
2 0 20.0915144569542 -1
3 0 21.4818313684609 1

0 1 21.352898679615674 0
1 1 20.48057128276944 -1
2 1 20.49920619858271 -1
3 1 20.36736106091895 -1

0 2 20.709530568004 0
1 2 20.658209971145396 0
2 2 20.411534460390243 -1
3 2 20.94667831824854 -1

0 3 19.87328927808778 -1
1 3 20.343456323730187 0
2 3 20.49674242052484 0
3 3 20.706659476993455 0


# 20.599999999999987 19.0 3.004589945622154
0 0 20.3679676796696 -1
1 0 20.17392182499126 -1
2 0 20.05713036246654 -1
3 0 21.50077933627693 1

0 1 21.31837376943713 0
1 1 20.429300402366383 -1
2 1 20.430428216484444 -1
3 1 20.330066526812473 -1

0 2 20.705528760371873 0
1 2 20.649293731892723 0
2 2 20.362058518537317 -1
3 2 20.86730324315022 -1

0 3 19.837638685085842 -1
1 3 20.34443525618356 0
2 3 20.496437077883368 0
3 3 20.704784619674093 0


# 20.599999999999987 19.0 3.004589945622154
0 0 20.319828390334635 -1
1 0 20.11989221820364 -1
2 0 20.022944084494526 -1
3 0 21.518187407506645 1

0 1 21.284057961757647 0
1 1 20.37849804859286 -1
2 1 20.362890468234436 -1
3 1 20.292784306113045 -1

0 2 20.70074843698109 0
1 2 20.63955651588541 0
2 2 20.313073957309367 -1
3 2 20.79020422153507 -1

0 3 19.803225896740727 -1
1 3 20.344839609309965 0
2 3 20.495539098847786 0
3 3 20.70204129321042 0


# 20.599999999999987 19.0 3.004589945622154
0 0 20.272361970442123 -1
1 0 20.06654239428144 -1
2 0 19.988951876186025 -1
3 0 21.534113495023995 1

0 1 21.24994682883602 0
1 1 20.32815737674725 -1
2 1 20.296547335955452 -1
3 1 20.25553774588647 -1

0 2 20.69522975352543 0
1 2 20.629033411485615 0
2 2 20.264582296172403 -1
3 2 20.71528158025383 -1

0 3 19.769990596812086 -1
1 3 20.344691103004692 0
2 3 20.49406223300483 0
3 3 20.69847993241395 0


# 20.599999999999987 19.0 3.004589945622154
0 0 20.225554810183617 -1
1 0 20.013859582479025 -1
2 0 19.955150142347712 -1
3 0 21.54861366386194 1

0 1 21.216036365310384 0
1 1 20.27827154300615 -1
2 1 20.231355564558545 -1
3 1 20.21834817026333 -1

0 2 20.68901082836066 0
1 2 20.617758476980832 0
2 2 20.216583840213705 -1
3 2 20.64244069719786 -1

0 3 19.737875358503235 -1
1 3 20.34401042950036 0
2 3 20.492020509644163 0
3 3 20.69414818932915 0


# 20.599999999999987 19.0 3.004589945622154
0 0 20.17939358839048 -1
1 0 19.96183126329984 -1
2 0 19.92153544226975 -1
3 0 21.561742175313306 1

0 1 21.182322949484433 0
1 1 20.228833727993738 -1
2 1 20.167274111628622 -1
3 1 20.181235030921947 -1

0 2 20.682127854989137 0
1 2 20.605764740318115 0
2 2 20.169077816588914 -1
3 2 20.571591720357628 -1

0 3 19.706825505010993 -1
1 3 20.342817320521025 0
2 3 20.489428168156376 0
3 3 20.68909109317547 0


# 20.599999999999987 19.0 3.004589945622154
0 0 20.133865269761834 -1
1 0 19.91044516352155 -1
2 0 19.888104491099984 -1
3 0 21.57355153126629 1

0 1 21.148803307839025 0
1 1 20.179837156929725 -1
2 1 20.104264008216933 -1
3 1 20.144216046741317 -1

0 2 20.67461520771761 0
1 2 20.593084202803933 0
2 2 20.122062498587063 -1
3 2 20.502649303764652 -1

0 3 19.676788977169462 -1
1 3 20.3411306092367 0
2 3 20.4862995955058 0
3 3 20.6833512006124 0


# 20.599999999999987 19.0 3.004589945622154
0 0 20.088957101706736 -1
1 0 19.859689251650483 -1
2 0 19.85485415996739 -1
3 0 21.58409251862121 1

0 1 21.115474482506034 0
1 1 20.13127511673923 -1
2 1 20.04228822968694 -1
3 1 20.107307333403053 -1

0 2 20.666505540943223 0
1 2 20.57974784625542 0
2 2 20.07553531835744 -1
3 2 20.43553235923501 -1

0 3 19.647716207793522 -1
1 3 20.338968287443414 0
2 3 20.482649270171514 0
3 3 20.67696873694323 0


# 20.599999999999987 19.0 3.004589945622154
0 0 20.04465661085517 -1
1 0 19.809551733731904 -1
2 0 19.821781475033237 -1
3 0 21.59341425365208 1

0 1 21.082333801463232 0
1 1 20.083140970469394 -1
2 1 19.981311575829125 -1
3 1 20.07052352366472 -1

0 2 20.657829882489754 0
1 2 20.565785643140277 0
2 2 20.029492969256793 -1
3 2 20.370163822905518 -1

0 3 19.619560002352152 -1
1 3 20.336347558358757 0
2 3 20.478491711999016 0
3 3 20.669981728832127 0


# 20.599999999999987 19.0 3.004589945622154
0 0 20.000951599286726 -1
1 0 19.760021049452636 -1
2 0 19.788883615629047 -1
3 0 21.60156422619213 1

0 1 21.049378851228727 0
1 1 20.03542816932267 -1
2 1 19.921300559523804 -1
3 1 20.03387787897426 -1

0 2 20.648617721385836 0
1 2 20.551226569289433 0
2 2 19.983931498697082 -1
3 2 20.306470435621527 -1

0 3 19.59227542562441 -1
1 3 20.333284885390643 0
2 3 20.473841437450094 0
3 3 20.66242612907103 0


# 20.599999999999987 19.0 3.004589945622154
0 0 19.95783014052058 -1
1 0 19.71108586848129 -1
2 0 19.756157911622992 -1
3 0 21.608588343536383 1

0 1 21.01660745185187 0
1 1 19.98813026258494 -1
2 1 19.862223303289213 -1
3 1 19.997382393046706 -1

0 2 20.63889709044882 0
1 2 20.536098618809 0
2 2 19.93884639230166 -1
3 2 20.244382536298456 -1

0 3 19.565819694012006 -1
1 3 20.32979603720749 0
2 3 20.468712919780153 0
3 3 20.654335933897414 0


# 20.599999999999987 19.0 3.004589945622154
0 0 19.91528057530584 -1
1 0 19.66273508699924 -1
2 0 19.723601840140724 -1
3 0 21.614530973967323 1

0 1 20.984017634014165 0
1 1 19.9412409056982 -1
2 1 19.804049443105576 -1
3 1 19.961047887979202 -1

0 2 20.62869464401199 0
1 2 20.5204288208568 0
2 2 19.89423265011167 -1
3 2 20.18383386743778 -1

0 3 19.540152073202208 -1
1 3 20.325896129410847 0
2 3 20.463120553710425 0
3 3 20.645743293330884 0


# 20.599999999999987 19.0 3.004589945622154
0 0 19.87329150724699 -1
1 0 19.614957824382305 -1
2 0 19.691213021752276 -1
3 0 21.619434989821276 1

0 1 20.951607618069055 0
1 1 19.894753866701652 -1
2 1 19.746750038955046 -1
3 1 19.924884103438643 -1

0 2 20.61803573110902 0
1 2 20.50424325798367 0
2 2 19.850084855523356 -1
3 2 20.12476139203291 -1

0 3 19.515233780893166 -1
1 3 20.321599663086637 0
2 3 20.457078624197877 0
3 3 20.636678614965742 0


# 20.599999999999987 19.0 3.004589945622154
0 0 19.831851798295514 -1
1 0 19.567743419999243 -1
2 0 19.658989216223986 -1
3 0 21.62334181002366 1

0 1 20.919375794863427 0
1 1 19.84866303124159 -1
2 1 19.690297491562333 -1
3 1 19.888899779417645 -1

0 2 20.606944464407324 0
1 2 20.487567085771563 0
2 2 19.80639723758101 -1
3 2 20.067105121151098 -1

0 3 19.49102789431094 -1
1 3 20.316920560488363 0
2 3 20.450601278937988 0
3 3 20.627170661628043 0


# 20.599999999999987 19.0 3.004589945622154
0 0 19.790950564135226 -1
1 0 19.521081430098484 -1
2 0 19.626928317922793 -1
3 0 21.626291442030894 1

0 1 20.887320708196572 0
1 1 19.80296240632954 -1
2 1 19.634665464862355 -1
3 1 19.853102733018638 -1

0 2 20.595443785161564 0
1 2 20.470424553529252 0
2 2 19.76316372719889 -1
3 2 20.0108079515249 -1

0 3 19.467499262263544 -1
1 3 20.31187219808462 0
2 3 20.44370250426553 0
3 3 20.617246643278918 0


# 20.599999999999987 19.0 3.004589945622154
0 0 19.750577169485897 -1
1 0 19.474961624759207 -1
2 0 19.595028350949864 -1
3 0 21.628322523125405 1

0 1 20.85544103878404 0
1 1 19.757646123008943 -1
2 1 19.57982881375908 -1
3 1 19.81749992969277 -1

0 2 20.5835555244397 0
1 2 20.452839025832635 0
2 2 19.72037800783793 -1
3 2 19.95581551253057 -1

0 3 19.44461442149235 -1
1 3 20.306467437184153 0
2 3 20.43639610414599 0
3 3 20.606932303520995 0


# 20.599999999999987 19.0 3.004589945622154
0 0 19.710721223346923 -1
1 0 19.42937398488699 -1
2 0 19.563287464071227 -1
3 0 21.62947236101806 1

0 1 20.823735589604656 0
1 1 19.712708438073513 -1
2 1 19.52576351677475 -1
3 1 19.782097549329553 -1

0 2 20.57130046085639 0
1 2 20.43483300472009 0
2 2 19.678033561119765 -1
3 2 19.90207602197193 -1

0 3 19.422341517095113 -1
1 3 20.300718652333952 0
2 3 20.428695681975558 0
3 3 20.59625200104161 0


# 20.599999999999987 19.0 3.004589945622154
0 0 19.671372574200333 -1
1 0 19.384308699237877 -1
2 0 19.531703925504605 -1
3 0 21.62977697371942 1

0 1 20.792203272518822 0
1 1 19.668143734965003 -1
2 1 19.472446613220587 -1
3 1 19.746901047564656 -1

0 2 20.558698375032428 0
1 2 20.41642815237494 0
2 2 19.636123707820534 -1
3 2 19.84954015012623 -1

0 3 19.400650226808086 -1
1 3 20.29463775766983 0
2 3 20.42061462493097 0
3 3 20.585228786304796 0


# 20.599999999999987 19.0 3.004589945622154
0 0 19.632521305190203 -1
1 0 19.339756161457803 -1
2 0 19.500276117614185 -1
3 0 21.629271128647666 1

0 1 20.760843096055282 0
1 1 19.623946523963987 -1
2 1 19.41985614454956 -1
3 1 19.711915212646822 -1

0 2 20.545768100983924 0
1 2 20.397645314146203 0
2 2 19.594641644650185 -1
3 2 19.79816089154415 -1

0 3 19.379511688946838 -1
1 3 20.288236231383983 0
2 3 20.412166090631935 0
3 3 20.573884473783938 0


# 20.599999999999987 19.0 3.004589945622154
0 0 19.594157729293514 -1
1 0 19.295706967127035 -1
2 0 19.46900253155828 -1
3 0 21.62798838094681 1

0 1 20.729654154271856 0
1 1 19.58011144177485 -1
2 1 19.367971099578742 -1
3 1 19.67714421818049 -1

0 2 20.53252757463098 0
1 2 20.378504541776465 0
2 2 19.553580477189353 -1
3 2 19.74789344412914 -1

0 3 19.358898433816933 -1
1 3 20.28152513846056 0
2 3 20.4033629958986 0
3 3 20.56223971000805 0


# 20.599999999999987 19.0 3.004589945622154
0 0 19.556272384495735 -1
1 0 19.252151910801647 -1
2 0 19.43788176192876 -1
3 0 21.625961110994037 1

0 1 20.698635616603255 0
1 1 19.53663325059478 -1
2 1 19.316771363293682 -1
3 1 19.642591672037913 -1

0 2 20.51899387960284 0
1 2 20.359025116721366 0
2 2 19.512933249324778 -1
3 2 19.698695095052166 -1

0 3 19.338784318416284 -1
1 3 20.27451515181765 0
2 3 20.394218007404664 0
3 3 20.550314037677243 0


# 20.599999999999987 19.0 3.004589945622154
0 0 19.518856028982746 -1
1 0 19.209081983046055 -1
2 0 19.406912501415757 -1
3 0 21.623220561079695 1

0 1 20.66778671861608 0
1 1 19.493506836746356 -1
2 1 19.266237668969882 -1
3 1 19.60826066171354 -1

0 2 20.505183290504565 0
1 2 20.339225573459462 0
2 2 19.472692969495824 -1
3 2 19.650525113086616 -1

0 3 19.319144464261164 -1
1 3 20.26721657198281 0
2 3 20.384743534043537 0
3 3 20.538125956086425 0


# 20.599999999999987 19.0 3.004589945622154
0 0 19.481899636359312 -1
1 0 19.166488367452377 -1
2 0 19.37609353552632 -1
3 0 21.619796871247704 1

0 1 20.63710675359753 0
1 1 19.450727208944283 -1
2 1 19.21635155336749 -1
3 1 19.574153796373995 -1

0 2 20.49111131379919 0
1 2 20.319123722704074 0
2 2 19.432852634038447 -1
3 2 19.603344646974964 -1

0 3 19.299955198177145 -1
1 3 20.25963934541863 0
2 3 20.37495172084023 0
3 3 20.525692978081096 0


# 20.599999999999987 19.0 3.004589945622154
0 0 19.445394390902976 -1
1 0 19.12436243764386 -1
2 0 19.34542373738132 -1
3 0 21.61571911428785 1

0 1 20.60659506491019 0
1 1 19.408289496258465 -1
2 1 19.167095314774475 -1
3 1 19.540273245838733 -1

0 2 20.476792726449123 0
1 2 20.298736674440253 0
2 2 19.39340524788896 -1
3 2 19.55711662946372 -1

0 3 19.28119399590518 -1
1 3 20.251793081605275 0
2 3 20.364854444255844 0
3 3 20.51303168375481 0


# 20.599999999999987 19.0 3.004589945622154
0 0 19.40933168286112 -1
1 0 19.08269575426083 -1
2 0 19.314902062611182 -1
3 0 21.611015329874885 1

0 1 20.57625103905079 0
1 1 19.366188945828377 -1
2 1 19.118451973691307 -1
3 1 19.506620776709866 -1

0 2 20.462241612451013 0
1 2 20.278080860720404 0
2 2 19.354343842887864 -1
3 2 19.511805686666474 -1

0 3 19.26283942838127 -1
1 3 20.243687068978144 0
2 3 20.35446330874455 0
3 3 20.50015777108457 0


# 20.599999999999987 19.0 3.004589945622154
0 0 19.373703103797858 -1
1 0 19.041480061928723 -1
2 0 19.28452754436745 -1
3 0 21.605712557852318 1

0 1 20.546074099355582 0
1 1 19.324420920376966 -1
2 1 19.07040523596623 -1
3 1 19.473197785853873 -1

0 2 20.447471397389556 0
1 2 20.257172058161416 0
2 2 19.31566149390371 -1
3 2 19.467378052436587 -1

0 3 19.244871110555955 -1
1 3 20.235330289810605 0
2 3 20.343789644434864 0
3 3 20.487086103687982 0


# 20.47999999999999 19.0 3.004589945622154
0 0 19.338500441996548 -1
1 0 19.00070728620861 -1
2 0 19.254299288464342 -1
3 0 21.599836870661452 1

0 1 20.516063700299803 0
1 1 19.282980895566503 -1
2 1 19.02293945820531 -1
3 1 19.440005331423652 -1

0 2 20.4324948811274 0
1 2 20.236025410094566 0
2 2 19.277351332978387 -1
3 2 19.423801487451332 -1

0 3 19.227269652627196 -1
1 3 20.22673143412444 0
2 3 20.332844505818088 0
3 3 20.47383075587445 0


# 20.359999999999992 19.0 3.004589945622154
0 0 19.302275677922772 -1
1 0 18.95963225053129 -1
2 0 19.223487621301615 -1
3 0 21.591964658750342 1

0 1 20.48548204234261 0
1 1 19.241846762513397 -1
2 1 18.976030656790062 -1
3 1 19.40630666913976 -1

0 2 20.416595421380823 0
1 2 20.21464648982199 0
2 2 19.239406346674002 -1
3 2 19.380316350238633 -1

0 3 19.20856786739868 -1
1 3 20.217161420247677 0
2 3 20.32090981884728 0
3 3 20.458947562692 0


# 20.239999999999995 19.0 3.004589945622154
0 0 19.26505512503204 -1
1 0 18.91825237011514 -1
2 0 19.192096113434815 -1
3 0 21.582154764426225 1

0 1 20.454333764271336 0
1 1 19.200997277284735 -1
2 1 18.92964686214254 -1
3 1 19.37210720475758 -1

0 2 20.39978899114073 0
1 2 20.1930317067347 0
2 2 19.20180169888921 -1
3 2 19.336897341124676 -1

0 3 19.18878282910899 -1
1 3 20.206633332853567 0
2 3 20.30800019758891 0
3 3 20.44248422089965 0


# 20.119999999999997 19.0 3.004589945622154
0 0 19.226864174143522 -1
1 0 18.876565261348663 -1
2 0 19.16012847932556 -1
3 0 21.57046402111588 1

0 1 20.42262355148277 0
1 1 19.160411816555573 -1
2 1 18.883757203154033 -1
3 1 19.337412124942496 -1

0 2 20.382091110560737 0
1 2 20.171177440317745 0
2 2 19.164513203528752 -1
3 2 19.29352056738989 -1

0 3 19.16793134058204 -1
1 3 20.19516004061558 0
2 3 20.294130078870705 0
3 3 20.42448659670239 0


