# 20.0 20.0 0.0
0 0 20.0 0
1 0 20.0 0
2 0 20.0 0
3 0 20.0 0

0 1 20.0 0
1 1 20.0 0
2 1 20.0 0
3 1 20.0 0

0 2 20.0 0
1 2 20.0 0
2 2 20.0 0
3 2 20.0 0

0 3 20.0 0
1 3 20.0 0
2 3 20.0 0
3 3 20.0 0


# 20.0 20.0 0.0
0 0 20.0 0
1 0 20.0 0
2 0 20.0 0
3 0 20.0 0

0 1 20.0 0
1 1 20.0 0
2 1 20.0 0
3 1 20.0 0

0 2 20.0 0
1 2 20.0 0
2 2 20.0 0
3 2 20.0 0

0 3 20.0 0
1 3 20.0 0
2 3 20.0 0
3 3 20.0 0


# 20.0 20.0 0.0
0 0 20.0 0
1 0 20.0 0
2 0 20.0 0
3 0 20.0 0

0 1 20.0 0
1 1 20.0 0
2 1 20.0 0
3 1 20.0 0

0 2 20.0 0
1 2 20.0 0
2 2 20.0 0
3 2 20.0 0

0 3 20.0 0
1 3 20.0 0
2 3 20.0 0
3 3 20.0 0


# 20.0 20.0 0.0
0 0 20.0 0
1 0 20.0 0
2 0 20.0 0
3 0 20.0 0

0 1 20.0 0
1 1 20.0 0
2 1 20.0 0
3 1 20.0 0

0 2 20.0 0
1 2 20.0 0
2 2 20.0 0
3 2 20.0 0

0 3 20.0 0
1 3 20.0 0
2 3 20.0 0
3 3 20.0 0


# 20.0 20.0 0.0
0 0 20.0 0
1 0 20.0 0
2 0 20.0 0
3 0 20.0 0

0 1 20.0 0
1 1 20.0 0
2 1 20.0 0
3 1 20.0 0

0 2 20.0 0
1 2 20.0 0
2 2 20.0 0
3 2 20.0 0

0 3 20.0 0
1 3 20.0 0
2 3 20.0 0
3 3 20.0 0


# 20.0 20.0 0.0
0 0 20.0 0
1 0 20.0 0
2 0 20.0 0
3 0 20.0 0

0 1 20.0 0
1 1 20.0 0
2 1 20.0 0
3 1 20.0 0

0 2 20.0 0
1 2 20.0 0
2 2 20.0 0
3 2 20.0 0

0 3 20.0 0
1 3 20.0 0
2 3 20.0 0
3 3 20.0 0


# 20.0 20.0 0.0
0 0 20.0 0
1 0 20.0 0
2 0 20.0 0
3 0 20.0 0

0 1 20.0 0
1 1 20.0 0
2 1 20.0 0
3 1 20.0 0

0 2 20.0 0
1 2 20.0 0
2 2 20.0 0
3 2 20.0 0

0 3 20.0 0
1 3 20.0 0
2 3 20.0 0
3 3 20.0 0


# 20.0 20.0 0.0
0 0 20.0 0
1 0 20.0 0
2 0 20.0 0
3 0 20.0 0

0 1 20.0 0
1 1 20.0 0
2 1 20.0 0
3 1 20.0 0

0 2 20.0 0
1 2 20.0 0
2 2 20.0 0
3 2 20.0 0

0 3 20.0 0
1 3 20.0 0
2 3 20.0 0
3 3 20.0 0


# 20.0 20.0 0.0
0 0 20.0 0
1 0 20.0 0
2 0 20.0 0
3 0 20.0 0

0 1 20.0 0
1 1 20.0 0
2 1 20.0 0
3 1 20.0 0

0 2 20.0 0
1 2 20.0 0
2 2 20.0 0
3 2 20.0 0

0 3 20.0 0
1 3 20.0 0
2 3 20.0 0
3 3 20.0 0


# 20.0 20.0 0.0
0 0 20.0 0
1 0 20.0 0
2 0 20.0 0
3 0 20.0 0

0 1 20.0 0
1 1 20.0 0
2 1 20.0 0
3 1 20.0 0

0 2 20.0 0
1 2 20.0 0
2 2 20.0 0
3 2 20.0 0

0 3 20.0 0
1 3 20.0 0
2 3 20.0 0
3 3 20.0 0


# 20.0 20.0 0.0
0 0 20.0 0
1 0 20.0 0
2 0 20.0 0
3 0 20.0 0

0 1 20.0 0
1 1 20.0 0
2 1 20.0 0
3 1 20.0 0

0 2 20.0 0
1 2 20.0 0
2 2 20.0 0
3 2 20.0 0

0 3 20.0 0
1 3 20.0 0
2 3 20.0 0
3 3 20.0 0


# 20.0 20.0 0.0
0 0 20.0 0
1 0 20.0 0
2 0 20.0 0
3 0 20.0 0

0 1 20.0 0
1 1 20.0 0
2 1 20.0 0
3 1 20.0 0

0 2 20.0 0
1 2 20.0 0
2 2 20.0 0
3 2 20.0 0

0 3 20.0 0
1 3 20.0 0
2 3 20.0 0
3 3 20.0 0


# 20.0 20.0 0.0
0 0 20.0 0
1 0 20.0 0
2 0 20.0 0
3 0 20.0 0

0 1 20.0 0
1 1 20.0 0
2 1 20.0 0
3 1 20.0 0

0 2 20.0 0
1 2 20.0 0
2 2 20.0 0
3 2 20.0 0

0 3 20.0 0
1 3 20.0 0
2 3 20.0 0
3 3 20.0 0


# 20.0 20.0 0.0
0 0 20.0 0
1 0 20.0 0
2 0 20.0 0
3 0 20.0 0

0 1 20.0 0
1 1 20.0 0
2 1 20.0 0
3 1 20.0 0

0 2 20.0 0
1 2 20.0 0
2 2 20.0 0
3 2 20.0 0

0 3 20.0 0
1 3 20.0 0
2 3 20.0 0
3 3 20.0 0


# 20.0 20.0 0.0
0 0 20.0 0
1 0 20.0 0
2 0 20.0 0
3 0 20.0 0

0 1 20.0 0
1 1 20.0 0
2 1 20.0 0
3 1 20.0 0

0 2 20.0 0
1 2 20.0 0
2 2 20.0 0
3 2 20.0 0

0 3 20.0 0
1 3 20.0 0
2 3 20.0 0
3 3 20.0 0


# 20.0 20.0 0.0
0 0 20.0 0
1 0 20.0 0
2 0 20.0 0
3 0 20.0 0

0 1 20.0 0
1 1 20.0 0
2 1 20.0 0
3 1 20.0 0

0 2 20.0 0
1 2 20.0 0
2 2 20.0 0
3 2 20.0 0

0 3 20.0 0
1 3 20.0 0
2 3 20.0 0
3 3 20.0 0


# 20.0 20.0 0.0
0 0 20.0 0
1 0 20.0 0
2 0 20.0 0
3 0 20.0 0

0 1 20.0 0
1 1 20.0 0
2 1 20.0 0
3 1 20.0 0

0 2 20.0 0
1 2 20.0 0
2 2 20.0 0
3 2 20.0 0

0 3 20.0 0
1 3 20.0 0
2 3 20.0 0
3 3 20.0 0


# 20.0 20.0 0.0
0 0 20.0 0
1 0 20.06 1
2 0 20.00072 0
3 0 20.00000864 0

0 1 20.0 0
1 1 20.00072 0
2 1 20.00001728 0
3 1 20.00000031104 0

0 2 20.0 0
1 2 20.00000864 0
2 2 20.00000031104 0
3 2 20.00000000746496 0

0 3 20.0 0
1 3 20.00000010368 0
2 3 20.00000000497664 0
3 3 20.0000000001493 0


# 20.0 20.0 0.05999999999999872
0 0 20.00072 0
1 0 20.11750592 1
2 0 20.00210014208 0
3 0 20.000033534397442 0

0 1 20.00001728 0
1 1 20.00209602944 0
2 1 20.0000668120832 0
3 1 20.000001502223668 0

0 2 20.00000031104 0
1 2 20.000033386342402 0
2 2 20.000001498640486 0
3 2 20.000000043163592 0

0 3 20.00000000497664 0
1 3 20.00000050008099 0
2 3 20.000000028754073 0
3 3 20.000000001006935 0


# 20.0 20.0 0.11750591999999926
0 0 20.0021043584 0
1 0 20.17264627771904 1
2 0 20.004084895603036 0
3 0 20.000081363933056 0

0 1 20.000066962626562 0
1 1 20.004069181292135 0
2 1 20.00016149003632 0
3 1 20.00000435389587 0

0 2 20.000001502223668 0
1 2 20.000080655984814 0
2 2 20.00000433332101 0
3 2 20.000000145609405 0

0 3 20.000000028825138 0
1 3 20.000001447640358 0
2 3 20.000000096930023 0
3 3 20.00000000388116 0


# 20.0 20.0 0.17264627771903918
0 0 20.004101160381747 0
1 0 20.22554219690216 1
2 0 20.066622750598167 1
3 0 20.000877960085393 0

0 1 20.000162212323016 0
1 1 20.00658521925307 0
2 1 20.001032338399394 0
3 1 20.000027096361375 0

0 2 20.00000435389587 0
1 2 20.000155928746867 0
2 2 20.00001838743783 0
3 2 20.000000685345974 0

0 3 20.000000097405866 0
1 3 20.000003260316454 0
2 3 20.000000352678587 0
3 3 20.00000001619773 0


# 20.0 20.0 0.22554219690216115
0 0 20.006661971518707 0
1 0 20.27702786392871 1
2 0 20.127171853022006 1
3 0 20.002372740914918 0

0 1 20.00031441794146 0
1 1 20.009611495317117 0
2 1 20.002624732141882 0
3 1 20.00008593621503 0

0 2 20.000009816361374 0
1 2 20.00026415968021 0
2 2 20.000052183998974 0
3 2 20.000002314198383 0

0 3 20.00000025081939 0
1 3 20.0000063005413 0
2 3 20.00000103987494 0
3 3 20.00000005586349 0


# 20.0 20.0 0.2770278639287085
0 0 20.009750247926476 0
1 0 20.32715109679889 1
2 0 20.18581641803335 1
3 0 20.004518150492963 0

0 1 20.000533671103177 0
1 1 20.013117027458584 0
2 1 20.004887603787544 0
3 1 20.000195223715746 0

0 2 20.00001898105343 0
1 2 20.000409813932187 0
2 2 20.00011328842854 0
3 2 20.000005919818143 0

0 3 20.00000054516903 0
1 3 20.00001097270628 0
2 3 20.000002488004174 0
3 3 20.000000154746274 0


# 20.0 20.0 0.32715109679888954
0 0 20.013331456215948 0
1 0 20.37595792955383 1
2 0 20.242636492681964 1
3 0 20.00726947767199 0

0 1 20.00082886649358 0
1 1 20.017072420705777 0
2 1 20.007773207912127 0
3 1 20.00036760758451 0

0 2 20.000033054556322 0
1 2 20.000596899700206 0
2 2 20.000208392769185 0
3 2 20.00001258504698 0

0 3 20.000001053870097 0
1 3 20.00001771715151 0
2 3 20.000005098684003 0
3 3 20.00000036138018 0


# 20.0 20.0 0.3759579295538309
0 0 20.01737296534474 0
1 0 20.42349267905736 1
2 0 20.297708184365018 1
3 0 20.010584685979193 0

0 1 20.001207795388133 0
1 1 20.021449791496593 0
2 1 20.011236901646928 0
3 1 20.00061417813804 0

0 2 20.000053335252456 0
1 2 20.00082899935463 0
2 2 20.000343392933054 0
3 2 20.000023551664423 0

0 3 20.00000186855962 0
1 3 20.000027004630326 0
2 3 20.0000093336466 0
3 3 20.000000742994228 0


# 20.0 20.0 0.423492679057361
0 0 20.021843944285678 0
1 0 20.46979800957872 1
2 0 20.351103875788144 1
3 0 20.014424253931058 0

0 1 20.001677232834247 0
1 1 20.02622269522573 0
2 1 20.015236940072896 0
3 1 20.000944599604264 0

0 2 20.000081192380836 0
1 2 20.00110929880765 0
2 2 20.000523459562565 0
3 2 20.00004018812045 0

0 3 20.000003099655608 0
1 3 20.00003933122117 0
2 3 20.000015704038777 0
3 3 20.000001386952345 0


# 20.0 20.0 0.46979800957872087
0 0 20.026715265200348 0
1 0 20.514914995210987 1
2 0 20.40289242727562 1
3 0 20.0187510251121 0

0 1 20.00224301888889 0
1 1 20.03136605689066 0
2 1 20.019734285469394 0
3 1 20.001367232405308 0

0 2 20.000118047309066 0
1 2 20.001440615204682 0
2 2 20.000753103017562 0
3 2 20.000063960887896 0

0 3 20.00000487661037 0
1 3 20.000055213660126 0
2 3 20.00002476091271 0
3 3 20.000002401683666 0


# 20.0 20.0 0.5149149952109866
0 0 20.031959411822335 0
1 0 20.55888318016399 1
2 0 20.45313936721899 1
3 0 20.083530067403554 1

0 1 20.062910134287822 1
1 1 20.03757610474142 0
2 1 20.02470106945546 0
3 1 20.00260934981725 0

0 2 20.00088535683532 0
1 2 20.00184270301391 0
2 2 20.00103654400396 0
3 2 20.000105054076663 0

0 3 20.00001598789834 0
1 3 20.0000754961083 0
2 3 20.000037094255926 0
3 3 20.000004021003047 0


# 20.0 20.0 0.5588831801639884
0 0 20.03827039277015 0
1 0 20.601757916973867 1
2 0 20.502627382441787 1
3 0 20.146585825764134 1

0 1 20.121188690899896 1
1 1 20.04476633627795 0
2 1 20.03012789347209 0
3 1 20.004621582404678 0

0 2 20.00232474042998 0
1 2 20.002332690671086 0
2 2 20.00137802268148 0
3 2 20.000172685318514 0

0 3 20.00004421517246 0
1 3 20.000101293272945 0
2 3 20.000053336340667 0
3 3 20.000006588506846 0


# 20.0 20.0 0.6017579169738667
0 0 20.04556801792491 0
1 0 20.6435996253007 1
2 0 20.551360792513677 1
3 0 20.207980524535646 1

0 1 20.177210675017694 1
1 1 20.052856802750146 0
2 1 20.03600436098963 0
3 1 20.007357366793805 0

0 2 20.004382152302256 0
1 2 20.002925340770954 0
2 2 20.001781746273807 0
3 2 20.00027518095403 0

0 3 20.00009642477315 0
1 3 20.0001339401781 0
2 3 20.000074163513865 0
3 3 20.000010543454213 0


# 20.0 20.0 0.6435996253006984
0 0 20.053777292883435 0
1 0 20.684464379695836 1
2 0 20.599345030410756 1
3 0 20.267773654418818 1

0 1 20.23110002164218 1
1 1 20.061773605455322 0
2 1 20.04231924464933 0
3 1 20.01077277434873 0

0 2 20.007007563351795 0
1 2 20.003633286677058 0
2 2 20.002251844962196 0
3 2 20.000420045307145 0

0 3 20.000178651523676 0
1 3 20.000174947911194 0
2 3 20.000100296682213 0
3 3 20.000016407993733 0


# 20.0 20.0 0.6844643796958358
0 0 20.062828083155686 0
1 0 20.724404236376873 1
2 0 20.646586504758844 1
3 0 20.32602211420903 1

0 1 20.282973131756762 1
1 1 20.071448431186987 0
2 1 20.049060635569244 0
3 1 20.01482635136711 0

0 2 20.01015466653051 0
1 2 20.00446724760365 0
2 2 20.00279233510596 0
3 2 20.000614024537846 0

0 3 20.000296175442124 0
1 3 20.00022596473566 0
2 3 20.000132500715583 0
3 3 20.000024775609 0


# 20.0 20.0 0.7244042363768735
0 0 20.072654800579684 0
1 0 20.76346753528735 1
2 0 20.69309247497976 1
3 0 20.382780344013668 1

0 1 20.332939355002544 1
1 1 20.081818123771566 0
2 1 20.056216076484613 0
3 1 20.019478969950125 0

0 2 20.01378060387281 0
1 2 20.005436224048506 0
2 2 20.00340708893031 0
3 2 20.000863165521128 0

0 3 20.00045359194951 0
1 3 20.000288742017325 0
2 3 20.00017158296421 0
3 3 20.0000363006689 0


# 20.0 20.0 0.7634675352873508
0 0 20.083196110442294 0
1 0 20.801699179315605 1
2 0 20.738870938228377 1
3 0 20.43810045052732 1

0 1 20.38110144014948 1
1 1 20.15282428887051 1
2 1 20.064492680245102 0
3 1 20.02470232876774 0

0 2 20.01784571358392 0
1 2 20.007267675295 0
2 2 20.00411708990996 0
3 2 20.0011731812014 0

0 3 20.00065487610654 0
1 3 20.000373744464987 0
2 3 20.000218702100238 0
3 3 20.000051696444437 0


# 20.0 20.0 0.8016991793156052
0 0 20.094394657899954 0
1 0 20.839860892404335 1
2 0 20.783947807100905 1
3 0 20.49203263593876 1

0 1 20.428275955587452 1
1 1 20.221567489447107 1
2 1 20.073809048176045 0
3 1 20.030469009343292 0

0 2 20.022330575697264 0
1 2 20.00989949367507 0
2 2 20.004940674696115 0
3 2 20.001549444156744 0

0 3 20.000903752408654 0
1 3 20.000490310575664 0
2 3 20.000275308792624 0
3 3 20.00007173240783 0


# 20.0 20.0 0.8398608924043351
0 0 20.106214092391458 0
1 0 20.877927487590625 1
2 0 20.82834722926313 1
3 0 20.54462525590824 1

0 1 20.47448971134321 1
1 1 20.288165758843064 1
2 1 20.08408928592934 0
3 1 20.036752478782805 0

0 2 20.027216207007104 0
1 2 20.013274073392132 0
2 2 20.005893779657953 0
3 2 20.001996983392345 0

0 3 20.001203695532936 0
1 3 20.0006467544641 0
2 3 20.00034309302169 0
3 3 20.000097230958115 0


# 20.0 20.0 0.8779274875906253
0 0 20.118619391452572 0
1 0 20.915876121666525 1
2 0 20.87209173359613 1
3 0 20.59592487724409 1

0 1 20.51976915975443 1
1 1 20.352729906107506 1
2 1 20.095262614982467 0
3 1 20.043527088381353 0

0 2 20.03248408945696 0
1 2 20.017337972225548 0
2 2 20.006990166197834 0
3 2 20.002520483916314 0

0 3 20.001557932620802 0
1 3 20.000850458751025 0
2 3 20.000423937385662 0
3 3 20.000129063699248 0


# 20.0 20.0 0.9158761216665248
0 0 20.13157683673733 0
1 0 20.95368610627382 1
2 0 20.915202363967097 1
3 0 20.645976335091486 1

0 1 20.564140345032364 1
1 1 20.415363995076515 1
2 1 20.10726301282678 0
3 1 20.11076806865135 1

0 2 20.038116192698315 0
1 2 20.022041599311404 0
2 2 20.00824162662162 0
3 2 20.003844288699494 0

0 3 20.001969446863846 0
1 3 20.001107959286212 0
2 3 20.00051987581075 0
3 3 20.000176787380198 0


# 20.0 20.0 0.9536861062738211
0 0 20.14505398803046 0
1 0 20.99133873397521 1
2 0 20.957698801663202 1
3 0 20.69554278947197 1

0 1 20.607628860650667 1
1 1 20.47616578979401 1
2 1 20.120748879651856 0
3 1 20.175957441261872 1

0 2 20.044094991486897 0
1 2 20.027338926950723 0
2 2 20.009675452197136 0
3 2 20.005912544744184 0

0 3 20.002440982186027 0
1 3 20.00142502241556 0
2 3 20.00063336817061 0
3 3 20.00024897398949 0


# 20.0 20.0 0.9913387339752084
0 0 20.159019655596875 0
1 0 21.028817118112897 1
2 0 20.999616757440187 1
3 0 20.7446101394354 1

0 1 20.650259813745873 1
1 1 20.535235808745433 1
2 1 20.1355987589443 0
3 1 20.23920068604636 1

0 2 20.11040347851904 1
1 2 20.033907535599614 0
2 2 20.01132365698118 0
3 2 20.008673497669133 0

0 3 20.003695048838544 0
1 3 20.001824002905412 0
2 3 20.000767526313957 0
3 3 20.000353303213664 0


# 20.0 20.0 1.0288171181128973
0 0 20.173443871177692 0
1 0 21.066106356400514 1
2 0 21.04098863668506 1
3 0 20.793166446288506 1

0 1 20.692777899469853 1
1 1 20.592685176530622 1
2 1 20.15170039638989 0
3 1 20.300596741316582 1

0 2 20.174531098228137 1
1 2 20.101644341106578 1
2 2 20.013933550583836 0
3 2 20.012087813908398 0

0 3 20.00567828829396 0
1 3 20.003044476651958 0
2 3 20.000943266174165 0
3 3 20.000496957258964 0


# 20.0 20.0 1.066106356400514
0 0 20.18830650288574 0
1 0 21.10319365322491 1
2 0 21.08184383989513 1
3 0 20.84120174119666 1

0 1 20.735147501023853 1
1 1 20.649336518758094 1
2 1 20.168967305169822 0
3 1 20.360238760504583 1

0 2 20.23731043366765 1
1 2 20.1676089124894 1
2 2 20.017460027728713 0
3 2 20.01611847467015 0

0 3 20.008358128839212 0
1 3 20.00503953232261 0
2 3 20.001179607202573 0
3 3 20.000686643780114 0


# 20.0 20.0 1.1031936532249098
0 0 20.20358756263284 0
1 0 21.140076734844897 1
2 0 21.12220934799407 1
3 0 20.888707855815564 1

0 1 20.777354120161554 1
1 1 20.705216450729694 1
2 1 20.187318369565155 0
3 1 20.418214468964 1

0 2 20.29878324939149 1
1 2 20.231881675811977 1
2 2 20.021859923924733 0
3 2 20.08073063117403 1

0 3 20.01170310958157 0
1 3 20.007765044676212 0
2 3 20.00149380304864 0
3 3 20.001648617814702 0


# 20.0 20.0 1.1400767348448966
0 0 20.219267580638135 0
1 0 21.176753832533755 1
2 0 21.16210991607329 1
3 0 20.935678265626652 1

0 1 20.81938445448388 1
1 1 20.760350121083405 1
2 1 20.206677500986572 0
3 1 20.475326498040957 1

0 2 20.358989983795578 1
1 2 20.29453893625476 1
2 2 20.027811938033913 0
3 2 20.143397389311396 1

0 3 20.075682857978297 1
1 3 20.011899499967193 0
2 3 20.001927383990385 0
3 3 20.003333164852993 0


# 20.0 20.0 1.1767538325337554
0 0 20.235327607179375 0
1 0 21.21322362329937 1
2 0 21.201568252277163 1
3 0 20.98211658506791 1

0 1 20.861226319940258 1
1 1 20.814761311837174 1
2 1 20.226990596941487 0
3 1 20.531592839979087 1

0 2 20.418689781846243 1
1 2 20.355679017694747 1
2 2 20.03521289766354 0
3 2 20.204216365790266 1

0 3 20.13812534647284 1
1 3 20.017348501946465 0
2 3 20.002517168636345 0
3 3 20.005693973331404 0


# 20.0 20.0 1.2132236232993705
0 0 20.251749212639794 0
1 0 21.249485176441848 1
2 0 21.240605493982937 1
3 0 21.02802676801301 1

0 1 20.902877218178645 1
1 1 20.86847315298007 1
2 1 20.24820566090356 0
3 1 20.58703132623645 1

0 2 20.477864989996856 1
1 2 20.415393219356442 1
2 2 20.04396666755193 0
3 2 20.263279582032514 1

0 3 20.19909539590314 1
1 3 20.024023934271465 0
2 3 20.003295662455475 0
3 3 20.00868789322533 0


# 20.0 20.0 1.2494851764418478
0 0 20.26851458972021 0
1 0 21.285537917871487 1
2 0 21.27924130739711 1
3 0 21.073413075968144 1

0 1 20.94433460780751 1
1 1 20.921508098508294 1
2 1 20.270272757976517 0
3 1 20.641659595526246 1

0 2 20.536500539093794 1
1 2 20.47376633570044 1
2 2 20.053983639567416 0
3 2 20.320673813126977 1

0 3 20.25865425533101 1
1 3 20.031843524073906 0
2 3 20.004291425314744 0
3 3 20.012274711930516 0


# 20.0 20.0 1.285537917871487
0 0 20.28560653479843 0
1 0 21.32138159660933 1
2 0 21.31749398165308 1
3 0 21.11828004815944 1

0 1 20.9855959363484 1
1 1 20.973887909299513 1
2 1 20.2931439671062 0
3 1 20.695495066454853 1

0 2 20.594583714780413 1
1 2 20.53087713703947 1
2 2 20.06518026097923 0
3 2 20.37648091344802 1

0 3 20.316859829005345 1
1 3 20.040730436759116 0
2 3 20.00552941036755 0
3 3 20.016416946186805 0


# 20.0 20.0 1.3213815966093314
0 0 20.30300842994118 0
1 0 21.357016253402463 1
2 0 21.355380517647667 1
3 0 21.162632473434932 1

0 1 21.02665866767002 1
1 1 21.025633641955753 1
2 1 20.316773330529553 0
3 1 20.7485549142727 1

0 2 20.652103946364214 1
1 2 20.586798813894276 1
2 2 20.0774785980711 0
3 2 20.430778120585572 1

0 3 20.373766887758634 1
1 3 20.05061289975948 0
2 3 20.00703127646032 0
3 3 20.02107964888863 0


# 20.0 20.0 1.3570162534024632
0 0 20.320704225516167 0
1 0 21.392442191380994 1
2 0 21.39291671185061 1
3 0 21.206475363904755 1

0 1 21.067520305393913 1
1 1 21.07676564283626 1
2 1 20.3411168010685 0
3 1 20.800856051299952 1

0 2 20.70905261270148 1
1 2 20.64159938786777 1
2 2 20.090805932395472 0
3 2 20.483638339111987 1

0 3 20.429427265948856 1
1 3 20.061423853132904 0
2 3 20.008815676061992 0
3 3 20.026230229710727 0


# 20.0 20.0 1.39291671185061
0 0 20.338678423358882 0
1 0 21.42765994867954 1
2 0 21.430117235316718 1
3 0 21.249813930243583 1

0 1 21.10817841271413 1
1 1 21.12730354658408 1
2 1 20.366132187804368 0
3 1 20.852415110631274 1

0 2 20.765422863766386 1
1 2 20.695342091600665 1
2 2 20.105094387175438 0
3 2 20.535130405599492 1

0 3 20.48389004497749 1
1 3 20.073100625053005 0
2 3 20.01089852057066 0
3 3 20.031838288555182 0


# 20.0 20.0 1.4301172353167182
0 0 20.356916060454687 0
1 0 21.462670272943267 1
2 0 21.46699570812531 1
3 0 21.292653558579893 1

0 1 21.148630629029796 1
1 1 21.17726627852458 1
2 1 20.391779100603237 0
3 1 20.90324843276215 1

0 2 20.821209456675493 1
1 2 20.748085720172977 1
2 2 20.120280581554372 0
3 2 20.585319336198776 1

0 3 20.53720172433904 1
1 3 20.08558463038177 0
2 3 20.013293224712587 0
3 3 20.03787546089813 0


# 20.0 20.0 1.4669957081253102
0 0 20.375402693101993 0
1 0 21.497474097636672 1
2 0 21.503564769465886 1
3 0 21.334999788897754 1

0 1 21.188874683750168 1
1 1 21.226672060381357 1
2 1 20.418018893904247 0
3 1 20.95337205481415 1

0 2 20.876408605034268 1
1 2 20.799884956132896 1
2 2 20.136305310571146 0
3 2 20.63426655799383 1

0 3 20.58940638108783 1
1 3 20.098821090648936 0
2 3 20.016010931620077 0
3 3 20.044315274181166 0


# 20.0 20.0 1.5035647694658856
0 0 20.394124381526964 0
1 0 21.532072520072422 1
2 0 21.53983614358281 1
3 0 21.376858294878197 1

0 1 21.228908407595974 1
1 1 21.27553841881552 1
2 1 20.444814610130248 0
3 1 21.002801702067984 1

0 2 20.931017840560628 1
1 2 20.850790670165672 1
2 2 20.15311324890265 0
3 2 20.68203012525991 1

0 3 20.640545818543185 1
1 3 20.112758773885627 0
2 3 20.019060720055666 0
3 3 20.051133014454432 0


# 20.0 20.0 1.5398361435828107
0 0 20.413067674924015 0
1 0 21.56646678107725 1
2 0 21.57582070178536 1
3 0 21.418234865108822 1

0 1 21.268729741688546 1
1 1 21.323882196349114 1
2 1 20.47213092303326 0
3 1 21.051552781541954 1

0 2 20.98503588602185 1
1 2 20.90085019925963 1
2 2 20.170652676566622 0
3 2 20.72866492166975 1

0 3 20.69065970499452 1
1 3 20.12734975287415 0
2 3 20.02244979514007 0
3 3 20.05830560253579 0


# 20.0 20.0 1.5758207017853607
0 0 20.43221959689994 0
1 0 21.60065824621242 1
2 0 21.61152852072263 1
3 0 21.45913538559208 1

0 1 21.308336744688877 1
1 1 21.371719564282685 1
2 1 20.49993408124503 0
3 1 21.099640377379274 1

0 2 21.03846253859625 1
1 2 20.950107604083005 1
2 2 20.18887522491708 0
3 2 20.774222849417608 1

0 3 20.73978570311236 1
1 3 20.14254918048146 0
2 3 20.026183663839397 0
3 3 20.065811479003585 0


# 20.0 20.0 1.6115285207226293
0 0 20.451567631302357 0
1 0 21.634648388467188 1
2 0 21.64696893711593 1
3 0 21.49956582348471 1

0 1 21.347727598222118 1
1 1 21.419066037261324 1
2 1 20.52819185226535 0
3 1 21.147079247831357 1

0 2 21.091298562840215 1
1 2 20.998603907153022 1
2 2 20.207735641393164 0
3 2 20.818753006160804 1

0 3 20.787959590720178 1
1 3 20.15831508084179 0
2 3 20.030266296373004 0
3 3 20.07363049738986 0


# 20.0 20.0 1.646968937115929
0 0 20.471099708415743 0
1 0 21.66843877234508 1
2 0 21.6821505991342 1
3 0 21.539532212002847 1

0 1 21.386900610798996 1
1 1 21.46593648918353 1
2 1 20.556873467087122 0
3 1 21.19388382364545 1

0 2 21.143545592504992 1
1 2 21.04637731325676 1
2 2 20.227191571600823 0
3 2 20.862301850613683 1

0 3 20.835215373534414 1
1 3 20.174608155244403 0
2 3 20.03470027461616 0
3 3 20.081743824986585 0


# 20.0 20.0 1.6821505991342
0 0 20.490804191510506 0
1 0 21.702031039264526 1
2 0 21.717081514590816 1
3 0 21.57904063642958 1

0 1 21.425854220423826 1
1 1 21.512345170183107 1
2 1 20.585949565627182 0
3 1 21.240068207684388 1

0 2 21.195206040506363 1
1 2 21.09346341347085 1
2 2 20.24720335741592 0
3 2 20.90491335756895 1

0 3 20.881585390436186 1
1 3 20.191391601666417 0
2 3 20.039486928491108 0
3 3 20.090133850719788 0


# 20.0 20.0 1.7170815145908165
0 0 20.51066986373239 0
1 0 21.73542689419749 1
2 0 21.751769096133053 1
3 0 21.61809722116392 1

0 1 21.464586996059086 1
1 1 21.558305724446573 1
2 1 20.615392143105236 0
3 1 21.2856461756237 1

0 2 21.24628301640469 1
1 2 21.139895374023453 1
2 2 20.26773384989822 0
3 2 20.946629163065957 1

0 3 20.927100411797337 1
1 3 20.20863094696817 0
2 3 20.044626461265516 0
3 3 20.098784099585853 0


# 20.0 20.0 1.751769096133053
0 0 20.5306859153211 0
1 0 21.768628093472007 1
2 0 21.786220203588357 1
3 0 21.656708117752565 1

0 1 21.503097638098673 1
1 1 21.603831208657528 1
2 1 20.6451744974894 0
3 1 21.3306311775872 1

0 2 21.296780250802726 1
1 2 21.185704111146247 1
2 2 20.288748235898712 0
3 2 20.987488700374048 1

0 3 20.971789731345883 1
1 3 20.226293890840598 0
2 3 20.050118064608267 0
3 3 20.10767915318055 0


# 20.0 20.0 1.786220203588357
0 0 20.55084193114839 0
1 0 21.801636433666914 1
2 0 21.820441183624553 1
3 0 21.694879493848013 1

0 1 21.54138497798583 1
1 1 21.648934110885428 1
2 1 20.67527117810586 0
3 1 21.375036340596473 1

0 2 21.346702026114748 1
1 2 21.230918452976102 1
2 2 20.310213877328344 0
3 2 21.027529327411603 1

0 3 21.015681252020894 1
1 3 20.244350160660556 0
2 3 20.055960024188753 0
3 3 20.116804575885254 0


# 20.0 20.0 1.8204411836245527
0 0 20.57112787856688 0
1 0 21.834453741529828 1
2 0 21.854437906874125 1
3 0 21.73261752303913 1

0 1 21.57944797709723 1
1 1 21.693626369759436 1
2 1 20.70565793549148 0
3 1 21.418874471722727 1

0 2 21.39605311320306 1
1 2 21.275565289484664 1
2 2 20.3321001621355 0
3 2 21.066786446177236 1

0 3 21.058801566234504 1
1 3 20.262771376471708 0
2 3 20.062149816546736 0
3 3 20.126146846306074 0


# 20.0 20.0 1.854437906874125
0 0 20.591534095561997 0
1 0 21.867081864851922 1
2 0 21.888215802666004 1
3 0 21.76992837550239 1

0 1 21.61728572500144 1
1 1 21.737919393788935 1
2 1 20.736311672551647 0
3 1 21.462158061841148 1

0 2 21.444838713417177 1
1 2 21.31966971133916 1
2 2 20.354378366112375 0
3 2 21.105293614728907 1

0 3 21.101176030928727 1
1 3 20.281530925365672 0
2 3 20.06868419790518 0
3 3 20.135693293590666 0


# 20.0 20.0 1.8882158026660036
0 0 20.612051279200006 0
1 0 21.899522664236002 1
2 0 21.92177989150151 1
3 0 21.806818209424414 1

0 1 21.654897437188254 1
1 1 21.781824080710848 1
2 1 20.767210397071157 0
3 1 21.504899289898514 1

0 2 21.49306440560713 1
1 2 21.363255138528434 1
2 2 20.377021524717787 0
3 2 21.143082652208776 1

0 3 21.142828837786965 1
1 3 20.30060384459096 0
2 3 20.075559285547957 0
3 3 20.145432038274482 0


# 20.0 20.0 1.9217798915015116
0 0 20.6326704743659 0
1 0 21.93177800569703 1
2 0 21.955134815404758 1
3 0 21.843293163148775 1

0 1 21.692282452354554 1
1 1 21.825350836760542 1
2 1 20.79833317561312 0
3 1 21.547110027614426 1

0 2 21.54073609771567 1
1 2 21.406343439524488 1
2 2 20.400004314166065 0
3 2 21.180183737376666 1

0 3 21.183783078934315 1
1 3 20.31996671276622 0
2 3 20.082770632337425 0
3 3 20.15535193733317 0


# 20.0 20.0 1.955134815404758
0 0 20.653383062785345 0
1 0 21.963849754037163 1
2 0 21.988284866271346 1
3 0 21.879359348002048 1

0 1 21.7294402293228 1
1 1 21.868509595778008 1
2 1 20.829660088829648 0
3 1 21.58880184454512 1

0 2 21.58785998258499 1
1 2 21.448955041690855 1
2 2 20.42330294108891 0
3 2 21.21662550108245 1

0 3 21.224060808436896 1
1 3 20.339597548619622 0
2 3 20.090313294903755 0
3 3 20.16544253314101 0


# 20.0 20.0 1.9882848662713464
0 0 20.67418075232539 0
1 0 21.995739766940098 1
2 0 22.02123401233321 1
3 0 21.915022841756514 1

0 1 21.766370343659503 1
1 1 21.911309838074104 1
2 1 20.86117218819832 0
3 1 21.629986013446672 1

0 2 21.634442497641867 1
1 2 21.49110903359479 1
2 2 20.446895040129995 0
3 2 21.2524351130776 1

0 3 21.263683099888304 1
1 3 20.35947571671824 0
2 3 20.09818189599767 0
3 3 20.175694006056837 0


# 20.0 20.0 2.0212340123332098
0 0 20.695055566568872 0
1 0 22.027449889732328 1
2 0 22.05398592285146 1
3 0 21.950289682688858 1

0 1 21.80307248405322 1
1 1 21.95376060899349 1
2 1 20.89285145418986 0
3 1 21.670673515881386 1

0 2 21.680490288151343 1
1 2 21.532823259830156 1
2 2 20.470759578880898 0
3 2 21.287638363538168 1

0 3 21.30267010035076 1
1 3 20.379581839690218 0
2 3 20.106370681461303 0
3 3 20.186097130378784 0


# 20.0 20.0 2.05398592285146
0 0 20.71599983465782 0
1 0 22.058981950761602 1
2 0 22.086543991143383 1
3 0 21.985165864196357 1

0 1 21.839546448504617 1
1 1 21.995870537121238 1
2 1 20.92468075586507 0
3 1 21.710875048017563 1

0 2 21.726010173753213 1
1 2 21.574114408911655 1
2 2 20.494876769611928 0
3 2 21.322259739645663 1

0 3 21.341041080899455 1
1 3 20.3998977164785 0
2 3 20.11487357223756 0
3 3 20.196643233427746 0


# 20.0 20.0 2.086543991143383
0 0 20.73700618140133 0
1 0 22.090337757345605 1
2 0 22.118911356044247 1
3 0 22.01965732993403 1

0 1 21.87579214037473 1
1 1 22.037647852089382 1
2 1 20.956643811892704 0
3 1 21.750601026578494 1

0 2 21.77100911801781 1
1 2 21.614998094758267 1
2 2 20.519227987292965 0
3 2 21.356322497548135 1

0 3 21.37881448400103 1
1 3 20.420406246198365 0
2 3 20.123684211806612 0
3 3 20.207324157536604 0


# 20.0 20.0 2.118911356044247
0 0 20.758067517643525 0
1 0 22.121519092246416 1
2 0 22.151090921899268 1
3 0 22.05376996943814 1

0 1 21.911809564332 1
1 1 22.079100401947844 1
2 1 20.988725152974478 0
3 1 21.789861594901726 1

0 2 21.815494200778154 1
1 2 21.655488932244477 1
2 2 20.543795693437787 0
3 2 21.389848730001628 1

0 3 21.41600796794071 1
1 3 20.441091357201934 0
2 3 20.13279600940885 0
3 3 20.218132224738213 0


# 20.0 20.0 2.151090921899268
0 0 20.7791770308873 0
1 0 22.15252771062888 1
2 0 22.183085377175995 1
3 0 22.0875096142033 1

0 1 21.947598822233417 1
1 1 22.120235670071324 1
2 1 21.020910085658745 0
3 1 21.828666629074217 1

0 2 21.859472593014495 1
1 2 21.695600607261447 1
2 2 20.56856336534074 0
3 2 21.422859429971396 1

0 3 21.452638448497442 1
1 3 20.461937940981464 0
2 3 20.142202179386402 0
3 3 20.229060203959932 0


# 20.0 20.0 2.1830853771759955
0 0 20.800328176169707 0
1 0 22.18336533746347 1
2 0 22.21489721178251 1
3 0 22.120882034182262 1

0 1 21.98316010897068 1
1 1 22.16106079158015 1
2 1 21.053184657520458 0
3 1 21.86702574411319 1

0 2 21.90295153408464 1
1 2 21.735345941696742 1
2 2 20.593515430307285 0
3 2 21.45537455045316 1

0 3 21.488722138052328 1
1 3 20.482931790569868 0
2 3 20.15189577695022 0
3 3 20.240101280546217 0


# 20.0 20.0 2.2148972117825103
0 0 20.821514667184807 0
1 0 22.214033665336576 1
2 0 22.246528733172116 1
3 0 22.153892934679124 1

0 1 22.018493708308107 1
1 1 22.201582569258647 1
2 1 21.08553562368169 0
3 1 21.904948300166204 1

0 2 21.94593831110977 1
1 2 21.774736953710246 1
2 2 20.61863720451008 0
3 2 21.487413060756797 1

0 3 21.5242745823026 1
1 3 20.50405954312149 0
2 3 20.161869730656445 0
3 3 20.251249027943512 0


# 20.0 20.0 2.2465287331721164
0 0 20.84273046764989 0
1 0 22.24453435263341 1
2 0 22.277982081310817 1
3 0 22.1865479536084 1

0 1 22.053599988735385 1
1 1 22.24180748895936 1
2 1 21.117950414644326 0
3 1 21.942443408707337 1

0 2 21.98844024034014 1
1 2 21.813784913655326 1
2 2 20.64391483613015 0
3 2 21.518992999478385 1

0 3 21.559310694741246 1
1 3 20.525308626379022 0
2 3 20.172116871854307 0
3 3 20.262497381393537 0


# 20.0 20.0 2.2779820813108174
0 0 20.86396978291092 0
1 0 22.27486902206098 1
2 0 22.30925924257953 1
3 0 22.21885265909394 1

0 1 22.088479399355023 1
1 1 22.281741734485898 1
2 1 21.150417105404234 0
3 1 21.97951993870935 1

0 2 22.030464650338875 1
1 2 21.852500395967876 1
2 2 20.66933525246836 0
3 2 21.55013152437115 1

0 3 21.593844789051175 1
1 3 20.546667208753583 0
2 3 20.18262996134781 0
3 3 20.273840613492 0


# 20.0 20.0 2.309259242579529
0 0 20.88522705178312 0
1 0 22.3050392594806 1
2 0 22.340362062678935 1
3 0 22.25081254738322 1

0 1 22.123132465821406 1
1 1 22.321391201950664 1
2 1 21.18292438581452 0
3 1 22.016186522774383 1

0 2 22.07201886683473 1
1 2 21.890893327321507 1
2 2 20.69488611073614 0
3 2 21.58084495931159 1

0 3 21.62789060955239 1
1 3 20.568124152764593 0
2 3 20.193401713495117 0
3 3 20.285273311479965 0


# 20.0 20.0 2.3403620626789348
0 0 20.90649693862255 0
1 0 22.335046613021444 1
2 0 22.37129225860105 1
3 0 22.282433041053928 1

0 1 22.157559786345804 1
1 1 22.360761513607073 1
2 1 21.215461532164046 0
3 1 22.052451563208212 1

0 2 22.113110199106305 1
1 2 21.928973031324645 1
2 2 20.72055575225635 0
3 2 21.611148838543837 1

0 3 21.661461359830955 1
1 3 20.58966897160429 0
2 3 20.204424817952408 0
3 3 20.29679035614464 0


# 20.119999999999997 20.0 2.3712922586010485
0 0 20.927774325624544 0
1 0 22.364892592448534 1
2 0 22.402051429727802 1
3 0 22.31371948749122 1

0 1 22.191762027779333 1
1 1 22.399858031158534 1
2 1 21.248018379936383 0
3 1 22.088323238025126 1

0 2 22.15374592777106 1
1 2 21.966748270014545 1
2 2 20.74633315982541 0
3 2 21.64105794837294 1

0 3 21.694569729669546 1
1 3 20.611291788608547 0
2 3 20.21569195925335 0
3 3 20.30838690221495 0


# 20.239999999999995 20.0 2.402051429727802
0 0 20.950494305344794 0
1 0 22.39531594876047 1
2 0 22.43336991547349 1
3 0 22.34612590378352 1

0 1 22.226477201783894 1
1 1 22.438703563268867 1
2 1 21.280594256218553 0
3 1 22.124546999328572 1

0 2 22.19466214122229 1
1 2 22.004236240888947 1
2 2 20.772208133010597 0
3 2 21.671315218955925 1

0 3 21.728676666559412 1
1 3 20.63372079188741 0
2 3 20.227924686890063 0
3 3 20.321515852605362 0


# 20.359999999999992 20.0 2.4387035632688665
0 0 20.974618028158915 0
1 0 22.426312976995344 1
2 0 22.465244776667575 1
3 0 22.379622872559267 1

0 1 22.261700964100772 1
1 1 22.477319925490406 1
2 1 21.31319756993403 0
3 1 22.161125653294164 1

0 2 22.235861697749545 1
1 2 22.04146222790393 1
2 2 20.798188939070297 0
3 2 21.701929945099415 1

0 3 21.763759296438916 1
1 3 20.656942273162933 0
2 3 20.24111161481874 0
3 3 20.336137780630587 0


# 20.47999999999999 20.0 2.4773199254904057
0 0 21.000107946438348 0
1 0 22.457879903744697 1
2 0 22.497672900202392 1
3 0 22.414182031789093 1

0 1 22.29742899844468 1
1 1 22.515728193467194 1
2 1 21.345836674809604 0
3 1 22.198061759676186 1

0 2 22.277347312717513 1
1 2 22.07845052158556 1
2 2 20.824283815070682 0
3 2 21.73291068766977 1

0 3 21.79979543679768 1
1 3 20.680942988568514 0
2 3 20.25524130200759 0
3 3 20.352214644404015 0


# 20.599999999999987 20.0 2.5157281934671936
0 0 21.02692776719284 0
1 0 22.49001289411777 1
2 0 22.53065101760249 1
3 0 22.44977603197203 1

0 1 22.333657019790532 1
1 1 22.55394872550441 1
2 1 21.378519858232988 0
3 1 22.235357644704283 1

0 2 22.319121561321463 1
1 2 22.115224461635034 1
2 2 20.850500947661835 0
3 2 21.76426531762888 1

0 3 21.836763575671643 1
1 3 20.70571013512041 0
2 3 20.270302276049506 0
3 3 20.36970972832961 0


# 20.719999999999985 20.0 2.5539487255044087
0 0 21.0550424065408 0
1 0 22.522708058360596 1
2 0 22.564175722245974 1
3 0 22.48637849522444 1

0 1 22.37038077727973 1
1 1 22.592001184546298 1
2 1 21.411255331027704 0
3 1 22.273015413353274 1

0 2 22.361186881521 1
1 2 22.151806477262745 1
2 2 20.876848454997692 0
3 2 21.796001057448635 1

0 3 21.87464285114716 1
1 3 20.731231328698865 0
2 3 20.28628305459974 0
3 3 20.388587587454325 0


# 20.839999999999982 20.0 2.592001184546298
0 0 21.084417945933016 0
1 0 22.555961458142153 1
2 0 22.598243485324375 1
3 0 22.52396397618049 1

0 1 22.407596056777987 1
1 1 22.629904559566604 1
2 1 21.44405121809728 0
3 1 22.311036961013155 1

0 2 22.403545577119374 1
1 2 22.188218125398723 1
2 2 20.903334370624336 0
3 2 21.828124520064893 1

0 3 21.913413031375683 1
1 3 20.757494583430002 0
2 3 20.303172164804653 0
3 3 20.408813994524404 0


# 20.95999999999998 20.0 2.6299045595666044
0 0 21.11502159005847 0
1 0 22.589769112519576 1
2 0 22.632850670622318 1
3 0 22.562507924617616 1

0 1 22.445298683114245 1
1 1 22.667677186376967 1
2 1 21.47691554989225 0
3 1 22.3494239845855 1

0 2 22.446199820959023 1
1 2 22.22448012691627 1
2 2 20.929966629174505 0
3 2 21.86064174552158 1

0 3 21.953054495098826 1
1 3 20.78448829236778 0
2 3 20.32095816087566 0
3 3 20.430355889598292 0


# 21.079999999999977 20.0 2.6676771863769666
0 0 21.14682162636397 0
1 0 22.62412700359411 1
2 0 22.66799354819343 1
3 0 22.60198664972473 1

0 1 22.483484522027847 1
1 1 22.70533676786004 1
2 1 21.509856254655183 0
3 1 22.388177993031725 1

0 2 22.48915165820726 1
1 2 22.260612400995605 1
2 2 20.956753053718703 0
3 2 21.89355823544586 1

0 3 21.993548212682168 1
1 3 20.812201209382973 0
2 3 20.33962963995128 0
3 3 20.45318133207752 0


# 21.199999999999974 20.0 2.7053367678600395
0 0 21.17978738612233 0
1 0 22.65903108186927 1
2 0 22.703668307004296 1
3 0 22.642377285935073 1

0 1 22.522149481848952 1
1 1 22.742900393635185 1
2 1 21.54288115140041 0
3 1 22.42730031739777 1

0 2 22.532403009708876 1
1 2 22.296634097745166 1
2 2 20.983701344634717 0
3 2 21.926878985486454 1

0 3 22.03487572765471 1
1 3 20.840622432173102 0
2 3 20.35917525637995 0
3 3 20.477259455025127 0


# 21.319999999999972 20.0 2.7429003936351855
0 0 21.213889206986547 0
1 0 22.69447727132227 1
2 0 22.739871066614008 1
3 0 22.683657760249552 1

0 1 22.561289514935265 1
1 1 22.780384559165533 1
2 1 21.575997943586938 0
3 1 22.466792120338937 1

0 2 22.575955675385124 1
1 2 22.3325636291897 1
2 2 21.010819069867967 0
3 2 21.960608515838807 1

0 3 22.07701913874984 1
1 3 20.869741386313667 0
2 3 20.379583734546472 0
3 3 20.502560421648845 0


# 21.43999999999997 20.0 2.780384559165533
0 0 21.249098396970123 0
1 0 22.730461474199732 1
2 0 22.776597887952654 1
3 0 22.725806760980067 1

0 1 22.600900618886232 1
1 1 22.81780518431594 1
2 1 21.60921421344447 0
3 1 22.50665440516786 1

0 2 22.61981133766086 1
1 2 22.368418698726494 1
2 2 21.03811365646498 0
3 2 21.994750899972956 1

0 3 22.11996108244254 1
1 3 20.899547810277078 0
2 3 20.40084388035621 0
3 3 20.529055383833438 0


# 21.43999999999997 20.0 2.81780518431594
0 0 21.28538719979623 0
1 0 22.76697957554812 1
2 0 22.813844783258315 1
3 0 22.768803707845898 1

0 1 22.640978837554286 1
1 1 22.855177631372054 1
2 1 21.642537416914294 0
3 1 22.546888024447608 1

0 2 22.663971564903783 1
1 2 22.404216329143836 1
2 2 21.06559238327131 0
3 2 22.02930979167272 1

0 3 22.16368471597678 1
1 3 20.93003174135116 0
2 3 20.422944591482718 0
3 3 20.556716442613297 0


# 21.43999999999997 20.0 2.8551776313720545
0 0 21.321288761560794 0
1 0 22.683290167489393 -1
2 0 22.84943887786846 1
3 0 22.81116269719124 1

0 1 22.680782981871044 1
1 1 22.89105902781122 1
2 1 21.675931360663192 0
3 1 22.586755573615132 1

0 2 22.707708967501723 1
1 2 22.439946650784158 1
2 2 21.093261537609518 0
3 2 22.06355958306852 1

0 3 22.20672495470785 1
1 3 20.96044580257811 0
2 3 20.445146004034054 0
3 3 20.58405911772445 0


# 21.43999999999997 20.0 2.8910590278112203
0 0 21.35537124393693 0
1 0 22.60438241025024 -1
2 0 22.883500162615242 1
3 0 22.85288390892712 1

0 1 22.72027976750346 1
1 1 22.925574676746695 1
2 1 21.7093557587584 0
3 1 22.626261430532345 1

0 2 22.751028607342597 1
1 2 22.475592939037842 1
2 2 21.121108835223048 0
3 2 22.0975072331814 1

0 3 22.249100549257413 1
1 3 20.990785152777782 0
2 3 20.467441309133328 0
3 3 20.611092371994147 0


# 21.43999999999997 20.0 2.9255746767466952
0 0 21.387753825288243 0
1 0 22.53000029299553 -1
2 0 22.796140035313574 -1
3 0 22.892528905795892 1

0 1 22.759440302580845 1
1 1 22.958839763783324 1
2 1 21.741334883116224 0
3 1 22.665374902715108 1

0 2 22.79393501132472 1
1 2 22.511140503121332 1
2 2 21.149104698274968 0
3 2 22.13115879306359 1

0 3 22.290829571453376 1
1 3 21.021045112965613 0
2 3 20.489823680348543 0
3 3 20.637824836283304 0


# 21.43999999999997 20.0 2.958839763783324
0 0 21.41854797472478 0
1 0 22.45846261397558 -1
2 0 22.712450070665057 -1
3 0 22.930211764867803 1

0 1 22.798239682870445 1
1 1 22.990925587318728 1
2 1 21.77196507183433 0
3 1 22.70406918435826 1

0 2 22.836432257938423 1
1 2 22.546575850849482 1
2 2 21.17722195351092 0
3 2 22.16451951544475 1

0 3 22.3319294353319 1
1 3 21.051221165819417 0
2 3 20.512286301241268 0
3 3 20.664264811977336 0


# 21.43999999999997 20.0 2.9909255873187277
0 0 21.44784067519684 0
1 0 22.389661780186774 -1
2 0 22.63226923109979 -1
3 0 22.846040202318058 -1

0 1 22.836655998435333 1
1 1 23.0218994635431 1
2 1 21.801336266376428 0
3 1 22.740881030424884 1

0 2 22.87852403852041 1
1 2 22.581886609465432 1
2 2 21.20543564405273 0
3 2 22.197576673633527 1

0 3 22.37241691811203 1
1 3 21.081308954800825 0
2 3 20.534822389519107 0
3 3 20.690420067503982 0


# 21.43999999999997 20.0 3.0218994635431002
0 0 21.47571422423322 0
1 0 22.32349458044544 -1
2 0 22.55400437598328 -1
3 0 22.764401379911504 -1

0 1 22.75467009921661 -1
1 1 23.050384939959077 1
2 1 21.8294805974754 0
3 1 22.775901530959285 1

0 2 22.91877371242408 1
1 2 22.617026891225933 1
2 2 21.233721611760448 0
3 2 22.230318971863603 1

0 3 22.412290901066697 1
1 3 21.11130366088093 0
2 3 20.55742519324105 0
3 3 20.716297875055094 0


# 21.43999999999997 20.0 3.050384939959077
0 0 21.500806488316766 0
1 0 22.25981015771784 -1
2 0 22.477620497813238 -1
3 0 22.68520519457996 -1

0 1 22.67725353673791 -1
1 1 22.956569317038927 -1
2 1 21.854991284287443 0
3 1 22.809199852067767 1

0 2 22.957304072450636 1
1 2 22.65051638439266 1
2 2 21.262021996401362 0
3 2 22.262735811727623 1

0 3 22.451551721428274 1
1 3 21.141182826712676 0
2 3 20.580087367502955 0
3 3 20.741905029703876 0


# 21.43999999999997 20.0 3.050384939959077
0 0 21.523302219070832 0
1 0 22.197028035500768 -1
2 0 22.4030471310775 -1
3 0 22.608364771372827 -1

0 1 22.602694995497643 -1
1 1 22.8663167582172 -1
2 1 21.818038731494813 -1
3 1 22.840123130056064 1

0 2 22.994194458623532 1
1 2 22.68245619042127 1
2 2 21.289564757787858 0
3 2 22.294800022645635 1

0 3 22.49020038688089 1
1 3 21.170926075328406 0
2 3 20.602792448421674 0
3 3 20.767247558287345 0


# 21.43999999999997 20.0 3.050384939959077
0 0 21.54334001555626 0
1 0 22.135145304867947 -1
2 0 22.329497737265072 -1
3 0 22.533779090011258 -1

0 1 22.530868020475506 -1
1 1 22.778731652789887 -1
2 1 21.78162787971785 -1
3 1 22.868800442502206 1

0 2 23.029520586534677 1
1 2 22.71292321015034 1
2 2 21.316371372145266 0
3 2 22.326487454169737 1

0 3 22.528238532895536 1
1 3 21.200514630462223 0
2 3 20.6255247683187 0
3 3 20.792330792858863 0


# 21.43999999999997 20.0 3.050384939959077
0 0 21.561051934900355 0
1 0 22.074140577962957 -1
2 0 22.256973402872244 -1
3 0 22.461352328915346 -1

0 1 22.461643213706232 -1
1 1 22.69371655203442 -1
2 1 21.74574008272604 -1
3 1 22.775353782306848 -1

0 2 23.063354381381245 1
1 2 22.7419903792954 1
2 2 21.34246245849641 0
3 2 22.356336745498552 1

0 3 22.565668373853416 1
1 3 21.22993121824042 0
2 3 20.648269421684464 0
3 3 20.817142158322138 0


# 21.43999999999997 20.0 3.063354381381245
0 0 21.576563470743974 0
1 0 22.01399371479632 -1
2 0 22.185473553468864 -1
3 0 22.3895535731037 -1

0 1 22.394897811580485 -1
1 1 22.611177621397548 -1
2 1 21.708918167743228 -1
3 1 22.684886625286104 -1

0 2 22.975764176139986 -1
1 2 22.768286866780514 1
2 2 21.367805994909062 0
3 2 22.38444861952982 1

0 3 22.60105265712726 1
1 3 21.25912541442143 0
2 3 20.671010988785547 0
3 3 20.841670555922324 0


# 21.43999999999997 20.0 3.063354381381245
0 0 21.589993884113714 0
1 0 21.954685719482637 -1
2 0 22.114961553747126 -1
3 0 22.318407822620365 -1

0 1 22.32907533167392 -1
1 1 22.53097268859863 -1
2 1 21.671273618042044 -1
3 1 22.597250947746396 -1

0 2 22.891803059009085 -1
1 2 22.79200558305831 1
2 2 21.392376172866417 0
3 2 22.41091734962799 1

0 3 22.634505903151844 1
1 3 21.28805241671568 0
2 3 20.69373371700261 0
3 3 20.86590622870869 0


