# 20.0 20.0 0.0
0 0 20.0 0
1 0 20.06 1
2 0 20.06072 1
3 0 20.00072864 0

0 1 20.06 1
1 1 20.00144 0
2 1 20.00074592 0
3 1 20.00001769472 0

0 2 20.00072 0
1 2 20.06002592 1
2 2 20.06072926208 1
3 2 20.0007289634816 0

0 3 20.00000864 0
1 3 20.06072041472 1
2 3 20.0014573961216 0
3 3 20.00002623631524 0


# 20.0 20.0 0.06072926207999885
0 0 20.00144 0
1 0 20.1182432 1
2 0 20.11960637312 1
3 0 20.002137897774077 0

0 1 20.117523199999997 1
1 1 20.00492933888 0
2 1 20.0029335078656 0
3 1 20.000086555971215 0

0 2 20.002820453120002 0
1 2 20.118695069465602 1
2 2 20.119300036743372 1
3 2 20.00213130096373 0

0 3 20.000770819374083 0
1 3 20.119621236721294 1
2 3 20.004263555601852 0
3 3 20.000102030086676 0


# 20.0 20.0 0.11962123672129366
0 0 20.004217356799998 0
1 0 20.174822022425598 1
2 0 20.176741626585745 1
3 0 20.004182871644893 0

0 1 20.172730831385596 1
1 1 20.01032290778747 0
2 1 20.006470113013105 0
3 1 20.000236332047884 0

0 2 20.006208354731665 0
1 2 20.17606313656306 1
2 2 20.17584077225339 1
3 2 20.00415593593591 0

0 3 20.002253024974053 0
1 3 20.176788101384666 1
2 3 20.008317257111273 0
3 3 20.000248035320123 0


# 20.0 20.0 0.17678810138466616
0 0 20.008236166200934 0
1 0 20.229823105890613 1
2 0 20.232204191355727 1
3 0 20.00682157454652 0

0 1 20.22577334561204 1
1 1 20.017484964626615 0
2 1 20.01126874271188 0
3 1 20.000493361140204 0

0 2 20.010796677918727 0
1 2 20.232183032202233 1
2 2 20.230471514800765 1
3 2 20.006755941561735 0

0 3 20.00442293342663 0
1 3 20.232302079799393 1
2 3 20.013524191871642 0
3 3 20.0004824676498 0


# 20.0 20.0 0.23230207979939266
0 0 20.013406821635733 0
1 0 20.283327687174623 1
2 0 20.286068631371982 1
3 0 20.01001474177299 0

0 1 20.27679112666651 1
1 1 20.0262885333896 0
2 1 20.01724770755014 0
3 1 20.000880860662935 0

0 2 20.016503982553683 0
1 2 20.287105039983047 1
2 2 20.28330447666193 1
3 2 20.00988820567584 0

0 3 20.00724938057151 0
1 3 20.28623993579693 1
2 3 20.019796498374337 0
3 3 20.00082131526301 0


# 20.0 20.0 0.2871050399830466
0 0 20.01964560182294 0
1 0 20.335411957512303 1
2 0 20.338405841736385 1
3 0 20.013725651497957 0

0 1 20.32591515675971 1
1 1 20.03661484212856 0
2 1 20.024330289842013 0
3 1 20.001419194279283 0

0 2 20.0232540502142 0
1 2 20.34087695772148 1
2 2 20.33444456520152 1
3 2 20.01351312193438 0

0 3 20.01070233070307 0
1 3 20.33867436793505 1
2 3 20.02705232842341 0
3 3 20.001278533317837 0


# 20.0 20.0 0.3408769577214805
0 0 20.026874285528578 0
1 0 20.38614739492951 1
2 0 20.38928323641869 1
3 0 20.017919957212406 0

0 1 20.373267638310256 1
1 1 20.048352797076028 0
2 1 20.032444433445303 0
3 1 20.00212611827066 0

0 2 20.03097554322602 0
1 2 20.393544231032113 1
2 2 20.383989875449867 1
3 2 20.017594305137596 0

0 3 20.014752845731692 0
1 3 20.389674237344025 1
2 3 20.035215442382967 0
3 3 20.00186622308864 0


# 20.0 20.0 0.3935442310321129
0 0 20.035019791648427 0
1 0 20.435601074244186 1
2 0 20.43876492606793 1
3 0 20.022565531284823 0

0 1 20.41896257508463 1
1 1 20.061398490582054 0
2 1 20.041522453564376 0
3 1 20.003017008783132 0

0 2 20.039601686232707 0
1 2 20.445150079417875 1
2 2 20.432032148794306 1
3 2 20.02209832888981 0

0 3 20.019373054368273 0
1 3 20.439304782289604 1
2 3 20.04421483165295 0
3 3 20.002594796983963 0


# 20.0 20.0 0.4451500794178749
0 0 20.04401384294103 0
1 0 20.483835956241023 1
2 0 20.48691188646616 1
3 0 20.02763231890156 0

0 1 20.463106315168147 1
1 1 20.07565474068681 0
2 1 20.05150076521005 0
3 1 20.004105071370258 0

0 2 20.049069968798385 0
1 2 20.495735615292645 1
2 2 20.478657200144724 1
3 2 20.026994483898427 0

0 3 20.02453612142407 0
1 3 20.487627820253877 1
2 3 20.053984366532116 0
3 3 20.003473130497706 0


# 20.0 20.0 0.4957356152926451
0 0 20.053792651852063 0
1 0 20.53091115742696 1
2 0 20.533782118133043 1
3 0 20.033092201695144 0

0 1 20.505798058267132 1
1 1 20.091030660288205 0
2 1 20.0623196290792 0
3 1 20.00540153414878 0

0 2 20.05932186764866 0
1 2 20.545339956338623 1
2 2 20.523945315767957 1
3 2 20.032254555339666 0

0 3 20.030216217307633 0
1 3 20.534701938285355 1
2 3 20.06446246775238 0
3 3 20.004508702076894 0


# 20.0 20.0 0.5453399563386228
0 0 20.064296626973718 0
1 0 20.576882201679766 1
2 0 20.579430797560907 1
3 0 20.038918870414633 0

0 1 20.54713032967884 1
1 1 20.107441253995688 0
2 1 20.07392291370108 0
3 1 20.006915825787996 0

0 2 20.070302587247316 0
1 2 20.594000331577924 1
2 2 20.567971623831546 1
3 2 20.037852617835757 0

0 3 20.03638848779095 0
1 3 20.580582672322826 1
2 3 20.075591800085558 0
3 3 20.00570772181718 0


# 20.0 20.0 0.5940003315779236
0 0 20.07547009877897 0
1 0 20.621801255013242 1
2 0 20.623910420532894 1
3 0 20.045087706035556 0

0 1 20.58718942311259 1
1 1 20.124807040884754 0
2 1 20.086257872775874 0
3 1 20.008655739464665 0

0 2 20.081960817492707 0
1 2 20.641752181516566 1
2 2 20.610806439554196 1
3 2 20.04376484669669 0

0 3 20.043029024108264 0
1 3 20.625322676153793 1
2 3 20.087318986532267 0
3 3 20.00707524983051 0


# 20.0 20.0 0.6417521815165657
0 0 20.087261063360437 0
1 0 20.665717344600022 1
2 0 20.66727093795145 1
3 0 20.05157566874727 0

0 1 20.626055814402715 1
1 1 20.14305370148183 0
2 1 20.09927493670406 0
3 1 20.010627583832925 0

0 2 20.094248507398344 0
1 2 20.688629252698828 1
2 2 20.652515586727176 1
3 2 20.049969344180116 0

0 3 20.050114833442994 0
1 3 20.668971880627424 1
2 3 20.099594341704133 0
3 3 20.008615305067224 0


# 20.0 20.0 0.6886292526988278
0 0 20.099620942987492 0
1 0 20.70867656311587 1
2 0 20.709559884580294 1
3 0 20.058361194293326 0

0 1 20.663804548020213 1
1 1 20.162111747417168 0
2 1 20.112927517372956 0
3 1 20.0128363219821 0

0 2 20.107120653697557 0
1 2 20.734663686990917 1
2 2 20.69316069724725 1
3 2 20.05644597961611 0

0 3 20.057623809850945 0
1 3 20.711577643703624 1
2 3 20.112371623104778 0
3 3 20.010330965317454 0


# 20.0 20.0 0.7346636869909169
0 0 20.112504362373574 0
1 0 20.750722259397456 1
2 0 20.750822501080687 1
3 0 20.06542409717552 0

0 1 20.700505598165222 1
1 1 20.18191621228426 0
2 1 20.127171825330187 0
3 1 20.015285699284313 0

0 2 20.120535103382345 0
1 2 20.779886105894764 1
2 2 20.732799490186732 1
3 2 20.063176242329696 0

0 3 20.065534705661342 0
1 3 20.753184891884 1
2 3 20.125607799103037 0
3 3 20.01222445906322 0


# 20.0 20.0 0.7798861058947644
0 0 20.12586893961888 0
1 0 20.79189521633857 1
2 0 20.79110184970143 1
3 0 20.07274548026503 0

0 1 20.736224206105707 1
1 1 20.202406362338646 0
2 1 20.14196669853247 0
3 1 20.0179783609679 0

0 2 20.134452369252227 0
1 2 20.824325690175755 1
2 2 20.77148603181946 1
3 2 20.070143106374054 0

0 3 20.073827103391167 0
1 3 20.793836253536913 1
2 3 20.139262832473744 0
3 3 20.014297249803118 0


# 20.0 20.0 0.8243256901757547
0 0 20.13967509086193 0
1 0 20.832233816887175 1
2 0 20.830438923962188 1
3 0 20.08030765039465 0

0 1 20.7710211953187 1
1 1 20.22352542575736 0
2 1 20.157273441912995 0
3 1 20.020915960191427 0

0 2 20.14883545761026 0
1 2 20.868010255072008 1
2 2 20.809270977922118 1
3 2 20.077330906161343 0

0 3 20.08248138820285 0
1 3 20.833572184597347 1
2 3 20.15329947845772 0
3 3 20.016550113425634 0


# 20.0 20.0 0.8680102550720079
0 0 20.153885847737374 0
1 0 20.871774198947396 1
2 0 20.868872752650837 1
3 0 20.08809403953455 0

0 1 20.804953265888575 1
1 1 20.245220339262858 0
2 1 20.173055677061498 0
3 1 20.024099257336477 0

0 2 20.163649707300593 0
1 2 20.910966321337547 1
2 2 20.846201799578072 1
3 2 20.08472522214665 0

0 3 20.091478720930322 0
1 3 20.872431087092966 1
2 3 20.167683096363653 0
3 3 20.018983209164436 0


# 20.0 20.0 0.910966321337547
0 0 20.16846668679686 0
1 0 20.91055039993613 1
2 0 20.906440498437888 1
3 0 20.096089131180598 0

0 1 20.83807326952158 1
1 1 20.267441510992523 0
2 1 20.189279201358687 0
3 1 20.027528211184578 0

0 2 20.178862639335442 0
1 2 20.953219182357333 1
2 2 20.882322993625042 1
3 2 20.092312775784176 0

0 3 20.10080101169397 0
1 3 20.91044942092004 1
2 3 20.182381473800895 0
3 3 20.021596144629537 0


# 20.0 20.0 0.9532191823573335
0 0 20.18338537010567 0
1 0 20.948594491693246 1
2 0 20.94317755139429 1
3 0 20.104278391609043 0

0 1 20.870430466446876 1
1 1 20.290142598567154 0
2 1 20.205911855950724 0
3 1 20.031202062594954 0

0 2 20.194443816409333 0
1 2 20.99479296755844 1
2 2 20.91767627880817 1
3 2 20.100081333033632 0

0 3 20.11043089412094 0
1 3 20.947661809267164 1
2 3 20.197364662693715 0
3 3 20.0243880353716 0


# 20.0 20.0 0.994792967558439
0 0 20.198611796279547 0
1 0 20.985936706397023 1
2 0 20.97911761768321 1
3 0 20.112648205674454 0

0 1 20.90207076539118 1
1 1 20.3132803013795 0
2 1 20.22292340199068 0
3 1 20.03511941125435 0

0 2 20.21036471164499 0
1 2 21.03571070232883 1
2 2 20.95230077862594 1
3 2 20.108019615749242 0

0 3 20.120351700183534 0
1 3 20.984101138060417 1
2 3 20.212604826285276 0
3 3 20.02735755940264 0


# 20.0 19.0 1.0357107023288314
0 0 20.214117861274943 0
1 0 21.0226055540924 1
2 0 21.014292803681606 1
3 0 20.121185816849405 0

0 1 20.933036947736344 1
1 1 20.336814166187065 0
2 1 20.240285404612116 0
3 1 20.039278286028196 0

0 2 20.226598585958882 0
1 2 21.075994364643034 1
2 2 20.98623319178737 1
3 2 20.11611722033439 0

0 3 20.130547435665157 0
1 3 21.019798649781002 1
2 3 20.228076096392947 0
3 3 20.030503007064873 0


# 20.119999999999997 19.0 2.0759943646430337
0 0 20.22987732829099 0
1 0 21.058627932398437 1
2 0 21.048733695773297 1
3 0 20.129879271224443 0

0 1 20.96336887689666 1
1 1 20.360706405152687 0
2 1 20.257971124135633 0
3 1 20.043676209403344 0

0 2 20.24312037347507 0
1 2 21.115664938582523 1
2 2 21.019507951134923 1
3 2 20.124364543091584 0

0 3 20.141002756260285 0
1 3 21.05478403198503 1
2 3 20.24375444022666 0
3 3 20.033822326610355 0


# 20.239999999999995 19.0 2.1156649385825226
0 0 20.247305706184054 0
1 0 21.094766508923023 1
2 0 21.083198283402215 1
3 0 20.14016611137403 0

0 1 20.99384097388474 1
1 1 20.38493942025167 0
2 1 20.275964372547428 0
3 1 20.04904774893256 0

0 2 20.260635421813845 0
1 2 21.15475142343279 1
2 2 21.052157586832028 1
3 2 20.133481564230237 0

0 3 20.153151690480502 0
1 3 21.08982299329134 1
2 3 20.260346388617943 0
3 3 20.03877065828656 0


# 20.359999999999992 19.0 2.1547514234327885
0 0 20.26634599055512 0
1 0 21.071040119878763 0
2 0 21.116990002744924 1
3 0 20.151992584384693 0

0 1 21.024482702973028 1
1 1 20.408777191505575 0
2 1 20.294241753025332 0
3 1 20.055384334297074 0

0 2 20.279117363900298 0
1 2 21.193281856734366 1
2 2 21.084230241415383 1
3 2 20.143455961340557 0

0 3 20.166945513909504 0
1 3 21.124937312684246 1
2 3 20.277827098844625 0
3 3 20.045310311310466 0


# 20.47999999999999 19.0 2.193281856734366
0 0 20.286223808769357 0
1 0 21.049960326880093 0
2 0 21.15019075860112 1
3 0 20.165307752461622 0

0 1 21.055303849818262 1
1 1 20.432269339750803 0
2 1 20.31278304496889 0
3 1 20.06267675336185 0

0 2 20.298540809262033 0
1 2 21.231284060048466 1
2 2 21.115771391809876 1
3 2 20.15427591244204 0

0 3 20.182337212872117 0
1 3 21.16014732601269 1
2 3 20.296173109042748 0
3 3 20.053404528361106 0


# 20.599999999999987 19.0 2.2312840600484662
0 0 20.30694292177404 0
1 0 21.03141482939264 0
2 0 21.18287681426175 1
3 0 20.180063316184487 0

0 1 21.08631412497534 1
1 1 20.45546196415539 0
2 1 20.33157090189345 0
3 1 20.07091525128689 0

0 2 20.31888132004778 0
1 2 21.26878556919045 1
2 2 21.146824030913827 1
3 2 20.165930049846214 0

0 3 20.199281416961448 0
1 3 21.195472019462493 1
2 3 20.3153622454078 0
3 3 20.063017472883153 0


# 20.719999999999985 19.0 2.268785569190449
0 0 20.328505724042593 0
1 0 21.015297540587667 0
2 0 21.215119169166744 1
3 0 20.19621344984729 0

0 1 21.11752311982532 1
1 1 20.478397915453893 0
2 1 20.35059057500442 0
3 1 20.080089619629216 0

0 2 20.3401153858775 0
1 2 21.3058135740898 1
2 2 21.177428834762143 1
3 2 20.178407418879967 0

0 3 20.217734334814914 0
1 3 21.230929116496817 1
2 3 20.335373536190378 0
3 3 20.074114215320204 0


# 20.719999999999985 19.0 2.3058135740898003
0 0 20.350913365902016 0
1 0 21.001508209289256 0
2 0 21.246983910871432 1
3 0 20.213714648018794 0

0 1 21.14894026879946 1
1 1 20.501117047038303 0
2 1 20.369829660351822 0
3 1 20.090189276331795 0

0 2 20.362220397803096 0
1 2 21.342394867286693 1
2 2 21.207624316486065 1
3 2 20.191697440984665 0

0 3 20.237653692933176 0
1 3 21.266535158760874 1
2 3 20.35618713195719 0
3 3 20.08666071844398 0


# 20.719999999999985 19.0 2.3423948672866928
0 0 20.37272586646661 0
1 0 20.989214786391624 0
2 0 21.21780369575198 0
3 0 20.23035683635512 0

0 1 21.17983753724558 1
1 1 20.523638750995772 0
2 1 20.38854890912972 0
3 1 20.100448564963493 0

0 2 20.38444577426495 0
1 2 21.378546841663024 1
2 2 21.23743811317955 1
3 2 20.205060717222352 0

0 3 20.257549931183892 0
1 3 21.301568088950567 1
2 3 20.377055275461874 0
3 3 20.099166324492206 0


# 20.719999999999985 19.0 2.3785468416630238
0 0 20.393976363157456 0
1 0 20.977612791082038 0
2 0 21.190134162969198 0
3 0 20.246190982981528 0

0 1 21.150229091342283 0
1 1 20.54524334254658 0
2 1 20.4067777316954 0
3 1 20.11084607841782 0

0 2 20.40605496211609 0
1 2 21.41426024734471 1
2 2 21.266878931407625 1
3 2 20.218490863110826 0

0 3 20.27740961027407 0
1 3 21.336046930811612 1
2 3 20.397964060133013 0
3 3 20.11163379588941 0


# 20.599999999999987 19.0 2.4142602473447106
0 0 20.41396731667288 0
1 0 20.966665191722857 0
2 0 21.16390413500129 0
3 0 20.26126511015522 0

0 1 21.122622656961934 0
1 1 20.565995572037043 0
2 1 20.424543897176385 0
3 1 20.12136214156958 0

0 2 20.427092163882183 0
1 2 21.449527918649824 1
2 2 21.2959550635689 1
3 2 20.231981658872506 0

0 3 20.29722053344053 0
1 3 21.369989509864205 1
2 3 20.418900510039297 0
3 3 20.124065565264335 0


# 20.47999999999999 19.0 2.4495279186498244
0 0 20.431335947456876 0
1 0 20.95560008152444 0
2 0 21.13831707039751 0
3 0 20.27417571673324 0

0 1 21.096165589570045 0
1 1 20.585937834422314 0
2 1 20.441864655431417 0
3 1 20.131241195996104 0

0 2 20.446869261499057 0
1 2 21.48433559858689 1
2 2 21.324674209592754 1
3 2 20.2447982008501 0

0 3 20.31552289949303 0
1 3 21.402675058547338 1
2 3 20.4391236666185 0
3 3 20.135006267324442 0


# 20.359999999999992 19.0 2.4843355985868882
0 0 20.446189041401563 0
1 0 20.944390205455072 0
2 0 21.113312920372252 0
3 0 20.28500004032726 0

0 1 21.07075458845598 0
1 1 20.605108958945195 0
2 1 20.458747199389585 0
3 1 20.14047161105107 0

0 2 20.465428109554527 0
1 2 21.398662125894397 -1
2 2 21.351585821845333 1
3 2 20.256921440817045 0

0 3 20.332341313128502 0
1 3 21.432684231356046 1
2 3 20.458591788466833 0
3 3 20.14449220045217 0


# 20.239999999999995 19.0 2.4843355985868882
0 0 20.45862797343804 0
1 0 20.933010415059023 0
2 0 21.088834869573926 0
3 0 20.29381171664298 0

0 1 21.04629287624408 0
1 1 20.622104280314872 0
2 1 20.475163292812308 0
3 1 20.149042560790193 0

0 2 20.48136768473644 0
1 2 21.3181792480705 -1
2 2 21.376815971638756 1
3 2 20.2683349490973 0

0 3 20.347665648848984 0
1 3 21.460164733863728 1
2 3 20.477268608222683 0
3 3 20.15255772392373 0


# 20.119999999999997 19.0 2.4843355985868882
0 0 20.468749005889908 0
1 0 20.921420235495887 0
2 0 21.064828547991237 0
3 0 20.30068094814921 0

0 1 21.022655227093125 0
1 1 20.63709229090142 0
2 1 20.491088807213178 0
3 1 20.15694402969052 0

0 2 20.49485224346566 0
1 2 21.242533747041552 -1
2 2 21.34047951833899 0
3 2 20.278304656498655 0

0 3 20.361489889218372 0
1 3 21.485253321975243 1
2 3 20.494402813448186 0
3 3 20.15921813550184 0


# 20.0 19.0 2.485253321975243
0 0 20.47664294722894 0
1 0 20.90958335103852 0
2 0 21.041241986252416 0
3 0 20.305674666207153 0

0 1 20.999726757334365 0
1 1 20.650227052889683 0
2 1 20.505783255513006 0
3 1 20.164149531382144 0

0 2 20.506033453963234 0
1 2 21.170676047349563 -1
2 2 21.305526502732434 0
3 2 20.28688259096111 0

0 3 20.373811694517773 0
1 3 21.50805936911607 1
2 3 20.510031543371568 0
3 3 20.164489252235764 0


# 19.880000000000003 19.0 2.5080593691160686
0 0 20.482395522429172 0
1 0 20.897467225033758 0
2 0 21.01801692459086 0
3 0 20.30885637569537 0

0 1 20.977402105877708 0
1 1 20.661632097956268 0
2 1 20.519297559928322 0
3 1 20.17063568938311 0

0 2 20.51504272706972 0
1 2 21.10236672543928 -1
2 2 21.27188417163768 0
3 2 20.294117631499823 0

0 3 20.384631698669363 0
1 3 21.468685235222956 0
2 3 20.52347092245912 0
3 3 20.168378701802784 0


# 19.880000000000003 19.0 2.5080593691160686
0 0 20.48608771559266 0
1 0 20.885042442440017 0
2 0 20.995098570294807 0
3 0 20.310286357286472 0

0 1 20.955584367918267 0
1 1 20.67142125040308 0
2 1 20.531679753232385 0
3 1 20.176381995333244 0

0 2 20.522001926037113 0
1 2 21.036661033617804 -1
2 2 21.239464883488782 0
3 2 20.300055397944327 0

0 3 20.393233203452386 0
1 3 21.429720837257943 0
2 3 20.534815916786428 0
3 3 20.170895524314652 0


# 19.880000000000003 19.0 2.5080593691160686
0 0 20.489236079555624 0
1 0 20.87301973066058 0
2 0 20.97316426043658 0
3 0 20.311470603493397 0

0 1 20.93492173553765 0
1 1 20.67970841742031 0
2 1 20.542983759757377 0
3 1 20.182108068663588 0

0 2 20.52773563681485 0
1 2 20.973420861303932 -1
2 2 21.208185880310825 0
3 2 20.305467344910134 0

0 3 20.401126285816975 0
1 3 21.391864918859998 0
2 3 20.544885004163223 0
3 3 20.173507513628206 0


# 19.880000000000003 19.0 2.5080593691160686
0 0 20.491878878286002 0
1 0 20.86136992064655 0
2 0 20.95216125290501 0
3 0 20.312428893626457 0

0 1 20.91532689783532 0
1 1 20.686599630658655 0
2 1 20.55326919727948 0
3 1 20.18779351500951 0

0 2 20.532329228608102 0
1 2 20.912524415862595 -1
2 2 21.17798670960249 0
3 2 20.310389169282793 0

0 3 20.40833606929718 0
1 3 21.355075538139754 0
2 3 20.553758671124815 0
3 3 20.176191017222482 0


# 19.880000000000003 19.0 2.5080593691160686
0 0 20.494051600489488 0
1 0 20.850066133788033 0
2 0 20.932039650979327 0
3 0 20.31317945144777 0

0 1 20.896718933643314 0
1 1 20.692193792553923 0
2 1 20.562592439827807 0
3 1 20.19342012010581 0

0 2 20.535862354032197 0
1 2 20.85385666463313 -1
2 2 21.148810510879994 0
3 2 20.314853883951415 0

0 3 20.414887225508547 0
1 3 21.319312396273084 0
2 3 20.56151257403008 0
3 3 20.17892453809825 0


# 19.880000000000003 19.0 2.5080593691160686
0 0 20.495787163681044 0
1 0 20.839083603455506 0
2 0 20.912752251574968 0
3 0 20.31373905965582 0

0 1 20.8790228581535 0
1 1 20.696583157304172 0
2 1 20.57100679519445 0
3 1 20.198971671926987 0

0 2 20.538409336142387 0
1 2 20.797308929537937 -1
2 2 21.12060379255032 0
3 2 20.31889202085636 0

0 3 20.420803946179227 0
1 3 21.28453678102658 0
2 3 20.568217827260916 0
3 3 20.18168857290412 0


# 19.880000000000003 19.0 2.5080593691160686
0 0 20.497116103327834 0
1 0 20.828399510256858 0
2 0 20.894254401390103 0
3 0 20.314123166388015 0

0 1 20.862169201272348 0
1 1 20.69985377898871 0
2 1 20.57856267276339 0
3 1 20.204433796026148 0

0 2 20.54003952894828 0
1 2 20.742778507498283 -1
2 2 21.09331622284845 0
3 2 20.32253181908174 0

0 3 20.426109919836474 0
1 3 21.250711511278613 0
2 3 20.573941274200333 0
3 3 20.184465461398958 0


# 19.880000000000003 19.0 2.5080593691160686
0 0 20.498066748146382 0
1 0 20.81799282996837 0
2 0 20.876503860561158 0
3 0 20.314345984277093 0

0 1 20.84609361549191 0
1 1 20.702085929105916 0
2 1 20.585307742173246 0
3 1 20.209793803139434 0

0 2 20.540817653246375 0
1 2 20.690168314936116 -1
2 2 21.066900433956423 0
3 2 20.325799399062245 0

0 3 20.43082831269666 0
1 3 21.217800882626907 0
2 3 20.578745742019706 0
3 3 20.187239246481578 0


# 19.880000000000003 19.0 2.5080593691160686
0 0 20.498665382558634 0
1 0 20.807844193176408 0
2 0 20.85946067345311 0
3 0 20.314420582562228 0

0 1 20.83073651122018 0
1 1 20.703354485646905 0
2 1 20.591287083303282 0
3 1 20.21504054818671 0

0 2 20.540804109476262 0
1 2 20.63938655475966 -1
2 2 21.041311838476254 0
3 2 20.328718923899366 0

0 3 20.434981753344818 0
1 3 21.185770614158066 0
2 3 20.58269028124427 0
3 3 20.189995544069966 0


# 19.880000000000003 19.0 2.5080593691160686
0 0 20.498936397239284 0
1 0 20.79793575573907 0
2 0 20.843087046227335 0
3 0 20.314358972722957 0

0 1 20.816042717657282 0
1 1 20.703729295673366 0
2 1 20.59654332804749 0
3 1 20.220164299858908 0

0 2 20.540055269187402 0
1 2 20.590346404341137 -1
2 2 21.01650845747978 0
3 2 20.331312748712495 0

0 3 20.43859232082455 0
1 3 21.154587796440346 0
2 3 20.58583039100789 0
3 3 20.19272142216009 0


# 20.0 19.0 2.5080593691160686
0 0 20.498902428619427 0
1 0 20.78825107924427 0
2 0 20.827347230845962 0
3 0 20.31417218807339 0

0 1 20.80196116743744 0
1 1 20.703275513229887 0
2 1 20.601116794318184 0
3 1 20.22515662003808 0

0 2 20.53862374659277 0
1 2 20.542965723097677 -1
2 2 20.992450759406385 0
3 2 20.333601558885825 0

0 3 20.441681535791265 0
1 3 21.124220840788613 0
2 3 20.58821823085382 0
3 3 20.195405288439204 0


# 20.119999999999997 19.0 2.5080593691160686
0 0 20.500024488149307 0
1 0 20.779512300702713 0
2 0 20.812936262547563 0
3 0 20.315319103893774 0

0 1 20.78918188338073 0
1 1 20.702071609012844 0
2 1 20.60505457120297 0
3 1 20.230747744804273 0

0 2 20.53728749894311 0
1 2 20.4971757368868 -1
2 2 20.96910172412883 0
3 2 20.33633335050109 0

0 3 20.44571910057956 0
1 3 21.095376922295333 0
2 3 20.59063167237632 0
3 3 20.199494278329922 0


# 20.239999999999995 19.0 2.5080593691160686
0 0 20.502287936784935 0
1 0 20.771700333773342 0
2 0 20.799817827627006 0
3 0 20.317774403022774 0

0 1 20.777656008815633 0
1 1 20.700191211588372 0
2 1 20.608410253883008 0
3 1 20.236926555611376 0

0 2 20.53608803414288 0
1 2 20.452920396222098 -1
2 2 20.946444389446437 0
3 2 20.339521732460696 0

0 3 20.450690792435953 0
1 3 21.068022005891343 0
2 3 20.593112670220524 0
3 3 20.20494409714222 0


# 20.359999999999992 19.0 2.5080593691160686
0 0 20.505677847171746 0
1 0 20.764797162391506 0
2 0 20.78795726069824 0
3 0 20.32151313030967 0

0 1 20.76733794156021 0
1 1 20.697703622480812 0
2 1 20.611234943635466 0
3 1 20.24368287795257 0

0 2 20.5350637262715 0
1 2 20.410147022132517 -1
2 2 20.9244632551744 0
3 2 20.343178902460576 0

0 3 20.456582952694212 0
1 3 21.042123193384473 0
2 3 20.595700304619676 0
3 3 20.211712660130065 0


# 20.47999999999999 19.0 2.5080593691160686
0 0 20.510179065920983 0
1 0 20.758785760960265 0
2 0 20.777321461767777 0
3 0 20.326510709695164 0

0 1 20.758185104990762 0
1 1 20.694674082582363 0
2 1 20.61357736647069 0
3 1 20.25100740082208 0

0 2 20.534250030725907 0
1 2 20.368806091812562 -1
2 2 20.90314417091039 0
3 2 20.347315759339583 0

0 3 20.463382445086545 0
1 3 21.01764868536055 0
2 3 20.598430958022462 0
3 3 20.219759964973726 0


# 20.599999999999987 19.0 2.5080593691160686
0 0 20.51577626993924 0
1 0 20.753650020771406 0
2 0 20.767878817536776 0
3 0 20.332742958766445 0

0 1 20.75015773518012 0
1 1 20.691164021189227 0
2 1 20.615483985805596 0
3 1 20.258891602434492 0

0 2 20.53367968470037 0
1 2 20.328851038151484 -1
2 2 20.882474231602522 0
3 2 20.35194200703545 0

0 3 20.47107661750416 0
1 3 20.994567743939545 0
2 3 20.601338481071707 0
3 3 20.22904797209196 0


# 20.719999999999985 19.0 2.5080593691160686
0 0 20.522454017292848 0
1 0 20.749374682171233 0
2 0 20.75959912672115 0
3 0 20.34018610100072 0

0 1 20.743218682980746 0
1 1 20.687231288841453 0
2 1 20.616999109482123 0
3 1 20.26732768174246 0

0 2 20.533382894006593 0
1 2 20.290238062220894 -1
2 2 20.86244168040332 0
3 2 20.357066250750815 0

0 3 20.479653266929365 0
1 3 20.972850656416746 0
2 3 20.60445434857364 0
3 3 20.23954049228854 0


# 20.839999999999982 19.0 2.5080593691160686
0 0 20.530196793052127 0
1 0 20.745945272023416 0
2 0 20.752453529188937 0
3 0 20.348816775895873 0

0 1 20.737333230006357 0
1 1 20.682930375061858 0
2 1 20.61816499142374 0
3 1 20.276308495326123 0

0 2 20.533387507168197 0
1 2 20.252925957862892 -1
2 2 20.843035818327294 0
3 2 20.362696085890583 0

0 3 20.48910060728293 0
1 3 20.952468699811877 0
2 3 20.60780780605868 0
3 3 20.251203081269544 0


# 20.95999999999998 19.0 2.5080593691160686
0 0 20.538989050526606 0
1 0 20.74334804605576 0
2 0 20.746414438723505 0
3 0 20.358612047172215 0

0 1 20.73246891753917 0
1 1 20.678312612013467 0
2 1 20.619021928208085 0
3 1 20.285827499257678 0

0 2 20.533719177659354 0
1 2 20.21687594757922 -1
2 2 20.824246920260425 0
3 2 20.36883818029263 0

0 3 20.499407239950397 0
1 3 20.93339410634284 0
2 3 20.61142600749869 0
3 3 20.264002940597337 0


# 21.079999999999977 19.0 2.5080593691160686
0 0 20.548815248270788 0
1 0 20.741569935709514 0
2 0 20.741455479230197 0
3 0 20.36954940921587 0

0 1 20.728595387457847 0
1 1 20.673426365024277 0
2 1 20.619608350819366 0
3 1 20.29587869557279 0

0 2 20.53440151509751 0
1 2 20.182051528976118 -1
2 2 20.806066156898964 0
3 2 20.37549835023717 0

0 3 20.510562126769468 0
1 3 20.91560002983537 0
2 3 20.615334144711724 0
3 3 20.27790882467522 0


# 21.199999999999974 19.0 2.5080593691160686
0 0 20.559659883211047 0
1 0 20.7405984991393 0
2 0 20.737551424212622 0
3 0 20.381606791921524 0

0 1 20.725684234344612 0
1 1 20.668317210862465 0
2 1 20.6199609118306 0
3 1 20.306456583006604 0

0 2 20.535456226144497 0
1 2 20.14841833107016 -1
2 2 20.78848552222201 0
3 2 20.382681630686054 0

0 3 20.522554565277524 0
1 3 20.899060513075 0
2 3 20.619555568953498 0
3 3 20.292890953382585 0


# 21.319999999999972 19.0 2.5080593691160686
0 0 20.571507520217256 0
1 0 20.74042187603896 0
2 0 20.734678139353186 0
3 0 20.394762564080665 0

0 1 20.72370886798883 0
1 1 20.66302810458421 0
2 1 20.620114568252724 0
3 1 20.31755611167656 0

0 2 20.536903245818465 0
1 2 20.115943979807188 -1
2 2 20.771497766127748 0
3 2 20.390392340171484 0

0 3 20.535374166034256 0
1 3 20.88375045610339 0
2 3 20.624111905164817 0
3 3 20.30892093000485 0


# 21.43999999999997 19.0 2.5080593691160686
0 0 20.584342818417767 0
1 0 20.741028745993585 0
2 0 20.732812528040274 0
3 0 20.408995535450362 0

0 1 20.722644385559143 0
1 1 20.65759953571952 0
2 1 20.62010266027536 0
3 1 20.32917264141691 0

0 2 20.538760859870894 0
1 2 20.084597972190302 -1
2 2 20.75509633188724 0
3 2 20.39863414072399 0

0 3 20.549010831848715 0
1 3 20.86964558545749 0
2 3 20.62902315931609 0
3 3 20.325971664125156 0


# 21.559999999999967 19.0 2.5080593691160686
0 0 20.59815055453336 0
1 0 20.74240829008137 0
2 0 20.73193247969227 0
3 0 20.42428495762746 0

0 1 20.722467452767145 0
1 1 20.652069674508752 0
2 1 20.619956986112207 0
3 1 20.341301903490965 0

0 2 20.54104581883799 0
1 2 20.054351558453465 -1
2 2 20.739275298091922 0
3 2 20.407410093202078 0

0 3 20.563454738753705 0
1 3 20.856722424346554 0
2 3 20.63430781926358 0
3 3 20.34401729916624 0


# 21.679999999999964 19.0 2.5080593691160686
0 0 20.61291564348434 0
1 0 20.74455015547018 0
2 0 20.732016820735712 0
3 0 20.440610523843592 0

0 1 20.723156193392896 0
1 1 20.646474508853476 0
2 1 20.619707873152887 0
3 1 20.353939965426726 0

0 2 20.543773444333993 0
1 2 20.02517763175521 -1
2 2 20.724029324791996 0
3 2 20.41672270836021 0

0 3 20.57869631858274 0
1 3 20.844958263759217 0
2 3 20.639982949507118 0
3 3 20.36303314429066 0


# 21.79999999999996 19.0 2.5080593691160686
0 0 20.62862315650526 0
1 0 20.747444422773565 0
2 0 20.733045268102053 0
3 0 20.457952367787566 0

0 1 20.72469008658671 0
1 1 20.64084797259973 0
2 1 20.619384245612594 0
3 1 20.367083198739927 0

0 2 20.54695772811506 0
1 2 19.99705062490215 -1
2 2 20.709353603542564 0
3 2 20.42657399396796 0

0 3 20.59472624301625 0
1 3 20.834331134490437 0
2 3 20.646064280215704 0
3 3 20.382995610386402 0


# 21.91999999999996 19.0 2.5080593691160686
0 0 20.645258336983392 0
1 0 20.751081575949296 0
2 0 20.73499838511396 0
3 0 20.47629106155346 0

0 1 20.727049871402446 0
1 1 20.63522206572934 0
2 1 20.619013688860697 0
3 1 20.380728249325436 0

0 2 20.55061142440608 0
1 2 19.96994641364487 -1
2 2 20.69524381109279 0
3 2 20.43696549827096 0

0 3 20.611535408974422 0
1 3 20.82481978007586 0
2 3 20.652566290865305 0
3 3 20.403882149882126 0


# 22.039999999999957 19.0 2.5080593691160686
0 0 20.662806614220212 0
1 0 20.75545247454019 0
2 0 20.737857539638625 0
3 0 20.495607612805106 0

0 1 20.73021745805581 0
1 1 20.629626966995552 0
2 1 20.618622510600012 0
3 1 20.39487201031388 0

0 2 20.554746135949124 0
1 2 19.943842226119276 -1
2 2 20.681696066470604 0
3 2 20.44789835006358 0

0 3 20.62911492524364 0
1 3 20.816403630619412 0
2 3 20.65950228881263 0
3 3 20.425671200152884 0


# 22.159999999999954 19.0 2.5080593691160686
0 0 20.681253615299436 0
1 0 20.760548328072705 0
2 0 20.741604864391537 0
3 0 20.515883461240588 0

0 1 20.734175845436397 0
1 1 20.624091139502507 0
2 1 20.618235799059352 0
3 1 20.409511597205057 0

0 2 20.559372394200853 0
1 2 19.918716558035072 -1
2 2 20.66870689123166 0
3 2 20.459373295623983 0

0 3 20.647456100232713 0
1 3 20.80906277749836 0
2 3 20.666884483109094 0
3 3 20.448342130292176 0


# 22.27999999999995 19.0 2.5080593691160686
0 0 20.700585175230763 0
1 0 20.76636067244315 0
2 0 20.746223219280008 0
3 0 20.537100474433746 0

0 1 20.738909044435278 0
1 1 20.618641429694062 0
2 1 20.61787747835343 0
3 1 20.42464432510338 0

0 2 20.564499734076854 0
1 2 19.8945490932394 -1
2 2 20.65627317265645 0
3 2 20.4713907327444 0

0 3 20.666550430763238 0
1 3 20.80277794892877 0
2 3 20.67472405384104 0
3 3 20.47187519104068 0


# 22.39999999999995 19.0 2.5080593691160686
0 0 20.720787345524997 0
1 0 20.772881348134526 0
2 0 20.75169615568131 0
3 0 20.559240943123548 0

0 1 20.74440200668055 0
1 1 20.61330316018564 0
2 1 20.617570361155988 0
3 1 20.440267687893325 0

0 2 20.570136763613824 0
1 2 19.871320629308528 -1
2 2 20.644392129693543 0
3 2 20.483950742072665 0

0 3 20.68638959180627 0
1 3 20.797530486373233 0
2 3 20.683031217265004 0
3 3 20.49625146767527 0


# 22.519999999999946 19.0 2.5080593691160686
0 0 20.741846401343878 0
1 0 20.780102480119407 0
2 0 20.758007882555482 0
3 0 20.582287576016487 0

0 1 20.750640558301686 0
1 1 20.608100216843358 0
2 1 20.61733619882433 0
3 1 20.456379339204766 0

0 2 20.57629122889504 0
1 2 19.849013007843382 -1
2 2 20.633061281460318 0
3 2 20.497053115965695 0

0 3 20.706965427084466 0
1 3 20.793302321771872 0
2 3 20.691815286990764 0
3 3 20.521452835674435 0


