# 20.0 20.0 0.0
0 0 20.06 1
1 0 20.00072 0
2 0 20.06000864 1
3 0 20.00072010368 0

0 1 20.00072 0
1 1 20.00001728 0
2 1 20.06072031104 1
3 1 20.00073728497664 0

0 2 20.00000864 0
1 2 20.00000031104 0
2 2 20.06072864746496 1
3 2 20.0007375911893 0

0 3 20.06000010368 1
1 3 20.00072000497664 0
2 3 20.0607373838293 1
3 3 20.000737699700224 0


# 20.0 20.0 0.06073738382929861
0 0 20.11785728 1
1 0 20.0028243584 0
2 0 20.11825945439744 1
3 0 20.00212214082001 0

0 1 20.0021043584 0
1 1 20.00080424262656 0
2 1 20.11997209166367 1
3 1 20.0021803008917 0

0 2 20.00075353439744 0
1 2 20.00075637326367 0
2 2 20.12000011366599 1
3 2 20.002181629730444 0

0 3 20.11785778242001 1
1 3 20.002841983241776 0
2 3 20.119669371267765 1
3 3 20.002173354522995 0


# 20.0 20.0 0.12000011366599139
0 0 20.1736735625216 1
1 0 20.00621858246175 0
2 0 20.174832311092093 1
3 0 20.004169895094297 0

0 1 20.004118751421746 0
1 1 20.002338428566215 0
2 1 20.177805645114404 1
3 1 20.004298614293518 0

0 2 20.002194680838013 0
1 2 20.002248569822758 0
2 2 20.177862970801247 1
3 2 20.00430202055718 0

0 3 20.17367534222185 1
1 3 20.00626973934537 0
2 3 20.176878930450552 1
3 3 20.00426928517226 0


# 20.0 20.0 0.1778629708012467
0 0 20.227545362277425 1
1 0 20.010813995221586 0
2 0 20.229802828451387 1
3 0 20.00682899618384 0

0 1 20.006730705522212 0
1 1 20.00459737098321 0
2 1 20.234269715563265 1
3 1 20.00706288128084 0

0 2 20.004294359653617 0
1 2 20.004456931760668 0
2 2 20.234364439382766 1
3 2 20.00706969496381 0

0 3 20.22754979908985 1
1 3 20.010913038228477 0
2 3 20.23244457652503 1
3 3 20.006989762163926 0


# 20.0 20.0 0.23436443938276597
0 0 20.279564265644364 1
1 0 20.016527381003225 0
2 0 20.283242622769432 1
3 0 20.010066818369825 0

0 1 20.009909487845654 0
1 1 20.00755865937009 0
2 1 20.289411512449867 1
3 1 20.01044481657645 0

0 2 20.00701699117252 0
1 2 20.007361236574003 0
2 2 20.289550390538547 1
3 2 20.010456587406676 0

0 3 20.279573166675426 1
1 3 20.016687238380175 0
2 3 20.28644063300397 1
3 3 20.010300897370954 0


# 20.0 20.0 0.2895503905385475
0 0 20.329817194507353 1
1 0 20.023280652720853 0
2 0 20.3352195404156 1
3 0 20.013852385192415 0

0 1 20.013626003496736 0
1 1 20.011199996583223 0
2 1 20.34327673678164 1
3 1 20.014417162792807 0

0 2 20.01032900242423 0
1 2 20.010941096753566 0
2 2 20.34346535244005 1
3 2 20.014435611686842 0

0 3 20.329832727564764 1
1 3 20.023512947856076 0
2 3 20.33893747678981 1
3 3 20.014170542127317 0


# 20.0 20.0 0.34346535244004883
0 0 20.3783866553797 1
1 0 20.03100053961512 0
2 0 20.385797875657214 1
3 0 20.018156279786886 0

0 1 20.017852699202518 0
1 1 20.015499249615463 0
2 1 20.395909609102187 1
3 1 20.01895365996242 0

0 2 20.01419870260466 0
1 2 20.01517603913959 0
2 2 20.396152520363547 1
3 2 20.018980636665436 0

0 3 20.37841128917796 1
1 3 20.03131570170741 0
2 3 20.390001767935015 1
3 3 20.01856819146594 0


# 20.0 20.0 0.39615252036354676
0 0 20.425350974651842 1
1 0 20.03961829415038 0
2 0 20.435038575076085 1
3 0 20.02295056053502 0

0 1 20.022563472958474 0
1 1 20.02043449461813 0
2 1 20.447352898865525 1
3 1 20.024029015396792 0

0 2 20.018596166710577 0
1 2 20.020045575861687 0
2 2 20.44765376993803 1
3 2 20.024066461647095 0

0 3 20.42538742518857 1
1 3 20.04002565946352 0
2 3 20.439696665132153 1
3 3 20.023464894094516 0


# 20.0 20.0 0.44765376993802874
0 0 20.470784520769683 1
1 0 20.04906941688163 0
2 0 20.482999429438276 1
3 0 20.02820868169378 0

0 1 20.0277335892794 0
1 1 20.02598405664712 0
2 1 20.497647954977023 1
3 1 20.02961887392994 0

0 2 20.023493126792687 0
1 2 20.025529267574424 0
2 2 20.498009673172973 1
3 2 20.029668791552286 0

0 3 20.470835703316858 1
1 3 20.049577321398335 0
2 3 20.488082027860592 1
3 3 20.028833167740068 0


# 20.0 20.0 0.49800967317297307
0 0 20.514757914095906 1
1 0 20.059293398174777 0
2 0 20.529735253820014 1
3 0 20.033905418685805 0

0 1 20.033339599700092 0
1 1 20.032126544573174 0
2 1 20.54683473728408 1
3 1 20.03569978859515 0

0 2 20.02886287031449 0
1 2 20.03160677964436 0
2 2 20.547259516896766 1
3 2 20.035764211985875 0

0 3 20.514826900298004 1
1 3 20.05990926239324 0
2 3 20.535214606054808 1
3 3 20.034646919517915 0


# 20.0 20.0 0.5472595168967658
0 0 20.55733822516295 1
1 0 20.07023347573411 0
2 0 20.57529805674002 1
3 0 20.040016797757136 0

0 1 20.039359268193294 0
1 1 20.03884088156393 0
2 1 20.594951848819996 1
3 1 20.04224919177691 0

0 2 20.03468014513891 0
1 2 20.038257931893344 0
2 2 20.59544132327077 1
3 2 20.042330164297255 0

0 3 20.55742820477766 1
1 3 20.070963882285433 0
2 3 20.581148218101397 1
3 3 20.040881371004055 0


# 20.0 20.0 0.5954413232707694
0 0 20.598589161984215 1
1 0 20.081836406956736 0
2 0 20.619737198999346 1
3 0 20.046520029727194 0

0 1 20.04577150119342 0
1 1 20.046106331515226 0
2 1 20.642036568623382 1
3 1 20.049245366874054 0

0 2 20.04092107069745 0
1 2 20.04546274245569 0
2 2 20.642591872075506 1
3 2 20.049344920716212 0

0 3 20.59870340884146 1
1 3 20.082687171662226 0
2 3 20.62593391791804 1
3 3 20.04751298771152 0


# 20.0 20.0 0.6425918720755064
0 0 20.638571247050585 1
1 0 20.094052255195336 0
2 0 20.663099542883923 1
3 0 20.05339344757411 0

0 1 20.052556281934457 0
1 1 20.053902521781 0
2 1 20.688124884972833 1
3 1 20.0566674205045 0

0 2 20.047563054926936 0
1 2 20.053201466263165 0
2 2 20.688746724494326 1
3 2 20.056787559638657 0

0 3 20.638713088842238 1
1 3 20.095028492128694 0
2 3 20.669620151817497 1
3 3 20.05451941269138 0


# 20.0 20.0 0.688746724494326
0 0 20.67734198460232 1
1 0 20.10683418906834 0
2 0 20.70542959234218 1
3 0 20.0606164476156 0

0 1 20.059694608828934 0
1 1 20.06220946252511 0
2 1 20.73325152889253 1
3 1 20.064495255277073 0

0 2 20.054584716587218 0
1 2 20.061454628631356 0
2 2 20.733940248146357 1
3 2 20.064637941127213 0

0 3 20.67751477614851 1
1 3 20.107940370138458 0
2 3 20.71225290581288 1
3 3 20.06187940399777 0


# 20.0 20.0 0.7339402481463573
0 0 20.714956018731407 1
1 0 20.120138294010655 0
2 0 20.746769624710033 1
3 0 20.068169434061286 0

0 1 20.067168437632244 0
1 1 20.071007562993906 0
2 1 20.777450007799217 1
3 1 20.072709543151287 0

0 2 20.0619658125995 0
1 2 20.07020305438359 0
2 2 20.77820564314481 1
3 2 20.072876682683397 0

0 3 20.715163118400017 1
1 3 20.1213783035358 0
2 3 20.75387584397688 1
3 3 20.069572775773775 0


# 20.0 20.0 0.7782056431448083
0 0 20.75146528283679 1
1 0 20.133923395308695 0
2 0 20.787159814518244 1
3 0 20.076033766727114 0

0 1 20.07496062715285 0
1 1 20.08027764498593 0
2 1 20.820752639174458 1
3 1 20.08129169940195 0

0 2 20.069687170069557 0
1 2 20.079427892914012 0
2 2 20.821574968978844 1
3 2 20.08148513534055 0

0 3 20.75171003182088 1
1 3 20.135300580011837 0
2 3 20.794530438427024 1
3 3 20.07758034273113 0


# 20.0 20.0 0.8215749689788439
0 0 20.786919140924205 1
1 0 20.14815089191087 0
2 0 20.826638349882227 1
3 0 20.084191711716347 0

0 1 20.083054888284188 0
1 1 20.09000095377401 0
2 1 20.863190584158527 1
3 1 20.090223857201654 0

0 2 20.077730622682864 0
1 2 20.08911063955951 0
2 2 20.864079172037687 1
3 2 20.090445360119894 0

0 3 20.787204845107667 1
1 3 20.14966810672847 0
2 3 20.834256091471058 1
3 3 20.0858838678119 0


# 20.0 20.0 0.8640791720376875
0 0 20.821364521213273 1
1 0 20.16278460034905 0
2 0 20.86524154194186 1
3 0 20.09262639488428 0

0 1 20.091435736148295 0
1 1 20.100159166715443 0
2 1 20.904793880973678 1
3 1 20.09948884283092 0

0 2 20.08607895117997 0
1 2 20.09923315362059 0
2 2 20.905748113614102 1
3 2 20.099740104885942 0

0 3 20.821694435378692 1
1 3 20.164444250411517 0
2 3 20.873090250411323 1
3 3 20.09446601283424 0


# 20.0 20.0 0.9057481136141021
0 0 20.854846042487562 1
1 0 20.177790608148126 0
2 0 20.903003927788376 1
3 0 20.10132175791588 0

0 1 20.10008844515466 0
1 1 20.110734399767868 0
2 1 20.945591478094958 1
3 1 20.109070151522783 0

0 2 20.09471582764026 0
1 2 20.10977767334401 0
2 2 20.94661059824146 1
3 2 20.109352781631916 0

0 3 20.85522335664168 1
1 3 20.179594687258998 0
2 3 20.911068515474064 1
3 3 20.10331029193748 0


# 20.0 20.0 0.9466105982414597
0 0 20.887406133597644 1
1 0 20.19313713613975 0
2 0 20.939958367287073 1
3 0 20.110262516856626 0

0 1 20.108999006790235 0
1 1 20.121709212111437 0
2 1 20.985611267096353 1
3 1 20.118951923945843 0

0 2 20.103625763320682 0
1 2 20.120726828154687 0
2 2 20.986694402234154 1
3 2 20.119267444220785 0

0 3 20.887833961209537 1
1 3 20.19508726205218 0
2 3 20.948224741298837 1
3 3 20.112401027653966 0


# 20.0 20.0 0.9866944022341535
0 0 20.91908514650329 1
1 0 20.208794409132704 0
2 0 20.976136134178045 1
3 0 20.119434122947272 0

0 1 20.11815408996827 0
1 1 20.13306660906231 0
2 1 21.024880115108772 1
3 1 20.12911892332744 0

0 2 20.112794059813204 0
1 2 20.132063648401203 0
2 2 21.02602630231527 1
3 2 20.129468766603072 0

0 3 20.91956651446838 1
1 3 20.21089185589601 0
2 3 20.98459113239467 1
3 3 20.121723309446395 0


# 20.0 20.0 1.0260263023152696
0 0 20.94992146321838 1
1 0 20.224734534426634 0
2 0 21.01156700181236 1
3 0 20.128822725622847 0

0 1 20.12754100377473 0
1 1 20.144790043447856 0
2 1 21.063423896834387 1
3 1 20.139556513216412 0

0 2 20.12220676330078 0
1 2 20.143771572857464 0
2 2 21.064632104228412 1
3 2 20.139942021528437 0

0 3 20.95045930337788 1
1 3 20.226980262051935 0
2 3 21.020198332942815 1
3 3 20.13126295455998 0


# 20.0 20.0 1.0646321042284121
0 0 20.979951597000934 1
1 0 20.240931387687848 0
2 0 21.04627932385798 1
3 0 20.138415137545316 0

0 1 20.137147662461185 0
1 1 20.156863415600448 0
2 1 21.101267526069176 1
3 1 20.150250635883037 0

0 2 20.131850621706505 0
1 2 20.155834454203355 0
2 2 21.102536671242373 1
3 2 20.15067305976447 0

0 3 20.980548739061376 1
1 3 20.243326069360243 0
2 3 21.05507551130117 1
3 3 20.14100647104861 0


# 20.0 20.0 1.1025366712423725
0 0 21.00921028811069 1
1 0 20.257360505735786 0
2 0 21.08030011028815 1
3 0 20.14819880154774 0

0 1 20.146962552542828 0
1 1 20.16927107211424 0
2 1 21.13843498669219 1
3 1 20.161187791352003 0

0 2 20.141713044544524 0
1 2 20.16823656268873 0
2 2 21.139763952468098 1
3 2 20.161648289832787 0

0 3 21.009869453822024 1
1 3 20.259904552780856 0
2 3 21.08925043954209 1
3 3 20.15094102284336 0


# 20.0 20.0 1.1397639524680976
0 0 21.03773059443805 1
1 0 20.273998985816966 0
2 0 21.11365509894473 1
3 0 20.15816175937558 0

0 1 20.156974701869192 0
1 1 20.18199780349756 0
2 1 21.174949363086114 1
3 1 20.172355017062753 0

0 2 20.151782065294213 0
1 2 20.18096258816816 0
2 2 21.17633701091718 1
3 2 20.17285465826969 0

0 3 21.038454392901333 1
1 3 20.2766925706114 0
2 3 21.122749568333788 1
3 3 20.16105439674024 0


# 20.0 20.0 1.1763370109171802
0 0 21.065543977290513 1
1 0 20.29082539096945 0
2 0 21.146368822950226 1
3 0 20.168292622118216 0

0 1 20.167173650543674 0
1 1 20.195028840842884 0
2 1 21.21083286995926 1
3 1 20.183739868150283 0

0 2 20.162046306131213 0
1 2 20.19399764067812 0
2 2 21.212278051240045 1
3 2 20.18427963041593 0

0 3 21.066334901277795 1
1 3 20.293668467969198 0
2 3 21.15559809745516 1
3 3 20.171334971192046 0


# 20.0 20.0 1.2122780512400446
0 0 21.09268038260621 1
1 0 20.307819661105523 0
2 0 21.17846467422451 1
3 0 20.178580542230456 0

0 1 20.177549423575805 0
1 1 20.20834985162625 0
2 1 21.246106881544108 1
3 1 20.195330398338257 0

0 2 20.172494944860084 0
1 2 20.207327249713916 0
2 2 21.247608447090073 1
3 2 20.195911171737905 0

0 3 21.093540805785747 1
1 3 20.31081198614995 0
2 3 21.18782004221523 1
3 3 20.18177168679657 0


# 20.0 20.0 1.247608447090073
0 0 21.119168317848562 1
1 0 20.324963029463483 0
2 0 21.20996496334594 1
3 0 20.18901518705037 0

0 1 20.18809250515764 0
1 1 20.22194693473874 0
2 1 21.280791960152147 1
3 1 20.207115141435334 0

0 2 20.18311768390385 0
1 2 20.22093736235024 0
2 2 21.282348768067216 1
3 2 20.207737729680503 0

0 3 21.120100492818104 1
1 3 20.328104177500254 0
2 3 21.219438296030557 1
3 3 20.192354018380424 0


# 20.0 20.0 1.2823487680672159
0 0 21.145034924821466 1
1 0 20.34223794410089 0
2 0 21.24089097598105 1
3 0 20.19958671372555 0

0 1 20.19879381446259 0
1 1 20.23580661484407 0
2 1 21.314907884068777 1
3 1 20.21908309342475 0

0 2 20.193904721215457 0
1 2 20.234814340336953 0
2 2 21.31651880620139 1
3 2 20.21974821605 0

0 3 21.14604098186124 1
1 3 20.345527325463987 0
2 3 21.250474689397823 1
3 3 20.203071948584103 0


# 20.0 20.0 1.3165188062013904
0 0 21.170306048630657 1
1 0 20.35962799412212 0
2 0 21.271263026092843 1
3 0 20.210285745465644 0

0 1 20.209644682871442 0
1 1 20.249915836148347 0
2 1 21.348473674775885 1
3 1 20.23122369513641 0

0 2 20.204846722985245 0
1 2 20.248944956290366 0
2 2 21.350137601941892 1
3 2 20.23193198992385 0

0 3 21.17138799509563 1
1 3 20.363064869483907 0
2 3 21.280950045483234 1
3 3 20.21391594285996 0


# 20.0 20.0 1.350137601941892
0 0 21.195006303003876 1
1 0 20.377117840351932 0
2 0 21.301100506124065 1
3 0 20.221103349044007 0

0 1 20.220636832536492 0
1 1 20.264261955660682 0
2 1 21.381507623493 1
3 1 20.243526815490213 0

0 2 20.215934798026936 0
1 2 20.263316389089788 0
2 2 21.38322346962456 1
3 2 20.244278841082746 0

0 3 21.196166023282316 1
1 3 20.380701334459847 0
2 3 21.31088423253627 1
3 3 20.22487692580043 0


# 20.0 20.0 1.3832234696245607
0 0 21.219159132170397 1
1 0 20.39469315018461 0
2 0 21.330421934339515 1
3 0 20.23203101347638 0

0 1 20.231762356200257 0
1 1 20.278832736016582 0
2 1 21.414027317030985 1
3 1 20.255982735298705 0

0 2 20.227160473732674 0
1 2 20.27791621857948 0
2 2 21.415794022393335 1
3 2 20.25677897395918 0

0 3 21.220398388142463 1
1 3 20.39842226448363 0
2 3 21.340296213321878 1
3 3 20.235946258718986 0


# 20.0 20.0 1.4157940223933352
0 0 21.24278686948888 1
1 0 20.412340536354996 0
2 0 21.359244999499605 1
3 0 20.24306062980881 0

0 1 20.243013698190705 0
1 1 20.29361633792966 0
2 1 21.446049662954955 1
3 1 20.268582131616835 0

0 2 20.238515673494852 0
1 2 20.292732419667285 0
2 2 21.447866196557296 1
3 2 20.26942299209561 0

0 3 21.244107301425075 1
1 3 20.41621416058829 0
2 3 21.369204091752735 1
3 3 20.247115718411283 0


# 20.0 20.0 1.447866196557296
0 0 21.26591079300183 1
1 0 20.43004749939326 0
2 0 21.387586603026506 1
3 0 20.25418447195141 0

0 1 20.25438363651981 0
1 1 20.308601312331458 0
2 1 21.477590914055504 1
3 1 20.281316062626157 0

0 2 20.249992695499415 0
1 2 20.30775335590297 0
2 2 21.47945627536823 1
3 2 20.282201883104463 0

0 3 21.267313920846824 1
1 3 20.43406442226561 0
2 3 21.39762515689166 1
3 3 20.258377477028432 0


# 20.0 20.0 1.4794562753682285
0 0 21.28855117808472 1
1 0 20.447802373540057 0
2 0 21.415462898813956 1
3 0 20.26539517849844 0

0 1 20.265865266016966 0
1 1 20.323776592253733 0
2 1 21.508666692129584 1
3 1 20.29417595304065 0

0 2 20.261584192801642 0
1 2 20.3229677726119 0
2 2 21.510579912207405 1
3 2 20.295107004121395 0

0 3 21.290038403077144 1
1 3 20.451961292521425 0
2 3 21.425575924483297 1
3 3 20.269724082998664 0


# 20.0 20.0 1.5105799122074046
0 0 21.310727347348354 1
1 0 20.465594275912366 0
2 0 21.442889330822254 1
3 0 20.276685735478853 0

0 1 20.2774519824331 0
1 1 20.339131484502598 0
2 1 21.539292011074238 1
3 1 20.307153580021037 0

0 2 20.27328315460144 0
1 2 20.338364789652523 0
2 2 21.541252153173428 1
3 2 20.308130067742614 0

0 3 21.31229995393184 1
1 3 20.469893806252337 0
2 3 21.453072176164092 1
3 3 20.281148442937592 0


# 20.0 20.0 1.5412521531734278
0 0 21.33245771794396 1
1 0 20.483413058723272 0
2 0 21.469880668591035 1
3 0 20.28804945998496 0

0 1 20.289137467455486 0
1 1 20.35465566116934 0
2 1 21.569481299298133 1
3 1 20.32024105958446 0

0 2 20.28508288864066 0
1 2 20.35393389386003 0
2 2 21.57148745906588 1
3 2 20.321263128436478 0

0 3 21.334116875929013 1
1 3 20.487851741741178 0
2 3 21.480128996490137 1
3 3 20.292643804490957 0


# 20.0 20.0 1.5714874590658816
0 0 21.35375984641212 1
1 0 20.501249264370966 0
2 0 21.49645104079406 1
3 0 20.299479984630047 0

0 1 20.30091567457702 0
1 1 20.370339151018484 0
2 1 21.59924842145738 1
3 1 20.3334308334962 0

0 2 20.296977004650145 0
1 2 20.369664931232457 0
2 2 21.601299726762118 1
3 2 20.334498569419136 0

0 3 21.355506613352265 1
1 3 20.505825575080948 0
2 3 21.506760807913558 1
3 3 20.304203740057275 0


# 20.0 20.0 1.601299726762118
0 0 21.37465047120866 1
1 0 20.51909408322364 0
2 0 21.52261396695244 1
3 0 20.31097124278875 0

0 1 20.31278081576731 0
1 1 20.386172330789766 0
2 1 21.62860669952343 1
3 1 20.34671565663014 0

0 2 20.308959398779063 0
1 2 20.385548098910242 0
2 2 21.630702309986734 1
3 2 20.347829089983623 0

0 3 21.376485794957905 1
1 3 20.523806437348927 0
2 3 21.532981403829904 1
3 3 20.315822131340976 0


# 20.0 20.0 1.6307023099867344
0 0 21.39514555303304 1
1 0 20.53693931393755 0
2 0 21.548382387415437 1
3 0 20.3225174545769 0

0 1 20.324727348896307 0
1 1 20.40214591644707 0
2 1 21.65756893319206 1
3 1 20.360088584784705 0

0 2 20.321024238943515 0
1 2 20.401573936995266 0
2 2 21.659708039475383 1
3 2 20.361247693271523 0

0 3 21.39707027445493 1
1 3 20.541786074363632 0
2 3 21.55880397981121 1
3 3 20.327493154689694 0


# 20.0 20.0 1.6597080394753831
0 0 21.415260313077855 1
1 0 20.554777326155456 0
2 0 21.57376869171108 1
3 0 20.33411311353008 0

0 1 20.336749965864282 0
1 1 20.418250954404094 0
2 1 21.686147419643344 1
3 1 20.373542962941087 0

0 2 20.33316595103566 0
1 2 20.41773332025084 0
2 2 21.688329242536287 1
3 2 20.374747674476122 0

0 3 21.417275168879343 1
1 3 20.559756808867657 0
2 3 21.584241163132262 1
3 3 20.339211267172168 0


# 20.0 20.0 1.6883292425362875
0 0 21.43500926931129 1
1 0 20.572601025442044 0
2 0 21.5987847453626 1
3 0 20.34575297394264 0

0 1 20.348843581394995 0
1 1 20.434478812753472 0
2 1 21.714353972663584 1
3 1 20.38707241395055 0

0 2 20.345379205938464 0
1 2 20.43401744971995 0
2 2 21.71657776201445 1
3 2 20.38832260946577 0

0 3 21.43711489497736 1
1 3 20.57771150498917 0
2 3 21.609305040690817 1
3 3 20.35097119335585 0


# 20.0 20.0 1.716577762014449
0 0 21.45440627089813 1
1 0 20.590403820321647 0
2 0 21.623441915260507 1
3 0 20.357432038831238 0

0 1 20.361003322451484 0
1 1 20.450821172523185 0
2 1 21.742199941140715 1
3 1 20.400670827637878 0

0 2 20.357658907294834 0
1 2 20.450417844295252 0
2 2 21.744464974664865 1
3 2 20.401966343816113 0

0 3 21.456603203705583 1
1 3 20.595643534843926 0
2 3 21.634007185416177 1
3 3 20.362767912745827 0


# 20.0 20.0 1.744464974664865
0 0 21.473464530859076 1
1 0 20.60817959129185 0
2 0 21.64775109367473 1
3 0 20.369145548489065 0

0 1 20.373224518236647 0
1 1 20.467270018981644 0
2 1 21.76969622694547 1
3 1 20.414332350308094 0

0 2 20.3700001799833 0
1 2 20.466926332270766 0
2 2 21.772001808942335 1
3 2 20.41567298223979 0

0 3 21.47575321295011 1
1 3 20.613546747148128 0
2 3 21.658358681254732 1
3 3 20.37459664784891 0


# 20.0 20.0 1.7720018089423348
0 0 21.49219665706249 1
1 0 20.62592266169422 0
2 0 21.671722720985937 1
3 0 20.38088896959899 0

0 1 20.38550269074304 0
1 1 20.483817633010368 0
2 1 21.796853302211048 1
3 1 20.42805137464375 0

0 2 20.382398359255568 0
1 2 20.483535042902048 0
2 2 21.799198762216395 1
3 2 20.429436878402228 0

0 3 21.49457743856075 1
1 3 20.631415437720516 0
2 3 21.682370146815465 1
3 3 20.386452852828963 0


# 20.0 20.0 1.7991987622163954
0 0 21.510614681637488 1
1 0 20.643627770330667 0
2 0 21.695366807210217 1
3 0 20.392657984875672 0

0 1 20.39783354581867 0
1 1 20.500456582561018 0
2 1 21.823681226024494 1
3 1 20.441822529980342 0

0 2 20.39484898049421 0
1 2 20.500236397998655 0
2 2 21.826065917420898 1
3 2 20.4432526251121 0

0 3 21.51308782379114 1
1 3 20.649244321759518 0
2 3 21.70605175775333 1
3 3 20.398332202721505 0


# 20.0 20.0 1.8260659174208982
0 0 21.46873008889233 0
1 0 20.660570045720743 0
2 0 21.718684312386838 1
3 0 20.404448379528553 0

0 1 20.409492964717657 0
1 1 20.517162434211627 0
2 1 21.850189349503314 1
3 1 20.455640667970897 0

0 2 20.40733912955154 0
1 2 20.517022792530042 0
2 2 21.85261295168348 1
3 2 20.4571150447259 0

0 3 21.53129566355039 1
1 3 20.667028502811622 0
2 3 21.729413267814287 1
3 3 20.410230583174013 0


# 20.0 20.0 1.8526129516834793
0 0 21.428696561817468 0
1 0 20.676800623501464 0
2 0 21.68167683149699 0
3 0 20.41553604785914 0

0 1 20.420532637706483 0
1 1 20.533913182208366 0
2 1 21.87566638432747 1
3 1 20.46948356963907 0

0 2 20.41985709923582 0
1 2 20.53388663931987 0
2 2 21.878840506036923 1
3 2 20.47101886875361 0

0 3 21.549211646887148 1
1 3 20.68476344434179 0
2 3 21.75246392496872 1
3 3 20.422144075704416 0


# 20.0 20.0 1.8788405060369229
0 0 21.390431484726534 0
1 0 20.691647255295585 0
2 0 21.646840600823904 0
3 0 20.425972640181765 0

0 1 20.43100068811686 0
1 1 20.550671761067083 1
2 1 21.900184435130555 1
3 1 20.483331371043022 0

0 2 20.432392288759804 0
1 2 20.550820096634983 0
2 2 21.904750009653004 1
3 2 20.484958781742765 0

0 3 21.56684589639643 1
1 3 20.702444938695436 0
2 3 21.775212508408668 1
3 3 20.434068944460876 0


# 20.0 20.0 1.9047500096530037
0 0 21.35384772659733 0
1 0 20.70521439163503 0
2 0 21.614049753192667 0
3 0 20.43580619862605 0

0 1 20.440941600533044 0
1 1 20.627405442823065 1
2 1 21.92453002116483 1
3 1 20.497174993477618 0

0 2 20.444935103754666 0
1 2 20.568535157935617 0
2 2 21.930360846820683 1
3 2 20.49892977032668 0

0 3 21.58420800463556 1
1 3 20.720077719321985 0
2 3 21.797667673182747 1
3 3 20.446001631782398 0


# 20.0 20.0 1.9303608468206832
0 0 21.318863080345842 0
1 0 20.7183192065027 0
2 0 21.583203528674098 0
3 0 20.44508171774133 0

0 1 20.451116496833738 0
1 1 20.7012399921568 1
2 1 21.94869633248247 1
3 1 20.511006137598162 0

0 2 20.45749414530983 0
1 2 20.58695554279802 0
2 2 21.955690517998768 1
3 2 20.51292709942151 0

0 3 21.60130737884426 1
1 3 20.73766562224836 0
2 3 21.819837924173427 1
3 3 20.457938753321372 0


# 20.0 20.0 1.955690517998768
0 0 21.28541723789343 0
1 0 20.73098812893428 0
2 0 21.554206174619683 0
3 0 20.453841323649257 0

0 1 20.461499420471043 0
1 1 20.772318145629505 1
2 1 21.972677560233464 1
3 1 20.52481723161869 0

0 2 20.470076539312178 0
1 2 20.60601068664598 0
2 2 21.98075481238052 1
3 2 20.526946290813655 0

0 3 21.618153219144595 1
1 3 20.755211688073498 0
2 3 21.84173159440345 1
3 3 20.469877092824408 0


# 20.0 20.0 1.9807548123805212
0 0 21.25345206792213 0
1 0 20.743246344177095 0
2 0 21.526966698022374 0
3 0 20.462124443153577 0

0 1 20.472066605845626 0
1 1 20.840774889002116 1
2 1 21.996468800914542 1
3 1 20.538601382309288 0

0 2 20.4826880908007 0
1 2 20.625635327450055 0
2 2 22.005567965549236 1
3 2 20.540983103887676 0

0 3 21.63475450060188 1
1 3 20.772718254243877 0
2 3 21.863356827189914 1
3 3 20.48181359665566 0


# 20.0 20.0 2.005567965549236
0 0 21.222911548877207 0
1 0 20.75511783535248 0
2 0 21.501398629658482 0
3 0 20.469967963343663 0

0 1 20.48279630274427 0
1 1 20.90673791352755 1
2 1 21.90006596916318 -1
3 1 20.550912328689034 0

0 2 20.495333424556623 0
1 2 20.64576912242698 0
2 2 22.028702803474886 1
3 2 20.55499895827023 0

0 3 21.65111995872582 1
1 3 20.790187038465746 0
2 3 21.884704281711095 1
3 3 20.49374474605583 0


# 20.0 20.0 2.0287028034748857
0 0 21.193741702774787 0
1 0 20.766625425219203 0
2 0 21.475979799505538 0
3 0 20.477371822201626 0

0 1 20.49366861451932 0
1 1 20.96888804325417 1
2 1 21.80915659834243 -1
3 1 20.561872339429865 0

0 2 20.50801611307331 0
1 2 20.666321732529703 0
2 2 22.050307247758333 1
3 2 20.568960094021808 0

0 3 21.66725807803016 1
1 3 20.807618591957436 0
2 3 21.905766748908487 1
3 3 20.505666657312986 0


# 20.0 20.0 2.050307247758333
0 0 21.165890529951756 0
1 0 20.777756257832536 0
2 0 21.450760064066824 0
3 0 20.484338025444327 0

0 1 20.504648068944856 0
1 1 21.027476009069765 1
2 1 21.72340206954589 -1
3 1 20.571594103441956 0

0 2 20.52073817087829 0
1 2 20.687211969604242 0
2 2 22.010516590450898 0
3 2 20.582117098287362 0

0 3 21.6831770683751 1
1 3 20.82501248053788 0
2 3 21.925818894193952 1
3 3 20.517557889559495 0


# 20.0 20.0 2.050307247758333
0 0 21.13930732279482 0
1 0 20.788501015754747 0
2 0 21.425783034704956 0
3 0 20.490870382186095 0

0 1 20.515703108082086 0
1 1 21.08273497859026 1
2 1 21.641766314693946 -1
3 1 20.5801641966394 0

0 2 20.533500273454138 0
1 2 20.707646966939635 0
2 2 21.972299985398635 0
3 2 20.594508445018462 0

0 3 21.6988848469615 1
1 3 20.84235016485243 0
2 3 21.94492099711553 1
3 3 20.52939895884096 0


# 20.0 20.0 2.050307247758333
0 0 21.11394270866025 0
1 0 20.798853501756515 0
2 0 21.401078029630987 0
3 0 20.49697395514264 0

0 1 20.526805713071095 0
1 1 21.134864569575463 1
2 1 21.56402241296357 -1
3 1 20.58766335813804 0

0 2 20.54629331229273 0
1 2 20.727629608911965 0
2 2 21.935602563667615 0
3 2 20.606171068895446 0

0 3 21.59438871419663 -1
1 3 20.858174729771317 0
2 3 21.963112430264037 1
3 3 20.5411719983126 0


# 20.0 20.0 2.050307247758333
0 0 21.089748681726412 0
1 0 20.808809950053934 0
2 0 21.376670428204406 0
3 0 20.502654898193615 0

0 1 20.537930751885245 0
1 1 21.184051782921618 1
2 1 21.489957194736498 -1
3 1 20.59416689503815 0

0 2 20.55766838207636 0
1 2 20.747129357185432 0
2 2 21.900370081224548 0
3 2 20.61714039169674 0

0 3 21.493980837827724 -1
1 3 20.872582062624247 0
2 3 21.980431197898884 1
3 3 20.55286066544849 0


# 20.0 20.0 2.050307247758333
0 0 21.066678617607533 0
1 0 20.81836874209647 0
2 0 21.35258204024014 0
3 0 20.507920309081985 0

0 1 20.54903844569733 0
1 1 21.230471222217968 1
2 1 21.419370332253795 -1
3 1 20.599745057842938 0

0 2 20.56772809371768 0
1 2 20.766120965557946 0
2 2 21.866549071974656 0
3 2 20.62745035278867 0

0 3 21.39748124954203 -1
1 3 20.885662016950015 0
2 3 21.99691394863961 1
3 3 20.564450053109486 0


# 20.0 20.0 2.050307247758333
0 0 21.044687073627188 0
1 0 20.827530138961443 0
2 0 21.32883144391362 0
3 0 20.512778095976113 0

0 1 20.5600934676528 0
1 1 21.274285982404617 1
2 1 21.352073494979244 -1
3 1 20.604463388738463 0

0 2 20.57656786197457 0
1 2 20.78458393841081 0
2 2 21.834086977337694 0
3 2 20.637133443001773 0

0 3 21.304718683105612 -1
1 3 20.897498811079988 0
2 3 22.012595992895072 1
3 3 20.575926604428307 0


# 20.0 20.0 2.050307247758333
0 0 21.02372982225598 0
1 0 20.836296040107953 0
2 0 21.30543429484201 0
3 0 20.51723685672394 0

0 1 20.571064546011 0
1 1 21.315648471483303 1
2 1 21.287889564809056 -1
3 1 20.608383044785864 0

0 2 20.584276417781968 0
1 2 20.802502037499288 0
2 2 21.80293225488395 0
3 2 20.646220741244875 0

0 3 21.215530113260154 -1
1 3 20.90817139873848 0
2 3 22.02751132429009 1
3 3 20.58727803145531 0


# 20.0 20.0 2.050307247758333
0 0 21.003763875688193 0
1 0 20.84466976612758 0
2 0 21.28240360871057 0
3 0 20.521305769723835 0

0 1 20.581924100257982 0
1 1 21.35470117047643 1
2 1 21.226651906644502 -1
3 1 20.611561097916216 0

0 2 20.590936283247334 0
1 2 20.819862832987475 0
2 2 21.773034468311522 0
3 2 20.654741953284788 0

0 3 21.129760321366618 -1
1 3 20.917753813735196 0
2 3 22.04169264443193 1
3 3 20.598493237495518 0


# 20.0 20.0 2.050307247758333
0 0 20.984747502560044 0
1 0 20.852655863331186 0
2 0 21.25975001962112 0
3 0 20.524994495424224 0

0 1 20.592647907522554 0
1 1 21.39157733641939 1
2 1 21.168203690192787 -1
3 1 20.614050813470556 0

0 2 20.596624212093467 0
1 2 20.83665729497079 0
2 2 21.74434436082713 0
3 2 20.662725452188344 0

0 3 21.047261486107363 -1
1 3 20.92631549066444 0
2 3 22.05517139043363 1
3 3 20.609562243057145 0


# 20.0 20.0 2.0551713904336317
0 0 20.966640237718128 0
1 0 20.86025992819638 0
2 0 21.237482016162794 0
3 0 20.528313087544554 0

0 1 20.603214796841378 0
1 1 21.426401652793675 1
2 1 21.112397259182583 -1
3 1 20.61590190889178 0

0 2 20.601411598120574 0
1 2 20.852879422041063 0
2 2 21.716813913793576 0
3 2 20.670198319985342 0

0 3 20.967892797672917 -1
1 3 20.933921563378306 0
2 3 22.06797776467817 1
3 3 20.62047611532305 0


# 20.0 20.0 2.0679777646781687
0 0 20.949402885860728 0
1 0 20.86748844986994 0
2 0 21.215606157043123 0
3 0 20.531271913184167 0

0 1 20.61360636901534 0
1 1 21.459290831460887 1
2 1 21.05909354447609 -1
3 1 20.617160794050072 0

0 2 20.605364854064263 0
1 2 20.868525903735456 0
2 2 21.690396392325987 0
3 2 20.677186390166348 0

0 3 20.891520093966 -1
1 3 20.94063314286497 0
2 3 22.080140766367855 1
3 3 20.631226901049832 0


# 20.0 20.0 2.0801407663678546
0 0 20.932997519796366 0
1 0 20.874348669075005 0
2 0 21.194127267968135 0
3 0 20.533881581053755 0

0 1 20.623806739980555 0
1 1 21.49035416983797 1
2 1 21.008161517831425 -1
3 1 20.61787079456859 0

0 2 20.608545763045747 0
1 2 20.883595813973052 0
2 2 21.665046379354404 0
3 2 20.683714290679035 0

0 3 20.818015517454153 -1
1 3 20.946507576038183 0
2 3 22.091688224457712 1
3 3 20.64180756279368 0


# 20.0 20.0 2.0916882244577124
0 0 20.917387473992363 0
1 0 20.880848451915437 0
2 0 21.17304862132308 0
3 0 20.53615287712652 0

0 1 20.633802305783885 0
1 1 21.519694066759794 1
2 1 20.959477683319587 -1
3 1 20.61807235941021 0

0 2 20.61101180464436 0
1 2 20.898090332823905 0
2 2 21.640719799520756 0
3 2 20.68980548713121 0

0 3 20.747257191393995 -1
1 3 20.951598686828685 0
2 3 22.102646831620206 1
3 3 20.652211918358123 0


# 20.0 20.0 2.1026468316202056
0 0 20.90253733402103 0
1 0 20.886996177200235 0
2 0 21.152372100079265 0
3 0 20.538096707063836 0

0 1 20.643581527406063 0
1 1 21.54740650020432 1
2 1 20.91292560363082 -1
3 1 20.61780325388889 0

0 2 20.612816457468785 0
1 2 20.91201249417663 0
2 2 21.617373934142467 0
3 2 20.695482325948372 0

0 3 20.67912891423538 -1
1 3 20.955957000862266 0
2 3 22.11304217893251 1
3 3 20.6624345833558 0


# 20.0 20.0 2.11304217893251
0 0 20.888412922451547 0
1 0 20.892800636030646 0
2 0 21.13209834723664 0
3 0 20.539724044823046 0

0 1 20.653134733816504 0
1 1 21.57358146980637 1
2 1 20.868395458717433 -1
3 1 20.617098739179422 0

0 2 20.614009479961837 0
1 2 20.925366957073425 0
2 2 21.59496742835169 0
3 2 20.700766077269183 0

0 3 20.613519871092798 -1
1 3 20.959629954911236 0
2 3 22.12289879101677 1
3 3 20.672470916774422 0


# 20.0 20.0 2.1228987910167696
0 0 20.874981281681457 0
1 0 20.89827094250205 0
2 0 21.11222690200521 0
3 0 20.541045886903632 0

0 1 20.662453941773606 0
1 1 21.598303406856463 1
2 1 20.82578363441571 -1
3 1 20.61599173931695 0

0 2 20.614637171042716 0
1 2 20.938159798667847 0
2 2 21.573460291407244 0
3 2 20.70567697739386 0

0 3 20.550324361244904 -1
1 3 20.962662092216117 0
2 3 22.13224016139884 1
3 3 20.682316969436055 0


# 20.0 20.0 2.1322401613988404
0 0 20.862210654152232 0
1 0 20.90341645447313 0
2 0 21.092756323830503 0
3 0 20.54207321173287 0

0 1 20.67153269100373 0
1 1 21.621651554270077 1
2 1 20.784992338869653 -1
3 1 20.614512996601594 0

0 2 20.61474261206992 0
1 2 20.95039832693135 0
2 2 21.55281389107482 0
3 2 20.710234270628668 0

0 3 20.48944154069152 -1
1 3 20.9650952446913 0
2 3 22.141088787882516 1
3 3 20.69196943523849 0


# 20.0 20.0 2.1410887878825164
0 0 20.850070460348473 0
1 0 20.908246703446647 0
2 0 21.073684305278213 0
3 0 20.542816943733044 0

0 1 20.680365893501836 0
1 1 21.64370031881811 1
2 1 20.74592924474518 -1
3 1 20.61269121625361 0

0 2 20.61436589149648 0
1 2 20.962090911391613 0
2 2 21.532990942879003 0
3 2 20.71445625039472 0

0 3 20.430775178860877 -1
1 3 20.96696870295189 0
2 3 22.149466207764284 1
3 3 20.701425605067815 0


# 20.0 20.0 2.1494662077642843
0 0 20.83853127493931 0
1 0 20.912771332690316 0
2 0 21.05500777471055 0
3 0 20.543287921650226 0

0 1 20.688949695797806 0
1 1 21.66451959773034 1
2 1 20.708507155376296 -1
3 1 20.61055320110001 0

0 2 20.61354431348623 0
1 2 20.973246830329384 0
2 2 21.513955494947187 0
3 2 20.718360299491522 0

0 3 20.374233428619142 -1
1 3 20.968319375028464 0
2 3 22.157393032738707 1
3 3 20.710683323272136 0


# 20.0 20.0 2.1573930327387068
0 0 20.827564801383353 0
1 0 20.917000042803213 0
2 0 21.036722989610663 0
3 0 20.543496870759345 0

0 1 20.697281353125497 0
1 1 21.684175081618896 1
2 1 20.672643693125554 -1
3 1 20.608123977014326 0

0 2 20.612312591664697 0
1 2 20.983876132992684 0
2 2 21.495672909089905 0
3 2 20.721962929425395 0

0 3 20.31972860878917 -1
1 3 20.969181934571516 0
2 3 22.164888983366883 1
3 3 20.719740946587844 0


# 20.0 20.0 2.1648889833668825
0 0 20.817143845284697 0
1 0 20.920942544003648 0
2 0 21.018825621341676 0
3 0 20.54345437859228 0

0 1 20.705359114517044 0
1 1 21.702728535516858 1
2 1 20.63826100837108 -1
3 1 20.60542690977639 0

0 2 20.610703029090367 0
1 2 20.993989515508257 0
2 2 21.478109838693648 0
3 2 20.725279818730222 0

0 3 20.267176998436703 -1
1 3 20.969588959287254 0
2 3 22.171972923000297 1
3 3 20.728597305411448 0


# 20.0 20.0 2.171972923000297
0 0 20.807242286756697 0
1 0 20.924608514478876 0
2 0 21.001310832062632 0
3 0 20.543170873865026 0

0 1 20.713182117923697 0
1 1 21.720238059687432 1
2 1 20.60528550765191 -1
3 1 20.60248381396875 0

0 2 20.608745685450995 0
1 2 21.003598209281293 0
2 2 21.461234203940318 0
3 2 20.7283258502234 0

0 3 20.21649864222984 -1
1 3 20.969571060291326 0
2 3 22.17866289107 1
3 3 20.737251667312158 0


# 20.0 20.0 2.178662891070001
0 0 20.797835052022286 0
1 0 20.928007564196033 0
2 0 20.98417334446456 0
3 0 20.542656608307084 0

0 1 20.72075029453683 0
1 1 21.736758331730428 1
2 1 20.573647599613867 -1
3 1 20.599315054479796 0

0 2 20.606468532414628 0
1 2 21.01271388077631 0
2 2 21.445015164811387 0
3 2 20.731115147153258 0

0 3 20.167617166222037 -1
1 3 20.969157003015912 0
2 3 22.184976135666734 1
3 3 20.74570370268276 0


# 20.0 20.0 2.1849761356667337
0 0 20.788898084454278 0
1 0 20.93114920362759 0
2 0 20.96740750493563 0
3 0 20.541921641121014 0

0 1 20.728064281549475 0
1 1 21.752340831394175 1
2 1 20.54328145749985 -1
3 1 20.595939641140934 0

0 2 20.603897597995786 0
1 2 21.021348541665656 0
2 2 21.429423092284267 0
3 2 20.733661108206118 0

0 3 20.120459603450183 -1
1 3 20.968373820258634 0
2 3 22.19092914535144 1
3 3 20.75395345242887 0


# 20.0 20.0 2.19092914535144
0 0 20.78040831523605 0
1 0 20.93404281689402 0
2 0 20.95100734071451 0
3 0 20.540975825822922 0

0 1 20.73512534265991 0
1 1 21.76703404939189 1
2 1 20.514124797022237 -1
3 1 20.59237531698563 0

0 2 20.60105710073327 0
1 2 21.02951446841772 0
2 2 21.414429538082594 0
3 2 20.735976441351426 0

0 3 20.07495622877788 -1
1 3 20.967246917918335 0
2 3 22.196537680147838 1
3 3 20.762001297599422 0


# 20.0 20.0 2.196537680147838
0 0 20.772343633802198 0
1 0 20.936697638871376 0
2 0 20.9349666115451 0
3 0 20.539828799235664 0

0 1 20.741935295675322 0
1 1 21.780883681420917 1
2 1 20.486118668541582 -1
3 1 20.588638640581777 0

0 2 20.597969574416926 0
1 2 21.037224130475735 0
2 2 21.400007203300827 0
3 2 20.73807319651245 0

0 3 20.031040402449896 -1
1 3 20.965800173922645 0
2 3 22.201816801679502 1
3 3 20.769847930864145 0


# 20.0 20.0 2.2018168016795023
0 0 20.76468285819988 0
1 0 20.93912273585277 0
2 0 20.919278856303766 0
3 0 20.538489972425808 0

0 1 20.74849644662541 0
1 1 21.79393280849066 1
2 1 20.45920726255571 -1
3 1 20.58474506285527 0

0 2 20.594655984046028 0
1 2 21.04449012625002 0
2 2 21.38612990618636 0
3 2 20.739962797057796 0

0 3 19.988648421857324 -1
1 3 20.964056030815335 0
2 3 22.206780902423354 1
3 3 20.77749432974681 0


# 20.0 20.0 2.206780902423354
0 0 20.75740570549442 0
1 0 20.94132698939042 0
2 0 20.90393743503147 0
3 0 20.53696852339312 0

0 1 20.754811529843515 0
1 1 21.806222064579583 1
2 1 20.43333772757687 -1
3 1 20.580708998791682 0

0 2 20.591135833651506 0
1 2 21.051325126212813 0
2 2 21.372772549328662 0
3 2 20.741656070115774 0

0 3 19.947719381044063 -1
1 3 20.962035582437252 0
2 3 22.211443734059724 1
3 3 20.78494173152603 0


# 20.0 20.0 2.211443734059724
0 0 20.75049276232743 0
1 0 20.943319082979283 0
2 0 20.88893556676754 0
3 0 20.53527339133768 0

0 1 20.76088365351679 0
1 1 21.817789792563193 1
2 1 20.408459999542593 -1
3 1 20.576543894374385 0

0 2 20.587427266567428 0
1 2 21.057741822445358 0
2 2 21.35991108647485 0
3 2 20.743163275719414 0

0 3 19.908195037514535 -1
1 3 20.959758655103123 0
2 3 22.215818434906463 1
3 3 20.792191609718603 0


# 20.0 20.0 2.2158184349064634
0 0 20.743925455721595 0
1 0 20.94510749127478 0
2 0 20.874266363549165 0
3 0 20.533413272344603 0

0 1 20.76671625024731 0
1 1 21.82867218928228 1
2 1 20.384526641968716 -1
3 1 20.572262289091054 0

0 2 20.58354715869408 0
1 2 21.063752884042632 0
2 2 21.3475224891637 0
3 2 20.74449413479488 0

0 3 19.870019685929577 -1
1 3 20.957243883647337 0
2 3 22.219917556430747 1
3 3 20.79924565206344 0


# 20.0 20.0 2.2199175564307474
0 0 20.737686024213883 0
1 0 20.946700471565784 0
2 0 20.85992286091065 0
3 0 20.531396616340217 0

0 1 20.772313032203204 0
1 1 21.838903440554095 1
2 1 20.36149269611085 -1
3 1 20.56787587431618 0

0 2 20.579511205255034 0
1 2 21.06937091783203 0
2 2 21.335584713345867 0
3 2 20.7456578560102 0

0 3 19.83314003830294 -1
1 3 20.954508782684936 0
2 3 22.223753088837785 1
3 3 20.806105739927332 0


# 20.0 20.0 2.2237530888377854
0 0 20.731757489387412 0
1 0 20.948106057250246 0
2 0 20.845898045188818 0
3 0 20.52923162518603 0

0 1 20.777677950473027 0
1 1 21.848515846867492 1
2 1 20.33931554045415 -1
3 1 20.563395547854704 0

0 2 20.575334001513617 0
1 2 21.074608433909034 0
2 2 21.3240766661358 0
3 2 20.746663161504788 0

0 3 19.797505110334416 -1
1 3 20.951569813409144 0
2 3 22.227336485740267 1
3 3 20.81277392905689 0


# 20.0 20.0 2.227336485740267
0 0 20.726123627862144 0
1 0 20.949332053084756 0
2 0 20.832184877915587 0
3 0 20.526926251788574 0

0 1 20.78281515826808 0
1 1 21.857539940446443 1
2 1 20.317954758900584 -1
3 1 20.558831464911133 0

0 2 20.571029117880183 0
1 2 21.07947781553586 0
2 2 21.31297817282146 0
3 2 20.74751831152306 0

0 3 19.76306611353785 -1
1 3 20.948442446223726 0
2 3 22.230678687916402 1
3 3 20.819252431604113 0


# 20.0 20.0 2.2306786879164022
0 0 20.720768943795342 0
1 0 20.950386032001084 0
2 0 20.818776317555415 0
3 0 20.524488200113783 0

0 1 20.78772897764628 0
1 1 21.86600459431402 1
2 1 20.29737201706858 -1
3 1 20.55419308572933 0

0 2 20.566609169809855 0
1 2 21.083991292988166 0
2 2 21.302269944239985 0
3 2 20.748231127977974 0

0 3 19.72977635284289 -1
1 3 20.9451412194873 0
2 3 22.23379014616789 1
3 3 20.825543599356116 0


# 20.0 20.0 2.233790146167891
0 0 20.715678641934478 0
1 0 20.951275333302686 0
2 0 20.805665338823907 0
3 0 20.521924926004324 0

0 1 20.79242386945784 0
1 1 21.873937123940756 1
2 1 20.277530946162095 -1
3 1 20.549489220130432 0

0 2 20.562085882861307 0
1 2 21.088160920971088 0
2 2 21.291933544611815 0
3 2 20.74880901697208 0

0 3 19.69759112936873 -1
1 3 20.94167979462693 0
2 3 22.23668084329198 1
3 3 20.831649908102467 0


# 20.0 20.0 2.2366808432919782
0 0 20.71083860125796 0
1 0 20.952007062072244 0
2 0 20.792844949804167 0
3 0 20.519243638707383 0

0 1 20.796904406237328 0
1 1 21.881363382016914 1
2 1 20.258397033905073 -1
3 1 20.54472806915997 0

0 2 20.55747015326006 0
1 2 21.091998559258663 0
2 2 21.28195135991158 0
3 2 20.74925899030534 0

0 3 19.666467648086098 -1
1 3 20.938071007860238 0
2 3 22.239360315184207 1
3 3 20.837573943076652 0


# 20.0 20.0 2.239360315184207
0 0 20.70623534923239 0
1 0 20.952588089637853 0
2 0 20.780308207059395 0
3 0 20.51645130302855 0

0 1 20.801175247789473 0
1 1 21.888307846847194 1
2 1 20.23993752207337 -1
3 1 20.539917264040138 0

0 2 20.55277210428475 0
1 2 21.095515856241093 0
2 2 21.272306566841472 0
3 2 20.749587686000016 0

0 3 19.636364930100736 -1
1 3 20.93432691874842 0
2 3 22.24183767109047 1
3 3 20.843318385410978 0


# 20.0 20.0 2.241837671090469
0 0 20.701856036709152 0
1 0 20.953025054960452 0
2 0 20.76804822892365 0
3 0 20.51355464203509 0

0 1 20.80524111923641 0
1 1 21.894793704828665 1
2 1 20.222121310189454 -1
3 1 20.535063902609146 0

0 2 20.548001138771728 0
1 2 21.098724235091805 0
2 2 21.262983102461543 0
3 2 20.749801387873795 0

0 3 19.607243729307353 -1
1 3 20.930458855786863 0
2 3 22.244121613028582 1
3 3 20.84888599954701 0


# 20.0 20.0 2.2441216130285824
0 0 20.697688413477984 0
1 0 20.953324366818876 0
2 0 20.75605820713738 0
3 0 20.510560140238784 0

0 1 20.809106791313422 0
1 1 21.90084292743785 1
2 1 20.20491886497611 -1
3 1 20.530174583416628 0

0 2 20.543165988011864 0
1 2 21.101634882291776 0
2 2 21.253965634521432 0
3 2 20.749906044192915 0

0 3 19.579066453177873 -1
1 3 20.926477459225794 0
2 3 22.246220454400913 1
3 3 20.854279621546446 0


# 20.0 20.0 2.2462204544009126
0 0 20.693720804490365 0
1 0 20.953492206681272 0
2 0 20.744331416980362 0
3 0 20.50747404719495 0

0 1 20.81277706271754 0
1 1 21.906476343120833 1
2 1 20.18830213519373 -1
3 1 20.525255437632108 0

0 2 20.538274757293614 0
1 2 21.10425873827171 0
2 2 21.245239532529116 0
3 2 20.749907285437306 0

0 3 19.551797087461704 -1
1 3 20.92239272129992 0
2 3 22.24814213782058 1
3 3 20.85950214824987 0


# 20.0 20.0 2.2481421378205795
0 0 20.689942086761498 0
1 0 20.95353453216301 0
2 0 20.732861226041805 0
3 0 20.50430238146002 0

0 1 20.816256744329515 0
1 1 21.911713704450527 1
2 1 20.172244471512276 -1
3 1 20.520312158912475 0

0 2 20.533334968328038 0
1 2 21.106606489953958 0
2 2 21.23679083958441 0
3 2 20.7498104412099 0

0 3 19.52540112458862 -1
1 3 20.918214024033684 0
2 3 22.24989425217453 1
3 3 20.86455652723349 0


# 20.0 20.0 2.2498942521745313
0 0 20.686341666955993 0
1 0 20.953457080981543 0
2 0 20.721641101755495 0
3 0 20.501050934855474 0

0 1 20.81955064514449 0
1 1 21.91657375088801 1
2 1 20.156720551093372 -1
3 1 20.515350031364054 0

0 2 20.528353598774505 0
1 2 21.108688564995536 0
2 2 21.228606244998037 0
3 2 20.74962055632223 0

0 3 19.499845495577127 -1
1 3 20.913950174777234 0
2 3 22.251484048947304 1
3 3 20.86944574751632 0


# 20.0 20.0 2.2514840489473045
0 0 20.68290945965909 0
1 0 20.95326537532795 0
2 0 20.710664617817084 0
3 0 20.497725276990852 0

0 1 20.82266355976028 0
1 1 21.92107426745951 1
2 1 20.141706306580556 -1
3 1 20.510373955725488 0

0 2 20.52333711906997 0
1 2 21.110515127551405 0
2 2 21.22067305771095 0
3 2 20.74934240608813 0

0 3 19.475098505262515 -1
1 3 20.909609439617725 0
2 3 22.252918457829658 1
3 3 20.874172830972746 0


# 20.0 20.0 2.252918457829658
0 0 20.679635866332422 0
1 0 20.95296472658348 0
2 0 20.699925459590624 0
3 0 20.494330760002974 0

0 1 20.82560025728469 0
1 1 21.925232139637455 1
2 1 20.127178859216663 -1
3 1 20.50538847388871 0

0 2 20.518291526750215 0
1 2 21.112096075393534 0
2 2 21.21297918052316 0
3 2 20.74898051085704 0

0 3 19.451129770669482 -1
1 3 20.90519957480049 0
2 3 22.25420410163637 1
3 3 20.878740824407647 0


# 20.0 20.0 2.2542041016363683
0 0 20.676511754950873 0
1 0 20.952560240317123 0
2 0 20.68941742860226 0
3 0 20.49087252347276 0

0 1 20.828365471534795 0
1 1 21.929063404692403 1
2 1 20.11311645582674 -1
3 1 20.500397791867265 0

0 2 20.51322237843788 0
1 2 21.113441038236093 0
2 2 21.205513085136722 0
3 2 20.748539149817987 0

0 3 19.427910162364242 -1
1 3 20.900727856285712 0
2 3 22.255347310557603 1
3 3 20.88315279225348 0


# 20.0 20.0 2.255347310557603
0 0 20.673528440314865 0
1 0 20.952056821507117 0
2 0 20.679134446210643 0
3 0 20.487355499484675 0

0 1 20.830963892411674 0
1 1 21.932583299762946 1
2 1 20.09949840942279 -1
3 1 20.495405801313545 0

0 2 20.508134819659634 0
1 2 21.114559377130902 0
2 2 21.19826378801331 0
3 2 20.748022374104597 0

0 3 19.405411748630474 -1
1 3 20.89620110755754 0
2 3 22.256354135768074 1
3 3 20.887411809850825 0


# 20.0 20.0 2.256354135768074
0 0 20.670677665030556 0
1 0 20.951459179935867 0
2 0 20.669070556535917 0
3 0 20.48378441779742 0

0 1 20.83340015834382 0
1 1 21.935806306872326 1
2 1 20.086305043203318 -1
3 1 20.490416099679642 0

0 2 20.503033612643193 0
1 2 21.115460184809656 0
2 2 21.1912208270433 0
3 2 20.74743401923109 0

0 3 19.383607742322187 -1
1 3 20.891625725794924 0
2 3 22.257230362418085 1
3 3 20.891520957275986 0


# 20.0 20.0 2.2572303624180847
0 0 20.667951581148813 0
1 0 20.950771835713244 0
2 0 20.659219928721978 0
3 0 20.480163811097533 0

0 1 20.835678849701353 0
1 1 21.938746195103587 1
2 1 20.073517637736142 -1
3 1 20.485432009109875 0

0 2 20.497923162234176 0
1 2 21.116152286860906 0
2 2 21.184374239020176 0
3 2 20.746777716888257 0

0 3 19.362472450254938 -1
1 3 20.887007706505944 0
2 3 22.25798152203015 1
3 3 20.895483313681073 0


# 20.0 20.0 2.25798152203015
0 0 20.66534273245243 0
1 0 20.949999124888624 0
2 0 20.649576858600323 0
3 0 20.476498020310544 0

0 1 20.83780448309138 0
1 1 21.94141606012954 1
2 1 20.061118381127127 -1
3 1 20.48045659414717 0

0 2 20.492807540062827 0
1 2 21.116644243640206 0
2 2 21.177714537911438 0
3 2 20.746056906127826 0

0 3 19.341981225004584 -1
1 3 20.882352666720795 0
2 3 22.258612904324643 1
3 3 20.899301952113984 0


# 20.0 20.0 2.258612904324643
0 0 20.6628440373799 0
1 0 20.94914520511662 0
2 0 20.64013576981776 0
3 0 20.472791199946943 0

0 1 20.839781506452407 0
1 1 21.94382836127936 1
2 1 20.049090321990892 -1
3 1 20.47549267832978 0

0 2 20.487690507081354 0
1 2 21.116944352821392 0
2 2 21.171232693914867 0
3 2 20.74527484396276 0

0 3 19.322110418990047 -1
1 3 20.877665866832153 0
2 3 22.25912956849734 1
3 3 20.9029799347874 0


# 20.119999999999997 20.0 2.2591295684973396
0 0 20.660448772573055 0
1 0 20.948214061345762 0
2 0 20.63089121448482 0
3 0 20.46904732346263 0

0 1 20.841614294872613 0
1 1 21.94599495631032 1
2 1 20.037417325051806 -1
3 1 20.470542859749656 0

0 2 20.482575534584146 0
1 2 21.117060652505664 0
2 2 21.164920113287163 0
3 2 20.744434615410217 0

0 3 19.3028373407234 -1
1 3 20.872952231165918 0
2 3 22.25953635397134 1
3 3 20.906520308767632 0


# 20.239999999999995 20.0 2.2595363539713382
0 0 20.659590557035045 0
1 0 20.947946791503202 0
2 0 20.62256672075667 0
3 0 20.46671893478405 0

0 1 20.844044427063118 0
1 1 21.94794482876091 1
2 1 20.02609298771997 -1
3 1 20.466347018095142 0

0 2 20.478194671175117 0
1 2 21.11700988331806 0
2 2 21.158768833934413 0
3 2 20.744267995492553 0

0 3 19.28558895928545 -1
1 3 20.868953859815846 0
2 3 22.260566743134756 1
3 3 20.911383594515524 0


# 20.359999999999992 20.0 2.2605667431347563
0 0 20.66022919160458 0
1 0 20.948341915153534 0
2 0 20.61515276453678 0
3 0 20.46577505052341 0

0 1 20.847070985424953 0
1 1 21.949705666239783 1
2 1 20.015120215703085 -1
3 1 20.462902402475773 0

0 2 20.474546532922105 0
1 2 21.11681710763374 0
2 2 21.15278919464913 0
3 2 20.744773641981553 0

0 3 19.27030976146403 -1
1 3 20.86567012105037 0
2 3 22.26222105484568 1
3 3 20.91753772147489 0


# 20.47999999999999 20.0 2.2622210548456785
0 0 20.662325895513757 0
1 0 20.94939776663257 0
2 0 20.608639864820546 0
3 0 20.46618565591212 0

0 1 20.85069294117321 0
1 1 21.951304130633986 1
2 1 20.00450207246029 -1
3 1 20.46020603801604 0

0 2 20.47162941626263 0
1 2 21.11650660081847 0
2 2 21.146991353747243 0
3 2 20.745949970377186 0

0 3 19.25694620449908 -1
1 3 20.863100062288215 0
2 3 22.264499320192286 1
3 3 20.924951754988626 0


# 20.599999999999987 20.0 2.264499320192286
0 0 20.66584325176893 0
1 0 20.951112507400683 0
2 0 20.60301859332736 0
3 0 20.467921667875405 0

0 1 20.854909159227923 0
1 1 21.952765896442443 1
2 1 19.994241755560594 -1
3 1 20.458254745145123 0

0 2 20.469441324354143 0
1 2 21.11610186762117 0
2 2 21.14138528373239 0
3 2 20.74779517302774 0

0 3 19.245446637776823 -1
1 3 20.861242433579193 0
2 3 22.267401302411812 1
3 3 20.93359584951431 0


# 20.719999999999985 20.0 2.2674013024118125
0 0 20.670745154704793 0
1 0 20.95348413782355 0
2 0 20.598279583142723 0
3 0 20.470954899771346 0

0 1 20.859718403046365 0
1 1 21.954115687381826 1
2 1 19.98434257488651 -1
3 1 20.457045157621256 0

0 2 20.4679799916326 0
1 2 21.115625658731265 0
2 2 21.135980766621923 0
3 2 20.750307237045664 0

0 3 19.235761227919397 -1
1 3 20.860095709637616 0
2 3 22.270926515619802 1
3 3 20.943441203963783 0


# 20.839999999999982 20.0 2.270926515619802
0 0 20.676996759625858 0
1 0 20.956510508396768 0
2 0 20.594413536447384 0
3 0 20.475258027708403 0

0 1 20.8651193393821 0
1 1 21.95537731136426 1
2 1 19.974807932556615 -1
3 1 20.456573739368892 0

0 2 20.467242906696423 0
1 2 21.115099987444008 0
2 2 21.130787389896064 0
3 2 20.75348396108849 0

0 3 19.22784188711031 -1
1 3 20.859658110514925 0
2 3 22.275074242416267 1
3 3 20.954460019063145 0


# 20.95999999999998 20.0 2.2750742424162667
0 0 20.684564434452675 0
1 0 20.960189330431277 0
2 0 20.591411231404948 0
3 0 20.480804558360187 0

0 1 20.871110542958213 0
1 1 21.956573693939458 1
2 1 19.96564130444921 -1
3 1 20.456836800202172 0

0 2 20.467227333625324 0
1 2 21.114546146382406 0
2 2 21.12581454303309 0
3 2 20.757322971070355 0

0 3 19.221642204504022 -1
1 3 20.85992762099293 0
2 3 22.279843550431853 1
3 3 20.966625456634898 0


# 21.079999999999977 20.0 2.2798435504318526
0 0 20.693415713293053 0
1 0 20.96451818621681 0
2 0 20.589263528274255 0
3 0 20.487568798200936 0

0 1 20.877690501044263 0
1 1 21.957726910287477 1
2 1 19.956846223217212 -1
3 1 20.45783051050354 0

0 2 20.46793033183623 0
1 2 21.113984724229848 0
2 2 21.121071414594894 0
3 2 20.7618217348662 0

0 3 19.217117380575825 -1
1 3 20.86090200877408 0
2 3 22.28523330787376 1
3 3 20.97991160070892 0


# 21.199999999999974 20.0 2.28523330787376
0 0 20.703519251861636 0
1 0 20.969494538680785 0
2 0 20.587961374807925 0
3 0 20.49552582408944 0

0 1 20.88485761792823 0
1 1 21.95885821584235 1
2 1 19.948426262691772 -1
3 1 20.45955091492216 0

0 2 20.469348774571912 0
1 2 21.113435622432213 0
2 2 21.116566989828705 0
3 2 20.766977576067337 0

0 3 19.214224164275247 -1
1 3 20.862578841540543 0
2 3 22.291242198128 1
3 3 20.994293420373744 0


# 21.319999999999972 20.0 2.291242198128
0 0 20.714844784673925 0
1 0 20.97511574056008 0
2 0 20.58749581099409 0
3 0 20.504651455133217 0

0 1 20.892610219276303 0
1 1 21.959988075621443 1
2 1 19.940385023578962 -1
3 1 20.461993945152784 0

0 2 20.471479366111698 0
1 2 21.112918071832695 0
2 2 21.11231004875221 0
3 2 20.772787686843852 0

0 3 19.212920792853165 -1
1 3 20.864955502949606 0
2 3 22.29786873347153 1
3 3 21.00974673428407 0


# 21.43999999999997 20.0 2.2978687334715318
0 0 20.7273630839437 0
1 0 20.981379043103267 0
2 0 20.587857973194122 0
3 0 20.514922225768583 0

0 1 20.90094655637482 0
1 1 21.96113619233029 1
2 1 19.932726120360325 -1
3 1 20.46515543185204 0

0 2 20.474318657787734 0
1 2 21.112450649206565 0
2 2 21.10830916469069 0
3 2 20.779249139966332 0

0 3 19.2131669342393 -1
1 3 20.86802920762873 0
2 3 22.30511126794497 1
3 3 21.02624817674478 0


# 21.559999999999967 20.0 2.3051112679449695
0 0 20.741045920115464 0
1 0 20.98828160432061 0
2 0 20.58903909772536 0
3 0 20.52631535999584 0

0 1 20.90986481024988 0
1 1 21.962321533308085 1
2 1 19.925453169313943 -1
3 1 20.46903111574557 0

0 2 20.477863062884996 0
1 2 21.1120512936668 0
2 2 21.104572703236244 0
3 2 20.786358900036465 0

0 3 19.21492363185285 -1
1 3 20.871797015229898 0
2 3 22.31296800943381 1
3 3 21.04377516529561 0


# 21.679999999999964 20.0 2.31296800943381
0 0 20.755866023966153 0
1 0 20.995820496799137 0
2 0 20.591030523934204 0
3 0 20.53880874671215 0

0 1 20.919363095661293 0
1 1 21.96356235637459 1
2 1 19.918569777578362 -1
3 1 20.47361665797618 0

0 2 20.482108870497996 0
1 2 21.111737322914855 0
2 2 21.101108821600466 0
3 2 20.7941138339734 0

0 3 19.218153251734883 -1
1 3 20.876255843599246 0
2 3 22.321437031003533 1
3 3 21.062305869724693 0


# 21.79999999999996 20.0 2.3214370310035335
0 0 20.771797050212896 0
1 0 21.003992715099834 0
2 0 20.593823696801653 0
3 0 20.552380916087845 0

0 1 20.929439464968546 0
1 1 21.96487623463535 1
2 1 19.912079533186766 -1
3 1 20.478907649740158 0

0 2 20.4870522584125 0
1 2 21.111525449313913 0
2 2 21.097925468333376 0
3 2 20.802510720800097 0

0 3 19.222819431896568 -1
1 3 20.881402481114645 0
2 3 22.33051628153146 1
3 3 21.081819182442583 0


# 21.91999999999996 20.0 2.330516281531459
0 0 20.788813542566054 0
1 0 21.012795182753678 0
2 0 20.597410169120323 0
3 0 20.56701101693501 0

0 1 20.940091911867235 0
1 1 21.966280080298315 1
2 1 19.905985996003707 -1
3 1 20.484899621255938 0

0 2 20.49268930507611 0
1 2 21.111431795764712 0
2 2 21.095030383382575 0
3 2 20.811546260771465 0

0 3 19.22888703378258 -1
1 3 20.887233598240773 0
2 3 22.340203595675927 1
3 3 21.102294690152018 0


# 22.039999999999957 20.0 2.340203595675927
0 0 20.806890900169126 0
1 0 21.022224758873076 0
2 0 20.60178160327901 0
3 0 20.582678795019767 0

0 1 20.951318374995335 0
1 1 21.967790167551637 1
2 1 19.90029268950116 -1
3 1 20.491588050106696 0

0 2 20.499016000717422 0
1 2 21.111471911366714 0
2 2 21.092431098467994 0
3 2 20.821217083883784 0

0 3 19.236322095753906 -1
1 3 20.893745758348217 0
2 3 22.350496703221157 1
3 3 21.123712646751805 0


# 22.159999999999954 20.0 2.3504967032211574
0 0 20.82600534536946 0
1 0 21.032278244394806 0
2 0 20.606929772688282 0
3 0 20.599364572272595 0

0 1 20.96311674140919 0
1 1 21.96942215454922 1
2 1 19.895003093314852 -1
3 1 20.498968368995868 0

0 2 20.506028257669648 0
1 2 21.111660786849534 0
2 2 21.09013493774876 0
3 2 20.83151975780262 0

0 3 19.24509178849898 -1
1 3 20.900935427840427 0
2 3 22.361393237833962 1
3 3 21.14605394741638 0


# 22.27999999999995 20.0 2.361393237833962
0 0 20.846133892765806 0
1 0 21.042952387970264 0
2 0 20.612846562878065 0
3 0 20.61704922685327 0

0 1 20.97548484992982 0
1 1 21.971191104547632 1
2 1 19.890120636525783 -1
3 1 20.50703597295222 0

0 2 20.513721919950864 0
1 2 21.11201286976181 0
2 2 21.08814901875991 0
3 2 20.842450795244453 0

0 3 19.25516437228651 -1
1 3 20.908798985629716 0
2 3 22.372890745266606 1
3 3 21.16930010379552 0


# 22.39999999999995 20.0 2.3728907452666057
0 0 20.867254319481038 0
1 0 21.054243891518393 0
2 0 20.619523972295955 0
3 0 20.635714174029527 0

0 1 20.988420494360522 0
1 1 21.973111506235345 1
2 1 19.885648691615465 -1
3 1 20.5157862260189 0

0 2 20.522092772149833 0
1 2 21.11254207940654 0
2 2 21.08648025359783 0
3 2 20.854006660845133 0

0 3 19.266509155977552 -1
1 3 20.917332732001075 0
2 3 22.38498669103814 1
3 3 21.19343322028148 0


# 22.519999999999946 20.0 2.38498669103814
0 0 20.889345136610267 0
1 0 21.06614941545632 0
2 0 20.626954112832742 0
3 0 20.65534134783068 0

0 1 21.001921426577326 0
1 1 21.975197293292716 1
2 1 19.88159056904683 -1
3 1 20.525214467458778 0

0 2 20.531136547663078 0
1 2 21.113261821513685 0
2 2 21.08513535033446 0
3 2 20.866183777546535 0

0 3 19.279096457718328 -1
1 3 20.92653289690027 0
2 3 22.397678467624733 1
3 3 21.218435971293403 0


# 22.639999999999944 20.0 2.3976784676247327
0 0 20.9123855617967 0
1 0 21.078665583622218 0
2 0 20.635129210099763 0
3 0 20.67591318343948 0

0 1 21.015985359494106 0
1 1 21.97746186321879 1
2 1 19.87794951242592 -1
3 1 20.535316017506453 0

0 2 20.54084893632594 0
1 2 21.114185002642383 0
2 2 21.08412081464128 0
3 2 20.878978532530873 0

0 3 19.292897567239184 -1
1 3 20.936395647680534 0
2 3 22.410963401187875 1
3 3 21.244291579531463 0


# 22.75999999999994 20.0 2.4109634011878747
0 0 20.936355492889415 0
1 0 21.09178898790458 0
2 0 20.64404160348081 0
3 0 20.697412600287507 0

0 1 21.030609969904564 0
1 1 21.979918095458817 1
2 1 19.874728694202524 -1
3 1 20.546086182695433 0

0 2 20.551225591477685 0
1 2 21.11532404430665 0
2 2 21.083442951605235 0
3 2 20.89238728273056 0

0 3 19.30788470968847 -1
1 3 20.946917096340147 0
2 3 22.424838757867704 1
3 3 21.27098379515551 0


# 22.87999999999994 20.0 2.424838757867704
0 0 20.961235482639104 0
1 0 21.10551619259153 0
2 0 20.653683745979595 0
3 0 20.719822985821256 0

0 1 21.04579290120348 0
1 1 21.982578368864445 1
2 1 19.87193121187054 -1
3 1 20.557520260787292 0

0 2 20.562262136498006 0
1 2 21.116690896819623 0
2 2 21.083107867719644 0
3 2 20.906406359939826 0

0 3 19.32403101093374 -1
1 3 20.958093306281313 0
2 3 22.439301749667138 1
3 3 21.298496875845192 0


