# 20.0 20.0 0.0
0 0 20.0 0
1 0 20.0 0
2 0 20.0 0
3 0 20.0 0

0 1 20.0 0
1 1 20.0 0
2 1 20.0 0
3 1 20.0 0

0 2 20.0 0
1 2 20.0 0
2 2 20.0 0
3 2 20.0 0

0 3 20.0 0
1 3 20.0 0
2 3 20.0 0
3 3 20.0 0


# 20.0 20.0 0.0
0 0 20.0 0
1 0 20.0 0
2 0 20.0 0
3 0 20.0 0

0 1 20.0 0
1 1 20.0 0
2 1 20.0 0
3 1 20.0 0

0 2 20.0 0
1 2 20.0 0
2 2 20.0 0
3 2 20.0 0

0 3 20.0 0
1 3 20.0 0
2 3 20.0 0
3 3 20.0 0


# 20.0 20.0 0.0
0 0 20.0 0
1 0 20.0 0
2 0 20.0 0
3 0 20.0 0

0 1 20.0 0
1 1 20.0 0
2 1 20.0 0
3 1 20.0 0

0 2 20.0 0
1 2 20.0 0
2 2 20.0 0
3 2 20.0 0

0 3 20.0 0
1 3 20.0 0
2 3 20.0 0
3 3 20.0 0


# 20.0 20.0 0.0
0 0 20.0 0
1 0 20.0 0
2 0 20.0 0
3 0 20.0 0

0 1 20.0 0
1 1 20.0 0
2 1 20.0 0
3 1 20.0 0

0 2 20.0 0
1 2 20.0 0
2 2 20.0 0
3 2 20.0 0

0 3 20.0 0
1 3 20.0 0
2 3 20.0 0
3 3 20.0 0


# 20.0 20.0 0.0
0 0 20.0 0
1 0 20.0 0
2 0 20.0 0
3 0 20.0 0

0 1 20.0 0
1 1 20.0 0
2 1 20.0 0
3 1 20.0 0

0 2 20.0 0
1 2 20.0 0
2 2 20.0 0
3 2 20.0 0

0 3 20.0 0
1 3 20.0 0
2 3 20.0 0
3 3 20.0 0


# 20.0 20.0 0.0
0 0 20.0 0
1 0 20.0 0
2 0 20.0 0
3 0 20.0 0

0 1 20.0 0
1 1 20.0 0
2 1 20.0 0
3 1 20.0 0

0 2 20.0 0
1 2 20.0 0
2 2 20.0 0
3 2 20.0 0

0 3 20.0 0
1 3 20.0 0
2 3 20.0 0
3 3 20.0 0


# 20.0 20.0 0.0
0 0 20.0 0
1 0 20.0 0
2 0 20.0 0
3 0 20.0 0

0 1 20.0 0
1 1 20.0 0
2 1 20.0 0
3 1 20.0 0

0 2 20.0 0
1 2 20.0 0
2 2 20.0 0
3 2 20.0 0

0 3 20.0 0
1 3 20.0 0
2 3 20.0 0
3 3 20.0 0


# 20.0 20.0 0.0
0 0 20.0 0
1 0 20.0 0
2 0 20.0 0
3 0 20.0 0

0 1 20.0 0
1 1 20.0 0
2 1 20.0 0
3 1 20.0 0

0 2 20.0 0
1 2 20.0 0
2 2 20.0 0
3 2 20.0 0

0 3 20.0 0
1 3 20.0 0
2 3 20.0 0
3 3 20.0 0


# 20.0 20.0 0.0
0 0 20.06 1
1 0 20.00072 0
2 0 20.00000864 0
3 0 20.00000010368 0

0 1 20.00072 0
1 1 20.00001728 0
2 1 20.00000031104 0
3 1 20.00000000497664 0

0 2 20.00000864 0
1 2 20.00000031104 0
2 2 20.00000000746496 0
3 2 20.0000000001493 0

0 3 20.00000010368 0
1 3 20.00000000497664 0
2 3 20.0000000001493 0
3 3 20.000000000003585 0


# 20.0 20.0 0.05999999999999872
0 0 20.11785728 1
1 0 20.0021043584 0
2 0 20.000033534397442 0
3 0 20.00000050242001 0

0 1 20.0021043584 0
1 1 20.000066962626562 0
2 1 20.000001502223668 0
3 1 20.000000028825138 0

0 2 20.000033534397442 0
1 2 20.000001502223668 0
2 2 20.000000043163592 0
3 2 20.000000001006935 0

0 3 20.00000050242001 0
1 3 20.000000028825138 0
2 3 20.000000001006935 0
3 3 20.000000000027622 0


# 20.0 20.0 0.11785727999999907
0 0 20.1736649225216 1
1 0 20.004101160381747 0
2 0 20.000081363933056 0
3 0 20.00000146104599 0

0 1 20.004101160381747 0
1 1 20.000162212323016 0
2 1 20.00000435389587 0
3 1 20.000000097405866 0

0 2 20.000081363933056 0
1 2 20.00000435389587 0
2 2 20.000000145609405 0
3 2 20.00000000388116 0

0 3 20.00000146104599 0
1 3 20.000000097405866 0
2 3 20.00000000388116 0
3 3 20.000000000119776 0


# 20.0 20.0 0.17366492252159915
0 0 20.227511413159984 1
1 0 20.006661971518707 0
2 0 20.000157960085396 0
3 0 20.00000330513823 0

0 1 20.006661971518707 0
1 1 20.00031441794146 0
2 1 20.000009816361374 0
3 1 20.00000025081939 0

0 2 20.000157960085396 0
1 2 20.000009816361374 0
2 2 20.000000374305976 0
3 2 20.00000001122109 0

0 3 20.00000330513823 0
1 3 20.00000025081939 0
2 3 20.00000001122109 0
3 3 20.00000000038477 0


# 20.0 20.0 0.22751141315998424
0 0 20.279480889602674 1
1 0 20.009741607926475 0
2 0 20.00026838251492 0
3 0 20.000006409753265 0

0 1 20.009741607926475 0
1 1 20.00053336006318 0
2 1 20.000018973588467 0
3 1 20.00000054501973 0

0 2 20.00026838251492 0
1 2 20.000018973588467 0
2 2 20.00000081197472 0
3 2 20.000000027038354 0

0 3 20.000006409753265 0
1 3 20.00000054501973 0
2 3 20.000000027038354 0
3 3 20.00000000101984 0


# 20.0 20.0 0.2794808896026737
0 0 20.32965337616721 1
1 0 20.013297921818506 0
2 0 20.000416990111216 0
3 0 20.00001118942372 0

0 1 20.013297921818506 0
1 1 20.000827364269913 0
2 1 20.000033011392727 0
3 1 20.00000105286316 0

0 2 20.000416990111216 0
1 2 20.000033011392727 0
2 2 20.00000156592228 0
3 2 20.000000057340408 0

0 3 20.00001118942372 0
1 3 20.00000105286316 0
2 3 20.000000057340408 0
3 3 20.000000002359293 0


# 20.0 20.0 0.3296533761672116
0 0 20.378105004748836 1
1 0 20.01729160141169 0
2 0 20.000607506153283 0
3 0 20.000018089312665 0

0 1 20.01729160141169 0
1 1 20.00120344149226 0
2 1 20.000053189643047 0
3 1 20.00000186467846 0

0 2 20.000607506153283 0
1 2 20.000053189643047 0
2 2 20.00000276868561 0
3 2 20.00000011056079 0

0 3 20.000018089312665 0
1 3 20.00000186467846 0
2 3 20.00000011056079 0
3 3 20.000000004927816 0


# 20.0 20.0 0.3781050047488357
0 0 20.42490822301176 1
1 0 20.021685984200285 0
2 0 20.000843078052718 0
3 0 20.000027577410183 0

0 1 20.021685984200285 0
1 1 20.001667416472873 0
2 1 20.000080818074856 0
3 1 20.000003088434514 0

0 2 20.000843078052718 0
1 2 20.000080818074856 0
2 2 20.00000457807596 0
3 2 20.000000197974497 0

0 3 20.000027577410183 0
1 3 20.000003088434514 0
2 3 20.000000197974497 0
3 3 20.000000009501804 0


# 20.0 20.0 0.4249082230117587
0 0 20.47013199060414 1
1 0 20.02644688268543 0
2 0 20.00112633211255 0
3 0 20.00004013766998 0

0 1 20.02644688268543 0
1 1 20.002224045300423 0
2 1 20.000117235334343 0
3 1 20.00000484957201 0

0 2 20.00112633211255 0
1 2 20.000117235334343 0
2 2 20.000007176727724 0
3 2 20.000000334089187 0

0 3 20.00004013766998 0
1 3 20.00000484957201 0
2 3 20.000000334089187 0
3 3 20.00000001717788 0


# 20.0 20.0 0.47013199060414124
0 0 20.513841964126843 1
1 0 20.03154242171112 0
2 0 20.001459423700407 0
3 0 20.00005626399313 0

0 1 20.03154242171112 0
1 1 20.002877122895093 0
2 1 20.00016379091304 0
3 1 20.00000729055793 0

0 2 20.001459423700407 0
1 2 20.00016379091304 0
2 2 20.000010771244845 0
3 2 20.00000053700521 0

0 3 20.00005626399313 0
1 3 20.00000729055793 0
2 3 20.00000053700521 0
3 3 20.0000000294476 0


# 20.0 20.0 0.5138419641268435
0 0 20.556100671539344 1
1 0 20.03694288661687 0
2 0 20.001844083203267 0
3 0 20.00007645497451 0

0 1 20.03694288661687 0
1 1 20.003629581256845 0
2 1 20.00022182966437 0
3 1 20.00001057021423 0

0 2 20.061844083203265 1
1 2 20.000941829664367 0
2 2 20.00002423102516 0
3 2 20.000000932419237 0

0 3 20.000796454974513 0
1 3 20.000027850214227 0
2 3 20.000001139779236 0
3 3 20.00000005325387 0


# 20.0 20.0 0.556100671539344
0 0 20.596967676642734 1
1 0 20.042620581472196 0
2 0 20.002281658102063 0
3 0 20.000101209335224 0

0 1 20.043340581472197 0
1 1 20.004500859223793 0
2 1 20.00029298966326 0
3 1 20.000014867842243 0

0 2 20.119787578102063 1
1 2 20.00238870806326 0
2 2 20.000055273175054 0
3 2 20.00000173558888 0

0 3 20.002205567735224 0
1 3 20.000081825492163 0
2 3 20.000002737731563 0
3 3 20.000000105016575 0


# 20.0 20.0 0.5969676766427341
0 0 20.63650837423893 1
1 0 20.048550007749142 0
2 0 20.002773158942748 0
3 0 20.000131022120577 0

0 1 20.05064983878914 0
1 1 20.00550739651223 0
2 1 20.000379134517093 0
3 1 20.00002038609959 0

0 2 20.17541942919683 1
1 2 20.00444681716874 0
2 2 20.000110585162727 0
3 2 20.000003235609494 0

0 3 20.004232182353025 0
1 3 20.00018256966853 0
2 3 20.00000614186501 0
3 3 20.000000213765674 0


# 20.0 20.0 0.6365083742389288
0 0 20.674784470924788 1
1 0 20.054707687740237 0
2 0 20.00331930039969 0
3 0 20.000166381562227 0

0 1 20.058791081119605 0
1 1 20.00666293812619 0
2 1 20.000482294577733 0
3 1 20.0000273528244 0

0 2 20.228861454138258 1
1 2 20.00706318050979 0
2 2 20.00019593530566 0
3 2 20.000005781736643 0

0 3 20.066828352073998 1
1 3 20.00106167383584 0
2 3 20.000020977781567 0
3 3 20.000000527184326 0


# 20.0 20.0 0.6747844709247879
0 0 20.711854215197814 1
1 0 20.06107200229983 0
2 0 20.00392053792418 0
3 0 20.00020776651497 0

0 1 20.067690399002128 0
1 1 20.00797881161281 0
2 1 20.000604616090005 0
3 1 20.000036021977873 0

0 2 20.280948256243484 1
1 2 20.010206363969292 0
2 2 20.000316583285915 0
3 2 20.00000977649308 0

0 3 20.127806650560284 1
1 3 20.00267349144247 0
2 3 20.000055983937692 0
3 3 20.00000129733086 0


# 20.0 20.0 0.711854215197814
0 0 20.747772612266317 1
1 0 20.067623041744877 0
2 0 20.004577100423564 0
3 0 20.000255644389245 0

0 1 20.07728779840551 0
1 1 20.00946449049791 0
2 1 20.000748324871907 0
3 1 20.000046674003855 0

0 2 20.331732039236478 1
1 2 20.01384669775232 0
2 2 20.00047731668485 0
3 2 20.000015669336605 0

0 3 20.18721847750826 1
1 3 20.004974658712264 0
2 3 20.060119071885044 1
3 3 20.00072286752161 0


# 20.0 20.0 0.7477726122663171
0 0 20.782591728306535 1
1 0 20.074342473822327 0
2 0 20.005289019522777 0
3 0 20.00031046951355 0

0 1 20.087527169968972 0
1 1 20.011127770950996 0
2 1 20.000915694652004 0
3 1 20.00005961569772 0

0 2 20.381262401731302 1
1 2 20.017956162037162 0
2 2 20.001402484658907 0
3 2 20.000041230839006 0

0 3 20.245113457043285 1
1 3 20.008643987337933 0
2 3 20.117723302940092 1
3 3 20.002110018696182 0


# 20.0 20.0 0.7825917283065351
0 0 20.816360861812996 1
1 0 20.08121342174923 0
2 0 20.0060561557338 0
3 0 20.000372681868242 0

0 1 20.09835604124422 0
1 1 20.01297493378154 0
2 1 20.001117659587173 0
3 1 20.00007549070595 0

0 2 20.429586488782483 1
1 2 20.022525560994108 0
2 2 20.003032058447605 0
3 2 20.000102109957965 0

0 3 20.301548138303172 1
1 3 20.01358250389659 0
2 3 20.173003619189092 1
3 3 20.004111326772886 0


# 20.0 20.0 0.8163608618129956
0 0 20.84912670434365 1
1 0 20.088220351562068 0
2 0 20.006878325509188 0
3 0 20.000442711115568 0

0 1 20.109725345034853 0
1 1 20.015011203966164 0
2 1 20.001363976870536 0
3 1 20.00009522567163 0

0 2 20.476749444785604 1
1 2 20.027544836599542 0
2 2 20.005310694153525 0
3 2 20.000212028298908 0

0 3 20.356576388708444 1
1 3 20.019697536866897 0
2 3 20.22608690187667 1
3 3 20.006678906171167 0


# 20.0 20.0 0.8491267043436501
0 0 20.880933491346443 1
1 0 20.095348973046324 0
2 0 20.007755303770193 0
3 0 20.00052097986871 0

0 1 20.121589210224567 0
1 1 20.01724083013668 0
2 1 20.001663330625533 0
3 1 20.000119982258937 0

0 2 20.522794493331 1
1 2 20.03300320709662 0
2 2 20.00818736644893 0
3 2 20.000382958168903 0

0 3 20.410249543077313 1
1 3 20.026902316143094 0
2 3 20.277092475063007 1
3 3 20.009768170747787 0


# 20.0 20.0 0.8809334913464433
0 0 20.911823143857223 1
1 0 20.10258614751155 0
2 0 20.008686826507915 0
3 0 20.00060790629864 0

0 1 20.133904765003034 0
1 1 20.019667159692958 0
2 1 20.00202342677441 0
3 1 20.000151114498966 0

0 2 20.56776301479322 1
1 2 20.03888929144092 0
2 2 20.011615030676747 0
3 2 20.00062528571689 0

0 3 20.462616543497766 1
1 3 20.035115598585104 0
2 3 20.326132576710478 1
3 3 20.013337610949996 0


# 20.0 20.0 0.9118231438572231
0 0 20.941835401628538 1
1 0 20.109919801970015 0
2 0 20.0096725934151 0
3 0 20.00070390616686 0

0 1 20.146631951786283 0
1 1 20.022292709691357 0
2 1 20.002451079668624 0
3 1 20.00019013094864 0

0 2 20.611694621612603 1
1 2 20.045191220978545 0
2 2 20.015550311161157 0
3 2 20.000947960353496 0

0 3 20.51372407057422 1
1 3 20.04426131786369 0
2 3 20.373312799368335 1
3 3 20.01734858607246 0


# 20.0 20.0 0.9418354016285377
0 0 20.971007948214986 1
1 0 20.11733884930313 0
2 0 20.01071227051333 0
3 0 20.000809394362395 0

0 1 20.159733353165485 0
1 1 20.02511923366356 0
2 1 20.00295229119997 0
3 1 20.000238661199788 0

0 2 20.65462723124149 1
1 2 20.051896739498734 0
2 2 20.01995321371047 0
3 2 20.001358631550442 0

0 3 20.56361666662281 1
1 3 20.05426825697929 0
2 3 20.41873250247601 1
3 3 20.021765130582168 0


# 20.0 20.0 0.9710079482149858
0 0 20.99937652850887 1
1 0 20.12483311402463 0
2 0 20.011805492746813 0
3 0 20.000924786012707 0

0 1 20.173174028253502 0
1 1 20.02814778452343 0
2 1 20.00353232304854 0
3 1 20.000298426316736 0

0 2 20.69659713674185 1
1 2 20.058993292706255 0
2 2 20.02478686044974 0
3 2 20.001863774033506 0

0 3 20.612336851349042 1
1 3 20.065069741944537 0
2 3 20.462485198167737 1
3 3 20.026553773547626 0


# 20.0 20.0 0.9993765285088685
0 0 21.026975059189887 1
1 0 20.132393263273116 0
2 0 20.012951866519458 0
3 0 20.001050497230285 0

0 1 20.18692135883232 0
1 1 20.03137877372063 0
2 1 20.00419576266629 0
3 1 20.000371212818592 0

0 2 20.737639075033343 1
1 2 20.066468108070133 0
2 2 20.030017245263405 0
3 2 20.002468802303653 0

0 3 20.65992523050421 1
1 3 20.07660335522377 0
2 3 20.50465891233311 1
3 3 20.03168337027555 0


# 20.0 20.0 1.026975059189887
0 0 21.053835732524316 1
1 0 20.14001074268882 0
2 0 20.014150972156667 0
3 0 20.001186945549698 0

0 1 20.2009449047367 0
1 1 20.034812026799983 0
2 1 20.004946583542772 0
3 1 20.000458849856965 0

0 2 20.777786292801675 1
1 2 20.074308265923833 0
2 2 20.03561300826 0
3 2 20.00317817534761 0

0 3 20.706420597982365 1
1 3 20.088810667619246 0
2 3 20.545336522568977 1
3 3 20.03712494532063 0


# 20.0 20.0 1.0538357325243162
0 0 21.079989113922547 1
1 0 20.14767771685044 0
2 0 20.015402366277403 0
3 0 20.001334550103522 0

0 1 20.21521626794005 0
1 1 20.03844683552467 0
2 1 20.005788200251747 0
3 1 20.000563189271407 0

0 2 20.81707061008616 1
1 2 20.082500762617368 0
2 2 20.04154522779295 0
3 2 20.00399549233163 0

0 3 20.751860031787466 1
1 3 20.101636987382925 0
2 3 20.58459607454704 1
3 3 20.042851546091633 0


# 20.0 20.0 1.0799891139225473
0 0 21.10546423363882 1
1 0 20.15538701396801 0
2 0 20.016705584065633 0
3 0 20.00149373157984 0

0 1 20.229708964837563 0
1 1 20.04228200671958 0
2 1 20.006723518733857 0
3 1 20.000686088233753 0

0 2 20.85552248157345 1
1 2 20.09103256645336 0
2 2 20.047787228683678 0
3 2 20.00492358000981 0

0 3 20.796278984270593 1
1 3 20.115031125416095 0
2 3 20.622511078218363 1
3 3 20.048838106331072 0


# 20.0 20.0 1.1054642336388198
0 0 21.13028867297349 1
1 0 20.163132074546457 0
2 0 20.0180601414332 0
3 0 20.00166491199897 0

0 1 20.244398306249582 0
1 1 20.04631590798884 0
2 1 20.007754982230704 0
3 1 20.00082939421881 0

0 2 20.893171055631047 1
1 2 20.099890667076235 0
2 2 20.05431440539728 0
3 2 20.005964572520764 0

0 3 20.839711367009418 1
1 3 20.128945175496266 0
2 3 20.659150785179886 1
3 3 20.055061318795563 0


# 20.0 20.0 1.1302886729734887
0 0 21.154488645315997 1
1 0 20.170906903752364 0
2 0 20.01946553706879 0
3 0 20.001848514342456 0

0 1 20.25926128469433 0
1 1 20.05054651045842 0
2 1 20.00888461324935 0
3 1 20.00099493206297 0

0 2 20.930044231119904 1
1 2 20.10906211892624 0
2 2 20.061104059016728 0
3 2 20.007119984193395 0

0 3 20.88218963067647 1
1 3 20.143334308542816 0
2 3 20.694580448438593 1
3 3 20.061499516510505 0


# 20.0 20.0 1.1544886453159968
0 0 21.17808907234598 1
1 0 20.178706027233243 0
2 0 20.0209212543698 0
3 0 20.00204496206332 0

0 1 20.274276468504258 0
1 1 20.054971428691374 0
2 1 20.01011405190307 0
3 1 20.001184492894243 0

0 2 20.96616871203015 1
1 2 20.118534079317154 0
2 2 20.068135246950153 0
3 2 20.00839077593353 0

0 3 20.923744840218994 1
1 3 20.158156579999716 0
2 3 20.728861565725698 1
3 3 20.06813256201604 0


# 20.0 20.0 1.1780890723459798
0 0 21.201113655690374 1
1 0 20.186524450154465 0
2 0 20.02242676325572 0
3 0 20.00225467850284 0

0 1 20.289423902384023 0
1 1 20.05958795791929 0
2 1 20.011444590943956 0
3 1 20.00139982473725 0

0 2 21.001570059987927 1
1 2 20.128293841648215 0
2 2 20.075388644387562 0
3 2 20.009777415718013 0

0 3 20.96440674565096 1
1 3 20.173372749476027 0
2 3 20.762052107435775 1
3 3 20.074941744061306 0


# 20.0 20.0 1.2011136556903743
0 0 21.223584944315984 1
1 0 20.19435761923387 0
2 0 20.023981521863146 0
3 0 20.002478086235943 0

0 1 20.30468501403057 0
1 1 20.064393108729444 0
2 1 20.012877207775254 0
3 1 20.001642624615034 0

0 2 21.03627274468439 1
1 2 20.13832886421643 0
2 2 20.082846416598706 0
3 2 20.011279933681156 0

0 3 21.00420384873745 1
1 3 20.18894611184271 0
2 3 20.794206730193505 1
3 3 20.081909681241594 0


# 20.0 20.0 1.2235849443159843
0 0 21.245524397919784 1
1 0 20.202201387568195 0
2 0 20.025584978123845 0
3 0 20.002715606364315 0

0 1 20.32004252645729 0
1 1 20.069383639342636 0
2 1 20.014412593706204 0
3 1 20.001914531986223 0

0 2 21.07030019228058 1
1 2 20.148626795054817 0
2 2 20.090492101233597 0
3 2 20.012897972240083 0

0 3 21.043163465832382 1
1 3 20.204842339038287 0
2 3 20.825376976983538 1
3 3 20.08902023210758 0


# 20.0 20.0 1.2455243979197839
0 0 21.26695244656298 1
1 0 20.210051982058683 0
2 0 20.027236571228194 0
3 0 20.002967657773773 0

0 1 20.335480375684316 0
1 1 20.074556085612237 0
2 1 20.01605118068903 0
3 1 20.002217123371235 0

0 2 21.103674831843655 1
1 2 20.159175493184918 0
2 2 20.098310499851554 0
3 2 20.014630831669965 0

0 3 21.081311787113 1
1 3 20.221029331886054 0
2 3 20.85561146471637 1
3 3 20.09625841130834 0


# 20.0 20.0 1.2669524465629785
0 0 21.287888546779627 1
1 0 20.21790597325566 0
2 0 20.02893573297723 0
3 0 20.0032346563701 0

0 1 20.3509836334764 0
1 1 20.079906788870122 0
2 1 20.017793165756796 0
3 1 20.002551908035205 0

0 2 21.136418139871513 1
1 2 20.169963046637793 0
2 2 20.10628757796405 0
3 2 20.016477511507517 0

0 3 21.11867393243802 1
1 3 20.237477081272345 0
2 3 20.88495606004482 1
3 3 20.10361031135987 0


# 20.0 20.0 1.2878885467796266
0 0 21.308351234376346 1
1 0 20.225760247453607 0
2 0 20.030681889027154 0
3 0 20.003517014305526 0

0 1 20.366538434827806 0
1 1 20.08543192174047 0
2 1 20.01963853336167 0
3 1 20.00292032460782 0

0 2 21.16855068296375 1
1 2 20.180977787566466 0
2 2 20.11441037293154 0
3 2 20.01843674813099 0

0 3 21.155274004041086 1
1 3 20.254157538078736 0
2 3 20.91345404419138 1
3 3 20.111063029658784 0


# 20.0 20.0 1.308351234376346
0 0 21.328358174126173 1
1 0 20.23361198087928 0
2 0 20.03247446003057 0
3 0 20.00381513920619 0

0 1 20.382131909911003 0
1 1 20.09112751203755 0
2 1 20.0215870757956 0
3 1 20.003323738531886 0

0 2 21.200092158697498 1
1 2 20.19220830474422 0
2 2 20.122666909105174 0
3 2 20.02050704883704 0

0 3 21.19113513625692 1
1 3 20.27104449130174 0
2 3 20.94114626749613 1
3 3 20.118604600387066 0


# 20.0 20.0 1.3283581741261727
0 0 21.347926206547115 1
1 0 20.241458615825735 0
2 0 20.03431286267922 0
3 0 20.0041294334093 0

0 1 20.397752120222126 0
1 1 20.096989464858797 0
2 1 20.023638411859512 0
3 1 20.003763440242817 0

0 2 21.231061434766882 1
1 2 20.20364345371689 0
2 2 20.13104611965104 0
3 2 20.022686722709256 0

0 3 21.226279542464496 1
1 3 20.288113453831198 0
2 3 20.968071294347723 1
3 3 20.126223930977815 0


# 20.0 20.0 1.3479262065471147
0 0 21.36707139194399 1
1 0 20.24929783859484 0
2 0 20.036196510653056 0
3 0 20.004460293217317 0

0 1 20.413387998671634 0
1 1 20.10301358297969 0
2 1 20.025792003932576 0
3 1 20.00424064399093 0

0 2 21.26147658644491 1
1 2 20.215272364853362 0
2 2 20.139537774537903 0
3 2 20.024973908549548 0

0 3 21.26072855941909 1
1 3 20.305341555393728 0
2 3 20.994265539116032 1
3 3 20.1339107428346 0


# 20.0 20.0 1.3670713919439912
0 0 21.385809051881203 1
1 0 20.257127559120022 0
2 0 20.038124815480867 0
3 0 20.004808108175155 0

0 1 20.429029293383095 0
1 1 20.10919558565213 0
2 1 20.028047173579754 0
3 1 20.004756487226963 0

0 2 21.291354932426092 1
1 2 20.227084449516518 0
2 2 20.148132414209226 0
3 2 20.027366600121717 0

0 3 21.29450268913384 1
1 3 20.32270744220039 0
2 3 21.01976339366409 1
3 3 20.141655516017984 0


# 20.0 20.0 1.3858090518812034
0 0 21.404153808243517 1
1 0 20.2649458921495 0
2 0 20.040097187317524 0
3 0 20.005173260375383 0

0 1 20.444666514976866 0
1 1 20.1155311259035 0
2 1 20.030403115823812 0
3 1 20.00531203047928 0

0 2 21.320713069107722 1
1 2 20.239069404556776 0
2 2 20.15682128849718 0
3 2 20.029862668936538 0

0 3 21.32762163846072 1
1 3 20.340191182868153 0
2 3 21.044597346978797 1
3 3 20.14944943763232 0


# 20.0 20.0 1.4041538082435174
0 0 21.422119620032266 1
1 0 20.27275113987826 0
2 0 20.04211303564312 0
3 0 20.005556123795337 0

0 1 20.46029088712836 0
1 1 20.12201580642878 0
2 1 20.03285891219685 0
3 1 20.005908257658295 0

0 2 21.34956690336695 1
1 2 20.251217215311982 0
2 2 20.165596300370407 0
3 2 20.032459884789134 0

0 3 21.360104356510956 1
1 3 20.357774180213312 0
2 3 21.06879809742428 1
3 3 20.157284353664117 0


# 20.0 20.0 1.4221196200322659
0 0 21.439719818035183 1
1 0 20.280541775924657 0
2 0 20.04417176988911 0
3 0 20.005957063669275 0

0 1 20.47589430020294 0
1 1 20.128645194163838 0
2 1 20.03541354267638 0
3 1 20.006546076730263 0

0 2 21.377931683889848 1
1 2 20.263518157280657 0
2 2 20.174449954138673 0
3 2 20.035155934242386 0

0 3 21.3919690700458 1
1 3 20.375439088541363 0
2 3 21.09239465808859 1
3 3 20.16515272404018 0


# 20.0 20.0 1.439719818035183
0 0 21.456967137499447 1
1 0 20.28831643055445 0
2 0 20.04627279999657 0
3 0 20.006376435897902 0

0 1 20.491469267781053 0
1 1 20.135414833623482 0
2 1 20.038065896601783 0
3 1 20.007226320708497 0

0 2 21.405822031107764 1
1 2 20.27596279662012 0
2 2 20.183375307766653 0
3 2 20.03794843723439 0

0 3 21.42323331695994 1
1 3 20.393169736082648 0
2 3 21.115414455663544 1
3 3 20.17304758068951 0


# 20.0 20.0 1.456967137499447
0 0 21.473873748929492 1
1 0 20.296073877061758 0
2 0 20.04841553691145 0
3 0 20.00681458649702 0

0 1 20.507008885898177 0
1 1 20.142320259083736 0
2 1 20.04081478265854 0
3 1 20.00794974891542 0

0 2 21.433251965794977 1
1 2 20.28854198960709 0
2 2 20.192365928975818 0
3 2 20.040834961973516 0

0 3 21.453913977971915 1
1 3 20.410951052246087 0
2 3 21.13788342326861 1
3 3 20.18096248840759 0


# 20.0 20.0 1.473873748929492
0 0 21.49045128712355 1
1 0 20.303813019222588 0
2 0 20.050599393021706 0
3 0 20.007271851086372 0

0 1 20.52250679483448 0
1 1 20.149357005683587 0
2 1 20.04365893801009 0
3 1 20.008717048473812 0

0 2 21.460234936380548 1
1 2 20.30124688118538 0
2 2 20.20141585483823 0
3 2 20.043813038271264 0

0 3 21.484027306628445 1
1 3 20.42876899938474 0
2 3 21.159826087602898 1
3 3 20.18889150833541 0


# 20.0 20.0 1.4904512871235482
0 0 21.506710878555786 1
1 0 20.311532879742373 0
2 0 20.05282378254086 0
3 0 20.00774855441944 0

0 1 20.537957143298872 0
1 1 20.156520619517615 0
2 1 20.046597036650052 0
3 1 20.00952883599 0

0 2 21.48678384502592 1
1 2 20.314068902713682 0
2 2 20.21051955458885 0
3 2 20.04688016945084 0

0 3 21.51358895772275 1
1 3 20.446610508787053 0
2 3 21.181265650784113 1
3 3 20.196829163878153 0


# 20.0 20.0 1.5135889577227495
0 0 21.52266316720427 1
1 0 20.319232589624345 0
2 0 20.05508812184247 0
3 0 20.00824500995433 0

0 1 20.553354554861293 0
1 1 20.16380666678696 0
2 1 20.04962769704135 0
3 1 20.01038565939578 0

0 2 21.512911072518403 1
1 2 20.3269997690156 0
2 2 20.219671895404087 0
3 2 20.05003384295804 0

0 3 21.542614014220398 1
1 3 20.464463420626238 0
2 3 21.202224067210082 1
3 3 20.204770408900558 0


# 20.0 20.0 1.5426140142203977
0 0 21.538318338918746 1
1 0 20.3269113783907 0
2 0 20.057391829749722 0
3 0 20.00876151946572 0

0 1 20.568694096495808 0
1 1 20.171210742072507 0
2 1 20.05274948910283 0
3 1 20.011287999919475 0

0 2 21.53862850202941 1
1 2 20.34003147482444 0
2 2 20.228868110913837 0
3 2 20.053271539790607 0

0 3 21.57111701278033 1
1 3 20.482316427617715 0
2 3 21.222722115756444 1
3 3 20.2127105980467 0


# 20.0 20.0 1.5711170127803307
0 0 21.55368614441631 1
1 0 20.334568565093154 0
2 0 20.059734327784174 0
3 0 20.009298372697398 0

0 1 20.583971249105204 0
1 1 20.178728475790535 0
2 1 20.05596094059879 0
3 1 20.0122362741599 0

0 2 21.563947541784696 1
1 2 20.353156290706146 0
2 2 20.238103772232197 0
3 2 20.056590742852666 0

0 3 21.599111967953068 1
1 3 20.500159022150758 0
2 3 21.242779467603828 1
3 3 20.220645459042498 0


# 20.0 20.0 1.5991119679530676
0 0 21.568775920987704 1
1 0 20.34220355005399 0
2 0 20.062115040377442 0
3 0 20.00985584705474 0

0 1 20.59918187990554 0
1 1 20.186355540887764 0
2 1 20.059260542981935 0
3 1 20.013230836239856 0

0 2 21.588879146692516 1
1 2 20.366366758535808 0
2 2 20.24737476130874 0
3 2 20.05998894433195 0

0 3 21.626612395132877 1
1 3 20.517981446675694 0
2 3 21.26241474996879 1
3 3 20.228571066848577 0


# 20.0 20.0 1.6266123951328773
0 0 21.583596612991663 1
1 0 20.349815807282805 0
2 0 20.064533395049423 0
3 0 20.010434207336242 0

0 1 20.61432221655637 0
1 1 20.194087658829435 0
2 1 20.06264675673593 0
3 1 20.01427198001863 0

0 2 21.61343383897413 1
1 2 20.379655686595544 0
2 2 20.256677246417507 0
3 2 20.063463652189423 0

0 3 21.65363133233589 1
1 3 20.53577464714212 0
2 3 21.281645605995 1
3 3 20.23648381954024 0


# 20.0 20.0 1.653631332335891
0 0 21.598156791210034 1
1 0 20.357404877517993 0
2 0 20.06698882255643 0
3 0 20.01103370550304 0

0 1 20.629388822929165 0
1 1 20.201920604930965 0
2 1 20.066118016259686 0
3 1 20.015359941345274 0

0 2 21.637621727839544 1
1 2 20.39301614435492 0
2 2 20.266007659615056 0
3 2 20.067012395843474 0

0 3 21.68018136087158 1
1 3 20.553530229296808 0
2 3 21.300488751044636 1
3 3 20.244380415799448 0


# 20.0 20.0 1.680181360871579
0 0 21.61246467113184 1
1 0 20.364970361845668 0
2 0 20.06948075701236 0
3 0 20.01165458048522 0

0 1 20.64437857641297 0
1 1 20.209850213080756 0
2 1 20.069672734331863 0
3 1 20.0164949003367 0

0 2 21.661452528249956 1
1 2 20.406441456988794 0
2 2 20.275362676012037 0
3 2 20.070632731123826 0

0 3 21.706274624970764 1
1 3 20.57124041766239 0
2 3 21.318960025614448 1
3 3 20.25225783391153 0


# 20.0 20.0 1.7062746249707637
0 0 21.626528130230195 1
1 0 20.37251191585203 0
2 0 20.07200863598587 0
3 0 20.012297058023623 0

0 1 20.659288646662354 0
1 1 20.2178723798989 0
2 1 20.073309306190737 0
3 1 20.017676983666615 0

0 2 21.684935578806922 1
1 2 20.419925199681895 0
2 2 20.28473919471479 0
3 2 20.07432224456414 0

0 3 21.73192285042945 1
1 3 20.58889801702928 0
2 3 21.337074445086508 1
3 3 20.26011331216652 0


# 20.0 20.0 1.7319228504294486
0 0 21.64035472429208 1
1 0 20.380029244268368 0
2 0 20.074571900576256 0
3 0 20.012961350545687 0

0 1 20.67411647569851 0
1 1 20.225983068373825 0
2 1 20.07702611326156 0
3 1 20.018906266853072 0

0 2 21.708079858806748 1
1 2 20.43346119176426 0
2 2 20.294134321304597 0
3 2 20.078078557096337 0

0 3 21.75713736232402 1
1 3 20.606496376304147 0
2 3 21.354846246510178 1
3 3 20.267944330571805 0


# 20.0 20.0 1.7571373623240198
0 0 21.653951702857167 1
1 0 20.387522096070782 0
2 0 20.07716999547059 0
3 0 20.01364765707393 0

0 1 20.688859759279627 0
1 1 20.234178311016397 0
2 1 20.08082152656074 0
3 1 20.020182776534014 0

0 2 21.73089400449728 1
1 2 20.447043490717043 0
2 2 20.303545351732588 0
3 2 20.08189932720435 0

0 3 21.781929101849972 1
1 3 20.6240293545683 0
2 3 21.372288932599222 1
3 3 20.27574859378886 0


# 20.0 20.0 1.7819291018499719
0 0 21.667326023818514 1
1 0 20.394990259999474 0
2 0 20.079802368984435 0
3 0 20.014356163165488 0

0 1 20.703516429461867 0
1 1 20.24245421256848 0
2 1 20.084693909803658 0
3 1 20.021506492721667 0

0 2 21.75338632457274 1
1 2 20.46066638608393 0
2 2 20.312969757517717 0
3 2 20.085782253590107 0

0 3 21.806308642333065 1
1 3 20.641491289208627 0
2 3 21.38941531311624 1
3 3 20.28352401521294 0


# 20.0 20.0 1.8063086423330645
0 0 21.680484367234584 1
1 0 20.402433560464946 0
2 0 20.082468473088298 0
3 0 20.015087040881248 0

0 1 20.718084638276977 0
1 1 20.250806952300746 0
2 1 20.088641622240623 0
3 1 20.0228773510279 0

0 2 21.775564814941013 1
1 2 20.474324393319517 0
2 2 20.322405172144066 0
3 2 20.08972507739994 0

0 3 21.83028620445887 1
1 3 20.6588769659926 0
2 3 21.406237543805553 1
3 3 20.29126870211974 0


# 20.0 20.0 1.8302862044588686
0 0 21.69343314839904 1
1 0 20.409851853810874 0
2 0 20.085167763421783 0
3 0 20.01584044878292 0

0 1 20.732562742457034 0
1 1 20.259232785932248 0
2 1 20.092663021243386 0
3 1 20.024295244853846 0

0 2 21.797437172796315 1
1 2 20.488012247602562 0
2 2 20.331849378561767 0
3 2 20.093725584055566 0

0 3 21.853871670763816 1
1 3 20.676181590966976 0
2 3 21.4227671630255 1
3 3 20.298980941808402 0


# 20.0 20.0 1.8538716707638159
0 0 21.70617853021189 1
1 0 20.417245024905608 0
2 0 20.08789969929725 0
3 0 20.016616531956547 0

0 1 20.746949289141124 0
1 1 20.267728047202212 0
2 1 20.096756464662683 0
3 1 20.025760027538084 0

0 2 21.81901081002896 1
1 2 20.50172489763876 0
2 2 20.34130029770339 0
3 2 20.097781604729832 0

0 3 21.87707459942827 1
1 3 20.693400764067473 0
2 3 21.43901512622138 1
3 3 20.306659188674715 0


# 20.0 20.0 1.8770745994282692
0 0 21.718726434892822 1
1 0 20.42461298403628 0
2 0 20.09066374369463 0
3 0 20.017415422060903 0

0 1 20.761243002502685 0
1 1 20.27628914912259 0
2 1 20.10092031297558 0
3 1 20.02727151445868 0

0 2 21.84029286600258 1
1 2 20.515457499474852 0
2 2 20.350755977934448 0
3 2 20.10189101750399 0

0 3 21.899904237409693 1
1 3 20.71053045433391 0
2 3 21.4549918383714 1
3 3 20.31430205215293 0


# 20.0 20.0 1.899904237409693
0 0 21.731082555075147 1
1 0 20.431955664081464 0
2 0 20.093459363248872 0
3 0 20.0182372373992 0

0 1 20.775442771239977 0
1 1 20.284912584937967 0
2 1 20.10515293123971 0
3 1 20.02882948508513 0

0 2 21.861290219727966 1
1 2 20.52920541034327 0
2 2 20.360214585363096 0
3 2 20.106051748240038 0

0 3 21.922369532951688 1
1 3 20.72756697663188 0
2 3 21.470707184529576 1
3 3 20.32190828546866 0


# 20.0 20.0 1.9223695329516879
0 0 21.743252364316298 1
1 0 20.43927301794008 0
2 0 20.09628602823137 0
3 0 20.019082083012627 0

0 1 20.789547636875685 0
1 1 20.29359492881773 0
2 1 20.109452690870175 0
3 1 20.030433684977027 0

0 2 21.88200950146144 1
1 2 20.542964182554083 0
2 2 20.369674394939995 0
3 2 20.110261771198584 0

0 3 21.94447914750255 1
1 3 20.744506969788375 0
2 3 21.486170558581698 1
3 3 20.32947677514915 0


# 20.0 20.0 1.9444791475025482
0 0 21.7552411270587 1
1 0 20.44656501619589 0
2 0 20.099143212526595 0
3 0 20.019950050794215 0

0 1 20.80355678281496 0
1 1 20.302332836303698 0
2 1 20.113817971253376 0
3 1 20.032083827726947 0

0 2 21.902457103754518 1
1 2 20.556729557448925 0
2 2 20.379133782284665 0
3 2 20.114519109430173 0

0 3 21.966241467074973 1
1 3 20.76134737605453 0
2 3 21.501390890323126 1
3 3 20.33700653124082 0


# 20.0 20.0 1.9662414670749726
0 0 21.707053908072716 0
1 0 20.4531116449985 0
2 0 20.10202175360503 0
3 0 20.020841115941607 0

0 1 20.816749524114304 0
1 1 20.3111057645349 0
2 1 20.118246850171033 0
3 1 20.033779591868928 0

0 2 21.922630551980486 1
1 2 20.57049714838963 0
2 2 20.388591208714768 0
3 2 20.118821834816 0

0 3 21.987664509396694 1
1 3 20.778085416837552 0
2 3 21.516376670811074 1
3 3 20.344496678183678 0


# 20.0 20.0 1.9876645093966943
0 0 21.660838301411452 0
1 0 20.45896854574318 0
2 0 20.104913518095888 0
3 0 20.021755153087287 0

0 1 20.829180939516625 0
1 1 20.31989540964307 0
2 1 20.122737158102694 0
3 1 20.035520618762504 0

0 2 21.942528179964942 1
1 2 20.584262487848854 0
2 2 20.398045208515402 0
3 2 20.123168067819268 0

0 3 22.008755950220042 1
1 3 20.794718570636935 0
2 3 21.53113597612504 1
3 3 20.351946446296395 0


# 20.0 20.0 2.008755950220042
0 0 21.61650591638376 0
1 0 20.464187644951437 0
2 0 20.10781130980956 0
3 0 20.02269195071901 0

0 1 20.84090249412883 0
1 1 20.328685507400586 0
2 1 20.127286526247623 0
3 1 20.03730651131191 0

0 2 21.96214904759279 1
1 2 20.598021068441856 0
2 2 20.407494378170266 0
3 2 20.127555977000203 0

0 3 22.029523147430876 1
1 3 20.811244552974156 0
2 3 21.545676489657076 1
3 3 20.359355163829612 0


# 20.0 20.0 2.0295231474308757
0 0 21.573972785062907 0
1 0 20.468817399090753 0
2 0 20.110708785310248 0
3 0 20.023651224052593 0

0 1 20.851962277456096 0
1 1 20.33746165030019 0
2 1 20.131892428888847 0
3 1 20.03913683339611 0

0 2 21.981492865513836 1
1 2 20.611768378520146 0
2 2 20.41693736730689 0
3 2 20.131983778340587 0

0 3 22.04997316314522 1
1 3 20.82766129812511 0
2 3 21.56000552304262 1
3 3 20.366722249548346 0


# 20.0 20.0 2.0499731631452214
0 0 21.533159120919205 0
1 0 20.472903023007298 0
2 0 20.1136003764386 0
3 0 20.024632626504715 0

0 1 20.862405225443737 0
1 1 20.346211119756102 0
2 1 20.136552220664953 0
3 1 20.041011109899596 0

0 2 22.000559926367565 1
1 2 20.62549993288985 0
2 2 20.426372871135413 0
3 2 20.136449734417283 0

0 3 22.070112783965907 1
1 3 20.843966942482638 0
2 3 21.574130035832827 1
3 3 20.374047205807607 0


# 20.0 20.0 2.0701127839659073
0 0 21.493989091547526 0
1 0 20.476486703093897 0
2 0 20.116481219231343 0
3 0 20.025635759900116 0

0 1 20.872273327627155 0
1 1 20.35492273221912 0
2 1 20.14126316926286 0
3 1 20.042928827246776 0

0 2 22.01935104199392 1
1 2 20.639211299165108 0
2 2 20.43579962418505 0
3 2 20.14095215345863 0

0 3 22.089948539556854 1
1 3 20.860159809393025 0
2 3 21.588056654000475 1
3 3 20.38132961208804 0


# 20.0 20.0 2.089948539556854
0 0 21.456390604620466 0
1 0 20.479607796236806 0
2 0 20.119347088728425 0
3 0 20.026660183535412 0

0 1 20.881605820412815 0
1 1 20.36358669809353 0
2 1 20.14602248399729 0
3 1 20.044889434354307 0

0 2 22.037867486139795 1
1 2 20.65289812021892 0
2 2 20.445216395164273 0
3 2 20.145489388312647 0

0 3 22.1094867196792 1
1 3 20.876238395325302 0
2 3 21.601791687363388 1
3 3 20.388569118960984 0


# 20.0 20.0 2.1094867196792
0 0 21.420295106253924 0
1 0 20.48230301551177 0
2 0 20.122194339198366 0
3 0 20.02770542221077 0

0 1 20.890439367441324 0
1 1 20.372194492431074 0
2 1 20.150827340699195 0
3 1 20.046892343926096 0

0 2 22.056110942209997 1
1 2 20.66655613314998 0
2 2 20.45462198279069 0
3 2 20.150059835351648 0

0 3 22.12873338982117 1
1 3 20.892201357245654 0
2 3 21.615341146002095 1
3 3 20.395765442454632 0


# 20.0 20.0 2.1287333898211713
0 0 21.38563739102422 0
1 0 20.48460660353212 0
2 0 20.12501984934934 0
3 0 20.028770973330488 0

0 1 20.89880822791677 0
1 1 20.38073873645796 0
2 1 20.15567490329592 0
3 1 20.048936934024937 0

0 2 22.074083455647834 1
1 2 20.680181185144487 0
2 2 20.464015212454267 0
3 2 20.154661933334086 0

0 3 22.14769440554233 1
1 3 20.908047501081604 0
2 3 21.628710755741892 1
3 3 20.402918358795176 0


# 20.0 20.0 2.1476944055423317
0 0 21.352355422924735 0
1 0 20.486550494288558 0
2 0 20.127820972127648 0
3 0 20.029856313164423 0

0 1 20.90674441372463 0
1 1 20.38921308906542 0
2 1 20.160562342429785 0
3 1 20.051022549863028 0

0 2 22.091787390563564 1
1 2 20.69376924657553 0
2 2 20.47339493359344 0
3 2 20.159294162241075 0

0 3 22.16637542564255 1
1 3 20.923775771171698 0
2 3 21.641905972763457 1
3 3 20.410027699498606 0


# 20.0 20.0 2.166375425642549
0 0 21.3203901665956 0
1 0 20.488164464261903 0
2 0 20.13059548873656 0
3 0 20.030960902353698 0

0 1 20.91427783610289 0
1 1 20.397612147462723 0
2 1 20.165486851429023 0
3 1 20.053148505761065 0

0 2 22.109225390259745 1
1 2 20.707316421649757 0
2 2 20.482760017677954 0
3 2 20.163955042102202 0

0 3 22.184781924256594 1
1 3 20.939385240606523 0
2 3 21.654931997400787 1
3 3 20.417093346790693 0


# 20.0 20.0 2.184781924256594
0 0 21.289685428202535 0
1 0 20.489476273535725 0
2 0 20.133341566537446 0
3 0 20.032084190736548 0

0 1 20.92143644257767 0
1 1 20.40593135625482 0
2 1 20.170445659915206 0
3 1 20.055314087232148 0

0 2 22.126400341330644 1
1 2 20.720818956881008 0
2 2 20.492109356705004 0
3 2 20.168643131822645 0

0 3 22.2029192019666 1
1 3 20.95487510237603 0
2 3 21.667793787180415 1
3 3 20.424115229334266 0


# 20.0 20.0 2.2029192019666013
0 0 21.260187705380606 0
1 0 20.4905117975853 0
2 0 20.136057720521716 0
3 0 20.03322562156308 0

0 1 20.928246344825 0
1 1 20.414166924265064 0
2 1 20.175436045303965 0
3 1 20.057518553152676 0

0 2 22.14331534103883 1
1 2 20.734273247643337 0
2 2 20.50144186212657 0
3 2 20.173357028021456 0

0 3 22.220792396016783 1
1 3 20.970244661246323 0
2 3 21.680496069151324 1
3 3 20.431093318244304 0


# 20.0 20.0 2.2207923960167832
0 0 21.23184604569583 0
1 0 20.49129515037251 0
2 0 20.13874277806668 0
3 0 20.03438463516144 0

0 1 20.874731938074344 -1
1 1 20.42159574847707 0
2 1 20.18044670243125 0
3 1 20.059761034307634 0

0 2 22.15925366769601 1
1 2 20.74765856303101 0
2 2 20.510756153096114 0
3 2 20.178095358912334 0

0 3 22.238397849707486 1
1 3 20.985493015256655 0
2 3 21.693043344086135 1
3 3 20.43802762322349 0


# 20.0 20.0 2.2383978497074857
0 0 21.20389191311214 0
1 0 20.491831519332735 0
2 0 20.141395535670984 0
3 0 20.03556066713537 0

0 1 20.823410092626645 -1
1 1 20.42827931507923 0
2 1 20.1854675651724 0
3 1 20.062040553961353 0

0 2 22.17427861171716 1
1 2 20.760956637147313 0
2 2 20.520050612611318 0
3 2 20.182856779315568 0

0 3 22.2557327866417 1
1 3 21.000619101830377 0
2 3 21.7054398916865 1
3 3 20.44491818883947 0


# 20.0 20.0 2.255732786641701
0 0 21.176334703583617 0
1 0 20.492126710172766 0
2 0 20.144014782482568 0
3 0 20.036753147155824 0

0 1 20.774173580300886 -1
1 1 20.434274601868946 0
2 1 20.190489688655212 0
3 1 20.064356046076494 0

0 2 22.18844926607412 1
1 2 20.77415144155286 0
2 2 20.529323436820498 0
3 2 20.18763996664515 0

0 3 22.272795226737454 1
1 3 21.01562173827322 0
2 3 21.717689776602864 1
3 3 20.451765090960226 0


# 20.0 20.0 2.272795226737454
0 0 21.14918225774029 0
1 0 20.49218704805061 0
2 0 20.14659932022464 0
3 0 20.03796149825383 0

0 1 20.726921163436447 -1
1 1 20.439634413079578 0
2 1 20.195505142194175 0
3 1 20.0667063714264 0

0 2 22.201820810879727 1
1 2 20.78722897714696 0
2 2 20.538572678204183 0
3 2 20.192443617733144 0

0 3 22.28958390916474 1
1 3 21.03049965722072 0
2 3 21.729796855102165 1
3 3 20.45856843335968 0


# 20.0 20.0 2.2895839091647403
0 0 21.122440994999483 0
1 0 20.49201928877213 0
2 0 20.14914797992585 0
3 0 20.039185136532918 0

0 1 20.681557229199623 -1
1 1 20.444407688899513 0
2 1 20.200506911990328 0
3 1 20.069090331821567 0

0 2 22.214444778208914 1
1 2 20.800177083874306 0
2 2 20.54779628327478 0
3 2 20.197266446369824 0

0 3 22.306098221659965 1
1 3 21.045251537545088 0
2 3 21.74176478223803 1
3 3 20.465328344502026 0


# 20.0 20.0 2.3060982216599655
0 0 21.096116037395163 0
1 0 20.491630539118347 0
2 0 20.151659635820664 0
3 0 20.04042347122944 0

0 1 20.637991447627282 -1
1 1 20.44863979162366 0
2 1 20.20548881272528 0
3 1 20.071506682648955 0

0 2 22.22636929856208 1
1 2 20.812985266780405 0
2 2 20.556992125374954 0
3 2 20.202107181452604 0

0 3 22.322338135713494 1
1 3 21.059876031184977 0
2 3 21.753597019396775 1
3 3 20.472044974510148 0


# 20.0 20.0 2.322338135713494
0 0 21.070211323889886 0
1 0 20.491028185491388 0
2 0 20.15413321674955 0
3 0 20.04167590505796 0

0 1 20.596138451795845 -1
1 1 20.45237277022724 0
2 1 20.210445407254475 0
3 1 20.07395414390288 0

0 2 22.23763933027395 1
1 2 20.82564453705968 0
2 2 20.56615803309892 0
3 2 20.206964565649738 0

0 3 22.338304147165314 1
1 3 21.074371786318668 0
2 3 21.765296842109244 1
3 3 20.47871849232089 0


# 20.0 20.0 2.3383041471653137
0 0 21.044729715877295 0
1 0 20.490219830134997 0
2 0 20.156567715355436 0
3 0 20.042941834786973 0

0 1 20.55591753861696 -1
1 1 20.455645605013125 0
2 1 20.215371933674707 0
3 1 20.0764314098683 0

0 2 22.248296873076548 1
1 2 20.838147266850903 0
2 2 20.575291814809585 0
3 2 20.211837354496435 0

0 3 22.353997221780105 1
1 3 21.088737467262167 0
2 3 21.776867348033367 1
3 3 20.485349083027696 0


# 20.0 20.0 2.353997221780105
0 0 21.019673094530738 0
1 0 20.48921323424812 0
2 0 20.158962195343026 0
3 0 20.04422065199718 0

0 1 20.517252388866492 -1
1 1 20.458494433856178 0
2 1 20.220264239104846 0
3 1 20.07893715760101 0

0 2 22.2583811669373 1
1 2 20.850487056636442 0
2 2 20.584391279677977 0
3 2 20.216724315851266 0

0 3 22.369418745406414 1
1 3 21.10297177143807 0
2 3 21.78831146502569 1
3 3 20.491936945409222 0


# 20.0 20.0 2.3694187454064135
0 0 20.995042450605006 0
1 0 20.48801626736735 0
2 0 20.161315797040253 0
3 0 20.045511743980974 0

0 1 20.48007080515088 -1
1 1 20.460952761450194 0
2 1 20.225118719577047 0
3 1 20.08147005433468 0

0 2 22.26792887721226 1
1 2 20.862658614195237 0
2 2 20.593454255629226 0
3 2 20.22162422964999 0

0 3 22.384570478355588 1
1 3 21.11707344372859 0
2 3 21.799631959231814 1
3 3 20.49848228964107 0


# 20.0 20.0 2.384570478355588
0 0 20.970837967253445 0
1 0 20.486636862446847 0
2 0 20.16362774147662 0
3 0 20.046814494747395 0

0 1 20.444304466605534 -1
1 1 20.46305165285448 0
2 1 20.229932265488888 0
3 1 20.084028763931258 0

0 2 22.276974267079222 1
1 2 20.874657644145362 0
2 2 20.602478604541215 0
3 2 20.226535887902052 0

0 3 22.39945451366448 1
1 3 21.131041288496487 0
2 3 21.810831443136223 1
3 3 20.50498533518645 0


# 20.0 20.0 2.3994545136644803
0 0 20.94705909638095 0
1 0 20.485082976112626 0
2 0 20.16589733317079 0
3 0 20.04812828610171 0

0 1 20.409888699203876 -1
1 1 20.464819912536875 0
2 1 20.234702212115582 0
3 1 20.086611952479576 0

0 2 22.28554935814606 1
1 2 20.886480747191033 0
2 2 20.611462235007377 0
3 2 20.231458094882246 0

0 3 22.414073238932268 1
1 3 21.14487417953075 0
2 3 21.821912383521198 1
3 3 20.51144630886058 0


# 20.0 20.0 2.414073238932268
0 0 20.923704629015035 0
1 0 20.48336255361257 0
2 0 20.168123961799576 0
3 0 20.049452498773398 0

0 1 20.37676226063369 -1
1 1 20.46628425001774 0
2 1 20.239426294725686 0
3 1 20.08921829313601 0

0 2 22.29368408006501 1
1 2 20.898125328261315 0
2 2 20.62040311294371 0
3 2 20.236389667476477 0

0 3 22.428429301445856 1
1 3 21.158571068149197 0
2 3 21.83287710929275 1
3 3 20.51786544306283 0


# 20.0 20.0 2.4284293014458562
0 0 20.90077276014145 0
1 0 20.481483498024346 0
2 0 20.170307102902274 0
3 0 20.050786513570014 0

0 1 20.344867138769764 -1
1 1 20.467469433134262 0
2 1 20.244102607884248 0
3 1 20.09184647029147 0

0 2 22.301406409924002 1
1 2 20.909589512794586 0
2 2 20.62929927029179 0
3 2 20.241329435646218 0

0 3 22.442525576330684 1
1 3 21.172130989667945 0
2 3 21.843727819138724 1
3 3 20.52424297416999 0


# 20.0 20.0 2.4425255763306843
0 0 20.878261148417888 0
1 0 20.479453643320777 0
2 0 20.17244631775768 0
3 0 20.052129712538083 0

0 1 20.31414836283915 -1
1 1 20.468398429865882 0
2 1 20.248729568564286 0
3 1 20.09449518314021 0

0 2 22.308742502130766 1
1 2 20.920872070483924 0
2 2 20.63814881204378 0
3 2 20.246276242981324 0

0 3 22.456365137484365 1
1 3 21.185553068427176 0
2 3 21.85446658899059 1
3 3 20.530579141083532 0


# 20.0 20.0 2.456365137484365
0 0 20.856166971148763 0
1 0 20.477280730926573 0
2 0 20.174541252556203 0
3 0 20.053481480115067 0

0 1 20.284553826437648 -1
1 1 20.46909253958927 0
2 1 20.253305882721154 0
3 1 20.09716314871813 0

0 2 22.315716809454145 1
1 2 20.931972345854867 0
2 2 20.646949921792256 0
3 2 20.251228947315234 0

0 3 22.469951231069505 1
1 3 21.198836521544212 0
2 3 21.865095379266027 1
3 3 20.5368741839235 0


# 20.0 20.0 2.469951231069505
0 0 20.834486974875777 0
1 0 20.474972389431912 0
2 0 20.17659163697606 0
3 0 20.054841204259255 0

0 1 20.2560341216143 -1
1 1 20.46957151456445 0
2 1 20.25783051501515 0
3 1 20.099849104471044 0

0 2 22.322352195839535 1
1 2 20.94289019509872 0
2 2 20.65570086598657 0
3 2 20.256186421380566 0

0 3 22.48328725135961 1
1 3 21.211980661548047 0
2 3 21.875616041874352 1
3 3 20.543128342861316 0


# 20.0 20.0 2.4832872513596094
0 0 20.813217521912804 0
1 0 20.472536117157212 0
2 0 20.178597282260245 0
3 0 20.0562082775467 0

0 1 20.2285423832943 -1
1 1 20.46985367239214 0
2 1 20.262302661395744 0
3 1 20.102551810407135 0

0 2 22.328670041571307 1
1 2 20.953625928631958 0
2 2 20.664399997058606 0
3 2 20.261147553486506 0

0 3 22.496376718748095 1
1 3 21.224984898034084 0
2 3 21.886030326971078 1
3 3 20.5493418570838 0


# 20.119999999999997 20.0 2.4963767187480954
0 0 20.79307463312936 0
1 0 20.47034790728999 0
2 0 20.180922502560104 0
3 0 20.058306471310622 0

0 1 20.20240278336105 -1
1 1 20.469964847485464 0
2 1 20.266726203538884 0
3 1 20.105638797110068 0

0 2 22.335054764994204 1
1 2 20.964184738148493 0
2 2 20.673045863065532 0
3 2 20.266475674447186 0

0 3 22.509947632829505 1
1 3 21.23821748469204 0
2 3 21.89670431569639 1
3 3 20.556243710110504 0


# 20.239999999999995 20.0 2.5099476328295047
0 0 20.774756954624518 0
1 0 20.468781026839853 0
2 0 20.18392952187285 0
3 0 20.061842258171236 0

0 1 20.17793918526514 -1
1 1 20.46993810865167 0
2 1 20.271113973257417 0
3 1 20.109475150501954 0

0 2 22.341887323539364 1
1 2 20.974580936076748 0
2 2 20.68164616043212 0
3 2 20.27253207637294 0

0 3 22.52471077574642 1
1 3 21.252044302665208 0
2 3 21.908001944515636 1
3 3 20.56454534479719 0


# 20.359999999999992 20.0 2.5247107757464207
0 0 20.758226346803294 0
1 0 20.46783735144051 0
2 0 20.18761400494862 0
3 0 20.066781006742477 0

0 1 20.155106360831933 -1
1 1 20.469804742895672 0
2 1 20.275482983246402 0
3 1 20.114054746977214 0

0 2 22.349180832822572 1
1 2 20.98483316361085 0
2 2 20.690217346744326 0
3 2 20.2793115384275 0

0 3 22.540635889445404 1
1 3 21.26646009392413 0
2 3 21.919920536271565 1
3 3 20.57421249728088 0


# 20.47999999999999 20.0 2.5406358894454044
0 0 20.743445522865645 0
1 0 20.467518553928528 0
2 0 20.19197160726779 0
3 0 20.073089206750687 0

0 1 20.13386106686 -1
1 1 20.46959446444843 0
2 1 20.279849858035828 0
3 1 20.11937145484274 0

0 2 22.35694719928302 1
1 2 20.994959801010328 0
2 2 20.69877541490554 0
3 2 20.286808766217895 0

0 3 22.557693884943856 1
1 3 21.281459660646025 0
2 3 21.93245724462215 1
3 3 20.585212039508846 0


# 20.599999999999987 20.0 2.5576938849438555
0 0 20.730378039491946 0
1 0 20.46782610399803 0
2 0 20.196997981787955 0
3 0 20.08073442854723 0

0 1 20.11416193849056 -1
1 1 20.469335502573323 0
2 1 20.28423082909942 0
3 1 20.125419142025716 0

0 2 22.36519720440647 1
1 2 21.00497894395221 0
2 2 20.707335904396775 0
3 2 20.29501840306792 0

0 3 22.575856787466506 1
1 3 21.297037870611383 0
2 3 21.945609070122224 1
3 3 20.59751193576481 0


# 20.719999999999985 20.0 2.575856787466506
0 0 20.7189882865801 0
1 0 20.46876126888141 0
2 0 20.2026887848712 0
3 0 20.089685284242293 0

0 1 20.095969388996675 -1
1 1 20.46905468362096 0
2 1 20.288641731481626 0
3 1 20.132191683086138 0

0 2 22.373940583266382 1
1 2 21.01490838314525 0
2 2 20.715913912039532 0
3 2 20.303935040509753 0

0 3 22.595097684564244 1
1 3 21.313189661699685 0
2 3 21.959372875291137 1
3 3 20.611081201066888 0


# 20.839999999999982 20.0 2.5950976845642444
0 0 20.709241476157754 0
1 0 20.470325114924186 0
2 0 20.209039681474387 0
3 0 20.099911390384296 0

0 1 20.079245515575355 -1
1 1 20.468777507748673 0
2 1 20.293098001782692 0
3 1 20.13968296558864 0

0 2 22.38318609776861 1
1 2 21.024765586905357 0
2 2 20.724524102315502 0
3 2 20.313553228035996 0

0 3 22.615390677033552 1
1 3 21.32991004557906 0
2 3 21.973745398716446 1
3 3 20.62588986134951 0


# 20.95999999999998 20.0 2.6153906770335524
0 0 20.701103630582068 0
1 0 20.472518509935032 0
2 0 20.216046349677686 0
3 0 20.111383332113657 0

0 1 20.063954010754383 -1
1 1 20.468528220689265 0
2 1 20.297614677356375 0
3 1 20.14788689588399 0

0 2 22.39294160495865 1
1 2 21.03456768641641 0
2 2 20.73318071729066 0
3 2 20.323867482152774 0

0 3 22.636710832466797 1
1 3 21.347194110675932 0
2 3 21.988723268242147 1
3 3 20.641908915345667 0


# 21.079999999999977 20.0 2.6367108324667967
0 0 20.694541570129385 0
1 0 20.475342126203717 0
2 0 20.223704484619308 0
3 0 20.124072628723606 0

0 1 20.050060079052027 -1
1 1 20.46832988092452 0
2 1 20.30220639658789 0
3 1 20.15679740434643 0

0 2 22.28321412072561 -1
1 2 21.04289146342382 0
2 2 20.74188030618559 0
3 2 20.33487208741289 0

0 3 22.65759414127481 1
1 3 21.365002464502833 0
2 3 22.004302391208387 1
3 3 20.659110288136677 0


# 21.199999999999974 20.0 2.65759414127481
0 0 20.689522900067796 0
1 0 20.478796444090502 0
2 0 20.23200980189812 0
3 0 20.13795170056449 0

0 1 20.036090358552457 -1
1 1 20.468169862592 0
2 1 20.30688677805194 0
3 1 20.166408440156232 0

0 2 22.178998039214147 -1
1 2 21.049881281249412 0
2 2 20.750621361943754 0
3 2 20.346561140824388 0

0 3 22.67812875823352 1
1 3 21.38330011016201 0
2 3 22.020478071900545 1
3 3 20.677466788316455 0


# 21.319999999999972 20.0 2.6781287582335196
0 0 20.68599871729707 0
1 0 20.482881134020147 0
2 0 20.240958025570038 0
3 0 20.152993836932882 0

0 1 20.022132562922494 -1
1 1 20.46803909026251 0
2 1 20.31166853572064 0
3 1 20.176713967831404 0

0 2 22.080041832796017 -1
1 2 21.055671008491412 0
2 2 20.7594040816537 0
3 2 20.358928590963384 0

0 3 22.69839622625261 1
1 3 21.40205604921494 0
2 3 22.03724511591094 1
3 3 20.696952068419552 0


# 21.43999999999997 20.0 2.6983962262526084
0 0 20.68392292783769 0
1 0 20.487595166915344 0
2 0 20.25054487897092 0
3 0 20.169173164964928 0

0 1 20.0082670414905 -1
1 1 20.467931634961325 0
2 1 20.316563580767056 0
3 1 20.187707965222828 0

0 2 21.9861080871334 -1
1 2 21.060384798319387 0
2 2 20.768230150765852 0
3 2 20.37196827235582 0

0 3 22.718471931743693 1
1 3 21.4212429172996 0
2 3 22.054597922680504 1
3 3 20.717540588296885 0


# 21.559999999999967 20.0 2.718471931743693
0 0 20.683252048936403 0
1 0 20.492936912659324 0
2 0 20.260766077954838 0
3 0 20.18646461954432 0

0 1 19.994567327000276 -1
1 1 20.467844347908134 0
2 1 20.321583111392457 0
3 1 20.19938442272298 0

0 2 21.896972636158555 -1
1 2 21.06413780862564 0
2 2 20.777102548909745 0
3 2 20.385673935636028 0

0 3 22.738425528842416 1
1 3 21.440836649894802 0
2 3 22.07253056737314 1
3 3 20.739207581154307 0


# 21.679999999999964 20.0 2.7384255288424164
0 0 20.68394502605061 0
1 0 20.498904227750597 0
2 0 20.271617326184984 0
3 0 20.20484391422762 0

0 1 19.98110064338767 -1
1 1 20.46777652870242 0
2 1 20.32673769196386 0
3 1 20.211737343470542 0

0 2 21.812423753210165 -1
1 2 21.067036867580217 0
2 2 20.786025375312718 0
3 2 20.400039273938564 0

0 3 22.758321334641348 1
1 3 21.460816175834356 0
2 3 22.091036873131085 1
3 3 20.761929021997588 0


# 21.79999999999996 20.0 2.758321334641348
0 0 20.685963063566444 0
1 0 20.505494533206516 0
2 0 20.283094312157992 0
3 0 20.22428751318297 0

0 1 19.967928376511136 -1
1 1 20.467729624955844 0
2 1 20.33203732262036 0
3 1 20.22476074436168 0

0 2 21.73226139452013 -1
1 2 21.069181088783843 0
2 2 20.795003691999394 0
3 2 20.415057945933448 0

0 3 22.77821869743851 1
1 3 21.481163136361555 0
2 3 22.11011047466388 1
3 3 20.785681598252843 0


# 21.91999999999996 20.0 2.7782186974385112
0 0 20.689269468194663 0
1 0 20.512704883675543 0
2 0 20.295192707681103 0
3 0 20.244772604132894 0

0 1 19.955106510549715 -1
1 1 20.467706960625517 0
2 1 20.337491500390595 0
3 1 20.238448657703973 0

0 2 21.656296491511547 -1
1 2 21.070662439888196 0
2 2 20.804043383113935 0
3 2 20.430723595873094 0

0 3 22.7981723398652 1
1 3 21.501861627687376 0
2 3 22.129744874036646 1
3 3 20.810442682354658 0


# 22.039999999999957 20.0 2.7981723398652
0 0 20.693829504070358 0
1 0 20.52053202862969 0
2 0 20.307908167556334 0
3 0 20.266277072287235 0

0 1 19.942686032581115 -1
1 1 20.467713490533367 0
2 1 20.34310927275874 0
3 1 20.252795133371436 0

0 2 21.584350288616076 -1
1 2 21.071566268252973 0
2 2 20.813151028855525 0
3 2 20.447029870981403 0

0 3 22.818232678625694 1
1 3 21.52289796517549 0
2 3 22.149933489443736 1
3 3 20.836190306114993 0


# 22.159999999999954 20.0 2.8182326786256944
0 0 20.699610258658353 0
1 0 20.528972466428222 0
2 0 20.32123633025666 0
3 0 20.28877947524843 0

0 1 19.9307133076664 -1
1 1 20.46775557876904 0
2 1 20.34889928452135 0
3 1 20.267794241338848 0

0 2 21.51625372354874 -1
1 2 21.071971786933016 0
2 2 20.822333792653016 0
3 2 20.463970436481468 0

0 3 22.83844612245986 1
1 3 21.544260467424156 0
2 3 22.170669697681404 1
3 3 20.86290313670481 0


# 22.27999999999995 20.0 2.8384461224598603
0 0 20.70658051863579 0
1 0 20.538022491970175 0
2 0 20.33517281940676 0
3 0 20.31225901886843 0

0 1 19.919230426595856 -1
1 1 20.46784079886837 0
2 1 20.35486981869153 0
3 1 20.283440074491114 0

0 2 21.451846847191558 -1
1 2 21.071952524033875 0
2 2 20.83159932032833 0
3 2 20.481538988527536 0

0 3 22.858855349826694 1
1 3 21.565939258650843 0
2 3 22.191946870966994 1
3 3 20.89056045409737 0


# 22.39999999999995 20.0 2.858855349826694
0 0 20.71471065498769 0
1 0 20.54767823858658 0
2 0 20.349713245905434 0
3 0 20.336695534033925 0

0 1 19.9082755282914 -1
1 1 20.46797775383793 0
2 1 20.36102883212909 0
3 1 20.299726751618774 0

0 2 21.390978280435334 -1
1 2 21.07157673823928 0
2 2 20.840955650110924 0
3 2 20.499729265279303 0

0 3 22.879499567701966 1
1 3 21.587926087910407 0
2 3 22.213758408691806 1
3 3 20.919142129837518 0


# 22.519999999999946 20.0 2.8794995677019664
0 0 20.72397251661067 0
1 0 20.55793571476219 0
2 0 20.364853210548507 0
3 0 20.36206945435471 0

0 1 19.89788309871377 -1
1 1 20.468175914259838 0
2 1 20.36738398650535 0
3 1 20.31664842052446 0

0 2 21.33350470551291 -1
1 2 21.070907803097324 0
2 2 20.850411132468487 0
3 2 20.518535056331537 0

0 3 22.900414752785775 1
1 3 21.610214163793067 0
2 3 22.23609776463994 1
3 3 20.948628607015024 0


# 22.639999999999944 20.0 2.9004147527857747
0 0 20.734339331774397 0
1 0 20.568790836221172 0
2 0 20.380588307030443 0
3 0 20.3883617947286 0

0 1 19.888084247986356 -1
1 1 20.468445472861088 0
2 1 20.373942675147706 0
3 1 20.334199261176924 0

0 2 21.2792903895278 -1
1 2 21.070004562452457 0
2 2 20.85997435881286 0
3 2 20.53795021068967 0

0 3 22.801633876325337 -1
1 3 21.63135800335477 0
2 3 22.258941190155255 1
3 3 20.97900067397262 0


# 22.75999999999994 20.0 2.9004147527857747
0 0 20.745785616841008 0
1 0 20.580239453860674 0
2 0 20.396914125220007 0
3 0 20.415554130755133 0

0 1 19.878906967321686 -1
1 1 20.468797214069145 0
2 1 20.380712046251965 0
3 1 20.352373488859854 0

0 2 21.226766738040826 -1
1 2 21.06888709922607 0
2 2 20.869653476145718 0
3 2 20.55796863350844 0

0 3 22.70747255367437 -1
1 3 21.651464577330536 0
2 3 22.28226708489812 1
3 3 21.010239478330483 0


# 22.87999999999994 20.0 2.9004147527857747
0 0 20.75828709168892 0
1 0 20.592277377970262 0
2 0 20.413826254620496 0
3 0 20.44362857896971 0

0 1 19.87035908721976 -1
1 1 20.469241775121844 0
2 1 20.387699007968845 0
3 1 20.371165356973105 0

0 2 21.175923159924555 -1
1 2 21.06757591432549 0
2 2 20.879456236979134 0
3 2 20.57858428376848 0

0 3 22.617772194589154 -1
1 3 21.670634447408407 0
2 3 22.306055829285015 1
3 3 21.042326538467226 0


