# 20.0 20.0 0.0
0 0 20.0 0
1 0 20.0 0
2 0 20.0 0
3 0 20.0 0

0 1 20.0 0
1 1 20.0 0
2 1 20.0 0
3 1 20.0 0

0 2 20.0 0
1 2 20.0 0
2 2 20.06 1
3 2 20.00072 0

0 3 20.0 0
1 3 20.0 0
2 3 20.00072 0
3 3 20.00001728 0


# 20.0 20.0 0.05999999999999872
0 0 20.0 0
1 0 20.0 0
2 0 20.0 0
3 0 20.0 0

0 1 20.0 0
1 1 20.0 0
2 1 20.00072 0
3 1 20.00001728 0

0 2 20.0 0
1 2 20.00072 0
2 2 20.11715456 1
3 2 20.00209602944 0

0 3 20.0 0
1 3 20.00001728 0
2 3 20.00209602944 0
3 3 20.000066962626562 0


# 20.0 20.0 0.11715455999999946
0 0 20.0 0
1 0 20.0 0
2 0 20.00000864 0
3 0 20.00000031104 0

0 1 20.0 0
1 1 20.00001728 0
2 1 20.00209181312 0
3 1 20.0000668120832 0

0 2 20.00000864 0
1 2 20.00209181312 0
2 2 20.17163164934144 1
3 2 20.004069181292135 0

0 3 20.00000031104 0
1 3 20.0000668120832 0
2 3 20.004069181292135 0
3 3 20.000162212323016 0


# 20.0 20.0 0.17163164934143893
0 0 20.0 0
1 0 20.00000031104 0
2 0 20.000033386342402 0
3 0 20.000001502223668 0

0 1 20.00000031104 0
1 1 20.00006666153984 0
2 1 20.004052988201924 0
3 1 20.00016149003632 0

0 2 20.000033386342402 0
1 2 20.004052988201924 0
2 2 20.223588262240906 1
3 2 20.00658521925307 0

0 3 20.000001502223668 0
1 3 20.00016149003632 0
2 3 20.00658521925307 0
3 3 20.00031441794146 0


# 20.0 20.0 0.22358826224090578
0 0 20.00000000746496 0
1 0 20.000001498640486 0
2 0 20.000080655984814 0
3 0 20.00000435389587 0

0 1 20.000001498640486 0
1 1 20.000160769470146 0
2 1 20.006546338901018 0
3 1 20.000312338399393 0

0 2 20.000080655984814 0
1 2 20.006546338901018 0
2 2 20.27317118304904 1
3 2 20.00959421531712 0

0 3 20.00000435389587 0
1 3 20.000312338399393 0
2 3 20.00959421531712 0
3 3 20.00053336006318 0


# 20.0 20.0 0.2731711830490404
0 0 20.000000043163592 0
1 0 20.00000433332101 0
2 0 20.000155928746867 0
3 0 20.000009816361374 0

0 1 20.00000433332101 0
1 1 20.00031026866891 0
2 1 20.00951951126014 0
3 1 20.00052870270188 0

0 2 20.000155928746867 0
1 2 20.00951951126014 0
2 2 20.32051769570054 1
3 2 20.013050215375387 0

0 3 20.000009816361374 0
1 3 20.00052870270188 0
2 3 20.013050215375387 0
3 3 20.000827364269917 0


# 20.0 20.0 0.32051769570054134
0 0 20.000000145609405 0
1 0 20.00000974743783 0
2 0 20.000263848640213 0
3 0 20.000018973588467 0

0 1 20.00000974743783 0
1 1 20.000524077981552 0
2 1 20.012924586619945 0
3 1 20.00081842249541 0

0 2 20.000263848640213 0
1 2 20.012924586619945 0
2 2 20.365756241554802 1
3 2 20.01691093066946 0

0 3 20.000018973588467 0
1 3 20.00081842249541 0
2 3 20.01691093066946 0
3 3 20.001203441492265 0


# 20.0 20.0 0.36575624155480213
0 0 20.000000374305976 0
1 0 20.000018797656573 0
2 0 20.000408315291704 0
3 0 20.000033011392727 0

0 1 20.000018797656573 0
1 1 20.000809563461075 0
2 1 20.016717716975823 0
3 1 20.00118798865906 0

0 2 20.000408315291704 0
1 2 20.016717716975823 0
2 2 20.40900702950366 1
3 2 20.021137453097204 0

0 3 20.000033011392727 0
1 3 20.00118798865906 0
2 3 20.021137453097204 0
3 3 20.001667416472877 0


# 20.0 20.0 0.40900702950365897
0 0 20.00000081197472 0
1 0 20.000032632443727 0
2 0 20.0005925663792 0
3 0 20.000053189643047 0

0 1 20.000032632443727 0
1 1 20.00117271280101 0
2 1 20.020858790129097 0
3 1 20.00164268632981 0

0 2 20.0005925663792 0
1 2 20.020858790129097 0
2 2 20.450382601924915 1
3 2 20.025693992523852 0

0 3 20.000053189643047 0
1 3 20.00164268632981 0
2 3 20.025693992523852 0
3 3 20.002224045300427 0


# 20.0 20.0 0.45038260192491464
0 0 20.00000156592228 0
1 0 20.00005246402232 0
2 0 20.00081925191681 0
3 0 20.000080818074856 0

0 1 20.00005246402232 0
1 1 20.001618292686196 0
2 1 20.02531112219719 0
3 1 20.00218672469751 0

0 2 20.00081925191681 0
1 2 20.02531112219719 0
2 2 20.489988359785823 1
3 2 20.030547634395255 0

0 3 20.000080818074856 0
1 3 20.00218672469751 0
2 3 20.030547634395255 0
3 3 20.002877122895097 0


# 20.0 20.0 0.4899883597858228
0 0 20.00000276868561 0
1 0 20.00007954429285 0
2 0 20.001090501151083 0
3 0 20.000117235334343 0

0 1 20.00007954429285 0
1 1 20.00214999063302 0
2 1 20.030041175246936 0
3 1 20.002823354799933 0

0 2 20.001090501151083 0
1 2 20.030041175246936 0
2 2 20.527923049947518 1
3 2 20.035668116082366 0

0 3 20.000117235334343 0
1 3 20.002823354799933 0
2 3 20.035668116082366 0
3 3 20.00362958125685 0


# 20.0 20.0 0.5279230499475176
0 0 20.00000457807596 0
1 0 20.00011514427087 0
2 0 20.001407982760963 0
3 0 20.00016379091304 0

0 1 20.00011514427087 0
1 1 20.002770542751062 0
2 1 20.035018297998196 0
3 1 20.00355497635826 0

0 2 20.001407982760963 0
1 2 20.035018297998196 0
2 2 20.56427921748797 1
3 2 20.041027620508142 0

0 3 20.00016379091304 0
1 3 20.00355497635826 0
2 3 20.041027620508142 0
3 3 20.0044835792238 0


# 20.0 20.0 0.5642792174879716
0 0 20.000007176727724 0
1 0 20.00016053663837 0
2 0 20.001772958991598 0
3 0 20.00022182966437 0

0 1 20.00016053663837 0
1 1 20.00348184873029 0
2 1 20.0402144877131 0
3 1 20.00438323460584 0

0 2 20.001772958991598 0
1 2 20.0402144877131 0
2 2 20.59914362564586 1
3 2 20.046600585720505 0

0 3 20.00022182966437 0
1 3 20.00438323460584 0
2 3 20.046600585720505 0
3 3 20.005440584429035 0


# 20.0 20.0 0.5991436256458584
0 0 20.000010771244845 0
1 0 20.000216981047156 0
2 0 20.002186334295047 0
3 0 20.00029267862326 0

0 1 20.000216981047156 0
1 1 20.00428507524148 0
2 1 20.04560417154033 0
3 1 20.005309107983003 0

0 2 20.002186334295047 0
1 2 20.04560417154033 0
2 2 20.63259764578912 1
3 2 20.052363529178656 0

0 3 20.00029267862326 0
1 3 20.005309107983003 0
2 3 20.052363529178656 0
3 3 20.006501448089878 0


# 20.0 20.0 0.6325976457891187
0 0 20.000015591025164 0
1 0 20.000285711849916 0
2 0 20.00264869899882 0
3 0 20.000377635876607 0

0 1 20.000285711849916 0
1 1 20.005180748831254 0
2 1 20.05116400572562 0
3 1 20.006332987497085 0

0 2 20.00264869899882 0
1 2 20.05116400572562 0
2 2 20.664717619628945 1
3 2 20.058294885615744 0

0 3 20.000377635876607 0
1 3 20.006332987497085 0
2 3 20.058294885615744 0
3 3 20.00766647321342 0


# 20.0 20.0 0.664717619628945
0 0 20.000021886832656 0
1 0 20.00036792796817 0
2 0 20.00316036847571 0
3 0 20.000477961256724 0

0 1 20.00036792796817 0
1 1 20.006168839296006 0
2 1 20.056872691229565 0
3 1 20.007454748479432 0

0 2 20.00316036847571 0
1 2 20.056872691229565 0
2 2 20.695575195731042 1
3 2 20.06437485742897 0

0 3 20.000477961256724 0
1 3 20.007454748479432 0
2 3 20.06437485742897 0
3 3 20.008935476756033 0


# 20.0 20.0 0.6955751957310419
0 0 20.000029929177916 0
1 0 20.000464784636904 0
2 0 20.00372141824521 0
3 0 20.00059486865218 0

0 1 20.000464784636904 0
1 1 20.00724883443059 0
2 1 20.062710804413182 0
3 1 20.008673815409228 0

0 2 20.00372141824521 0
1 2 20.062710804413182 0
2 2 20.725237642220165 1
3 2 20.07058527662958 0

0 3 20.00059486865218 0
1 3 20.008673815409228 0
2 3 20.07058527662958 0
3 3 20.010307846231925 0


# 20.0 20.0 0.725237642220165
0 0 20.000040006558798 0
1 0 20.00057738679297 0
2 0 20.00433171539721 0
3 0 20.00072951975038 0

0 1 20.00057738679297 0
1 1 20.00841980696687 0
2 1 20.068660641561273 0
3 1 20.009989220417335 0

0 2 20.00433171539721 0
1 2 20.068660641561273 0
2 2 20.75376813743018 1
3 2 20.07690947746009 0

0 3 20.00072951975038 0
1 3 20.009989220417335 0
2 3 20.07690947746009 0
3 3 20.011782591226616 0


# 20.0 20.0 0.7537681374301783
0 0 20.000052423605712 0
1 0 20.0007067838993 0
2 0 20.00499094669306 0
3 0 20.00088301904469 0

0 1 20.0007067838993 0
1 1 20.009680474443513 0
2 1 20.07470607611414 0
3 1 20.011399656031234 0

0 2 20.00499094669306 0
1 2 20.07470607611414 0
2 2 20.78122604011931 1
3 2 20.083332178855294 0

0 3 20.00088301904469 0
1 3 20.011399656031234 0
2 3 20.083332178855294 0
3 3 20.013358390234984 0


# 20.0 20.0 0.7812260401193107
0 0 20.00006749916949 0
1 0 20.000853966019204 0
2 0 20.005698643666086 0
3 0 20.00105640995545 0

0 1 20.000853966019204 0
1 1 20.011029252681425 0
2 1 20.080832427570638 0
3 1 20.0129035226745 0

0 2 20.005698643666086 0
1 2 20.080832427570638 0
2 2 20.807667140747807 1
3 2 20.08983937598726 0

0 3 20.00105640995545 0
1 3 20.0129035226745 0
2 3 20.08983937598726 0
3 3 20.01503363321022 0


# 20.0 20.0 0.8076671407478067
0 0 20.00008556438385 0
1 0 20.001019860975173 0
2 0 20.006454205014126 0
3 0 20.001250671929316 0

0 1 20.001019860975173 0
1 1 20.012464303477817 0
2 1 20.087026341110217 0
3 1 20.01449897139049 0

0 2 20.006454205014126 0
1 2 20.087026341110217 0
2 2 20.83314389520225 1
3 2 20.09641824019343 0

0 3 20.001250671929316 0
1 3 20.01449897139049 0
2 3 20.09641824019343 0
3 3 20.016806460179293 0


# 20.0 20.0 0.8331438952022516
0 0 20.000106960729433 0
1 0 20.001205332444872 0
2 0 20.007256916549345 0
3 0 20.00146671839514 0

0 1 20.001205332444872 0
1 1 20.013983577076203 0
2 1 20.093275677059545 0
3 1 20.016183942219868 0

0 2 20.007256916549345 0
1 2 20.093275677059545 0
2 2 20.857705642246614 1
3 2 20.103057026641054 0

0 3 20.00146671839514 0
1 3 20.016183942219868 0
2 3 20.103057026641054 0
3 3 20.018674796252224 0


# 20.0 20.0 0.8577056422466143
0 0 20.00013203812185 0
1 0 20.001411178863158 0
2 0 20.008105968946087 0
3 0 20.001705395466907 0

0 1 20.001411178863158 0
1 1 20.01558484991869 0
2 1 20.09956940940066 0
3 1 20.017956198624738 0

0 2 20.008105968946087 0
1 2 20.09956940940066 0
2 2 20.881398805883777 1
3 2 20.109744989131258 0

0 3 20.001705395466907 0
1 3 20.017956198624738 0
2 3 20.109744989131258 0
3 3 20.020636383326295 0


# 20.0 20.0 0.8813988058837765
0 0 20.000161153042182 0
1 0 20.00163813301379 0
2 0 20.009000473504926 0
3 0 20.001967481295654 0

0 1 20.00163813301379 0
1 1 20.01726575814054 0
2 1 20.105897532583278 0
3 1 20.019813358318622 0

0 2 20.009000473504926 0
1 2 20.105897532583278 0
2 2 20.904267083722505 1
3 2 20.116472301492156 0

0 3 20.001967481295654 0
1 3 20.019813358318622 0
2 3 20.116472301492156 0
3 3 20.02268880876236 0


# 20.0 20.0 0.9042670837225053
0 0 20.000194666724994 0
1 0 20.001886862207655 0
2 0 20.009939476130757 0
3 0 20.002253685982403 0

0 1 20.001886862207655 0
1 1 20.019023827224775 0
2 1 20.11225097596404 0
3 1 20.021752920830505 0

0 2 20.009939476130757 0
1 2 20.11225097596404 0
2 2 20.926351622362773 1
3 2 20.12322998505295 0

0 3 20.002253685982403 0
1 3 20.021752920830505 0
2 3 20.12322998505295 0
3 3 20.024829531288187 0


# 20.0 20.0 0.9263516223627732
0 0 20.000232943415877 0
1 0 20.00215796895619 0
2 0 20.010921969704096 0
3 0 20.00256465197345 0

0 1 20.00215796895619 0
1 1 20.02085649819607 0
2 1 20.118621525250887 0
3 1 20.02377229210295 0

0 2 20.010921969704096 0
1 2 20.118621525250887 0
2 2 20.94769118073665 1
3 2 20.13000984173026 0

0 3 20.00256465197345 0
1 3 20.02377229210295 0
2 3 20.13000984173026 0
3 3 20.02705590436334 0


# 20.0 20.0 0.9476911807366513
0 0 20.000276348707853 0
1 0 20.002451992059328 0
2 0 20.011946905007928 0
3 0 20.002900954867737 0

0 1 20.002451992059328 0
1 1 20.022761150698106 0
2 1 20.125001750381394 0
3 1 20.02586880639838 0

0 2 20.011946905007928 0
1 2 20.125001750381394 0
2 2 20.96832228227197 1
3 2 20.136804392293993 0

0 3 20.002900954867737 0
1 3 20.02586880639838 0
2 3 20.136804392293993 0
3 3 20.029365197221317 0


# 20.0 20.0 0.9683222822719699
0 0 20.000325247963794 0
1 0 20.002769408036873 0
2 0 20.013013200357026 0
3 0 20.003263104573563 0

0 1 20.002769408036873 0
1 1 20.024735123266634 0
2 1 20.131384939310614 0
3 1 20.028039745763785 0

0 2 20.013013200357026 0
1 2 20.131384939310614 0
2 2 20.988279356681424 1
3 2 20.143606819413645 0

0 3 20.003263104573563 0
1 3 20.028039745763785 0
2 3 20.143606819413645 0
3 3 20.031754613787278 0


# 20.0 20.0 0.9882793566814243
0 0 20.00038000482998 0
1 0 20.003110632840766 0
2 0 20.01411975006273 0
3 0 20.00365154675883 0

0 1 20.003110632840766 0
1 1 20.026775731081468 0
2 1 20.137765037226778 0
3 1 20.0302823572825 0

0 2 20.01411975006273 0
1 2 20.137765037226778 0
2 2 21.007594872120087 1
3 2 20.15041091511655 0

0 3 20.00365154675883 0
1 3 20.0302823572825 0
2 3 20.15041091511655 0
3 3 20.034221309653734 0


# 20.0 20.0 1.0075948721200874
0 0 20.00044097984428 0
1 0 20.003476023793315 0
2 0 20.015265431853443 0
3 0 20.004066664545146 0

0 1 20.003476023793315 0
1 1 20.02888028145404 0
2 1 20.144136590752414 0
3 1 20.0325938683216 0

0 2 20.015265431853443 0
1 2 20.144136590752414 0
2 2 21.02629945839918 1
3 2 20.15721103231815 0

0 3 20.004066664545146 0
1 3 20.0325938683216 0
2 3 20.15721103231815 0
3 3 20.036762407281834 0


# 20.0 20.0 1.0262994583991798
0 0 20.000508529140927 0
1 0 20.003865881703376 0
2 0 20.01644911335961 0
3 0 20.004508780401697 0

0 1 20.003865881703376 0
1 1 20.031046087283183 0
2 1 20.15049469672466 0
3 1 20.03497149996543 0

0 2 20.01644911335961 0
1 2 20.15049469672466 0
2 2 21.04442202189305 1
3 2 20.16400204011047 0

0 3 20.004508780401697 0
1 3 20.03497149996543 0
2 3 20.16400204011047 0
3 3 20.03937500958234 0


# 20.0 20.0 1.0444220218930482
0 0 20.000583003252736 0
1 0 20.004280453118582 0
2 0 20.017669657761445 0
3 0 20.004978158199958 0

0 1 20.004280453118582 0
1 1 20.03327047868983 0
2 1 20.156834955181594 0
3 1 20.037412478808786 0

0 2 20.017669657761445 0
1 2 20.156834955181594 0
2 2 21.06198985272919 1
3 2 20.170779282519277 0

0 3 20.004978158199958 0
1 3 20.037412478808786 0
2 3 20.170779282519277 0
3 3 20.042056212017837 0


# 20.0 20.0 1.0619898527291909
0 0 20.000664746010482 0
1 0 20.004719932677144 0
2 0 20.01892592868817 0
3 0 20.00547500539472 0

0 1 20.004719932677144 0
1 1 20.035550813021327 0
2 1 20.163153426211846 0
3 1 20.039914047268326 0

0 2 20.01892592868817 0
1 2 20.163153426211846 0
2 2 21.07902872480774 1
3 2 20.177538540462596 0

0 3 20.00547500539472 0
1 3 20.039914047268326 0
2 3 20.177538540462596 0
3 3 20.0448031133563 0


# 20.0 20.0 1.0790287248077384
0 0 20.000754093538358 0
1 0 20.005184465527677 0
2 0 20.020216794448878 0
3 0 20.005999475301117 0

0 1 20.005184465527677 0
1 1 20.037884483398052 0
2 1 20.169446590352752 0
3 1 20.042473472556452 0

0 2 20.020216794448878 0
1 2 20.169446590352752 0
2 2 21.095562989156534 1
3 2 20.184275996664 0

0 3 20.005999475301117 0
1 3 20.042473472556452 0
2 3 20.184275996664 0
3 3 20.047612825195408 0


# 20.0 20.0 1.0955629891565337
0 0 20.000851373343643 0
1 0 20.0056741497898 0
2 0 20.021541131667348 0
3 0 20.006551669440963 0

0 1 20.0056741497898 0
1 1 20.040268925958365 0
2 1 20.175711312247884 0
3 1 20.045088054449316 0

0 2 20.021541131667348 0
1 2 20.175711312247884 0
2 2 21.111615661090905 1
3 2 20.19098820329294 0

0 3 20.006551669440963 0
1 3 20.045088054449316 0
2 3 20.19098820329294 0
3 3 20.050482480367403 0


# 20.0 20.0 1.1116156610909051
0 0 20.000956903498228 0
1 0 20.006189039032115 0
2 0 20.02289782838597 0
3 0 20.00713163993511 0

0 1 20.006189039032115 0
1 1 20.042701625943085 0
2 1 20.181944807298418 0
3 1 20.047755131968763 0

0 2 20.02289782838597 0
1 2 20.181944807298418 0
2 2 21.127208501612735 1
3 2 20.197672052122023 0

0 3 20.00713163993511 0
1 3 20.047755131968763 0
2 3 20.197672052122023 0
3 3 20.053409240325106 0


# 20.0 20.0 1.127208501612735
0 0 20.001070991909064 0
1 0 20.006729144747624 0
2 0 20.024285786697536 0
3 0 20.007739391921444 0

0 1 20.006729144747624 0
1 1 20.04518012274692 0
2 1 20.188144611064406 0
3 1 20.05047208908737 0

0 2 20.024285786697536 0
1 2 20.188144611064406 0
2 2 21.142362093451798 1
3 2 20.20432474700727 0

0 3 20.007739391921444 0
1 3 20.05047208908737 0
2 3 20.20432474700727 0
3 3 20.056390301601578 0


# 20.0 20.0 1.1423620934517977
0 0 20.00119393567428 0
1 0 20.007294438809648 0
2 0 20.025703924957785 0
3 0 20.008374885980814 0

0 1 20.007294438809648 0
1 1 20.047702014052046 0
2 1 20.194308551191902 0
3 1 20.05323635955586 0

0 2 20.025703924957785 0
1 2 20.194308551191902 0
2 2 21.15709591212289 1
3 2 20.210943778512327 0

0 3 20.008374885980814 0
1 3 20.05323635955586 0
2 3 20.210943778512327 0
3 3 20.059422901428217 0


# 20.0 20.0 1.157095912122891
0 0 20.001326020521436 0
1 0 20.00788485589402 0
2 0 20.027151179626358 0
3 0 20.00903804055569 0

0 1 20.00788485589402 0
1 1 20.05026495914761 0
2 1 20.200434721660123 0
3 1 20.056045430943254 0

0 2 20.027151179626358 0
1 2 20.200434721660123 0
2 2 21.17142839234513 1
3 2 20.21752690051141 0

0 3 20.00903804055569 0
1 3 20.056045430943254 0
2 3 20.21752690051141 0
3 3 20.062504322589074 0


# 20.0 20.0 1.1714283923451312
0 0 20.00146752032412 0
1 0 20.008500295855647 0
2 0 20.02862650677891 0
3 0 20.00972873434835 0

0 1 20.008500295855647 0
1 1 20.052866681528904 0
2 1 20.206521459159593 0
3 1 20.05889684797187 0

0 2 20.02862650677891 0
1 2 20.206521459159593 0
2 2 21.18537699014467 1
3 2 20.224072108618397 0

0 3 20.00972873434835 0
1 3 20.05889684797187 0
2 3 20.224072108618397 0
3 3 20.06563189758271 0


# 20.0 20.0 1.1853769901446682
0 0 20.001618696692987 0
1 0 20.00914062604972 0
2 0 20.03012888332889 0
3 0 20.01044680868742 0

0 1 20.00914062604972 0
1 1 20.05550497086054 0
2 1 20.212567321427603 0
3 1 20.061788215221853 0

0 2 20.03012888332889 0
1 2 20.212567321427603 0
2 2 21.19895824093883 1
3 2 20.230577620301347 0

0 3 20.01044680868742 0
1 3 20.061788215221853 0
2 3 20.230577620301347 0
3 3 20.068803012156962 0


# 20.0 20.0 1.198958240938829
0 0 20.001779798637234 0
1 0 20.00980568358955 0
2 0 20.03165730799353 0
3 0 20.011192069853255 0

0 1 20.00980568358955 0
1 1 20.058177684379647 0
2 1 20.218571067381482 0
3 1 20.06471719927297 0

0 2 20.03165730799353 0
1 2 20.218571067381482 0
2 2 21.212187813878153 1
3 2 20.237041856552388 0

0 3 20.011192069853255 0
1 3 20.06471719927297 0
2 3 20.237041856552388 0
3 3 20.07201510827657 0


# 20.0 20.0 1.2121878138781526
0 0 20.00195106229244 0
1 0 20.010495277534776 0
2 0 20.033210802035036 0
3 0 20.011964291354232 0

0 1 20.010495277534776 0
1 1 20.060882747807415 0
2 1 20.224531638903095 0
3 1 20.067681530345222 0

0 2 20.033210802035036 0
1 2 20.224531638903095 0
2 2 21.22508056270293 1
3 2 20.243463424993084 0

0 3 20.011964291354236 0
1 3 20.067681530345222 0
2 3 20.243463424993084 0
3 3 20.075265686578447 0


# 20.0 20.0 1.2250805627029315
0 0 20.002132710710747 0
1 0 20.011209191004955 0
2 0 20.03478840980471 0
3 0 20.012763216147277 0

0 1 20.011209191004955 0
1 1 20.063618155830454 0
2 1 20.230448144139945 0
3 1 20.070679003494085 0

0 2 20.03478840980471 0
1 2 20.230448144139945 0
2 2 21.237650573352383 1
3 2 20.249841104304473 0

0 3 20.01276321614728 0
1 3 20.070679003494085 0
2 3 20.249841104304473 0
3 3 20.07855230836493 0


# 20.0 20.0 1.2376505733523828
0 0 20.00232495370928 0
1 0 20.01194718321488 0
2 0 20.03638919911494 0
3 0 20.013588558797284 0

0 1 20.07194718321488 1
1 1 20.06710197220711 0
2 1 20.23632848219925 0
3 1 20.073707583090947 0

0 2 20.03710919911494 0
1 2 20.23633712219925 0
2 2 21.249911519587556 1
3 2 20.256173834856206 0

0 3 20.01359719879729 0
1 3 20.073707790450946 0
2 3 20.256173837344527 0
3 3 20.0818725973302 0


# 20.0 20.0 1.249911519587556
0 0 20.0032479877729 0
1 0 20.012726271428992 0
2 0 20.03801257250122 0
3 0 20.014440012547688 0

0 1 20.130214911428997 1
1 1 20.071268358988245 0
2 1 20.242179515463704 0
3 1 20.07676538495554 0

0 2 20.04011240354122 0
1 2 20.2422129412045 0
2 2 21.26187664819378 1
3 2 20.262460709358 0

0 3 20.014473541968492 0
1 3 20.076766387098218 0
2 3 20.26246072376752 0
3 3 20.08522424102382 0


# 20.0 20.0 1.2618766481937804
0 0 20.004846354407373 0
1 0 20.013561295459738 0
2 0 20.039658214337823 0
3 0 20.015317255287492 0

0 1 20.186140610552222 1
1 1 20.07605661010897 0
2 1 20.2480071810126 0
3 1 20.079850660535303 0

0 2 20.04374160771719 0
1 2 20.248088015064102 0
2 2 21.273558768630906 1
3 2 20.268700963607245 0

0 3 20.01539859039541 0
1 3 20.079853566790817 0
2 3 20.26870101228663 0
3 3 20.08860499205769 0


# 20.0 20.0 1.273558768630906
0 0 20.00706830852085 0
1 0 20.01446511864604 0
2 0 20.04132604399499 0
3 0 20.016219954551506 0

0 1 20.239845103225193 1
1 1 20.081410757839116 0
2 1 20.253816591095998 0
3 1 20.082961782903876 0

0 2 20.107944440697285 1
1 2 20.254693000748524 0
2 2 21.28497888654948 1
3 2 20.274894071073874 0

0 3 20.017097817231033 0
1 3 20.082985618948797 0
2 3 20.274894403741264 0
3 3 20.092012674041396 0


# 20.0 20.0 1.2849788865494816
0 0 20.009865572076553 0
1 0 20.015448812149835 0
2 0 20.043016174440766 0
3 0 20.017147771675788 0

0 1 20.29216225813709 1
1 1 20.087296489408416 0
2 1 20.25961243472302 0
3 1 20.086097239351584 0

0 2 20.170178211101398 1
1 2 20.261973007184693 0
2 2 21.176156386995782 -1
3 2 20.279599715693436 0

0 3 20.01952026177132 0
1 3 20.086176875025316 0
2 3 20.27960099001688 0
3 3 20.09541062624443 0


# 20.0 20.0 1.2849788865494816
0 0 20.01320174432524 0
1 0 20.016522134937635 0
2 0 20.04472888321029 0
3 0 20.0181003653662 0

0 1 20.343139560633354 1
1 1 20.093681223566556 0
2 1 20.263959002653806 0
3 1 20.08922106430338 0

0 2 20.23052632019021 1
1 2 20.268436792509164 0
2 2 21.072800038430465 -1
3 2 20.28294570838205 0

0 3 20.02261797069014 0
1 3 20.08940531531285 0
2 3 20.282949140196024 0
3 3 20.09876658188257 0


# 20.0 20.0 1.2849788865494816
0 0 20.017042421876383 0
1 0 20.017693635614094 0
2 0 20.046447306159067 0
3 0 20.01907677265857 0

0 1 20.39282269867435 1
1 1 20.10049947038878 0
2 1 20.266996585077802 0
3 1 20.09230200839606 0

0 2 20.289050744284708 1
1 2 20.274172893289727 0
2 2 20.97459040850915 -1
3 2 20.285049896615458 0

0 3 20.026345196460465 0
1 3 20.092651898829065 0
2 3 20.28505738297844 0
3 3 20.162052272289923 1


# 20.0 20.0 1.2849788865494816
0 0 20.021355090700293 0
1 0 20.01897012532528 0
2 0 20.048157041097127 0
3 0 20.020075517436776 0

0 1 20.441255008994514 1
1 1 20.107692231162368 0
2 1 20.268853649264045 0
3 1 20.095313072803222 0

0 2 20.34581189020969 1
1 2 20.279261551556342 0
2 2 20.881228738665683 -1
3 2 20.286740929962715 0

0 3 20.03065833485635 0
1 3 20.095900246310936 0
2 3 20.286755147980543 0
3 3 20.223100343422804 1


# 20.0 20.0 1.2849788865494816
0 0 20.02610900904692 0
1 0 20.020356879437294 0
2 0 20.049845877924707 0
3 0 20.021094706217788 0

0 1 20.48847765618177 1
1 1 20.115206400903848 0
2 1 20.26964780318294 0
3 1 20.098239725017848 0

0 2 20.400868561332015 1
1 2 20.28377544444819 0
2 2 20.792452791116624 -1
3 2 20.288063325218967 0

0 3 20.035515860493238 0
1 3 20.09914499340094 0
2 3 20.288087809300645 0
3 3 20.281982544673816 1


# 20.0 20.0 1.2849788865494816
0 0 20.031275099148658 0
1 0 20.021857819036654 0
2 0 20.05150355499312 0
3 0 20.02213221615408 0

0 1 20.53452979535875 1
1 1 20.12299422400478 0
2 1 20.26948699217175 0
3 1 20.101069846969637 0

0 2 20.454277934959674 1
1 2 20.28778066243646 0
2 2 20.70801608261256 -1
3 2 20.289057487250844 0

0 3 20.040878364655807 0
1 3 20.102381865714815 0
2 3 20.28909668722603 0
3 3 20.33876902315928 1


# 20.0 20.0 1.2849788865494816
0 0 20.036825846952052 0
1 0 20.023475674148514 0
2 0 20.0531215442731 0
3 0 20.023185753067445 0

0 1 20.579448720024683 1
1 1 20.13101280583793 0
2 1 20.268470259903825 0
3 1 20.103793475399577 0

0 2 20.50609555465677 1
1 2 20.291337266345376 0
2 2 20.62768685105587 -1
3 2 20.289760064981685 0

0 3 20.046708472572657 0
1 3 20.105607536468522 0
2 3 20.28981938729074 0
3 3 20.393528291752816 1


# 20.0 20.0 1.2849788865494816
0 0 20.042735209191857 0
1 0 20.02521213054591 0
2 0 20.054692857135837 0
3 0 20.024252901947442 0

0 1 20.623269996619886 1
1 1 20.13922366699869 0
2 1 20.26668844963552 0
3 1 20.10640256643157 0

0 2 20.55637533018764 1
1 2 20.294499798177327 0
2 2 20.55124709460621 -1
3 2 20.29020427768594 0

0 3 20.052970761959916 0
1 3 20.10881949930598 0
2 3 20.29029011165251 0
3 3 20.446327205921776 1


# 20.0 20.0 1.2849788865494816
0 0 20.04897852718694 0
1 0 20.02706796167884 0
2 0 20.056211868895275 0
3 0 20.025331170701257 0

0 1 20.66602758705433 1
1 1 20.147592336541305 0
2 1 20.264224850450706 0
3 1 20.108890782227498 0

0 2 20.60516954408606 1
1 2 20.29731774955929 0
2 2 20.478491677937296 -1
3 2 20.29042021401617 0

0 3 20.059631683050064 0
1 3 20.112015954866273 0
2 3 20.29053994502781 0
3 3 20.49723094841712 1


# 20.0 20.0 1.2849788865494816
0 0 20.05553244679301 0
1 0 20.029043147115082 0
2 0 20.057674160420877 0
3 0 20.02641802786779 0

0 1 20.707753960327093 1
1 1 20.156087980876748 0
2 1 20.261155792846623 0
3 1 20.11125329779071 0

0 2 20.652528863949684 1
1 2 20.299835991312005 0
2 2 20.409227500714735 -1
3 2 20.29043510599056 0

0 3 20.066659480286052 0
1 3 20.115195709761398 0
2 3 20.29059711724336 0
3 3 20.54630302095291 1


# 20.0 20.0 1.2849788865494816
0 0 20.062374843997766 0
1 0 20.031136978759793 0
2 0 20.05907637527689 0
3 0 20.02751093494136 0

0 1 20.748480194259244 1
1 1 20.164683065280798 0
2 1 20.257551197658742 0
3 1 20.11348662614659 0

0 2 20.698502359654086 1
1 2 20.30209516735396 0
2 2 20.343272723739386 -1
3 2 20.290273579989023 0

0 3 20.074024115828742 0
1 3 20.118358086756533 0
2 3 20.290487244296525 0
3 3 20.59360524209003 1


# 20.0 20.0 1.2849788865494816
0 0 20.069484755690073 0
1 0 20.033348156006856 0
2 0 20.060416090978546 0
3 0 20.028607373888974 0

0 1 20.788236068267857 1
1 1 20.173353045218768 0
2 1 20.253475082004122 0
3 1 20.115588460279017 0

0 2 20.74313752476602 1
1 2 20.30413205588674 0
2 2 20.28045604854601 -1
3 2 20.289957886640465 0

0 3 20.08169719499718 0
1 3 20.121502845054923 0
2 3 20.29023354966436 0
3 3 20.63919775061045 1


# 20.0 20.0 1.2849788865494816
0 0 20.076842315176528 0
1 0 20.035674870871055 0
2 0 20.061691703078615 0
3 0 20.029704870389264 0

0 1 20.827050148022543 1
1 1 20.18207608492968 0
2 1 20.248986025629925 0
3 1 20.117557530339216 0

0 2 20.786480301512725 1
1 2 20.305979900564697 0
2 2 20.220616046565794 -1
3 2 20.289508111331752 0

0 3 20.089651893736093 0
1 3 20.124630109690198 0
2 3 20.289857067460854 0
3 3 20.683139013733985 1


# 20.0 20.0 1.2849788865494816
0 0 20.084428692056896 0
1 0 20.038114884055254 0
2 0 20.062902320910208 0
3 0 20.030801013270242 0

0 1 20.864949862747586 1
1 1 20.190832800929023 0
2 1 20.24413760078462 0
3 1 20.11939347476961 0

0 2 20.82857510873377 1
1 2 20.307668714128617 0
2 2 20.163600534255107 -1
3 2 20.28894236692892 0

0 3 20.097862888182682 0
1 3 20.127740309120476 0
2 3 20.289376828912815 0
3 3 20.725485839589663 1


# 20.0 20.0 1.2849788865494816
0 0 20.09222603610448 0
1 0 20.040665592820258 0
2 0 20.06404767391448 0
3 0 20.031893470576723 0

0 1 20.901961575861396 1
1 1 20.19960602828757 0
2 1 20.23897876848168 0
3 1 20.121096724101132 0

0 2 20.869464872305024 1
1 2 20.309225556778063 0
2 2 20.109265990864078 -1
3 2 20.288276970172564 0

0 3 20.106306286385212 0
1 3 20.13083412020233 0
2 3 20.288810033506348 0
3 3 20.76629339340858 1


# 20.0 20.0 1.2849788865494816
0 0 20.100217424828898 0
1 0 20.043324091446177 0
2 0 20.065128027576126 0
3 0 20.03298000265609 0

0 1 20.938110649580274 1
1 1 20.2083806077252 0
2 1 20.23355424379776 0
3 1 20.1226683962884 0

0 2 20.909191057581136 1
1 2 20.310674791369188 0
2 2 20.057477015768754 -1
3 2 20.287526603090907 0

0 3 20.114959562208746 0
1 3 20.133912419798843 0
2 3 20.288172206046795 0
3 3 20.805615216955523 1


# 20.0 20.0 1.2849788865494816
0 0 20.108386814427377 0
1 0 20.046087225002182 0
2 0 20.066144108075402 0
3 0 20.034058472612834 0

0 1 20.973421504054706 1
1 1 20.217143191725075 0
2 1 20.22790483263776 0
3 1 20.124110202544387 0

0 2 20.94779370345432 1
1 2 20.31203831735243 0
2 2 20.00810582252139 -1
3 2 20.286704460665344 0

0 3 20.12380149144827 0
1 3 20.13697624234546 0
2 3 20.287477340774696 0
3 3 20.843503250762407 1


# 20.0 20.0 1.2849788865494816
0 0 20.116718993856672 0
1 0 20.048951637075977 0
2 0 20.067097034844153 0
3 0 20.035126854447434 0

0 1 21.00791767155284 1
1 1 20.2258820680257 0
2 1 20.222067742206374 0
3 1 20.12542436272535 0

0 2 20.98531145767348 1
1 2 20.313335785206306 0
2 2 19.961031766986597 -1
3 2 20.285822385883094 0

0 3 20.13281209015636 0
1 3 20.1400267427606 0
2 3 20.286738033588275 0
3 3 20.880007858768618 1


# 20.0 20.0 1.2849788865494816
0 0 20.125199541781377 0
1 0 20.0519138120546 0
2 0 20.0679882602852 0
3 0 20.036183239163453 0

0 1 21.041621846157387 1
1 1 20.234586998987965 0
2 1 20.21607686724829 0
3 1 20.126613529398423 0

0 2 21.021781613109432 1
1 2 20.31458479297854 0
2 2 19.91614090712762 -1
3 2 20.28489099321954 0

0 3 20.141972555181173 0
1 3 20.143065164145632 0
2 3 20.28596560333807 0
3 3 20.91517785501164 1


# 20.0 20.0 1.2849788865494816
0 0 20.13381478617579 0
1 0 20.054970112493695 0
2 0 20.06881951598009 0
3 0 20.03722583909811 0

0 1 21.074555929398056 1
1 1 20.243249075461964 0
2 1 20.20996305395599 0
3 1 20.127680719798974 0

0 2 21.05724014468953 1
1 2 20.315801066412668 0
2 2 19.87332559218861 -1
3 2 20.28391978150831 0

0 3 20.15126520690067 0
1 3 20.146092809771332 0
2 3 20.28517020308153 0
3 3 20.949060532046296 1


# 20.0 20.0 1.2849788865494816
0 0 20.14255176637616 0
1 0 20.058116812062778 0
2 0 20.069592764770327 0
3 0 20.03825299070541 0

0 1 21.106741072201668 1
1 1 20.251860583895386 0
2 1 20.20375434329394 0
3 1 20.12862925495351 0

0 2 21.09172174675875 1
1 2 20.31699862401623 0
2 2 19.832484079186358 -1
3 2 20.282917237079193 0

0 3 20.160673434130608 0
1 3 20.149111018895677 0
2 3 20.284360922113645 0
3 3 20.981701690802943 1


# 20.0 20.0 1.2849788865494816
0 0 20.151398197397793 0
1 0 20.061350124508902 0
2 0 20.070310158152072 0
3 0 20.039263155997283 0

0 1 21.13819771350582 1
1 1 20.260414885532306 0
2 1 20.197476195349722 0
3 1 20.129462705306576 0

0 2 21.125259870654716 1
1 2 20.318189928314677 0
2 2 19.7935201747797 -1
3 2 20.281890927972537 0

0 3 20.170181641176512 0
1 3 20.152121146001317 0
2 3 20.28354587952388 0
3 3 21.013145671623995 1


# 20.0 20.0 1.2849788865494816
0 0 20.160342436347648 0
1 0 20.06466622903991 0
2 0 20.07097399847433 0
3 0 20.04025492282675 0

0 1 21.168945615848994 1
1 1 20.268906306649395 0
2 1 20.191151696195455 0
3 1 20.130184842247637 0

0 2 21.1578867623113 1
1 2 20.31938602443247 0
2 2 19.756342900727766 -1
3 2 20.280847589972883 0

0 3 20.17977519699391 0
1 3 20.155124543080664 0
2 3 20.282732309969067 0
3 3 21.043435386244834 1


# 20.0 20.0 1.2849788865494816
0 0 20.1693734507778 0
1 0 20.068061292491052 0
2 0 20.071586705476566 0
3 0 20.041227004177678 0

0 1 21.199003898220198 1
1 1 20.277330038866292 0
2 1 20.18480174862589 0
3 1 20.130799594986552 0

0 2 21.189633499729982 1
1 2 20.32059666704857 0
2 2 19.72086618128023 -1
3 2 20.27979320514416 0

0 3 20.189440386415857 0
1 3 20.158122544632477 0
2 3 20.281926642296256 0
3 3 21.072612350509306 1


# 20.0 20.0 1.2849788865494816
0 0 20.178480788838336 0
1 0 20.071531488604602 0
2 0 20.07215078674345 0
3 0 20.04217823660804 0

0 1 21.228391066424166 1
1 1 20.28568204864915 0
2 1 20.17844524803176 0
3 1 20.131311012274523 0

0 2 21.220530030179987 1
1 2 20.32183043668714 0
2 2 19.68700855096469 -1
3 2 20.278733073493086 0

0 3 20.199164363402634 0
1 3 20.161116455066544 0
2 3 20.2811345715983 0
3 3 21.100716717632068 1


# 20.0 20.0 1.2849788865494816
0 0 20.1876545511005 0
1 0 20.075073014721127 0
2 0 20.072668811692555 0
3 0 20.043107577977757 0

0 1 21.257125041193508 1
1 1 20.293958995201592 0
2 1 20.172099244567836 0
3 1 20.131723228511458 0

0 2 21.250605207007826 1
1 2 20.323094846225047 0
2 2 19.654692881348996 -1
3 2 20.277671878336285 0

0 3 20.20893510626503 0
1 3 20.16410753824281 0
2 3 20.28036112523786 0
3 3 21.127787311840205 1


# 20.0 20.0 1.2849788865494816
0 0 20.19688536393186 0
1 0 20.07868210615275 0
2 0 20.073143388745848 0
3 0 20.044014104577645 0

0 1 21.285223184257074 1
1 1 20.30215815600635 0
2 1 20.16577909268393 0
3 1 20.13204043382115 0

0 2 21.279886825954463 1
1 2 20.324396438424877 0
2 2 19.62384612546044 -1
3 2 20.276613745899624 0

0 3 20.218741374809856 0
1 3 20.16709700889828 0
2 3 20.279610723332258 0
3 3 21.15386166224474 1


# 20.0 20.0 1.2852231842570738
0 0 20.20616435431523 0
1 0 20.082355048483144 0
2 0 20.07357714536746 0
3 0 20.04489700776311 0

0 1 21.31270232255359 1
1 1 20.31027735934379 0
2 1 20.159498589003015 0
3 1 20.13226684771265 0

0 2 21.308401660893836 1
1 2 20.32574087523564 0
2 2 19.594399078639984 -1
3 2 20.27556229963501 0

0 3 20.228572669354207 0
1 3 20.170086025739618 0
2 3 20.278887234151796 0
3 3 21.17897603680937 1


# 20.0 20.0 1.3127023225535908
0 0 20.215483126012323 0
1 0 20.086088188015534 0
2 0 20.073972710679406 0
3 0 20.045755590184346 0

0 1 21.33957877076134 1
1 1 20.318314923171474 0
2 1 20.153270099453312 0
3 1 20.13240669597999 0

0 2 21.336175498920507 1
1 2 20.327133019541986 0
2 2 19.566286154698652 -1
3 2 20.274520709700194 0

0 3 20.238419191553376 0
1 3 20.17307568600152 0
2 3 20.278194024847537 0
3 3 21.203165476298807 1


# 20.0 20.0 1.3395787707613387
0 0 20.224833736981203 0
1 0 20.089877940568865 0
2 0 20.07433270039335 0
3 0 20.04658926169419 0

0 1 21.36586835229824 1
1 1 20.32626959980159 0
2 1 20.147104676490038 0
3 1 20.132464190523446 0

0 2 21.36323317472657 1
1 2 20.32857700998671 0
2 2 19.539445176325412 -1
3 2 20.27349173801056 0

0 3 20.248271806986192 0
1 3 20.176067021291303 0
2 3 20.277534007890925 0
3 3 21.22646382810287 1


# 20.0 20.0 1.3658683522982393
0 0 20.234208677964286 0
1 0 20.093720798802885 0
2 0 20.074659703820675 0
3 0 20.04739753500533 0

0 1 21.391586418931624 1
1 1 20.33414052586165 0
2 1 20.14101216717689 0
3 1 20.132443511803775 0

0 2 21.389598604218907 1
1 2 20.330076329439713 0
2 2 19.51381717877201 -1
3 2 20.272477779238258 0

0 3 20.25812200944081 0
1 3 20.179060994558327 0
2 3 20.276909683576704 0
3 3 21.248903779844944 1


# 20.0 20.0 1.3915864189316238
0 0 20.243600852170385 0
1 0 20.097613338235394 0
2 0 20.07495627274522 0
3 0 20.048180021159727 0

0 1 21.41674786912351 1
1 1 20.341927177067994 0
2 1 20.135001312837066 0
3 1 20.132348793666836 0

0 2 21.415294817337763 1
1 2 20.33163386763944 0
2 2 19.48934622591045 -1
3 2 20.271480898103317 0

0 3 20.267961886843693 0
1 3 20.182058498043595 0
2 3 20.276323178912072 0
3 3 21.27051689269471 1


# 20.0 20.0 1.4167478691235083
0 0 20.25300355598056 0
1 0 20.101552222099034 0
2 0 20.07522491196307 0
3 0 20.048936424865534 0

0 1 21.441367165224957 1
1 1 20.349629327382335 0
2 1 20.129079840927957 0
3 1 20.13218411029959 0

0 2 21.440343990046074 1
1 2 20.333251978489336 0
2 2 19.46597923782394 -1
3 2 20.270502863272796 0

0 3 20.277784088774396 0
1 3 20.185060352079873 0
2 3 20.275776283188947 0
3 3 21.291333634315244 1


# 20.0 20.0 1.441367165224957
0 0 20.262410460613147 0
1 0 20.10553420517038 0
2 0 20.075468071312187 0
3 0 20.049666539749715 0

0 1 21.465458349622008 1
1 1 20.3572470121585 0
2 1 20.123254549742548 0
3 1 20.13195346510019 0

0 2 21.46476747546677 1
1 2 20.334932532452196 0
2 2 19.44366582915227 -1
3 2 20.26954517815815 0

0 3 20.287581795509077 0
1 3 20.18806730462632 0
2 3 20.275270480512138 0
3 3 21.31138341138394 1


# 20.0 20.0 1.4654583496220077
0 0 20.271815594688583 0
1 0 20.109556136691133 0
2 0 20.075688139031275 0
3 0 20.050370243568302 0

0 1 21.489035059925648 1
1 1 20.36478049492063 0
2 1 20.117531386493358 0
3 1 20.131660781264618 0

0 2 21.488585834151806 1
1 2 20.336676964448703 0
2 2 19.42235815746831 -1
3 2 20.26860910887691 0

0 3 20.297348688536086 0
1 3 20.191080031433977 0
2 3 20.274806979534063 0
3 3 21.33069460163505 1


# 20.0 20.0 1.4890350599256479
0 0 20.281213327639197 0
1 0 20.113614962489198 0
2 0 20.075887436302573 0
3 0 20.05104749341065 0

0 1 21.51211054328931 1
1 1 20.372230237445088 0
2 1 20.111915519291443 0
3 1 20.13130989391045 0

0 2 21.51181886347272 1
1 2 20.338486317633006 0
2 2 19.402010781013857 -1
3 2 20.267695709622792 0

0 3 20.30707892248767 0
1 3 20.194099136749607 0
2 3 20.274386740626415 0
3 3 21.349294585379177 1


# 20.0 20.0 1.5121105432893103
0 0 20.290598353913527 0
1 0 20.117707726396585 0
2 0 20.076068212847048 0
3 0 20.051698320928956 0

0 1 21.534697669929134 1
1 1 20.379596872846726 0
2 1 20.10641140349287 0
3 1 20.130904543574747 0

0 2 21.534485626127463 1
1 2 20.340361283387473 0
2 2 19.382580525170745 -1
3 2 20.26680584566813 0

0 3 20.31676709843264 0
1 3 20.197125154475483 0
2 3 20.27401050070041 0
3 3 21.367209776461948 1


# 20.0 20.0 1.534697669929134
0 0 20.299965677928547 0
1 0 20.121831571051395 0
2 0 20.07623264345315 0
3 0 20.05232282761985 0

0 1 21.556808945914945 1
1 1 20.386881181396245 0
2 1 20.10102284284835 0
3 1 20.130448370938243 0

0 2 21.55660447776293 1
1 2 20.34230223785054 0
2 2 19.364026357087358 -1
3 2 20.26594021420392 0

0 3 20.326408238475924 0
1 3 20.200158549711833 0
2 3 20.273678795870126 0
3 3 21.384465652630205 1


# 20.0 20.0 1.5568089459149448
0 0 20.309310599726714 0
1 0 20.125983738162148 0
2 0 20.07638282533168 0
3 0 20.052921180180775 0

0 1 21.57845652529315 1
1 1 20.394084068819076 0
2 1 20.095753045857748 0
3 1 20.129944912641747 0

0 2 21.578193093716322 1
1 2 20.34430927526573 0
2 2 19.346309267921534 -1
3 2 20.265099363205675 0

0 3 20.335997761611928 0
1 3 20.20319972061691 0
2 3 20.273391982137603 0
3 3 21.401086785279638 1


# 20.0 20.0 1.5784565252931486
0 0 20.318628701298017 0
1 0 20.13016156830472 0
2 0 20.07652077619987 0
3 0 20.053493605960366 0

0 1 21.599652221596838 1
1 1 20.401206546848062 0
2 1 20.09060467769991 0
3 1 20.129397598073187 0

0 2 21.59926849488193 1
1 2 20.346382238416197 0
2 2 19.32939216219881 -1
3 2 20.264283708497654 0

0 3 20.345531460779885 0
1 3 20.206249000527006 0
2 3 20.27315025426389 0
3 3 21.41709686856271 1


# 20.0 20.0 1.5996522215968376
0 0 20.327915833530106 0
1 0 20.13436250031486 0
2 0 20.07664843300718 0
3 0 20.054040388518757 0

0 1 21.62040751879289 1
1 1 20.40824971582204 0
2 1 20.08557990807953 0
3 1 20.128809747015264 0

0 2 21.619847072712755 1
1 2 20.348520746387347 0
2 2 19.31323975382001 -1
3 2 20.26349354917353 0

0 3 20.355005481070688 0
1 3 20.209306660285534 0
2 3 20.272953662976825 0
3 3 21.432518747840255 1


# 20.0 20.0 1.6204075187928915
0 0 20.337168103752315 0
1 0 20.138584070332616 0
2 0 20.07676765122405 0
3 0 20.054561863310955 0

0 1 21.640733581711036 1
1 1 20.41521474914071 0
2 1 20.080680455306112 0
3 1 20.12818456805411 0

0 2 21.639944613368847 1
1 2 20.350724219880135 0
2 2 19.29781846828469 -1
3 2 20.26272908151839 0

0 3 20.364416299035994 0
1 3 20.212372910736256 0
2 3 20.27280213065413 0
3 3 21.447374447464078 1


# 20.0 20.0 1.6407335817110358
0 0 20.346381863841756 0
1 0 20.142823910549126 0
2 0 20.076880204622633 0
3 0 20.055058413503883 0

0 1 21.660641265995388 1
1 1 20.422102879402726 0
2 1 20.075907626895788 0
3 1 20.127525157658855 0

0 2 21.659576321026293 1
1 2 20.35299190427929 0
2 2 19.283096350727195 -1
3 2 20.26199041156482 0

0 3 20.37376070305185 0
1 3 20.215447905341158 0
2 3 20.272695465609047 0
3 3 21.461685197881458 1


# 20.0 20.0 1.6606412659953875
0 0 20.355553698861986 0
1 0 20.14707974770071 0
2 0 20.076987785485688 0
3 0 20.055530465935476 0

0 1 21.680141127615073 1
1 1 20.428915386069285 0
2 1 20.07126235696408 0
3 1 20.126834499850755 0

0 2 21.678756840362542 1
1 2 20.355322890663885 0
2 2 19.269042979389912 -1
3 2 20.261277566404562 0

0 3 20.383035774690427 0
1 3 20.218531742888388 0
2 3 20.272633375095385 0
3 3 21.475471462055726 1


# 20.0 20.0 1.680141127615073
0 0 20.364680416206742 0
1 0 20.151349401350423 0
2 0 20.077092005186287 0
3 0 20.055978487222244 0

0 1 21.699243431966902 1
1 1 20.435653584509303 0
2 1 20.06674524065704 0
3 1 20.12611546638843 0

0 2 21.69750027823517 1
1 2 20.357716134932293 0
2 2 19.255629384184267 -1
3 2 20.260590504367112 0

0 3 20.392238871055053 0
1 3 20.221624470260068 0
2 3 20.27261547713938 0
3 3 21.488752961199797 1


# 20.0 20.0 1.6992434319669023
0 0 20.373759035223106 0
1 0 20.15563078199273 0
2 0 20.077194395086927 0
3 0 20.056402980019946 0

0 1 21.717958162599903 1
1 1 20.44231881629504 0
2 1 20.062356565848958 0
3 1 20.12537081740295 0

0 2 21.71582022457234 1
1 2 20.360170475199283 0
2 2 19.24282797001408 -1
3 2 20.259929124167094 0

0 3 20.40136760803506 0
1 3 20.22472608523363 0
2 3 20.272641311296894 0
3 3 21.501548699822173 1


# 20.0 20.0 1.7179581625999027
0 0 20.382786777290185 0
1 0 20.159921889013102 0
2 0 20.07729640771186 0
3 0 20.056804479440608 0

0 1 21.736295029588597 1
1 1 20.448912440628675 0
2 1 20.0580963423173 0
3 1 20.124603202423124 0

0 2 21.733729772494176 1
1 2 20.362684647610163 0
2 2 19.2306124445581 -1
3 2 20.259293273113716 0

0 3 20.410419844438533 0
1 3 20.227836539293964 0
2 3 20.272710348426514 0
3 3 21.51387699008706 1


# 20.0 20.0 1.7362950295885966
0 0 20.39176105633096 0
1 0 20.164220808530608 0
2 0 20.077399418151423 0
3 0 20.05718354962764 0

0 1 21.75426347757932 1
1 1 20.455435826790946 0
2 1 20.053964328589153 0
3 1 20.12381516173732 0

0 2 21.751241537684958 1
1 2 20.365257300704812 0
2 2 19.218957750229322 -1
3 2 20.258682754467586 0

0 3 20.419393666962492 0
1 3 20.230955740436745 0
2 3 20.27282199956164 0
3 3 21.525755475492275 1


# 20.0 20.0 1.7542634775793218
0 0 20.400679469736364 0
1 0 20.16852571114847 0
2 0 20.077504725661445 0
3 0 20.05754078048983 0

0 1 21.771872693531538 1
1 1 20.461890347512668 0
2 1 20.04996005663856 0
3 1 20.123009128043503 0

0 2 21.768367677036576 1
1 2 20.367887008453565 0
2 2 19.20784000004777 -1
3 2 20.25809733402295 0

0 3 20.42828737596152 0
1 3 20.23408355594612 0
2 3 20.272975623957883 0
3 3 21.537201153870324 1


# 20.0 20.0 1.771872693531538
0 0 20.409539789682015 0
1 0 20.172834849634505 0
2 0 20.07761355542482 0
3 0 20.057876784593816 0

0 1 21.78913161417399 1
1 1 20.468277373178868 0
2 1 20.04608285460025 0
3 1 20.12218742834428 0

0 2 21.785119906584107 1
1 2 20.370572282076875 0
2 2 19.197236417181372 -1
3 2 20.257536745986737 0

0 3 20.43709947197727 0
1 3 20.23721981513253 0
2 3 20.273170536385862 0
3 3 21.548230399719465 1


# 20.0 20.0 1.7891316141739892
0 0 20.418339954819164 0
1 0 20.17714655655093 0
2 0 20.077727060445916 0
3 0 20.05819219421392 0

0 1 21.80604893319367 1
1 1 20.474598266783342 0
2 1 20.042331867652496 0
3 1 20.121352286048058 0

0 2 21.80150951875455 1
1 2 20.373311580751405 0
2 2 19.187125277925986 -1
3 2 20.257000698219617 0

0 3 20.445828642992733 0
1 3 20.240364312018524 0
2 3 20.273406013733624 0
3 3 21.558858985873 1


# 20.0 20.0 1.8060489331936687
0 0 20.427078062322607 0
1 0 20.181459241850412 0
2 0 20.07784632355179 0
3 0 20.058487658537416 0

0 1 21.82263310817386 1
1 1 20.48085437955888 0
2 1 20.038706077210193 0
3 1 20.120505823241647 0

0 2 21.817547398949873 1
1 2 20.376103321296778 0
2 2 19.177485857911062 -1
3 2 20.2564888768987 0

0 3 20.454473752376614 0
1 3 20.24351680796263 0
2 3 20.27368130097777 0
3 3 21.56910210451609 1


# 20.0 20.0 1.8226331081738607
0 0 20.435752360279285 0
1 0 20.185771390453375 0
2 0 20.077972359477027 0
3 0 20.058763841022692 0

0 1 21.838892367296015 1
1 1 20.487047047215132 0
2 1 20.035204318558243 0
3 1 20.119650063103254 0

0 2 21.83324404148561 1
1 2 20.378945886929426 0
2 2 19.168298381331702 -1
3 2 20.256000950656368 0

0 3 20.463033827484434 0
1 3 20.2466770342129 0
2 3 20.273995616577434 0
3 3 21.57897438756032 1


# 20.0 20.0 1.8388923672960154
0 0 20.444361240402223 0
1 0 20.190081559819465 0
2 0 20.078106117011796 0
3 0 20.059021416907257 0

0 1 21.854834715818818 1
1 1 20.493177586722318 0
2 1 20.031825297045476 0
3 1 20.118786932428225 0

0 2 21.848609564906006 1
1 2 20.38183763516289 0
2 2 19.159543973021087 -1
3 2 20.255536574244918 0

0 3 20.47150804888442 0
1 3 20.249844694383455 0
2 3 20.27434815734076 0
3 3 21.588489926387176 1


# 20.0 20.0 1.8548347158188179
0 0 20.4529032310554 0
1 0 20.194388377524522 0
2 0 20.07824848119503 0
3 0 20.059261070862075 0

0 1 21.870467942346632 1
1 1 20.499247293584602 0
2 1 20.02856760295004 0
3 1 20.117918264242924 0

0 2 21.863653726696683 1
1 2 20.3847769049273 0
2 2 19.15120461318963 -1
3 2 20.255095391772468 0

0 3 20.479895740177543 0
1 3 20.2530194668487 0
2 3 20.274738102809554 0
3 3 21.59766229097222 1


# 20.0 20.0 1.8704679423466324
0 0 20.46137699057586 0
1 0 20.19869053885276 0
2 0 20.078400275536815 0
3 0 20.059483494788395 0

0 1 21.88579962489836 1
1 1 20.505257439552082 0
2 1 20.025429725118695 0
3 1 20.117045800484878 0

0 2 21.87838593741546 1
1 2 20.38776202297486 0
2 2 19.143263094668637 -1
3 2 20.254677039551535 0

0 3 20.48819635838232 0
1 3 20.256201007051054 0
2 3 20.275164619203856 0
3 3 21.606504548402285 1


# 20.0 20.0 1.885799624898361
0 0 20.469781300880143 0
1 0 20.20298680441257 0
2 0 20.078562264256103 0
3 0 20.059689385752904 0

0 1 21.9008371367868 1
1 1 20.511209270725097 0
2 1 20.022410063474613 0
3 1 20.116171194729862 0

0 2 21.892815274261736 1
1 2 20.390791309632547 0
2 2 19.135702982506892 -1
3 2 20.25428114859804 0

0 3 20.49640948485631 0
1 3 20.259388949719224 0
2 3 20.275626862964835 0
3 3 21.615029280798556 1


# 20.0 20.0 1.9008371367868016
0 0 20.47811506134285 0
1 0 20.20727599778313 0
2 0 20.078735154521475 0
3 0 20.059879444056815 0

0 1 21.91558765231771 1
1 1 20.51710400600879 0
2 1 20.019506940481037 0
3 1 20.11529601494884 0

0 2 21.90695049410442 1
1 2 20.39386308395826 0
2 2 19.128508575778586 -1
3 2 20.253907346815232 0

0 3 20.504534816727368 0
1 3 20.262582910994823 0
2 3 20.276123983931175 0
3 3 21.623248602658766 1


# 20.0 20.0 1.9155876523177113
0 0 20.48637728293572 0
1 0 20.211557003197832 0
2 0 20.0789195986844 0
3 0 20.06005437143437 0

0 1 21.930058152316956 1
1 1 20.522942835879817 0
2 1 20.016718611641448 0
3 1 20.11442174627968 0

0 2 21.920800045988067 1
1 2 20.396975668351956 0
2 2 19.12166487147009 -1
3 2 20.253555260893894 0

0 3 20.51257215880898 0
1 3 20.265782490466144 0
2 3 20.276655128181204 0
3 3 21.63117417763195 1


# 20.0 20.0 1.9300581523169562
0 0 20.49456708261621 0
1 0 20.215828763269688 0
2 0 20.079116196495804 0
3 0 20.060214869376036 0

0 1 21.944255429493452 1
1 1 20.528726921430664 0
2 1 20.014043275110772 0
3 1 20.113549793800505 0

0 2 21.93437208313642 1
1 2 20.400127392669102 0
2 2 19.115157530321788 -1
3 2 20.253224517957403 0

0 3 20.520521415975086 0
1 3 20.268987273108472 0
2 3 20.27721944057034 0
3 3 21.638817234739534 1


# 20.0 20.0 1.9442554294934524
0 0 20.502683677955186 0
1 0 20.220090276762942 0
2 0 20.079325497297976 0
3 0 20.06036163757168 0

0 1 21.958186093644994 1
1 1 20.534457393660247 0
2 1 20.01147908048642 0
3 1 20.11268148529307 0

0 2 21.947674474472162 1
1 2 20.403316597879737 0
2 2 19.10897284450907 -1
3 2 20.25291474697769 0

0 3 20.52838258597095 0
1 3 20.27219683113097 0
2 3 20.27781606699094 0
3 3 21.646188584056535 1


# 20.0 20.0 1.9581860936449935
0 0 20.510726381993695 0
1 0 20.224340596414322 0
2 0 20.07954800218513 0
3 0 20.06049537246884 0

0 1 21.971856576713417 1
1 1 20.54013535298248 0
2 1 20.009024136842708 0
3 1 20.111818073986232 0

0 2 21.9607148156711 1
1 2 20.406541639313033 0
2 2 19.103097707054125 -1
3 2 20.25262557998579 0

0 3 20.53615575263762 0
1 3 20.27541072573077 0
2 3 20.278444156379418 0
3 3 21.653298631866882 1


# 20.0 20.0 1.9718565767134173
0 0 20.518694598319456 0
1 0 20.228578826806764 0
2 0 20.079784166126775 0
3 0 20.06061676594132 0

0 1 21.98527313769513 1
1 1 20.545761868927215 0
2 1 20.00667652006739 0
3 1 20.110960741270745 0

0 2 21.973500439768664 1
1 2 20.409800889523776 0
2 2 19.097519582867005 -1
3 2 20.252356653098442 0

0 3 20.543841079528658 0
1 3 20.278628508755258 0
2 3 20.279102862493353 0
3 3 21.660157395306776 1


# 20.0 20.0 1.9852731376951311
0 0 20.526587816353977 0
1 0 20.232804122297775 0
2 0 20.08003440004913 0
3 0 20.06072650406327 0

0 1 21.998441867412534 1
1 1 20.551337980010327 0
2 1 20.004434279554523 0
3 1 20.11011059937797 0

0 2 21.98603842733596 1
1 2 20.413092740814257 0
2 2 19.092226481320914 -1
3 2 20.252107607380374 0

0 3 20.55143880389872 0
1 3 20.281849724274014 0
2 3 20.279791345479453 0
3 3 21.66677451651005 1


# 20.0 20.0 1.9984418674125344
0 0 20.53440560684176 0
1 0 20.237015685004085 0
2 0 20.080299072870528 0
3 0 20.060825265983972 0

0 1 22.011368693151464 1
1 1 20.556864693752125 0
2 1 20.002295444303765 0
3 1 20.109268694016112 0

0 2 21.998335616242223 1
1 2 20.416415607442243 0
2 2 19.08720693027278 -1
3 2 20.251878089559984 0

0 3 20.55894923104456 0
1 3 20.2850739100621 0
2 3 20.280508773251455 0
3 3 21.673159276269423 1


# 20.0 20.0 2.0113686931514643
0 0 20.54214761753332 0
1 0 20.241212762843784 0
2 0 20.080578513487545 0
3 0 20.060913722898594 0

0 1 22.024059383169433 1
1 1 20.562342986825133 0
2 1 20.000258028472402 0
3 1 20.10843600695861 0

0 2 21.890398611019926 -1
1 2 20.418327927543174 0
2 2 19.082432671445613 -1
3 2 20.25166754525455 0

0 3 20.56493272897994 0
1 3 20.288266038996785 0
2 3 20.281253700615437 0
3 3 21.679320597274163 1


# 20.0 20.0 2.0240593831694333
0 0 20.54981356905428 0
1 0 20.245394647636747 0
2 0 20.080873012709162 0
3 0 20.06099253711026 0

0 1 22.03507955107911 1
1 1 20.567739245314304 0
2 1 19.99831941434286 0
3 1 20.10761344862684 0

0 2 21.787221951848316 -1
1 2 20.41895610591236 0
2 2 19.077878264409726 -1
3 2 20.251475256077587 0

0 3 20.569501006626805 0
1 3 20.291395395116776 0
2 3 20.282024176271197 0
3 3 21.68526704896048 1


# 20.0 20.0 2.035079551079111
0 0 20.557385970952915 0
1 0 20.24956005118372 0
2 0 20.081182810207018 0
3 0 20.061062360880296 0

0 1 22.044554375951176 1
1 1 20.573024440907897 0
2 1 19.99647647002422 0
3 1 20.106801852828298 0

0 2 21.688554767732573 -1
1 2 20.358416447246572 -1
2 2 19.072800815913496 -1
3 2 20.251291731934757 0

0 3 20.57275837234243 0
1 3 20.293715176472194 0
2 3 20.28280055736396 0
3 3 21.691006542669488 1


# 20.0 20.0 2.0445543759511757
0 0 20.564849449124228 0
1 0 20.253707209436875 0
2 0 20.08150808466242 0
3 0 20.061123835138496 0

0 1 22.052600236054403 1
1 1 20.577453672097462 0
2 1 19.99470837256908 0
3 1 20.106001662285216 0

0 2 21.593440768155524 -1
1 2 20.299661382970402 -1
2 2 19.127247921287708 0
3 2 20.251828552708407 0

0 3 20.574784942273634 0
1 3 20.29526610165166 0
2 3 20.28428518074198 0
3 3 21.69656367193479 1


# 20.0 20.0 2.0526002360544027
0 0 20.572190558301653 0
1 0 20.257825334421266 0
2 0 20.081848635612143 0
3 0 20.061177580648277 0

0 1 22.059308046122773 1
1 1 20.581073933469785 0
2 1 19.993716436517623 0
3 1 20.105230263307728 0

0 2 21.501721308349396 -1
1 2 20.243341347764925 -1
2 2 19.178418079278693 0
3 2 20.25301429766891 0

0 3 20.575656533271797 0
1 3 20.296104322123632 0
2 3 20.28639823603086 0
3 3 21.701960330149536 1


# 20.0 20.0 2.059308046122773
0 0 20.579397298769322 0
1 0 20.261904508789787 0
2 0 20.082212575227903 0
3 0 20.061224501807366 0

0 1 22.06476341867268 1
1 1 20.583947093204177 0
2 1 19.993415743697 0
3 1 20.104502446766883 0

0 2 21.413254148995232 -1
1 2 20.18932164679543 -1
2 2 19.226519810563623 0
3 2 20.254783488216574 0

0 3 20.57544519972744 0
1 3 20.296281921585084 0
2 3 20.28906665486514 0
3 3 21.707215959981134 1


# 20.0 20.0 2.0647634186726798
0 0 20.586459011143177 0
1 0 20.265935943575517 0
2 0 20.08260656133729 0
3 0 20.06126572783955 0

0 1 22.069047278128537 1
1 1 20.586130280076734 0
2 1 19.99372889718448 0
3 1 20.10383068136156 0

0 2 21.327903244233248 -1
1 2 20.137476230826756 -1
2 2 19.271747522909685 0
3 2 20.257076111682508 0

0 3 20.574219394527073 0
1 3 20.29584722824114 0
2 3 20.29222358389439 0
3 3 21.712347781768734 1


# 20.0 20.0 2.0690472781285365
0 0 20.59336628540247 0
1 0 20.269911871467144 0
2 0 20.083035963719016 0
3 0 20.061302561378294 0

0 1 22.07223609016369 1
1 1 20.587676263708754 0
2 1 19.99458539530001 0
3 1 20.103225361564707 0

0 2 21.24553848856166 -1
1 2 20.087687085788126 -1
2 2 19.31428250793 0
3 2 20.259837182807004 0

0 3 20.572044124925732 0
1 3 20.294845102190312 0
2 3 20.295807898073495 0
3 3 21.717371002595627 1


# 20.0 20.0 2.0722360901636883
0 0 20.600110874667553 0
1 0 20.27382545009067 0
2 0 20.083505014124047 0
3 0 20.061336433676942 0

0 1 22.074402081900068 1
1 1 20.58863380320768 0
2 1 19.99592105656753 0
3 1 20.102695032455607 0

0 2 21.16603547155344 -1
1 2 20.039843668288874 -1
2 2 19.354293865218203 0
3 2 20.263016339932342 0

0 3 20.56898110331333 0
1 3 20.293317199934428 0
2 3 20.239763751167388 -1
3 3 21.72157900759538 1


# 20.0 20.0 2.074402081900068
0 0 20.60668561356341 0
1 0 20.2776706743576 0
2 0 20.08401694150606 0
3 0 20.06136886575211 0

0 1 22.07561345312016 1
1 1 20.589047966881722 0
2 1 19.997677491525025 0
3 1 20.102246593458986 0

0 2 21.089275240444863 -1
1 2 19.993842383480757 -1
2 2 19.391219359280996 0
3 2 20.266550193179206 0

0 3 20.565088892878602 0
1 3 20.290582217867502 0
2 3 20.186534240635282 -1
3 3 21.72503917652772 1


# 20.0 20.0 2.075613453120159
0 0 20.61308434100486 0
1 0 20.281442297027294 0
2 0 20.08457409381446 0
3 0 20.061401434832316 0

0 1 22.075934578669088 1
1 1 20.588960425479826 0
2 1 19.999792977596236 0
3 1 20.101885171801 0

0 2 21.01514407060652 -1
1 2 19.9495688219525 -1
2 2 19.425270184835867 0
3 2 20.270381419463654 0

0 3 20.56041440819666 0
1 3 20.28673597436648 0
2 3 20.135944346557363 -1
3 3 21.727813675364974 1


# 20.0 20.0 2.075934578669088
0 0 20.61930182723704 0
1 0 20.285135756710524 0
2 0 20.085177943903922 0
3 0 20.06143574056681 0

0 1 22.075426202244866 1
1 1 20.588409410158842 0
2 1 20.002211827200014 0
3 1 20.101614342432125 0

0 2 20.943532932829775 -1
1 2 19.906916900525072 -1
2 2 19.456642669888698 0
3 2 20.27445824809841 0

0 3 20.555002716387936 0
1 3 20.28186743100473 0
2 3 20.087830569317056 -1
3 3 21.72995984886082 1


# 20.0 20.0 2.075934578669088
0 0 20.62533370496397 0
1 0 20.288747107637004 0
2 0 20.085829206364803 0
3 0 20.061473376491968 0

0 1 22.074145614326014 1
1 1 20.587430015867476 0
2 1 20.00488385430905 0
3 1 20.10143632579677 0

0 2 20.874337332425792 -1
1 2 19.86578821869011 -1
2 2 19.485519352419015 0
3 2 20.278733988003193 0

0 3 20.548897075759136 0
1 3 20.276059189267727 0
2 3 20.04204014609231 -1
3 3 21.731530583910974 1


# 20.0 20.0 2.075934578669088
0 0 20.631176404248823 0
1 0 20.292272956634022 0
2 0 20.086527941946702 0
3 0 20.06151590615118 0

0 1 22.072146823554828 1
1 1 20.586054477344092 0
2 1 20.007763886472294 0
3 1 20.101352165480826 0

0 2 20.80745714987996 -1
1 2 19.826091466219914 -1
2 2 19.512069977344353 0
3 2 20.283166593227893 0

0 3 20.54213897710158 0
1 3 20.269387950391447 0
2 3 19.998430322096198 -1
3 3 21.732574645874067 1


# 20.0 20.0 2.075934578669088
0 0 20.63682709105813 0
1 0 20.29571040657958 0
2 0 20.087273650775376 0
3 0 20.06156484332481 0

0 1 22.06948072158491 1
1 1 20.584312420201854 0
2 1 20.010811318487253 0
3 1 20.10136188759111 0

0 2 20.742796483563875 -1
1 2 19.787741877819375 -1
2 2 19.536452419771393 0
3 2 20.28771826375116 0

0 3 20.534768187133388 0
1 3 20.261924941119595 0
2 3 19.956867672649338 -1
3 3 21.733136989859407 1


# 20.0 20.0 2.075934578669088
0 0 20.64228360931801 0
1 0 20.299057005666782 0
2 0 20.088065355452557 0
3 0 20.06162163588164 0

0 1 22.06619524143535 1
1 1 20.58223108935307 0
2 1 20.01398970422588 0
3 1 20.10146464355859 0

0 2 20.68026349493085 -1
1 2 19.750660731026144 -1
2 2 19.5588135400822 0
3 2 20.292355078755612 0

0 3 20.52682279362919 0
1 3 20.253736307960228 0
2 3 19.917227472452886 -1
3 3 21.73325904883897 1


# 20.0 20.0 2.075934578669088
0 0 20.64754442634779 0
1 0 20.302310701882618 0
2 0 20.08890167502743 0
3 0 20.06168765281293 0

0 1 22.062335509422645 1
1 1 20.579835556822808 0
2 1 20.01726638340893 0
3 1 20.101658837908857 0

0 2 20.619770256552687 -1
1 2 19.714774883873904 -1
2 2 19.57928997598015 0
3 2 20.297046659800614 0

0 3 20.518339251832693 0
1 3 20.24488348232381 0
2 3 19.87939310869558 -1
3 3 21.732979000302723 1


# 20.0 20.0 2.075934578669088
0 0 20.65260858153493 0
1 0 20.30546980216417 0
2 0 20.08978089073691 0
3 0 20.061764174055416 0

0 1 22.057943990765818 1
1 1 20.577148910817865 0
2 1 20.02061214039063 0
3 1 20.101942242407645 0

0 2 20.561232603295142 -1
1 2 19.68001634911696 -1
2 2 19.598008876229148 0
3 2 20.301765861516262 0

0 3 20.50935243179414 0
1 3 20.23542351874149 0
2 3 19.84325553487365 -1
3 3 21.732332013048506 1


# 20.0 20.0 2.075934578669088
0 0 20.657475638114832 0
1 0 20.30853293574931 0
2 0 20.090701004328306 0
3 0 20.061852382750253 0

0 1 22.053060628980386 1
1 1 20.574192427749455 0
2 1 20.024000892260453 0
3 1 20.102312097864846 0

0 2 20.504569986875445 -1
1 2 19.646321902074494 -1
2 2 19.615088580458846 0
3 2 20.306488487629046 0

0 3 20.499895666316956 0
1 3 20.22540940819353 0
2 3 19.808712762429366 -1
3 3 21.73135047557946 1


# 20.0 20.0 2.075934578669088
0 0 20.662145637919455 0
1 0 20.311499021287805 0
2 0 20.0916597897021 0
3 0 20.06195335962205 0

0 1 22.047722979193743 1
1 1 20.57098572875528 0
2 1 20.027409403793325 0
3 1 20.102765204767056 0

0 2 20.4497053339977 -1
1 2 19.61363271939178 -1
2 2 19.63063924907574 0
3 2 20.311193030301695 0

0 3 20.49000079923584 0
1 3 20.214890368422086 0
2 3 19.77566938752426 -1
3 3 21.730064207472513 1


# 20.0 20.0 2.075934578669088
0 0 20.666619058960134 0
1 0 20.314367237322728 0
2 0 20.092654838543467 0
3 0 20.06206807919538 0

0 1 22.041966335528162 1
1 1 20.56754692212746 0
2 1 20.03081702698541 0
3 1 20.10329800380463 0

0 2 20.396564908219666 -1
1 2 19.581894046235114 -1
2 2 19.644763447012664 0
3 2 20.315860430928502 0

0 3 20.47969823378305 0
1 3 20.203912112958868 0
2 3 19.74403615045757 -1
3 3 21.728500654980134 1


# 20.0 20.0 2.075934578669088
0 0 20.67089677571178 0
1 0 20.317136995791767 0
2 0 20.093683600548314 0
3 0 20.06219740759658 0

0 1 22.035823852708685 1
1 1 20.563892732925993 0
2 1 20.03420546310161 0
3 1 20.103906647264353 0

0 2 20.34507817566716 -1
1 2 19.551054889638603 -1
2 2 19.657556684765574 0
3 2 20.320473860673626 0

0 3 20.46901698083037 0
1 3 20.192517100465714 0
2 3 19.71372952542089 -1
3 3 21.726685072033984 1


# 20.0 20.0 2.075934578669088
0 0 20.67498002196816 0
1 0 20.319807918233824 0
2 0 20.09474341879247 0
3 0 20.062342101715785 0

0 1 22.029326662061656 1
1 1 20.560038620941974 0
2 1 20.037558545333905 0
3 1 20.10458706217193 0

0 2 20.295177674679508 -1
1 2 19.521067735906183 -1
2 2 19.669107919904842 0
3 2 20.325018519174662 0

0 3 20.45798470682222 0
1 3 20.180744765863945 0
2 3 19.684671338446847 -1
3 3 21.72464068773222 1


# 20.0 20.0 2.075934578669088
0 0 20.678870356140852 0
1 0 20.322379814418507 0
2 0 20.095831560740802 0
3 0 20.06250280952897 0

0 1 22.022503982076216 1
1 1 20.555998888069578 0
2 1 20.040862040328523 0
3 1 20.105335005989094 0

0 2 20.246798889440623 -1
1 2 19.491888290142033 -1
2 2 19.679500022006515 0
3 2 20.32948144995806 0

0 3 20.446627781240274 0
1 3 20.16863173461561 0
2 3 19.65678841156433 -1
3 3 21.722388861312126 1


# 20.0 20.0 2.075934578669088
0 0 20.68256962887772 0
1 0 20.324852663145187 0
2 0 20.09694524534572 0
3 0 20.062680071401942 0

0 1 22.01538322370567 1
1 1 20.551786776050093 0
2 1 20.04410346698545 0
3 1 20.106146115597696 0

0 2 20.19988012762517 -1
1 2 19.463475236138784 -1
2 2 19.68881020372596 0
3 2 20.33385137122745 0

0 3 20.434971323462513 0
1 3 20.15621202141574 0
2 3 19.630012231316076 -1
3 3 21.719949225535412 1


