# 20.0 20.0 0.0
0 0 20.0 0
1 0 20.0 0
2 0 20.0 0
3 0 20.0 0

0 1 20.0 0
1 1 20.0 0
2 1 20.0 0
3 1 20.0 0

0 2 20.0 0
1 2 20.0 0
2 2 20.0 0
3 2 20.0 0

0 3 20.0 0
1 3 20.0 0
2 3 20.0 0
3 3 20.0 0


# 20.0 20.0 0.0
0 0 20.0 0
1 0 20.0 0
2 0 20.0 0
3 0 20.0 0

0 1 20.0 0
1 1 20.0 0
2 1 20.0 0
3 1 20.0 0

0 2 20.0 0
1 2 20.0 0
2 2 20.0 0
3 2 20.0 0

0 3 20.0 0
1 3 20.0 0
2 3 20.0 0
3 3 20.0 0


# 20.0 20.0 0.0
0 0 20.0 0
1 0 20.0 0
2 0 20.0 0
3 0 20.0 0

0 1 20.0 0
1 1 20.0 0
2 1 20.0 0
3 1 20.0 0

0 2 20.0 0
1 2 20.0 0
2 2 20.0 0
3 2 20.0 0

0 3 20.0 0
1 3 20.0 0
2 3 20.0 0
3 3 20.0 0


# 20.0 20.0 0.0
0 0 20.0 0
1 0 20.0 0
2 0 20.0 0
3 0 20.0 0

0 1 20.0 0
1 1 20.0 0
2 1 20.0 0
3 1 20.0 0

0 2 20.0 0
1 2 20.0 0
2 2 20.0 0
3 2 20.0 0

0 3 20.0 0
1 3 20.0 0
2 3 20.0 0
3 3 20.0 0


# 20.0 20.0 0.0
0 0 20.0 0
1 0 20.0 0
2 0 20.0 0
3 0 20.0 0

0 1 20.0 0
1 1 20.0 0
2 1 20.0 0
3 1 20.0 0

0 2 20.0 0
1 2 20.0 0
2 2 20.0 0
3 2 20.0 0

0 3 20.0 0
1 3 20.0 0
2 3 20.0 0
3 3 20.0 0


# 20.0 20.0 0.0
0 0 20.0 0
1 0 20.0 0
2 0 20.0 0
3 0 20.0 0

0 1 20.0 0
1 1 20.0 0
2 1 20.0 0
3 1 20.0 0

0 2 20.0 0
1 2 20.0 0
2 2 20.0 0
3 2 20.0 0

0 3 20.0 0
1 3 20.0 0
2 3 20.0 0
3 3 20.0 0


# 20.0 20.0 0.0
0 0 20.0 0
1 0 20.0 0
2 0 20.0 0
3 0 20.0 0

0 1 20.0 0
1 1 20.0 0
2 1 20.0 0
3 1 20.0 0

0 2 20.0 0
1 2 20.0 0
2 2 20.0 0
3 2 20.0 0

0 3 20.0 0
1 3 20.0 0
2 3 20.0 0
3 3 20.0 0


# 20.0 20.0 0.0
0 0 20.0 0
1 0 20.0 0
2 0 20.0 0
3 0 20.0 0

0 1 20.0 0
1 1 20.0 0
2 1 20.0 0
3 1 20.0 0

0 2 20.0 0
1 2 20.0 0
2 2 20.0 0
3 2 20.0 0

0 3 20.0 0
1 3 20.0 0
2 3 20.0 0
3 3 20.0 0


# 20.0 20.0 0.0
0 0 20.0 0
1 0 20.0 0
2 0 20.0 0
3 0 20.0 0

0 1 20.0 0
1 1 20.0 0
2 1 20.0 0
3 1 20.0 0

0 2 20.0 0
1 2 20.0 0
2 2 20.0 0
3 2 20.0 0

0 3 20.0 0
1 3 20.0 0
2 3 20.0 0
3 3 20.0 0


# 20.0 20.0 0.0
0 0 20.0 0
1 0 20.0 0
2 0 20.0 0
3 0 20.0 0

0 1 20.0 0
1 1 20.0 0
2 1 20.0 0
3 1 20.0 0

0 2 20.0 0
1 2 20.0 0
2 2 20.0 0
3 2 20.0 0

0 3 20.0 0
1 3 20.0 0
2 3 20.0 0
3 3 20.0 0


# 20.0 20.0 0.0
0 0 20.0 0
1 0 20.0 0
2 0 20.0 0
3 0 20.0 0

0 1 20.0 0
1 1 20.0 0
2 1 20.0 0
3 1 20.0 0

0 2 20.0 0
1 2 20.0 0
2 2 20.0 0
3 2 20.0 0

0 3 20.0 0
1 3 20.0 0
2 3 20.0 0
3 3 20.0 0


# 20.0 20.0 0.0
0 0 20.0 0
1 0 20.0 0
2 0 20.0 0
3 0 20.0 0

0 1 20.0 0
1 1 20.0 0
2 1 20.0 0
3 1 20.0 0

0 2 20.0 0
1 2 20.0 0
2 2 20.0 0
3 2 20.0 0

0 3 20.0 0
1 3 20.0 0
2 3 20.0 0
3 3 20.0 0


# 20.0 20.0 0.0
0 0 20.0 0
1 0 20.0 0
2 0 20.0 0
3 0 20.0 0

0 1 20.0 0
1 1 20.0 0
2 1 20.0 0
3 1 20.0 0

0 2 20.0 0
1 2 20.0 0
2 2 20.0 0
3 2 20.0 0

0 3 20.0 0
1 3 20.0 0
2 3 20.0 0
3 3 20.0 0


# 20.0 20.0 0.0
0 0 20.0 0
1 0 20.0 0
2 0 20.0 0
3 0 20.0 0

0 1 20.0 0
1 1 20.0 0
2 1 20.0 0
3 1 20.0 0

0 2 20.0 0
1 2 20.0 0
2 2 20.0 0
3 2 20.0 0

0 3 20.0 0
1 3 20.0 0
2 3 20.0 0
3 3 20.0 0


# 20.0 20.0 0.0
0 0 20.0 0
1 0 20.0 0
2 0 20.0 0
3 0 20.0 0

0 1 20.0 0
1 1 20.0 0
2 1 20.0 0
3 1 20.0 0

0 2 20.0 0
1 2 20.0 0
2 2 20.0 0
3 2 20.0 0

0 3 20.0 0
1 3 20.0 0
2 3 20.0 0
3 3 20.0 0


# 20.0 20.0 0.0
0 0 20.0 0
1 0 20.0 0
2 0 20.0 0
3 0 20.0 0

0 1 20.0 0
1 1 20.0 0
2 1 20.0 0
3 1 20.0 0

0 2 20.0 0
1 2 20.0 0
2 2 20.0 0
3 2 20.0 0

0 3 20.0 0
1 3 20.0 0
2 3 20.0 0
3 3 20.0 0


# 20.0 20.0 0.0
0 0 20.0 0
1 0 20.0 0
2 0 20.0 0
3 0 20.0 0

0 1 20.0 0
1 1 20.0 0
2 1 20.0 0
3 1 20.0 0

0 2 20.0 0
1 2 20.0 0
2 2 20.0 0
3 2 20.0 0

0 3 20.0 0
1 3 20.0 0
2 3 20.0 0
3 3 20.0 0


# 20.0 20.0 0.0
0 0 20.0 0
1 0 20.0 0
2 0 20.0 0
3 0 20.0 0

0 1 20.0 0
1 1 20.0 0
2 1 20.0 0
3 1 20.0 0

0 2 20.0 0
1 2 20.0 0
2 2 20.0 0
3 2 20.0 0

0 3 20.0 0
1 3 20.0 0
2 3 20.0 0
3 3 20.0 0


# 20.0 20.0 0.0
0 0 20.0 0
1 0 20.0 0
2 0 20.0 0
3 0 20.0 0

0 1 20.0 0
1 1 20.0 0
2 1 20.0 0
3 1 20.0 0

0 2 20.0 0
1 2 20.0 0
2 2 20.0 0
3 2 20.0 0

0 3 20.0 0
1 3 20.0 0
2 3 20.0 0
3 3 20.0 0


# 20.0 20.0 0.0
0 0 20.0 0
1 0 20.0 0
2 0 20.0 0
3 0 20.0 0

0 1 20.0 0
1 1 20.0 0
2 1 20.0 0
3 1 20.0 0

0 2 20.0 0
1 2 20.0 0
2 2 20.0 0
3 2 20.0 0

0 3 20.0 0
1 3 20.0 0
2 3 20.0 0
3 3 20.0 0


# 20.0 20.0 0.0
0 0 20.0 0
1 0 20.0 0
2 0 20.0 0
3 0 20.0 0

0 1 20.0 0
1 1 20.0 0
2 1 20.0 0
3 1 20.0 0

0 2 20.0 0
1 2 20.0 0
2 2 20.0 0
3 2 20.0 0

0 3 20.0 0
1 3 20.0 0
2 3 20.0 0
3 3 20.0 0


# 20.0 20.0 0.0
0 0 20.0 0
1 0 20.0 0
2 0 20.0 0
3 0 20.0 0

0 1 20.0 0
1 1 20.0 0
2 1 20.0 0
3 1 20.0 0

0 2 20.0 0
1 2 20.0 0
2 2 20.0 0
3 2 20.0 0

0 3 20.0 0
1 3 20.0 0
2 3 20.0 0
3 3 20.0 0


# 20.0 20.0 0.0
0 0 20.0 0
1 0 20.0 0
2 0 20.0 0
3 0 20.0 0

0 1 20.0 0
1 1 20.0 0
2 1 20.0 0
3 1 20.0 0

0 2 20.0 0
1 2 20.0 0
2 2 20.0 0
3 2 20.0 0

0 3 20.0 0
1 3 20.0 0
2 3 20.0 0
3 3 20.0 0


# 20.0 20.0 0.0
0 0 20.0 0
1 0 20.0 0
2 0 20.0 0
3 0 20.0 0

0 1 20.0 0
1 1 20.0 0
2 1 20.0 0
3 1 20.0 0

0 2 20.0 0
1 2 20.0 0
2 2 20.0 0
3 2 20.0 0

0 3 20.0 0
1 3 20.0 0
2 3 20.0 0
3 3 20.0 0


# 20.0 20.0 0.0
0 0 20.0 0
1 0 20.0 0
2 0 20.0 0
3 0 20.0 0

0 1 20.0 0
1 1 20.0 0
2 1 20.0 0
3 1 20.0 0

0 2 20.0 0
1 2 20.0 0
2 2 20.0 0
3 2 20.0 0

0 3 20.0 0
1 3 20.0 0
2 3 20.0 0
3 3 20.0 0


# 20.0 20.0 0.0
0 0 20.0 0
1 0 20.0 0
2 0 20.0 0
3 0 20.0 0

0 1 20.0 0
1 1 20.0 0
2 1 20.0 0
3 1 20.0 0

0 2 20.0 0
1 2 20.0 0
2 2 20.0 0
3 2 20.0 0

0 3 20.0 0
1 3 20.0 0
2 3 20.0 0
3 3 20.0 0


# 20.0 20.0 0.0
0 0 20.0 0
1 0 20.0 0
2 0 20.0 0
3 0 20.0 0

0 1 20.0 0
1 1 20.0 0
2 1 20.0 0
3 1 20.0 0

0 2 20.0 0
1 2 20.0 0
2 2 20.0 0
3 2 20.0 0

0 3 20.0 0
1 3 20.0 0
2 3 20.0 0
3 3 20.0 0


# 20.0 20.0 0.0
0 0 20.0 0
1 0 20.0 0
2 0 20.0 0
3 0 20.0 0

0 1 20.0 0
1 1 20.0 0
2 1 20.0 0
3 1 20.0 0

0 2 20.0 0
1 2 20.0 0
2 2 20.0 0
3 2 20.0 0

0 3 20.0 0
1 3 20.0 0
2 3 20.0 0
3 3 20.0 0


# 20.0 20.0 0.0
0 0 20.0 0
1 0 20.0 0
2 0 20.0 0
3 0 20.0 0

0 1 20.0 0
1 1 20.0 0
2 1 20.0 0
3 1 20.0 0

0 2 20.0 0
1 2 20.0 0
2 2 20.0 0
3 2 20.0 0

0 3 20.0 0
1 3 20.0 0
2 3 20.0 0
3 3 20.0 0


# 20.0 20.0 0.0
0 0 20.0 0
1 0 20.0 0
2 0 20.0 0
3 0 20.0 0

0 1 20.0 0
1 1 20.0 0
2 1 20.0 0
3 1 20.0 0

0 2 20.0 0
1 2 20.0 0
2 2 20.0 0
3 2 20.0 0

0 3 20.0 0
1 3 20.0 0
2 3 20.0 0
3 3 20.0 0


# 20.0 20.0 0.0
0 0 20.0 0
1 0 20.0 0
2 0 20.0 0
3 0 20.0 0

0 1 20.0 0
1 1 20.0 0
2 1 20.0 0
3 1 20.0 0

0 2 20.0 0
1 2 20.0 0
2 2 20.0 0
3 2 20.0 0

0 3 20.0 0
1 3 20.0 0
2 3 20.0 0
3 3 20.0 0


# 20.0 20.0 0.0
0 0 20.0 0
1 0 20.0 0
2 0 20.0 0
3 0 20.0 0

0 1 20.0 0
1 1 20.0 0
2 1 20.0 0
3 1 20.0 0

0 2 20.0 0
1 2 20.0 0
2 2 20.0 0
3 2 20.0 0

0 3 20.0 0
1 3 20.0 0
2 3 20.0 0
3 3 20.0 0


# 20.0 20.0 0.0
0 0 20.0 0
1 0 20.0 0
2 0 20.0 0
3 0 20.0 0

0 1 20.0 0
1 1 20.0 0
2 1 20.0 0
3 1 20.0 0

0 2 20.0 0
1 2 20.0 0
2 2 20.0 0
3 2 20.0 0

0 3 20.0 0
1 3 20.0 0
2 3 20.0 0
3 3 20.0 0


# 20.0 20.0 0.0
0 0 20.0 0
1 0 20.0 0
2 0 20.0 0
3 0 20.0 0

0 1 20.0 0
1 1 20.0 0
2 1 20.0 0
3 1 20.0 0

0 2 20.0 0
1 2 20.0 0
2 2 20.0 0
3 2 20.0 0

0 3 20.0 0
1 3 20.0 0
2 3 20.0 0
3 3 20.0 0


# 20.0 20.0 0.0
0 0 20.0 0
1 0 20.0 0
2 0 20.0 0
3 0 20.0 0

0 1 20.0 0
1 1 20.0 0
2 1 20.0 0
3 1 20.0 0

0 2 20.0 0
1 2 20.0 0
2 2 20.0 0
3 2 20.0 0

0 3 20.0 0
1 3 20.0 0
2 3 20.0 0
3 3 20.0 0


# 20.0 20.0 0.0
0 0 20.0 0
1 0 20.0 0
2 0 20.0 0
3 0 20.0 0

0 1 20.0 0
1 1 20.0 0
2 1 20.0 0
3 1 20.0 0

0 2 20.0 0
1 2 20.0 0
2 2 20.0 0
3 2 20.0 0

0 3 20.0 0
1 3 20.0 0
2 3 20.0 0
3 3 20.0 0


# 20.0 20.0 0.0
0 0 20.0 0
1 0 20.0 0
2 0 20.0 0
3 0 20.0 0

0 1 20.0 0
1 1 20.0 0
2 1 20.0 0
3 1 20.0 0

0 2 20.0 0
1 2 20.0 0
2 2 20.0 0
3 2 20.0 0

0 3 20.0 0
1 3 20.0 0
2 3 20.0 0
3 3 20.0 0


# 20.0 20.0 0.0
0 0 20.0 0
1 0 20.0 0
2 0 20.0 0
3 0 20.0 0

0 1 20.0 0
1 1 20.0 0
2 1 20.0 0
3 1 20.0 0

0 2 20.0 0
1 2 20.0 0
2 2 20.0 0
3 2 20.0 0

0 3 20.0 0
1 3 20.0 0
2 3 20.0 0
3 3 20.0 0


# 20.0 20.0 0.0
0 0 20.0 0
1 0 20.0 0
2 0 20.0 0
3 0 20.0 0

0 1 20.0 0
1 1 20.0 0
2 1 20.0 0
3 1 20.0 0

0 2 20.0 0
1 2 20.0 0
2 2 20.0 0
3 2 20.0 0

0 3 20.0 0
1 3 20.0 0
2 3 20.0 0
3 3 20.0 0


# 20.0 20.0 0.0
0 0 20.0 0
1 0 20.0 0
2 0 20.0 0
3 0 20.0 0

0 1 20.0 0
1 1 20.0 0
2 1 20.0 0
3 1 20.0 0

0 2 20.0 0
1 2 20.0 0
2 2 20.0 0
3 2 20.0 0

0 3 20.0 0
1 3 20.0 0
2 3 20.0 0
3 3 20.0 0


# 20.0 20.0 0.0
0 0 20.0 0
1 0 20.0 0
2 0 20.0 0
3 0 20.0 0

0 1 20.0 0
1 1 20.0 0
2 1 20.0 0
3 1 20.0 0

0 2 20.0 0
1 2 20.0 0
2 2 20.0 0
3 2 20.0 0

0 3 20.0 0
1 3 20.0 0
2 3 20.0 0
3 3 20.0 0


# 20.0 20.0 0.0
0 0 20.0 0
1 0 20.0 0
2 0 20.0 0
3 0 20.0 0

0 1 20.0 0
1 1 20.0 0
2 1 20.0 0
3 1 20.0 0

0 2 20.0 0
1 2 20.0 0
2 2 20.0 0
3 2 20.0 0

0 3 20.0 0
1 3 20.0 0
2 3 20.0 0
3 3 20.0 0


# 20.0 20.0 0.0
0 0 20.0 0
1 0 20.0 0
2 0 20.0 0
3 0 20.0 0

0 1 20.0 0
1 1 20.0 0
2 1 20.0 0
3 1 20.0 0

0 2 20.0 0
1 2 20.0 0
2 2 20.0 0
3 2 20.0 0

0 3 20.0 0
1 3 20.0 0
2 3 20.0 0
3 3 20.0 0


# 20.0 20.0 0.0
0 0 20.0 0
1 0 20.0 0
2 0 20.0 0
3 0 20.0 0

0 1 20.0 0
1 1 20.0 0
2 1 20.0 0
3 1 20.0 0

0 2 20.0 0
1 2 20.0 0
2 2 20.0 0
3 2 20.0 0

0 3 20.0 0
1 3 20.0 0
2 3 20.0 0
3 3 20.0 0


# 20.0 20.0 0.0
0 0 20.0 0
1 0 20.0 0
2 0 20.0 0
3 0 20.0 0

0 1 20.0 0
1 1 20.0 0
2 1 20.0 0
3 1 20.0 0

0 2 20.0 0
1 2 20.0 0
2 2 20.0 0
3 2 20.0 0

0 3 20.0 0
1 3 20.0 0
2 3 20.0 0
3 3 20.0 0


# 20.0 20.0 0.0
0 0 20.0 0
1 0 20.0 0
2 0 20.0 0
3 0 20.0 0

0 1 20.0 0
1 1 20.0 0
2 1 20.0 0
3 1 20.0 0

0 2 20.0 0
1 2 20.0 0
2 2 20.0 0
3 2 20.0 0

0 3 20.0 0
1 3 20.0 0
2 3 20.0 0
3 3 20.0 0


# 20.0 20.0 0.0
0 0 20.0 0
1 0 20.0 0
2 0 20.0 0
3 0 20.0 0

0 1 20.0 0
1 1 20.0 0
2 1 20.0 0
3 1 20.0 0

0 2 20.0 0
1 2 20.0 0
2 2 20.0 0
3 2 20.0 0

0 3 20.0 0
1 3 20.0 0
2 3 20.0 0
3 3 20.0 0


# 20.0 20.0 0.0
0 0 20.0 0
1 0 20.0 0
2 0 20.0 0
3 0 20.0 0

0 1 20.0 0
1 1 20.0 0
2 1 20.0 0
3 1 20.0 0

0 2 20.0 0
1 2 20.0 0
2 2 20.0 0
3 2 20.0 0

0 3 20.0 0
1 3 20.0 0
2 3 20.0 0
3 3 20.0 0


# 20.0 20.0 0.0
0 0 20.0 0
1 0 20.0 0
2 0 20.0 0
3 0 20.0 0

0 1 20.0 0
1 1 20.0 0
2 1 20.0 0
3 1 20.0 0

0 2 20.0 0
1 2 20.0 0
2 2 20.0 0
3 2 20.0 0

0 3 20.0 0
1 3 20.0 0
2 3 20.0 0
3 3 20.0 0


# 20.0 20.0 0.0
0 0 20.0 0
1 0 20.0 0
2 0 20.0 0
3 0 20.0 0

0 1 20.0 0
1 1 20.0 0
2 1 20.0 0
3 1 20.0 0

0 2 20.0 0
1 2 20.0 0
2 2 20.0 0
3 2 20.0 0

0 3 20.0 0
1 3 20.0 0
2 3 20.0 0
3 3 20.0 0


# 20.0 20.0 0.0
0 0 20.0 0
1 0 20.0 0
2 0 20.0 0
3 0 20.0 0

0 1 20.0 0
1 1 20.0 0
2 1 20.0 0
3 1 20.0 0

0 2 20.0 0
1 2 20.0 0
2 2 20.0 0
3 2 20.0 0

0 3 20.0 0
1 3 20.0 0
2 3 20.0 0
3 3 20.0 0


# 20.0 20.0 0.0
0 0 20.0 0
1 0 20.0 0
2 0 20.0 0
3 0 20.0 0

0 1 20.0 0
1 1 20.0 0
2 1 20.0 0
3 1 20.0 0

0 2 20.0 0
1 2 20.0 0
2 2 20.0 0
3 2 20.0 0

0 3 20.0 0
1 3 20.0 0
2 3 20.0 0
3 3 20.0 0


# 20.0 20.0 0.0
0 0 20.0 0
1 0 20.0 0
2 0 20.0 0
3 0 20.0 0

0 1 20.0 0
1 1 20.0 0
2 1 20.0 0
3 1 20.0 0

0 2 20.0 0
1 2 20.0 0
2 2 20.0 0
3 2 20.0 0

0 3 20.0 0
1 3 20.0 0
2 3 20.0 0
3 3 20.0 0


# 20.0 20.0 0.0
0 0 20.0 0
1 0 20.0 0
2 0 20.0 0
3 0 20.0 0

0 1 20.0 0
1 1 20.0 0
2 1 20.0 0
3 1 20.0 0

0 2 20.0 0
1 2 20.0 0
2 2 20.0 0
3 2 20.0 0

0 3 20.0 0
1 3 20.0 0
2 3 20.0 0
3 3 20.0 0


# 20.0 20.0 0.0
0 0 20.06 1
1 0 20.00072 0
2 0 20.00000864 0
3 0 20.00000010368 0

0 1 20.00072 0
1 1 20.00001728 0
2 1 20.00000031104 0
3 1 20.00000000497664 0

0 2 20.00000864 0
1 2 20.00000031104 0
2 2 20.00000000746496 0
3 2 20.0000000001493 0

0 3 20.00000010368 0
1 3 20.00000000497664 0
2 3 20.0000000001493 0
3 3 20.000000000003585 0


# 20.0 20.0 0.05999999999999872
0 0 20.11785728 1
1 0 20.0021043584 0
2 0 20.000033534397442 0
3 0 20.00000050242001 0

0 1 20.0021043584 0
1 1 20.000066962626562 0
2 1 20.000001502223668 0
3 1 20.000000028825138 0

0 2 20.000033534397442 0
1 2 20.000001502223668 0
2 2 20.000000043163592 0
3 2 20.000000001006935 0

0 3 20.00000050242001 0
1 3 20.000000028825138 0
2 3 20.000000001006935 0
3 3 20.000000000027622 0


# 20.0 20.0 0.11785727999999907
0 0 20.1736649225216 1
1 0 20.004101160381747 0
2 0 20.000081363933056 0
3 0 20.00000146104599 0

0 1 20.004101160381747 0
1 1 20.000162212323016 0
2 1 20.00000435389587 0
3 1 20.000000097405866 0

0 2 20.000081363933056 0
1 2 20.00000435389587 0
2 2 20.000000145609405 0
3 2 20.00000000388116 0

0 3 20.00000146104599 0
1 3 20.000000097405866 0
2 3 20.00000000388116 0
3 3 20.000000000119776 0


# 20.0 20.0 0.17366492252159915
0 0 20.227511413159984 1
1 0 20.006661971518707 0
2 0 20.000157960085396 0
3 0 20.00000330513823 0

0 1 20.006661971518707 0
1 1 20.00031441794146 0
2 1 20.000009816361374 0
3 1 20.00000025081939 0

0 2 20.000157960085396 0
1 2 20.000009816361374 0
2 2 20.000000374305976 0
3 2 20.00000001122109 0

0 3 20.00000330513823 0
1 3 20.00000025081939 0
2 3 20.00000001122109 0
3 3 20.00000000038477 0


# 20.0 20.0 0.22751141315998424
0 0 20.279480889602674 1
1 0 20.009741607926475 0
2 0 20.00026838251492 0
3 0 20.000006409753265 0

0 1 20.009741607926475 0
1 1 20.00053336006318 0
2 1 20.000018973588467 0
3 1 20.00000054501973 0

0 2 20.00026838251492 0
1 2 20.000018973588467 0
2 2 20.00000081197472 0
3 2 20.000000027038354 0

0 3 20.000006409753265 0
1 3 20.00000054501973 0
2 3 20.000000027038354 0
3 3 20.00000000101984 0


# 20.0 20.0 0.2794808896026737
0 0 20.32965337616721 1
1 0 20.013297921818506 0
2 0 20.000416990111216 0
3 0 20.00001118942372 0

0 1 20.013297921818506 0
1 1 20.000827364269913 0
2 1 20.000033011392727 0
3 1 20.00000105286316 0

0 2 20.000416990111216 0
1 2 20.000033011392727 0
2 2 20.00000156592228 0
3 2 20.000000057340408 0

0 3 20.00001118942372 0
1 3 20.00000105286316 0
2 3 20.000000057340408 0
3 3 20.000000002359293 0


# 20.0 20.0 0.3296533761672116
0 0 20.378105004748836 1
1 0 20.01729160141169 0
2 0 20.000607506153283 0
3 0 20.000018089312665 0

0 1 20.01729160141169 0
1 1 20.00120344149226 0
2 1 20.000053189643047 0
3 1 20.00000186467846 0

0 2 20.000607506153283 0
1 2 20.000053189643047 0
2 2 20.00000276868561 0
3 2 20.00000011056079 0

0 3 20.000018089312665 0
1 3 20.00000186467846 0
2 3 20.00000011056079 0
3 3 20.000000004927816 0


# 20.0 20.0 0.3781050047488357
0 0 20.42490822301176 1
1 0 20.021685984200285 0
2 0 20.000843078052718 0
3 0 20.000027577410183 0

0 1 20.021685984200285 0
1 1 20.001667416472873 0
2 1 20.000080818074856 0
3 1 20.000003088434514 0

0 2 20.000843078052718 0
1 2 20.000080818074856 0
2 2 20.00000457807596 0
3 2 20.000000197974497 0

0 3 20.000027577410183 0
1 3 20.000003088434514 0
2 3 20.000000197974497 0
3 3 20.000000009501804 0


# 20.0 20.0 0.4249082230117587
0 0 20.47013199060414 1
1 0 20.02644688268543 0
2 0 20.00112633211255 0
3 0 20.00004013766998 0

0 1 20.02644688268543 0
1 1 20.002224045300423 0
2 1 20.000117235334343 0
3 1 20.00000484957201 0

0 2 20.00112633211255 0
1 2 20.000117235334343 0
2 2 20.000007176727724 0
3 2 20.000000334089187 0

0 3 20.00004013766998 0
1 3 20.00000484957201 0
2 3 20.000000334089187 0
3 3 20.00000001717788 0


# 20.0 20.0 0.47013199060414124
0 0 20.513841964126843 1
1 0 20.03154242171112 0
2 0 20.001459423700407 0
3 0 20.00005626399313 0

0 1 20.03154242171112 0
1 1 20.002877122895093 0
2 1 20.00016379091304 0
3 1 20.00000729055793 0

0 2 20.001459423700407 0
1 2 20.00016379091304 0
2 2 20.000010771244845 0
3 2 20.00000053700521 0

0 3 20.00005626399313 0
1 3 20.00000729055793 0
2 3 20.00000053700521 0
3 3 20.0000000294476 0


# 20.0 20.0 0.5138419641268435
0 0 20.556100671539344 1
1 0 20.03694288661687 0
2 0 20.001844083203267 0
3 0 20.00007645497451 0

0 1 20.03694288661687 0
1 1 20.003629581256845 0
2 1 20.00022182966437 0
3 1 20.00001057021423 0

0 2 20.001844083203267 0
1 2 20.00022182966437 0
2 2 20.000015591025164 0
3 2 20.000000828739235 0

0 3 20.00007645497451 0
1 3 20.00001057021423 0
2 3 20.000000828739235 0
3 3 20.00000004827723 0


# 20.0 20.0 0.556100671539344
0 0 20.596967676642734 1
1 0 20.042620581472196 0
2 0 20.002281658102063 0
3 0 20.000101209335224 0

0 1 20.042620581472196 0
1 1 20.004483579223795 0
2 1 20.00029267862326 0
3 1 20.000014862865605 0

0 2 20.002281658102063 0
1 2 20.00029267862326 0
2 2 20.000021886832656 0
3 2 20.000001235507895 0

0 3 20.000101209335224 0
1 3 20.000014862865605 0
2 3 20.000001235507895 0
3 3 20.000000076191437 0


# 20.0 20.0 0.5969676766427341
0 0 20.636499734238928 1
1 0 20.04854969670914 0
2 0 20.00277315147779 0
3 0 20.000131021971278 0

0 1 20.04854969670914 0
1 1 20.00544058442903 0
2 1 20.000377635876607 0
3 1 20.00002035734552 0

0 2 20.00277315147779 0
1 2 20.000377635876607 0
2 2 20.000029929177916 0
3 2 20.000001787969143 0

0 3 20.000131021971278 0
1 3 20.00002035734552 0
2 3 20.000001787969143 0
3 3 20.000000116359804 0


# 20.0 20.0 0.636499734238928
0 0 20.674750936527346 1
1 0 20.05470618551657 0
2 0 20.003319257236097 0
3 0 20.000166380555292 0

0 1 20.05470618551657 0
1 1 20.006501448089875 0
2 1 20.000477961256724 0
3 1 20.00002725589438 0

0 2 20.063319257236095 1
1 2 20.00119796125672 0
2 2 20.0000486465588 0
3 2 20.000002625100194 0

0 3 20.00088638055529 0
1 3 20.000044535894382 0
2 3 20.000002832460194 0
3 3 20.000000177661576 0


# 20.0 20.0 0.6747509365273459
0 0 20.711772851264758 1
1 0 20.061067648403963 0
2 0 20.00392039231477 0
3 0 20.00020776263381 0

0 1 20.06178764840396 0
1 1 20.007683753213417 0
2 1 20.000595179692176 0
3 1 20.00003577795593 0

0 2 20.12142631231477 1
1 2 20.002690898092176 0
2 2 20.000085809948114 0
3 2 20.000003976032772 0

0 3 20.00231212103381 0
1 3 20.000102735605854 0
2 3 20.00000497817545 0
3 3 20.000000278716257 0


# 20.0 20.0 0.7117728512647581
0 0 20.747623292180922 1
1 0 20.067613536423504 0
2 0 20.004576733582546 0
3 0 20.000255633317455 0

0 1 20.069713367463503 0
1 1 20.00900228883923 0
2 1 20.000731018390862 0
3 1 20.000046162814673 0

0 2 20.177223003836623 1
1 2 20.00479870104251 0
2 2 20.000148155154303 0
3 2 20.00000614419962 0

0 3 20.004356793549903 0
1 3 20.000208346383623 0
2 3 20.00000905045513 0
3 3 20.00000045101833 0


# 20.0 20.0 0.747623292180922
0 0 20.782356776509054 1
1 0 20.074324997480886 0
2 0 20.005288250562348 0
3 0 20.00031044347855 0

0 1 20.078408390860254 0
1 1 20.01046933626824 0
2 1 20.000887352365694 0
3 1 20.000058671256983 0

0 2 20.230830404300917 1
1 2 20.007468238297754 0
2 2 20.000241493130716 0
3 2 20.000009493528108 0

0 3 20.006972413990322 0
1 3 20.000372992268428 0
2 3 20.000016049573023 0
3 3 20.000000741298884 0


# 20.0 20.0 0.7823567765090544
0 0 20.81602473321482 1
1 0 20.081184735427232 0
2 0 20.006054734413986 0
3 0 20.000372628381374 0

0 1 20.08780313212953 0
1 1 20.012094929626006 0
2 1 20.001066157393275 0
3 1 20.000073586415823 0

0 2 20.28236245273329 1
1 2 20.070650625272563 1
2 2 20.001090809369646 0
3 2 20.00002307644494 0

0 3 20.01011423242669 0
1 3 20.001326697480422 0
2 3 20.000044394468745 0
3 3 20.000001524263087 0


# 20.0 20.0 0.8160247332148209
0 0 20.84867569722977 1
1 0 20.088176880874524 0
2 0 20.00687582356839 0
3 0 20.000442606679457 0

0 1 20.097832997535157 0
1 1 20.014607092936863 0
2 1 20.001286749585887 0
3 1 20.00009152497888 0

0 2 20.332646403981308 1
1 2 20.1314554473047 1
2 2 20.002632166533555 0
3 2 20.00005480982356 0

0 3 20.01375779727687 0
1 3 20.00301406785485 0
2 3 20.000110303004874 0
3 3 20.000003450743556 0


# 20.0 20.0 0.8486756972297691
0 0 20.880355490670414 1
1 0 20.0952955127639 0
2 0 20.00775133740687 0
3 0 20.000520787187625 0

0 1 20.108455319489742 0
1 1 20.017943868825625 0
2 1 20.001566012378703 0
3 1 20.000113380242446 0

0 2 20.38171927778295 1
1 2 20.190009298406036 1
2 2 20.004806707623302 0
3 2 20.000111590274283 0

0 3 20.017879316722556 0
1 3 20.005383464022547 0
2 3 20.00022799374734 0
3 3 20.000007401525046 0


# 20.0 20.0 0.8803554906704143
0 0 20.911107702993323 1
1 0 20.102534736138526 0
2 0 20.008681239664238 0
3 0 20.000607574287752 0

0 1 20.119629446266394 0
1 1 20.02204743704027 0
2 1 20.00191862895937 0
3 1 20.00014027179452 0

0 2 20.429617284852807 1
1 2 20.246431110805013 1
2 2 20.067560257542816 1
3 2 20.00091939865311 0

0 3 20.02245567030705 0
1 3 20.008386735831913 0
2 3 20.00112987074875 0
3 3 20.000031726302968 0


# 20.0 20.0 0.9111077029933234
0 0 20.940973795874424 1
1 0 20.109888706891656 0
2 0 20.009665606520006 0
3 0 20.00070337215317 0

0 1 20.131316671736414 0
1 1 20.026863821483047 0
2 1 20.003077294257405 0
3 1 20.000190781159915 0

0 2 20.476375800323172 1
1 2 20.301552656868544 1
2 2 20.127997515827094 1
3 2 20.00241942418916 0

0 3 20.08746441660986 1
1 3 20.0727162562577 1
2 3 20.003491362157956 0
3 3 20.000101513592227 0


# 20.0 20.0 0.9409737958744238
0 0 20.96999320376648 1
1 0 20.11735165278344 0
2 0 20.010713238876495 0
3 0 20.00080889899609 0

0 1 20.143480165430358 0
1 1 20.03235989928394 0
2 1 20.00498472135482 0
3 1 20.00028132488568 0

0 2 20.522757983576504 1
1 2 20.356148109198198 1
2 2 20.186258158470196 1
3 2 20.004557500336592 0

0 3 20.151461388489913 1
1 3 20.13579538381303 1
2 3 20.007210585617827 0
3 3 20.00023907613436 0


# 20.0 20.0 0.9699932037664816
0 0 20.998203430249454 1
1 0 20.124918202187455 0
2 0 20.011831824714143 0
3 0 20.00092513642743 0

0 1 20.1560938542396 0
1 1 20.03851236276207 0
2 1 20.007588058779774 0
3 1 20.000426357587006 0

0 2 20.568766588489424 1
1 2 20.4102049898791 1
2 2 20.242472500478986 1
3 2 20.00728374053286 0

0 3 20.214463522171904 1
1 3 20.19767452686491 1
2 3 20.07219237426362 1
3 3 20.00118418277108 0


# 20.0 20.0 0.998203430249454
0 0 21.025640251437597 1
1 0 20.13258345096255 0
2 0 20.013028047830186 0
3 0 20.001053284381047 0

0 1 20.169132942793805 0
1 1 20.045297882658474 0
2 1 20.010838529421 0
3 1 20.00063855722037 0

0 2 20.614404009231006 1
1 2 20.463713337395706 1
2 2 20.297482156235354 1
3 2 20.0105694821852 0

0 3 20.276487777806867 1
1 3 20.259120918610176 1
2 3 20.135853741635945 1
3 3 20.002898630877176 0


# 20.0 20.0 1.025640251437597
0 0 21.05233779911092 1
1 0 20.140342910777317 0
2 0 20.014307686516272 0
3 0 20.00119472106817 0

0 1 20.18257383548847 0
1 1 20.052693207647856 0
2 1 20.01469973930023 0
3 1 20.00092930512776 0

0 2 20.659672340251596 1
1 2 20.516682720673654 1
2 2 20.351336680941596 1
3 2 20.01438753933678 0

0 3 20.337559736912162 1
1 3 20.32011899441921 1
2 3 20.19824013616209 1
3 3 20.005345812271585 0


# 20.0 20.0 1.0523377991109193
0 0 21.078328639298114 1
1 0 20.148192462926218 0
2 0 20.015675806762125 0
3 0 20.001350972452396 0

0 1 20.196394064644323 0
1 1 20.06067556153129 0
2 1 20.019137560066174 0
3 1 20.001308787174658 0

0 2 20.70457374022779 1
1 2 20.569122409806756 1
2 2 20.40408317200086 1
3 2 20.018712115942 0

0 3 20.397703899199087 1
1 3 20.380654793995618 1
2 3 20.2593950557825 1
3 3 20.0084906490905 0


# 20.0 20.0 1.078328639298114
0 0 21.10364384661423 1
1 0 20.15612832206221 0
2 0 20.017136825133086 0
3 0 20.001523684791803 0

0 1 20.21057223170974 0
1 1 20.069222660861527 0
2 1 20.02411997452504 0
3 1 20.001786087416427 0

0 2 20.74911042562681 1
1 2 20.62104138676585 1
2 2 20.455766402141002 1
3 2 20.023518724736213 0

0 3 20.456943741463387 1
1 3 20.44071585485594 1
2 3 20.319360138312685 1
3 3 20.01229953207983 0


# 20.0 20.0 1.1036438466142293
0 0 21.12831307478138 1
1 0 20.164147003264908 0
2 0 20.01869456642848 0
3 0 20.001714599985437 0

0 1 20.225087951913167 0
1 1 20.078312728937803 0
2 1 20.02961693316692 0
3 1 20.0023692748396 0

0 2 20.793284664712193 1
1 2 20.672448356008854 1
2 2 20.50642894466493 1
3 2 20.028784111316305 0

0 3 20.515301773005522 1
1 3 20.500291112159918 1
2 3 20.378175247570407 1
3 3 20.016740261231597 0


# 20.0 20.0 1.1283130747813814
0 0 21.15236462355139 1
1 0 20.172245292154795 0
2 0 20.02035231654217 0
3 0 20.00192553348254 0

0 1 20.239921802139232 0
1 1 20.087924506550426 0
2 1 20.035600220886074 0
3 1 20.00306548368456 0

0 2 20.837098771968122 1
1 2 20.72335175494455 1
2 2 20.556111291337622 1
3 2 20.034486183076066 0

0 3 20.57279958778686 1
1 3 20.559370804532822 1
2 3 20.435878555457673 1
3 3 20.021781988689664 0


# 20.0 20.0 1.1523646235513887
0 0 21.175825502235067 1
1 0 20.180420217788225 0
2 0 20.02211287091328 0
3 0 20.002158354532344 0

0 1 20.255055271818428 0
1 1 20.098037259821254 0
2 1 20.042043333152623 0
3 1 20.00388098781894 0

0 2 20.88055510292006 1
1 2 20.773759764210553 1
2 2 20.604851963384178 1
3 2 20.040603942665584 0

0 3 20.629457913515967 1
1 3 20.617946385540655 1
2 3 20.492506620179824 1
3 3 20.027395163850983 0


# 20.0 20.0 1.1758255022350674
0 0 21.198721490029886 1
1 0 20.188669028090292 0
2 0 20.023978578924226 0
3 0 20.002414968570097 0

0 1 20.27047071663531 0
1 1 20.1086307854549 0
2 1 20.048921360948285 0
3 1 20.00482126959675 0

0 2 20.923656049329757 1
1 2 20.82368031773296 1
2 2 20.65268761604006 1
3 2 20.047117425667484 0

0 3 20.685296657847836 1
1 3 20.676010440497077 1
2 3 20.54809446077693 1
3 3 20.03355148058968 0


# 20.0 20.0 1.198721490029886
0 0 21.221077193325517 1
1 0 20.196989167602954 0
2 0 20.025951384574864 0
3 0 20.00269730155163 0

0 1 20.286151314873948 0
1 1 20.119685413686963 0
2 1 20.05621088382955 0
3 1 20.005891083606272 0

0 2 20.966404034743366 1
1 2 20.873121112541387 1
2 2 20.69965313706392 1
3 2 20.054007642204567 0

0 3 20.7403349518682 1
1 3 20.73355660829844 1
2 3 20.602675628135724 1
3 3 20.040223826532536 0


# 20.0 20.0 1.2210771933255167
0 0 21.242916100155522 1
1 0 20.205378257344638 0
2 0 20.02803286373543 0
3 0 20.003007286063873 0

0 1 20.302081026232273 0
1 1 20.131182009189363 0
2 1 20.06388987052887 0
3 1 20.007094515680375 0

0 2 21.008801510371846 1
1 2 20.922089618318484 1
2 2 20.745781739595103 1
3 2 20.06125652221367 0

0 3 20.79459119102499 1
1 3 20.790579507999656 1
2 3 20.65628227264355 1
3 3 20.047386234315653 0


# 20.0 20.0 1.2429161001555222
0 0 21.264260631952848 1
1 0 20.213834076594694 0
2 0 20.03022425825679 0
3 0 20.00334684905282 0

0 1 20.318244552948684 0
1 1 20.143101970168964 0
2 1 20.0719375865479 0
3 1 20.00843503751557 0

0 2 21.050850951283735 1
1 2 20.970593086667765 1
2 2 20.791105049711412 1
3 2 20.06884686413921 0

0 3 20.848083073659488 1
1 3 20.84707466985932 1
2 3 20.708945208639157 1
3 3 20.05501383475363 0


# 20.0 20.0 1.2642606319528475
0 0 21.285132192757064 1
1 0 20.22235454643191 0
2 0 20.032526507194397 0
3 0 20.00371790102344 0

0 1 20.334627303095356 0
1 1 20.15542722587377 0
2 1 20.080334508237144 0
3 1 20.009915557220715 0

0 2 21.09255485289089 1
1 2 21.018638560087737 1
2 2 20.835653189018505 1
3 2 20.076762286817278 0

0 3 20.90082763728075 1
1 3 20.90303847059732 1
2 3 20.760693975808746 1
3 3 20.063082811854013 0


# 20.0 20.0 1.2851321927570645
0 0 21.305551216012137 1
1 0 20.23093771487073 0
2 0 20.034940275381807 0
3 0 20.004122326577825 0

0 1 20.351215355902674 0
1 1 20.168140232701006 0
2 1 20.089062242893625 0
3 1 20.01153846609291 0

0 2 21.133915727708725 1
1 2 21.06623288064383 1
2 2 20.879454852579578 1
3 2 20.08498718433727 0

0 3 20.952841292718315 1
1 3 20.95846807262228 1
2 3 20.811556897669448 1
3 3 20.07157035961135 0


# 20.0 20.0 1.3055512160121374
0 0 21.32553720908498 1
1 0 20.239581743452174 0
2 0 20.037465979570854 0
3 0 20.00456197616899 0

0 1 20.3679954289887 0
1 1 20.1812239690831 0
2 1 20.098103454442647 0
3 1 20.013305681896398 0

0 2 21.17493610237317 1
1 2 21.113382698332824 1
2 2 20.922537382473145 1
3 2 20.093506683682875 0

0 3 21.0041398562804 1
1 3 21.013361366999536 1
2 3 20.86156113727634 1
3 3 20.08045464051685 0


# 20.0 20.0 1.325537209084981
0 0 21.345108795627212 1
1 0 20.248284895158555 0
2 0 20.04010381233812 0
3 0 20.00503865895772 0

0 1 20.384954847376175 0
1 1 20.194661929310833 0
2 1 20.10744179430162 0
3 1 20.015218688900056 0

0 2 21.21561851489737 1
1 2 21.16009447913702 1
2 2 20.96492683724721 1
3 2 20.102306604968163 0

0 3 21.054738580037068 1
1 3 21.06771691994296 1
2 3 20.910732750283216 1
3 3 20.08971474572126 0


# 20.0 20.0 1.3451087956272119
0 0 21.36428375589505 1
1 0 20.257045523532422 0
2 0 20.04285376394142 0
3 0 20.00555413666934 0

0 1 20.402081514187614 0
1 1 20.20843811643782 0
2 1 20.117061837053463 0
3 1 20.017278574910545 0

0 2 21.25596551215202 1
1 2 21.206374512767802 1
2 2 21.006648057520213 1
3 2 20.111373424097323 0

0 3 21.104652180340874 1
1 3 21.121533922626057 1
2 3 20.959096735481733 1
3 3 20.099330656790244 0


# 20.0 20.0 1.3642837558950482
0 0 21.383079065135465 1
1 0 20.265862062890236 0
2 0 20.045715642295235 0
3 0 20.00611011835571 0

0 1 20.41936388291644 0
1 1 20.22253703439634 0
2 1 20.126949020584366 0
3 1 20.019486065520752 0

0 2 21.295979647553935 1
1 2 21.252228920100105 1
2 2 21.047724727962404 1
3 2 20.120694237688515 0

0 3 21.153894864690763 1
1 3 21.174812144119034 1
2 3 21.006677082937962 1
3 3 20.10928320899331 0


# 20.0 20.0 1.3830790651354654
0 0 21.40151093014027 1
1 0 20.274733019530828 0
2 0 20.048689091220485 0
3 0 20.0067082559758 0

0 1 20.436790931179036 0
1 1 20.236943679442046 0
2 1 20.137089590366063 0
3 1 20.021841555777247 0

0 2 21.33566347894831 1
1 2 21.297663660300962 1
2 2 21.08817943587573 1
3 2 20.130256730113352 0

0 3 21.202480357038702 1
1 3 21.227551887269367 1
2 3 21.05349681984023 1
3 3 20.119554056068996 0


# 20.0 20.0 1.4015109301402688
0 0 21.419594824063736 1
1 0 20.28365696384725 0
2 0 20.051773607111492 0
3 0 20.007350140715335 0

0 1 20.454352135858965 0
1 1 20.251643531033306 0
2 1 20.147470547586064 0
3 1 20.02434513945558 0

0 2 21.375019566670865 1
1 2 21.34268453765671 1
2 2 21.128033726576053 1
3 2 20.1400491425138 0

0 3 21.25042192163259 1
1 3 21.27975394735361 1
2 3 21.099578054166926 1
3 3 20.130125636410682 0


# 20.0 20.0 1.4195948240637364
0 0 21.437345519593915 1
1 0 20.29263252325853 0
2 0 20.05496855415153 0
3 0 20.00803729997287 0

0 1 20.472037449560464 0
1 1 20.266622542240448 0
2 1 20.158079600851018 0
3 1 20.026996636118497 0

0 2 21.414050471776886 1
1 2 21.38729720810455 1
2 2 21.167308155768037 1
3 2 20.150060243667788 0

0 3 21.297732385483382 1
1 3 21.331419573337815 1
2 3 21.144942016278115 1
3 3 20.14098114061925 0


# 20.0 20.0 1.437345519593915
0 0 21.454777120562362 1
1 0 20.301658375885122 0
2 0 20.058273178197673 0
3 0 20.00877119494564 0

0 1 20.48983727829388 0
1 1 20.28186712977052 0
2 1 20.168905121208425 0
3 1 20.029795616119383 0

0 2 21.45275875442484 1
1 2 21.431507185475144 1
2 2 21.206022339090726 1
3 2 20.160279302583692 0

0 3 21.34442415953913 1
1 3 21.382550431593135 1
2 3 21.18960909853007 1
3 3 20.152104480370323 0


# 20.0 20.0 1.4547771205623619
0 0 21.471903092072264 1
1 0 20.310733244898433 0
2 0 20.061686619446 0
3 0 20.009553218754384 0

0 1 20.50774246032075 0
1 1 20.29736416368437 0
2 1 20.179936100250508 0
3 1 20.03274142370143 0

0 2 21.491146972403016 1
1 2 21.475319847453594 1
2 2 21.244194999000186 1
3 2 20.17069606271204 0

0 3 21.390509258643675 1
1 3 21.433148571921752 1
2 3 21.233598893007315 1
3 3 20.163480258545622 0


# 20.0 20.0 1.4911469724030155
0 0 21.48873628922029 1
1 0 20.319855893480906 0
2 0 20.0652079239791 0
3 0 20.010384695051393 0

0 1 20.52574424609097 0
1 1 20.313100956874834 0
2 1 20.19116211108115 0
3 1 20.035833198332107 0

0 2 21.52921767978835 1
1 2 21.518740441266843 1
2 2 21.281844009144987 1
3 2 20.181300717670407 0

0 3 21.435999320353023 1
1 3 21.483216395756564 1
2 3 21.276930227462373 1
3 3 20.175093740579573 0


# 20.0 20.0 1.5292176797883492
0 0 21.505288984483222 1
1 0 20.329025120338752 0
2 0 20.068836054289633 0
3 0 20.011266877061004 0

0 1 20.543834279208905 0
1 1 20.32906525436759 0
2 1 20.202573271942867 0
3 1 20.03906989440225 0

0 2 21.566973425727184 1
1 2 21.56177408910599 1
2 2 21.318986436380207 1
3 2 20.192083888384595 0

0 3 21.48090562267812 1
1 3 21.532756626405746 1
2 3 21.31962119954934 1
3 3 20.186930826973917 0


# 20.0 20.0 1.5669734257271841
0 0 21.5215728938364 1
1 0 20.338239755714447 0
2 0 20.07256989886609 0
3 0 20.01220094700603 0

0 1 20.562004578369304 0
1 1 20.345245222499535 0
2 1 20.214160212315388 0
3 1 20.04245029940983 0

0 2 21.604416753328483 1
1 2 21.604425793292272 1
2 2 21.355638580556455 1
3 2 20.203036601555723 0

0 3 21.525239100818517 1
1 3 21.581772281220626 1
2 3 21.36168920943328 1
3 3 20.198978026934725 0


# 20.0 20.0 1.6044257932922719
0 0 21.537599201667295 1
1 0 20.347498657850835 0
2 0 20.07640828091978 0
3 0 20.013188015877766 0

0 1 20.580247520207738 0
1 1 20.361629438023552 0
2 1 20.225914041311164 0
3 1 20.04597305073955 0

0 2 21.641550198660507 1
1 2 21.646700441195776 1
2 2 21.391816012211695 1
3 2 20.214150269369014 0

0 3 21.569010362947623 1
1 3 21.63026664557228 1
2 3 21.403150990853707 1
3 3 20.211222433087748 0


# 20.0 20.0 1.646700441195776
0 0 21.553378584543974 1
1 0 20.35680070986295 0
2 0 20.08034996632577 0
3 0 20.01422912351095 0

0 1 20.59855582301375 0
1 1 20.378206877183025 0
2 1 20.237826318205748 0
3 1 20.04963665114152 0

0 2 21.678376289842653 1
1 2 21.688602809916095 1
2 2 21.427533608285668 1
3 2 20.225416670365696 0

0 3 21.612229705106486 1
1 3 21.678243248528762 1
2 3 21.44402264071668 1
3 3 20.223651697229577 0


# 20.0 20.0 1.6886028099160946
0 0 21.568921233894912 1
1 0 20.36614481697755 0
2 0 20.084393670844417 0
3 0 20.015325238928387 0

0 1 20.61692253125822 0
1 1 20.394966904794533 0
2 1 20.249889024952665 0
3 1 20.053439483004535 0

0 2 21.71489754622463 1
1 2 21.730137570734126 1
2 2 21.462805585969186 1
3 2 20.236827931404775 0

0 3 21.654907125259694 1
1 3 21.72570584013108 1
2 3 21.484319647286537 1
3 3 20.236254007073608 0


# 20.0 20.0 1.7301375707341258
0 0 21.584236877653524 1
1 0 20.375529904104003 0
2 0 20.088538066684773 0
3 0 20.01647726092324 0

0 1 20.635341000889447 0
1 1 20.411899263372558 0
2 1 20.26209454054331 0
3 1 20.0573798215128 0

0 2 21.751116477645795 1
1 2 21.771309293344313 1
2 2 21.497645534793612 1
3 2 20.248376510646334 0

0 3 21.69705233656367 1
1 3 21.77265837017191 1
2 3 21.524056917044973 1
3 3 20.249018063951254 0


# 20.0 20.0 1.7726583701719107
0 0 21.59933480091792 1
1 0 20.384954913703336 0
2 0 20.092781788466052 0
3 0 20.017686018849748 0

0 1 20.653804885355324 0
1 1 20.42899406232603 0
2 1 20.27443561708241 0
3 1 20.061455846768204 0

0 2 21.787035583767832 1
1 2 21.812122449876497 1
2 2 21.53206644705932 1
3 2 20.260055181492532 0

0 3 21.738674779894655 1
1 3 21.819104968386483 1
2 3 21.563248800281848 1
3 3 20.2619330614303 0


# 20.119999999999997 20.0 1.8191049683864833
0 0 21.614943865673578 1
1 0 20.394787443925384 0
2 0 20.097487862308768 0
3 0 20.01967664668008 0

0 1 20.67267676231161 0
1 1 20.44625061461273 0
2 1 20.286909836711445 0
3 1 20.06603440118255 0

0 2 21.823021777154576 1
1 2 21.852585897968982 1
2 2 21.56608085419793 1
3 2 20.272221443671576 0

0 3 21.78050800876494 1
1 3 21.86541867219844 1
2 3 21.60227354172393 1
3 3 20.27571741104356 0


# 20.239999999999995 20.0 1.865418672198441
0 0 21.631775456984172 1
1 0 20.405392538487387 0
2 0 20.103017120354345 0
3 0 20.023156905658038 0

0 1 20.69231691247954 0
1 1 20.463677047339086 0
2 1 20.299523877626182 0
3 1 20.07147978305635 0

0 2 21.859439792344645 1
1 2 21.89271717125943 1
2 2 21.599709805607805 1
3 2 20.285231027033863 0

0 3 21.823268022023917 1
1 3 21.911970192786193 1
2 3 21.64150682188478 1
3 3 20.291072438433012 0


# 20.359999999999992 20.0 1.9119701927861925
0 0 21.649804053944344 1
1 0 20.41676403053057 0
2 0 20.10936373906524 0
3 0 20.028093379319806 0

0 1 20.712714652878937 0
1 1 20.48128118585435 0
2 1 20.312288745663132 0
3 1 20.077784989992185 0

0 2 21.89628771922012 1
1 2 21.9325377338806 1
2 2 21.63298250688018 1
3 2 20.299073403122105 0

0 3 21.866929468175133 1
1 3 21.958759132976457 1
2 3 21.680957304305092 1
3 3 20.30795419913855 0


# 20.47999999999999 20.0 1.958759132976457
0 0 21.669004852203262 1
1 0 20.428895738573758 0
2 0 20.116521796387183 0
3 0 20.034453699100844 0

0 1 20.733859522545355 0
1 1 20.499070669821297 0
2 1 20.32521520542827 0
3 1 20.08494292810433 0

0 2 21.933563555708087 1
1 2 21.972068433038963 1
2 2 21.665927118700665 1
3 2 20.313738211142297 0

0 3 21.911467879585043 1
1 3 22.005785172794596 1
2 3 21.720633095411884 1
3 3 20.326320303648213 0


# 20.599999999999987 20.0 2.005785172794596
0 0 21.689353740657374 1
1 0 20.44178147203605 0
2 0 20.124485285457702 0
3 0 20.042206504495958 0

0 1 20.75574127819269 0
1 1 20.517052954334225 0
2 1 20.338313775006878 0
3 1 20.09294642701169 0

0 2 21.971265217458146 1
1 2 22.011329513812544 1
2 2 21.698570792147517 1
3 2 20.32921525654801 0

0 3 21.956859640603014 1
1 3 22.05304806253515 1
2 3 21.760541775304556 1
3 3 20.346129857099108 0


# 20.719999999999985 20.0 2.053048062535151
0 0 21.710827278996454 1
1 0 20.455415036435994 0
2 0 20.133248127259744 0
3 0 20.051321404985362 0

0 1 20.778349889918065 0
1 1 20.535235311108263 0
2 1 20.351594721696873 0
3 1 20.101788253675963 0

0 2 22.009390546856906 1
1 2 22.050340633701317 1
2 2 21.730939702771447 1
3 2 20.345494509535552 0

0 3 22.00308195685401 1
1 3 22.100547616298993 1
2 3 21.800690426855798 1
3 3 20.367343401480237 0


# 20.719999999999985 19.0 2.100547616298993
0 0 21.73268267606883 -1
1 0 20.469421598278924 -1
2 0 20.14243975861437 0
3 0 20.061044570553374 0

0 1 20.801306896949914 0
1 1 20.553615982382592 0
2 1 20.365063579424756 0
3 1 20.111092378935737 0

0 2 22.04757289773898 1
1 2 22.08911639767396 1
2 2 21.7630589760003 1
3 2 20.362201677212052 0

0 3 22.049388452575723 1
1 3 22.1479149597397 1
2 3 21.8407212369745 1
3 3 20.38919411399719 0


# 20.719999999999985 19.0 3.147914959739701
0 0 21.634194841673096 -1
1 0 20.42198889814325 -1
2 0 20.150954453330023 0
3 0 20.070631528000643 0

0 1 20.822796611939552 0
1 1 20.571430001074404 0
2 1 20.378698957324453 0
3 1 20.12048488497088 0

0 2 22.085430453580216 1
1 2 22.127652823270346 1
2 2 21.79494344148966 1
3 2 20.37896467605464 0

0 3 22.095050613242837 1
1 3 22.194783627512486 1
2 3 21.88027799921756 1
3 3 20.410934037996554 0


# 20.719999999999985 19.0 3.1947836275124857
0 0 21.53894125349386 -1
1 0 20.375721272916014 -1
2 0 20.158834987389056 0
3 0 20.080080631460937 0

0 1 20.782908774735873 -1
1 1 20.587981142961794 0
2 1 20.392468340854617 0
3 1 20.129962683582548 0

0 2 22.122229721064834 1
1 2 22.165924742949713 1
2 2 21.826597785407074 1
3 2 20.39577809374418 0

0 3 22.140072951349023 1
1 3 22.241158023479155 1
2 3 21.919370601413018 1
3 3 20.432562196970565 0


# 20.719999999999985 19.0 3.241158023479155
0 0 21.446082928939905 -1
1 0 20.33057576816503 -1
2 0 20.166121414804483 0
3 0 20.08939073790899 0

0 1 20.744222131712565 -1
1 1 20.543356339903813 -1
2 1 20.40562231917797 0
3 1 20.139513744682056 0

0 2 22.158018710692247 1
1 2 22.203189925601915 1
2 2 21.85800862298678 1
3 2 20.412636428582598 0

0 3 22.184460445910513 1
1 3 22.287033638168136 1
2 3 21.958008289651175 1
3 3 20.45407769449843 0


# 20.719999999999985 19.0 3.287033638168136
0 0 21.3555615182966 -1
1 0 20.285792057178156 -1
2 0 20.172833976753875 0
3 0 20.098560844001497 0

0 1 20.70596804100735 -1
1 1 20.500482103704016 -1
2 1 20.41820250923495 0
3 1 20.14912696478724 0

0 2 22.19282534579341 -1
1 2 22.23949700570085 1
2 2 21.88916433988145 1
3 2 20.429534126572133 0

0 3 22.228218177665273 1
1 3 22.332406907041282 1
2 3 21.99619972878288 1
3 3 20.475479703760747 0


# 20.719999999999985 19.0 3.332406907041282
0 0 21.267302424816148 -1
1 0 20.241396212839962 -1
2 0 20.178992864523128 0
3 0 20.10759009156917 0

0 1 20.668164701776803 -1
1 1 20.459266087880852 -1
2 1 20.43024739187654 0
3 1 20.15879209158639 0

0 2 22.106677239891802 -1
1 2 22.153451324323555 -1
2 2 21.7985976424258 -1
3 2 20.44500812650938 0

0 3 22.26991133303252 1
1 3 22.375800565579215 1
2 3 22.032477875115188 1
3 3 20.496732266444855 0


# 20.719999999999985 19.0 3.3758005655792154
0 0 21.181234268498166 -1
1 0 20.19741149055151 -1
2 0 20.184618151901123 0
3 0 20.11647777119453 0

0 1 20.62938791545743 -1
1 1 20.41814729312908 -1
2 1 20.440317379214978 0
3 1 20.168464463062787 0

0 2 22.023149802690106 -1
1 2 22.069474004401915 -1
2 2 21.71211228421226 -1
3 2 20.459165493360622 0

0 3 22.309621929462583 1
1 3 22.417275827532645 1
2 3 22.066947248898625 1
3 3 20.51780325775995 0


# 20.599999999999987 18.0 3.417275827532645
0 0 21.096551427704338 -1
1 0 20.15347201042116 -1
2 0 20.189347395451243 0
3 0 20.124498313733692 0

0 1 20.5893678052905 -1
1 1 20.37710779745083 -1
2 1 20.448546528294784 0
3 1 20.17773547963882 0

0 2 21.94175907584698 -1
1 2 21.987518312011137 -1
2 2 21.629477025560853 -1
3 2 20.47174073179499 0

0 3 22.346703958842486 1
1 3 22.4565242770133 1
2 3 22.09934111916889 1
3 3 20.53793532269216 0


# 20.47999999999999 18.0 4.456524277013301
0 0 21.012469654095522 -1
1 0 20.109213284147444 -1
2 0 20.192821902356403 0
3 0 20.13094306302322 0

0 1 20.547830395797018 -1
1 1 20.336123925416196 -1
2 1 20.4550501949323 0
3 1 20.186203397370996 0

0 2 21.862029826661217 -1
1 2 21.90752729369042 -1
2 2 21.55046604040897 -1
3 2 20.482462878185267 0

0 3 22.32052526556825 0
1 3 22.492518981519872 1
2 3 22.12937983629925 1
3 3 20.556391763649057 0


# 20.359999999999992 18.0 4.492518981519872
0 0 20.928945270707416 -1
1 0 20.06464101939501 -1
2 0 20.195050993785642 0
3 0 20.135844165448265 0

0 1 20.50486670744696 -1
1 1 20.295174999581796 -1
2 1 20.459930530749318 0
3 1 20.19384170557401 0

0 2 21.783139605141915 -1
1 2 21.829421579113113 -1
2 2 21.474858008361505 -1
3 2 20.4914205350325 0

0 3 22.293334259047736 0
1 3 22.405378812389557 -1
2 3 22.035705426187484 -1
3 3 20.57172717169233 0


# 20.239999999999995 18.0 4.492518981519872
0 0 20.845937333684052 -1
1 0 20.01976005650504 -1
2 0 20.196045269079075 0
3 0 20.139232419187966 0

0 1 20.460553328995083 -1
1 1 20.25424258554622 -1
2 1 20.46328171609608 0
3 1 20.2006275699837 0

0 2 21.705047451731826 -1
1 2 21.75168366561203 -1
2 2 21.40096992007529 -1
3 2 20.498660768502152 0

0 3 22.263699340891474 0
1 3 22.318765963461487 -1
2 3 21.94350335495036 -1
3 3 20.584050962992837 0


# 20.119999999999997 18.0 4.492518981519872
0 0 20.763407350297427 -1
1 0 19.9745744765909 -1
2 0 20.195816431120253 0
3 0 20.141137380110447 0

0 1 20.414962457828196 -1
1 1 20.213292969233528 -1
2 1 20.46517267640842 0
3 1 20.206540861944635 0

0 2 21.62767960433107 -1
1 2 21.67433135114787 -1
2 2 21.32870338172378 -1
3 2 20.504228558704998 0

0 3 22.231723511432893 0
1 3 22.23265249160648 -1
2 3 21.85270109607832 -1
3 3 20.593468284182496 0


# 20.0 18.0 4.492518981519872
0 0 20.681319128899748 -1
1 0 19.929087490925124 -1
2 0 20.19437691158253 0
3 0 20.141587447708797 0

0 1 20.368161535028985 -1
1 1 20.172295943352445 -1
2 1 20.465667393124058 0
3 1 20.211563946537414 0

0 2 21.550967657720484 -1
1 2 21.597378879985612 -1
2 2 21.257965330535754 -1
3 2 20.508166929974458 0

0 3 22.197504906813233 0
1 3 22.147012105553532 -1
2 3 21.76322899868629 -1
3 3 20.600080177095855 0


# 19.880000000000003 18.0 4.492518981519872
0 0 20.599638628570805 -1
1 0 19.88330155410834 -1
2 0 20.191739758035357 0
3 0 20.140609944046155 0

0 1 20.320213577313492 -1
1 1 20.131224474925904 -1
2 1 20.464825280374516 0
3 1 20.215681486635585 0

0 2 21.47484818446557 -1
1 2 21.520837294892072 -1
2 2 21.188667696717165 -1
3 2 20.510517071240912 0

0 3 22.161137053648186 0
1 3 22.061820037287003 -1
2 3 21.675020195674666 -1
3 3 20.60398373792339 0


# 19.760000000000005 18.0 4.492518981519872
0 0 20.518333819519317 -1
1 0 19.837218465465554 -1
2 0 20.187918532476505 0
3 0 20.13823118628984 0

0 1 20.271177484813254 -1
1 1 20.090054402436007 -1
2 1 20.46270153233572 0
3 1 20.218880261675288 0

0 2 21.39926238271826 -1
1 2 21.444714758967155 -1
2 2 21.12072708997336 -1
3 2 20.511318447323656 0

0 3 22.122709108756915 0
1 3 21.977052924481733 -1
2 3 21.58801051248487 -1
3 3 20.60527227087585 0


# 19.640000000000008 18.0 4.492518981519872
0 0 20.437374553419968 -1
1 0 19.79083945977599 -1
2 0 20.182927220253312 0
3 0 20.13447655336655 0

0 1 20.22110832651399 -1
1 1 20.048764160050194 -1
2 1 20.459347443567033 0
3 1 20.221149000016013 0

0 2 21.32415574897495 -1
1 2 21.369016849618493 -1
2 2 21.05406450869057 -1
3 2 20.510608901891054 0

0 3 22.082306084923147 0
1 3 21.892688703017818 -1
2 3 21.502138376751518 -1
3 3 20.60403543646803 0


# 19.640000000000008 18.0 4.492518981519872
0 0 20.357452442932328 -1
1 0 19.74453392834423 -1
2 0 20.177144572106005 0
3 0 20.130094920310817 0

0 1 20.17042624502389 -1
1 1 20.007343373966428 -1
2 1 20.454815183733164 0
3 1 20.22284697008656 0

0 2 21.249842197672788 -1
1 2 21.293751306236977 -1
2 2 20.988605177496773 -1
3 2 20.508789179020248 0

0 3 22.040733436674202 0
1 3 21.809075254927023 -1
2 3 21.417709155354657 -1
3 3 20.601088140767683 0


# 19.640000000000008 18.0 4.492518981519872
0 0 20.279243677067182 -1
1 0 19.698668282831445 -1
2 0 20.17094744072006 0
3 0 20.125817036109307 0

0 1 20.119545493717364 -1
1 1 19.965792255214268 -1
2 1 20.449162357036183 0
3 1 20.224332620208916 0

0 2 21.176637188210073 -1
1 2 21.21893256204778 -1
2 2 20.924287248018434 -1
3 2 20.506256529609338 0

0 3 21.998775582271577 0
1 3 21.726559101816175 -1
2 3 21.33502858471699 -1
3 3 20.59722438907196 0


# 19.640000000000008 18.0 4.492518981519872
0 0 20.20268947001135 -1
1 0 19.653237364943873 -1
2 0 20.164346249306888 0
3 0 20.12163176924356 0

0 1 20.068506009942464 -1
1 1 19.924112286491628 -1
2 1 20.442447504746756 0
3 1 20.225594679803336 0

0 2 21.10449299615639 -1
1 2 21.14457721865928 -1
2 2 20.861061178166338 -1
3 2 20.503040318330246 0

0 3 21.95647228648547 0
1 3 21.645116556618238 -1
2 3 21.254038209645156 -1
3 3 20.592489253401077 0


# 19.640000000000008 18.0 4.492518981519872
0 0 20.127733569589576 -1
1 0 19.608235700880886 -1
2 0 20.157351486534452 0
3 0 20.117528379546847 0

0 1 20.01734482375173 -1
1 1 19.882306159716492 -1
2 1 20.434725786569558 0
3 1 20.226623237064956 0

0 2 21.03336502226458 -1
1 2 21.070699699164823 -1
2 2 20.79888028977887 -1
3 2 20.499168538323314 0

0 3 21.91386106311859 0
1 3 21.564724848903413 -1
2 3 21.17468173754506 -1
3 3 20.586925843589057 0


# 19.640000000000008 18.0 4.492518981519872
0 0 20.054322127379944 -1
1 0 19.56365755872746 -1
2 0 20.149973664798132 0
3 0 20.113496520705517 0

0 1 19.96609626086649 -1
1 1 19.84037761571404 -1
2 1 20.42604920650249 0
3 1 20.227409632294602 0

0 2 20.963211575607264 -1
1 2 20.997312445564955 -1
2 2 20.737700579004716 -1
3 2 20.494667892372394 0

0 3 21.870977301940446 0
1 3 21.485362063070074 -1
2 3 21.096904966396135 -1
3 3 20.580575387525073 0


# 19.640000000000008 18.0 4.492518981519872
0 0 19.982403576629395 -1
1 0 19.519496999546604 -1
2 0 20.142223283597666 0
3 0 20.109526240950824 0

0 1 19.914792131125505 -1
1 1 19.79833129955264 -1
2 1 20.416466822123766 0
3 1 20.227946359203592 0

0 2 20.89399367197533 -1
1 2 20.92442609954107 -1
2 2 20.67748054057769 -1
3 2 20.48956386834043 0

0 3 21.827854387891136 0
1 3 21.40700708186707 -1
2 3 21.020655713927134 -1
3 3 20.57347730856138 0


# 19.760000000000005 18.0 4.492518981519872
0 0 19.9126485174388 -1
1 0 19.476116562772717 -1
2 0 20.13447522119673 0
3 0 20.1063323552414 0

0 1 19.863830543485836 -1
1 1 19.756181477509195 -1
2 1 20.406029417843673 0
3 1 20.228595719814148 0

0 2 20.826039270123385 -1
1 2 20.852054147204026 -1
2 2 20.618181112397743 -1
3 2 20.48424523555941 0

0 3 21.78524818615094 0
1 3 21.33000828099604 -1
2 3 20.946248174365657 -1
3 3 20.56639804637227 0


# 19.880000000000003 18.0 4.492518981519872
0 0 19.845712536086108 -1
1 0 19.433876097953767 -1
2 0 20.127102116358934 0
3 0 20.104612764486784 0

0 1 19.813604860064054 -1
1 1 19.71395154086554 -1
2 1 20.394793971660413 0
3 1 20.229718523242433 0

0 2 20.75967650709923 -1
1 2 20.780217357434534 -1
2 2 20.559774475870892 -1
3 2 20.479097628211743 0

0 3 21.74389546890665 0
1 3 21.254712265202688 -1
2 3 20.87399636849165 -1
3 3 20.56008484466331 0


# 20.0 18.0 4.492518981519872
0 0 19.781516656283223 -1
1 0 19.392764145601802 -1
2 0 20.120109878052848 0
3 0 20.104324645780803 0

0 1 19.764135192392338 -1
1 1 19.671664794909063 -1
2 1 20.382819073085617 0
3 1 20.231305241431187 0

0 2 20.694869070025863 -1
1 2 20.70893917154978 -1
2 2 20.502243527925156 -1
3 2 20.474139131195088 0

0 3 21.703790208048755 0
1 3 21.181095059041258 -1
2 3 20.803849602194557 -1
3 3 20.55453765505611 0


# 20.119999999999997 18.0 4.492518981519872
0 0 19.719984848712958 -1
1 0 19.352769165746626 -1
2 0 20.113504217789984 0
3 0 20.105426672043347 0

0 1 19.715439738875634 -1
1 1 19.62934449054452 -1
2 1 20.370160527309796 0
3 1 20.233347137257656 0

0 2 20.631582598506466 -1
1 2 20.6382412794276 -1
2 2 20.44557252506627 -1
3 2 20.469386775493454 0

0 3 21.664925892449574 0
1 3 21.109133267850385 -1
2 3 20.73575884027806 -1
3 3 20.549756046863347 0


# 20.239999999999995 18.0 4.492518981519872
0 0 19.661043901014757 -1
1 0 19.31387957209746 -1
2 0 20.10729064190021 0
3 0 20.10787896519968 0

0 1 19.667534921723647 -1
1 1 19.587013750605085 -1
2 1 20.356871510656877 0
3 1 20.235836204509035 0

0 2 20.569784554492404 -1
1 2 20.568143747191247 -1
2 2 20.389746974346526 -1
3 2 20.464856601631357 0

0 3 21.627295574189503 0
1 3 21.038804048540573 -1
2 3 20.669676653823387 -1
3 3 20.545739228241725 0


# 20.359999999999992 18.0 4.492518981519872
0 0 19.60462329450408 -1
1 0 19.27608376231348 -1
2 0 20.10147444579844 0
3 0 20.111643050256184 0

0 1 19.620435514206473 -1
1 1 19.544695504988457 -1
2 1 20.343002715701058 0
3 1 20.238765112330718 0

0 2 20.50944410123077 -1
1 2 20.498665134875342 -1
2 2 20.334753532850268 -1
3 2 20.46056371884391 0

0 3 21.590891911315936 0
1 3 20.970085082902045 -1
2 3 20.605557168490733 -1
3 3 20.54248606667304 0


# 20.47999999999999 18.0 4.492518981519872
0 0 19.55065508722017 -1
1 0 19.2393701447524 -1
2 0 20.09606071000342 0
3 0 20.116681810314972 0

0 1 19.574154758931073 -1
1 1 19.50241243380013 -1
2 1 20.32860248681522 0
3 1 20.242127153804518 0

0 2 20.450531990640545 -1
1 2 20.42982260488364 -1
2 2 20.280579915021857 -1
3 2 20.45652236027846 0

0 3 21.555707207391073 0
1 3 20.902954553189346 -1
2 3 20.543356013832735 -1
3 3 20.539995108762145 0


# 20.47999999999999 18.0 4.492518981519872
0 0 19.49835380292445 -1
1 0 19.203358522033536 -1
2 0 20.090689874013243 0
3 0 20.122235069477448 0

0 1 19.52833583778435 -1
1 1 19.460178070395926 -1
2 1 20.313712467606916 0
3 1 20.245547452113083 0

0 2 20.392656034834353 -1
1 2 20.361627542730524 -1
2 2 20.227214699714192 -1
3 2 20.452381508273838 0

0 3 21.52100907498128 0
1 3 20.837022373533927 -1
2 3 20.482665847435882 -1
3 3 20.537535853115223 0


# 20.47999999999999 18.0 4.492518981519872
0 0 19.446953398336984 -1
1 0 19.167671320221082 -1
2 0 20.08500432559235 0
3 0 20.127561228308725 0

0 1 19.482623182640214 -1
1 1 19.417997137175306 -1
2 1 20.298363432536924 0
3 1 20.248654133153767 0

0 2 20.335427598975535 -1
1 2 20.294081362392248 -1
2 2 20.174638299935577 -1
3 2 20.44779142436079 0

0 3 21.486082147952068 0
1 3 20.771901386138865 -1
2 3 20.423082788313852 -1
3 3 20.53439505295517 0


