# 20.0 20.0 0.0
0 0 20.0 0
1 0 20.0 0
2 0 20.0 0
3 0 20.0 0

0 1 20.0 0
1 1 20.0 0
2 1 20.0 0
3 1 20.0 0

0 2 20.0 0
1 2 20.0 0
2 2 20.0 0
3 2 20.0 0

0 3 20.0 0
1 3 20.0 0
2 3 20.0 0
3 3 20.0 0


# 20.0 20.0 0.0
0 0 20.0 0
1 0 20.0 0
2 0 20.0 0
3 0 20.0 0

0 1 20.0 0
1 1 20.0 0
2 1 20.0 0
3 1 20.0 0

0 2 20.0 0
1 2 20.0 0
2 2 20.0 0
3 2 20.0 0

0 3 20.0 0
1 3 20.0 0
2 3 20.0 0
3 3 20.0 0


# 20.0 20.0 0.0
0 0 20.0 0
1 0 20.0 0
2 0 20.0 0
3 0 20.0 0

0 1 20.0 0
1 1 20.0 0
2 1 20.0 0
3 1 20.0 0

0 2 20.0 0
1 2 20.0 0
2 2 20.0 0
3 2 20.0 0

0 3 20.0 0
1 3 20.0 0
2 3 20.0 0
3 3 20.0 0


# 20.0 20.0 0.0
0 0 20.0 0
1 0 20.0 0
2 0 20.0 0
3 0 20.0 0

0 1 20.0 0
1 1 20.0 0
2 1 20.0 0
3 1 20.0 0

0 2 20.0 0
1 2 20.0 0
2 2 20.0 0
3 2 20.0 0

0 3 20.0 0
1 3 20.0 0
2 3 20.0 0
3 3 20.0 0


# 20.0 20.0 0.0
0 0 20.0 0
1 0 20.0 0
2 0 20.0 0
3 0 20.0 0

0 1 20.0 0
1 1 20.0 0
2 1 20.0 0
3 1 20.0 0

0 2 20.0 0
1 2 20.0 0
2 2 20.0 0
3 2 20.0 0

0 3 20.0 0
1 3 20.0 0
2 3 20.0 0
3 3 20.0 0


# 20.0 20.0 0.0
0 0 20.0 0
1 0 20.0 0
2 0 20.0 0
3 0 20.0 0

0 1 20.0 0
1 1 20.0 0
2 1 20.0 0
3 1 20.0 0

0 2 20.0 0
1 2 20.0 0
2 2 20.0 0
3 2 20.0 0

0 3 20.0 0
1 3 20.0 0
2 3 20.0 0
3 3 20.0 0


# 20.0 20.0 0.0
0 0 20.0 0
1 0 20.0 0
2 0 20.0 0
3 0 20.0 0

0 1 20.0 0
1 1 20.0 0
2 1 20.0 0
3 1 20.0 0

0 2 20.0 0
1 2 20.0 0
2 2 20.0 0
3 2 20.0 0

0 3 20.0 0
1 3 20.0 0
2 3 20.0 0
3 3 20.0 0


# 20.0 20.0 0.0
0 0 20.0 0
1 0 20.0 0
2 0 20.0 0
3 0 20.0 0

0 1 20.0 0
1 1 20.0 0
2 1 20.0 0
3 1 20.0 0

0 2 20.0 0
1 2 20.0 0
2 2 20.0 0
3 2 20.0 0

0 3 20.0 0
1 3 20.0 0
2 3 20.0 0
3 3 20.0 0


# 20.0 20.0 0.0
0 0 20.0 0
1 0 20.0 0
2 0 20.0 0
3 0 20.0 0

0 1 20.0 0
1 1 20.0 0
2 1 20.0 0
3 1 20.0 0

0 2 20.0 0
1 2 20.0 0
2 2 20.0 0
3 2 20.0 0

0 3 20.0 0
1 3 20.0 0
2 3 20.0 0
3 3 20.0 0


# 20.0 20.0 0.0
0 0 20.0 0
1 0 20.0 0
2 0 20.0 0
3 0 20.0 0

0 1 20.0 0
1 1 20.0 0
2 1 20.0 0
3 1 20.0 0

0 2 20.0 0
1 2 20.0 0
2 2 20.0 0
3 2 20.0 0

0 3 20.0 0
1 3 20.0 0
2 3 20.0 0
3 3 20.0 0


# 20.0 20.0 0.0
0 0 20.0 0
1 0 20.0 0
2 0 20.0 0
3 0 20.0 0

0 1 20.0 0
1 1 20.0 0
2 1 20.0 0
3 1 20.0 0

0 2 20.0 0
1 2 20.0 0
2 2 20.0 0
3 2 20.0 0

0 3 20.0 0
1 3 20.0 0
2 3 20.0 0
3 3 20.0 0


# 20.0 20.0 0.0
0 0 20.0 0
1 0 20.0 0
2 0 20.0 0
3 0 20.0 0

0 1 20.0 0
1 1 20.0 0
2 1 20.0 0
3 1 20.0 0

0 2 20.0 0
1 2 20.0 0
2 2 20.0 0
3 2 20.0 0

0 3 20.0 0
1 3 20.0 0
2 3 20.0 0
3 3 20.0 0


# 20.0 20.0 0.0
0 0 20.0 0
1 0 20.0 0
2 0 20.0 0
3 0 20.0 0

0 1 20.0 0
1 1 20.0 0
2 1 20.0 0
3 1 20.0 0

0 2 20.0 0
1 2 20.0 0
2 2 20.0 0
3 2 20.0 0

0 3 20.0 0
1 3 20.0 0
2 3 20.0 0
3 3 20.0 0


# 20.0 20.0 0.0
0 0 20.0 0
1 0 20.0 0
2 0 20.0 0
3 0 20.0 0

0 1 20.0 0
1 1 20.0 0
2 1 20.0 0
3 1 20.0 0

0 2 20.0 0
1 2 20.0 0
2 2 20.0 0
3 2 20.0 0

0 3 20.0 0
1 3 20.0 0
2 3 20.0 0
3 3 20.0 0


# 20.0 20.0 0.0
0 0 20.0 0
1 0 20.0 0
2 0 20.0 0
3 0 20.0 0

0 1 20.0 0
1 1 20.0 0
2 1 20.0 0
3 1 20.0 0

0 2 20.0 0
1 2 20.0 0
2 2 20.0 0
3 2 20.0 0

0 3 20.0 0
1 3 20.0 0
2 3 20.0 0
3 3 20.0 0


# 20.0 20.0 0.0
0 0 20.0 0
1 0 20.0 0
2 0 20.0 0
3 0 20.0 0

0 1 20.0 0
1 1 20.0 0
2 1 20.0 0
3 1 20.0 0

0 2 20.0 0
1 2 20.0 0
2 2 20.0 0
3 2 20.0 0

0 3 20.0 0
1 3 20.0 0
2 3 20.0 0
3 3 20.0 0


# 20.0 20.0 0.0
0 0 20.0 0
1 0 20.0 0
2 0 20.0 0
3 0 20.0 0

0 1 20.0 0
1 1 20.0 0
2 1 20.0 0
3 1 20.0 0

0 2 20.0 0
1 2 20.0 0
2 2 20.0 0
3 2 20.0 0

0 3 20.0 0
1 3 20.0 0
2 3 20.0 0
3 3 20.0 0


# 20.0 20.0 0.0
0 0 20.0 0
1 0 20.0 0
2 0 20.0 0
3 0 20.0 0

0 1 20.0 0
1 1 20.0 0
2 1 20.0 0
3 1 20.0 0

0 2 20.0 0
1 2 20.0 0
2 2 20.0 0
3 2 20.0 0

0 3 20.0 0
1 3 20.0 0
2 3 20.0 0
3 3 20.0 0


# 20.0 20.0 0.0
0 0 20.0 0
1 0 20.0 0
2 0 20.0 0
3 0 20.0 0

0 1 20.0 0
1 1 20.0 0
2 1 20.0 0
3 1 20.0 0

0 2 20.0 0
1 2 20.0 0
2 2 20.0 0
3 2 20.0 0

0 3 20.0 0
1 3 20.0 0
2 3 20.0 0
3 3 20.0 0


# 20.0 20.0 0.0
0 0 20.0 0
1 0 20.0 0
2 0 20.0 0
3 0 20.0 0

0 1 20.0 0
1 1 20.0 0
2 1 20.0 0
3 1 20.0 0

0 2 20.0 0
1 2 20.0 0
2 2 20.0 0
3 2 20.0 0

0 3 20.0 0
1 3 20.0 0
2 3 20.0 0
3 3 20.0 0


# 20.0 20.0 0.0
0 0 20.0 0
1 0 20.0 0
2 0 20.0 0
3 0 20.0 0

0 1 20.0 0
1 1 20.0 0
2 1 20.0 0
3 1 20.0 0

0 2 20.0 0
1 2 20.0 0
2 2 20.0 0
3 2 20.0 0

0 3 20.0 0
1 3 20.0 0
2 3 20.0 0
3 3 20.0 0


# 20.0 20.0 0.0
0 0 20.0 0
1 0 20.0 0
2 0 20.0 0
3 0 20.0 0

0 1 20.0 0
1 1 20.0 0
2 1 20.0 0
3 1 20.0 0

0 2 20.0 0
1 2 20.0 0
2 2 20.0 0
3 2 20.0 0

0 3 20.0 0
1 3 20.0 0
2 3 20.0 0
3 3 20.0 0


# 20.0 20.0 0.0
0 0 20.0 0
1 0 20.0 0
2 0 20.0 0
3 0 20.0 0

0 1 20.0 0
1 1 20.0 0
2 1 20.0 0
3 1 20.0 0

0 2 20.0 0
1 2 20.0 0
2 2 20.0 0
3 2 20.0 0

0 3 20.0 0
1 3 20.0 0
2 3 20.0 0
3 3 20.0 0


# 20.0 20.0 0.0
0 0 20.0 0
1 0 20.0 0
2 0 20.0 0
3 0 20.0 0

0 1 20.0 0
1 1 20.0 0
2 1 20.0 0
3 1 20.0 0

0 2 20.0 0
1 2 20.0 0
2 2 20.0 0
3 2 20.0 0

0 3 20.0 0
1 3 20.0 0
2 3 20.0 0
3 3 20.0 0


# 20.0 20.0 0.0
0 0 20.0 0
1 0 20.0 0
2 0 20.0 0
3 0 20.0 0

0 1 20.0 0
1 1 20.0 0
2 1 20.0 0
3 1 20.0 0

0 2 20.0 0
1 2 20.0 0
2 2 20.0 0
3 2 20.0 0

0 3 20.0 0
1 3 20.0 0
2 3 20.0 0
3 3 20.0 0


# 20.0 20.0 0.0
0 0 20.0 0
1 0 20.06 1
2 0 20.00072 0
3 0 20.00000864 0

0 1 20.0 0
1 1 20.00072 0
2 1 20.00001728 0
3 1 20.00000031104 0

0 2 20.0 0
1 2 20.00000864 0
2 2 20.00000031104 0
3 2 20.00000000746496 0

0 3 20.0 0
1 3 20.00000010368 0
2 3 20.00000000497664 0
3 3 20.0000000001493 0


# 20.0 20.0 0.05999999999999872
0 0 20.06072 1
1 0 20.11822592 1
2 0 20.062108782080003 1
3 0 20.00075363807744 0

0 1 20.00073728 0
1 1 20.002113309440002 0
2 1 20.000787123123203 0
3 1 20.000018787200307 0

0 2 20.00000895104 0
1 2 20.0000336973824 0
2 2 20.000010146105446 0
3 2 20.000000354352892 0

0 3 20.00000010865664 0
1 3 20.00000050505763 0
2 3 20.00000013258337 0
3 3 20.00000000598716 0


# 20.0 20.0 0.11822592000000043
0 0 20.1199616384 1
1 0 20.17547063611904 1
2 0 20.121624350000477 1
3 0 20.002186224753064 0

0 1 20.00217132102656 0
1 1 20.004153423918698 0
2 1 20.002259021699988 0
3 1 20.000071345347568 0

0 2 20.00003503662111 0
1 2 20.00008246924848 0
2 2 20.000037762827002 0
3 2 20.000001648840012 0

0 3 20.000000531245146 0
1 3 20.000001481442133 0
2 3 20.000000598017944 0
3 3 20.00000003273392 0


# 20.0 20.0 0.1754706361190408
0 0 20.177774722903347 1
1 0 20.231743499363912 1
2 0 20.17935039225026 1
3 0 20.06426058151313 1

0 1 20.064263683744763 1
1 1 20.007534243659286 0
2 1 20.0043945135874 0
3 1 20.000892229770255 0

0 2 20.000805725293883 0
1 2 20.00017906128322 0
2 2 20.00009086007205 0
3 2 20.000013377059645 0

0 3 20.000010198601153 0
1 3 20.00000369751639 0
2 3 20.00000170798506 0
3 3 20.000000212576033 0


# 20.0 20.0 0.2317434993639118
0 0 20.23492691907613 1
1 0 20.287072011050455 1
2 0 20.236086401049562 1
3 0 20.124790944148494 1

0 1 20.124483811683834 1
1 1 20.0121661527349 0
2 1 20.007174404658727 0
3 1 20.002438500830305 0

0 2 20.002267961690357 0
1 2 20.00034481040579 0
2 2 20.0001769103899 0
3 2 20.000044202708693 0

0 3 20.000037091361992 0
1 3 20.000008145537738 0
2 3 20.000003859471732 0
3 3 20.00000078166946 0


# 20.0 20.0 0.287072011050455
0 0 20.291408219862202 1
1 0 20.341490915870097 1
2 0 20.29185224738161 1
3 0 20.18382995913769 1

0 1 20.182925599604562 1
1 1 20.077965406170094 1
2 1 20.01129923001237 0
3 1 20.004678164497737 0

0 2 20.00437239731583 0
1 2 20.001318533819273 0
2 2 20.00032040860333 0
3 2 20.000102338452173 0

0 3 20.000088322587203 0
1 3 20.000024732015692 0
2 3 20.00000784844138 0
3 3 20.00000207577208 0


# 20.0 20.0 0.3414909158700965
0 0 20.34721052213286 1
1 0 20.395752635511766 1
2 0 20.346685034887525 1
3 0 20.241428439001357 1

0 1 20.240397304328596 1
1 1 20.142008279117995 1
2 1 20.076681169617054 1
3 1 20.00830022495368 0

0 2 20.067090406557387 1
1 2 20.00376857011148 0
2 2 20.001271748109833 0
3 2 20.00021292882321 0

0 3 20.00089052463694 0
1 3 20.00007969658931 0
2 3 20.000023761052496 0
3 3 20.000004841322795 0


# 20.0 20.0 0.39575263551176576
0 0 20.402344742614158 1
1 0 20.449823481499706 1
2 0 20.401339460503667 1
3 0 20.297652691422797 1

0 1 20.297637938686268 1
1 1 20.205126815639307 1
2 1 20.140392932465915 1
3 1 20.01321071813817 0

0 2 20.127900173883194 1
1 2 20.067600219956788 1
2 2 20.00370946230814 0
3 2 20.000407086073864 0

0 3 20.00239422419568 0
1 3 20.00091656779502 0
2 3 20.000078333545403 0
3 3 20.000010492070604 0


# 20.0 20.0 0.4498234814997062
0 0 20.45682986892228 1
1 0 20.5036904490175 1
2 0 20.45578403603739 1
3 0 20.352565131581684 1

0 1 20.35461542756278 1
1 1 20.268076316836655 1
2 1 20.202543438107394 1
3 1 20.01932205584552 0

0 2 20.187623685040684 1
1 2 20.129879321782628 1
2 2 20.06752630627146 1
3 2 20.001432294709012 0

0 3 20.004570515158665 0
1 3 20.00249240999347 0
2 3 20.00091539403652 0
3 3 20.00003828662101 0


# 20.0 20.0 0.5036904490175012
0 0 20.51068366416004 1
1 0 20.557349978363174 1
2 0 20.509990609100445 1
3 0 20.406224538824095 1

0 1 20.411318183597594 1
1 1 20.330821744690706 1
2 1 20.26395328166914 1
3 1 20.026569850882435 0

0 2 20.24629270651544 1
1 2 20.191410712346716 1
2 2 20.129777583763566 1
3 2 20.003248766986438 0

0 3 20.00739139801106 0
1 3 20.004784338826475 0
2 3 20.00249214999752 0
3 3 20.00010579930646 0


# 20.0 20.0 0.5573499783631739
0 0 20.56392307019381 1
1 0 20.61079810435974 1
2 0 20.563942714616463 1
3 0 20.458686606212414 1

0 1 20.467735270143294 1
1 1 20.39334906936778 1
2 1 20.324647194772584 1
3 1 20.03489290796103 0

0 2 20.303946861407805 1
1 2 20.25220529239446 1
2 2 20.19053938059273 1
3 2 20.00581877582733 0

0 3 20.07083008208547 1
1 3 20.008489726889493 0
2 3 20.004777098579087 0
3 3 20.000229141024306 0


# 20.0 20.0 0.6107981043597412
0 0 20.61656424016087 1
1 0 20.664030856266372 1
2 0 20.617625496489588 1
3 0 20.510004109242175 1

0 1 20.523856710848513 1
1 1 20.45564519468951 1
2 1 20.384648565180296 1
3 1 20.044233063229665 0

0 2 20.36134379825262 1
1 2 20.312291655564618 1
2 2 20.249883923466093 1
3 2 20.00910654077522 0

0 3 20.132718201432102 1
1 3 20.073530601827045 1
2 3 20.008460184434576 0
3 3 20.000431692649947 0


# 20.0 20.0 0.6640308562663719
0 0 20.668622578320456 1
1 0 20.71704427953718 1
2 0 20.67102558908454 1
3 0 20.560227065137227 1

0 1 20.579682067848026 1
1 1 20.517698224161975 1
2 1 20.44397952365095 1
3 1 20.05453503212878 0

0 2 20.418463661824145 1
1 2 20.37241657303287 1
2 2 20.307897049002445 1
3 2 20.013078431348035 0

0 3 20.19384427734436 1
1 3 20.137338968968052 1
2 3 20.01345286921577 0
3 3 20.000734527321313 0


# 20.0 20.0 0.7170442795371805
0 0 20.720112881669543 1
1 0 20.769834460135613 1
2 0 20.724131006930076 1
3 0 20.609402883260994 1

0 1 20.635210718210278 1
1 1 20.57950600470256 1
2 1 20.50266133562887 1
3 1 20.065746272582224 0

0 2 20.47530584685058 1
1 2 20.432541151961576 1
2 2 20.36465879610818 1
3 2 20.017702812383558 0

0 3 20.254217621149788 1
1 3 20.19997327197932 1
2 3 20.019672247853613 0
3 3 20.001156585060592 0


# 20.0 20.0 0.7698344601356126
0 0 20.77104936006959 1
1 0 20.822397649270343 1
2 0 20.776931047056934 1
3 0 20.657576507299268 1

0 1 20.69044220258492 1
1 1 20.641066224550183 1
2 1 20.560714419602252 1
3 1 20.077816854005192 0

0 2 20.531869412991213 1
1 2 20.49262998913497 1
2 2 20.42024380752268 1
3 2 20.02294990122251 0

0 3 20.313847899008042 1
1 3 20.26148819618815 1
2 3 20.027040676509017 0
3 3 20.00171483493119 0


# 20.0 20.0 0.8223976492703429
0 0 20.82144566132935 1
1 0 20.874730263196227 1
2 0 20.829416197361716 1
3 0 20.7047905496529 1

0 1 20.7453762056628 1
1 1 20.70237645630293 1
2 1 20.618158367243655 1
3 1 20.090699331954404 0

0 2 20.58815314677125 1
1 2 20.55265088893791 1
2 2 20.474721702768548 1
3 2 20.028791635807014 0

0 3 20.372745070759265 1
1 3 20.32193493158272 1
2 3 20.03548542572703 0
3 3 20.002424425612073 0


# 20.0 20.0 0.874730263196227
0 0 20.8713148951478 1
1 0 20.926828882727733 1
2 0 20.881578050668015 1
3 0 20.751085418456864 1

0 1 20.800012539003628 1
1 1 20.763434194535343 1
2 1 20.675011964975077 1
3 1 20.104348628243187 0

0 2 20.64415561659127 1
1 2 20.612574603614625 1
2 2 20.528157424597143 1
3 2 20.035201552844548 0

0 3 20.43091933479002 1
1 3 20.381361416825825 1
2 3 20.044938357050913 0
3 3 20.003298825208784 0


# 20.0 20.0 0.9268288827277331
0 0 20.920669655983257 1
1 0 20.97869025246741 1
2 0 20.93340922417075 1
3 0 20.796499437621385 1

0 1 20.854351125970794 1
1 1 20.82423688856198 1
2 1 20.73129321664315 1
3 1 20.11872191634228 0

0 2 20.699875221466943 1
1 2 20.672374594058546 1
2 2 20.580611560863648 1
3 2 20.042154675254054 0

0 3 20.48838107839709 1
1 3 20.43981256567322 1
2 3 20.055335621475724 0
3 3 20.004349951062025 0


# 20.0 20.0 0.978690252467409
0 0 20.96952204490912 1
1 0 21.03031127975548 1
2 0 20.984903283963817 1
3 0 20.84106896027069 1

0 1 20.90839198853928 1
1 1 20.884781970858963 1
2 1 20.787019367028623 1
3 1 20.133778511886547 0

0 2 20.75531023409727 1
1 2 20.732026809521653 1
2 2 20.632140643621554 1
3 2 20.049627408172224 0

0 3 20.54514083317204 1
1 3 20.497330477084976 1
2 3 20.066617378234966 0
3 3 20.00558829026068 0


# 20.0 20.0 1.0303112797554803
0 0 21.01788369051193 1
1 0 21.081689033349768 1
2 0 21.036054674365126 1
3 0 20.884828475935965 1

0 1 20.962135235766247 1
1 1 20.94506688160573 1
2 1 20.842206925948997 1
3 1 20.149479768107998 0

0 2 20.810458838806703 1
1 2 20.79150948475804 1
2 2 20.68279742709309 1
3 2 20.057597442854533 0

0 3 20.601209234968547 1
1 3 20.553954630222947 1
2 3 20.078727532520016 0
3 3 20.007023011515788 0


# 20.0 20.0 1.0816890333497682
0 0 21.065765768882894 1
1 0 21.132820741847322 1
2 0 21.086858651766576 1
3 0 20.927810711840767 1

0 1 21.01558105373561 1
1 1 21.005089089764134 1
2 1 20.896871692744227 1
3 1 20.165788976016735 0

0 2 20.865319164858366 1
1 2 20.850802953232918 1
2 2 20.732631146048842 1
3 2 20.06604366785762 0

0 3 20.656596988050655 1
1 3 20.609722065439225 1
2 3 20.091613490830223 0
3 3 20.008662069005474 0


# 20.0 20.0 1.132820741847322
0 0 21.113179022750106 1
1 0 21.183703791861106 1
2 0 21.137311222749734 1
3 0 20.970046728599698 1

0 1 21.068729696807186 1
1 1 21.0648461110712 1
2 1 20.951028780963142 1
3 1 20.18267126915308 0

0 2 20.919889315591405 1
1 2 20.909889475135547 1
2 2 20.781687756015938 1
3 2 20.074946086937693 0

0 3 20.711314833053198 1
1 3 20.664667552279006 1
2 3 20.105225932742957 0
3 3 20.010512298757444 0


# 20.0 20.0 1.183703791861106
0 0 21.16013377979512 1
1 0 21.234335725966332 1
2 0 21.187409086220594 1
3 0 21.011566010634592 1

0 1 21.121581480018776 1
1 1 21.12433552328479 1
2 1 21.004692643093005 1
3 1 20.200093532736634 0

0 2 20.974167393795057 1
1 2 20.968753079033537 1
2 2 20.83001015662886 1
3 2 20.084285743143784 0

0 3 20.765373518416173 1
1 3 20.7188237454456 1
2 3 20.119518597977738 0
3 3 20.012579508095634 0


# 20.0 20.0 1.2343357259663321
0 0 21.206639970194317 1
1 0 21.28471424043214 1
2 0 21.237149579329245 1
3 0 21.052396551596537 1

0 1 21.17413677250528 1
1 1 21.183554978987885 1
2 1 21.057877095196734 1
3 1 20.21802431704094 0

0 2 21.028151523695126 1
1 2 21.027379416097016 1
2 2 20.877638399339656 1
3 2 20.09404464862546 0

0 3 20.81878377498288 1
1 3 20.77222132960558 1
2 3 20.134448087707163 0
3 3 20.01486855864018 0


# 20.0 20.0 1.284714240432141
0 0 21.25270714342257 1
1 0 21.334837182754868 1
2 0 21.286530626951993 1
3 0 21.092564935066978 1

0 1 21.226395991813323 1
1 1 21.24250221622681 1
2 1 21.110595341342 1
3 1 20.236433754825633 0

0 2 21.081839869894647 1
1 2 21.08575562590516 1
2 2 20.92460988061431 1
3 2 20.10420571971215 0

0 3 20.8715562934775 1
1 3 20.824889153847224 1
2 3 20.149973679140682 0
3 3 20.017383443315367 0


# 20.0 20.0 1.3348371827548675
0 0 21.298344484354175 1
1 0 21.38470254900956 1
2 0 21.335550694525033 1
3 0 21.132096410796773 1

0 1 21.278359599002872 1
1 1 21.30117506723104 1
2 1 21.162859997723938 1
3 1 20.255293482661752 0

0 2 21.135230653579697 1
1 2 21.14387021292498 1
2 2 20.970959521658845 1
3 2 20.11475271685587 0

0 3 20.923701704601434 1
1 3 20.876854356545646 1
2 3 20.166057152475013 0
3 3 20.020127357787985 0


# 20.0 20.0 1.3847025490095604
0 0 21.343560828693573 1
1 0 21.434308481036556 1
2 0 21.384208744029667 1
3 0 21.171014966728386 1

0 1 21.330028094438802 1
1 1 21.35957146543744 1
2 1 21.214683116398643 1
3 1 20.274576565989754 0

0 2 21.188322166272933 1
1 2 21.20171293282356 1
2 2 21.016719935641856 1
3 2 20.125670189060962 0

0 3 20.975230561509605 1
1 3 20.928142481332426 1
2 3 20.18266262936821 0
3 3 20.023102766728766 0


# 20.0 20.0 1.434308481036556
0 0 21.388364677766308 1
1 0 21.483653263479823 1
2 0 21.432504192939703 1
3 0 21.20934339703332 1

0 1 21.381402014186094 1
1 1 21.4176894510191 1
2 1 21.266076208558594 1
3 1 20.29425742775402 0

0 2 21.2411127813917 1
1 2 21.25927468784065 1
2 2 21.061921583308987 1
3 2 20.136943422453903 0

0 3 21.02615332444795 1
1 3 20.978777584816346 1
2 3 20.199756422152994 0
3 3 20.026311465261813 0


# 20.0 20.0 1.4836532634798232
0 0 21.43276421269871 1
1 0 21.53273532069356 1
2 0 21.48043687595166 1
3 0 21.247103366384586 1

0 1 21.43248192693159 1
1 1 21.475527175098478 1
2 1 21.31705026729314 1
3 1 20.314311780461928 0

0 2 21.29360096384389 1
1 2 21.31654743050911 1
2 2 21.106592917819064 1
3 2 20.148558392673355 0

0 3 21.076480347351747 1
1 3 21.028782336654224 1
2 3 20.21730689305939 0
3 3 20.02975463594118 0


# 20.0 20.0 1.5327353206935612
0 0 21.47676730801306 1
1 0 21.58155321353319 1
2 0 21.52800700932822 1
3 0 21.284315470672222 1

0 1 21.48326843136393 1
1 1 21.533082902806143 1
2 1 21.367615789788054 1
3 1 20.334716561520132 0

0 2 21.345785277873144 1
1 2 21.373524075066506 1
2 2 21.150760519570795 1
3 2 20.160501720785458 0

0 3 21.126221866221414 1
1 3 21.078178112526913 1
2 3 20.235284322767363 0
3 3 20.03343290156993 0


# 20.0 20.0 1.5815532135331907
0 0 21.520381544663355 1
1 0 21.63010563604637 1
2 0 21.575215157694515 1
3 0 21.320999294358597 1

0 1 21.533762153950754 1
1 1 21.590355015329667 1
2 1 21.417782798927608 1
3 1 20.355449871705147 0

0 2 21.397664393345337 1
1 2 21.430198415952585 1
2 2 21.194449221732594 1
3 2 20.17276063245256 0

0 3 21.17538798910791 1
1 3 21.126985080534716 1
2 3 20.253660787657182 0
3 3 20.03734637415473 0


# 20.0 20.0 1.6301056360463697
0 0 21.56361422253544 1
1 0 21.678391412079137 1
2 0 21.62206220313573 1
3 0 21.357173464659777 1

0 1 21.583963747059347 1
1 1 21.647342011082067 1
2 1 21.46756086427095 1
3 1 20.376490916630132 0

0 2 21.44923709065027 1
1 2 21.486565052834855 1
2 2 21.237682227136016 1
3 2 20.185322920104603 0

0 3 21.223988687554247 1
1 3 21.175222281488814 1
2 3 20.272410045168936 0
3 3 20.04149470026844 0


# 20.0 20.0 1.6783914120791366
0 0 21.606472372433824 1
1 0 21.726409491811634 1
2 0 21.66854931645294 1
3 0 21.392855702729022 1

0 1 21.633873887372847 1
1 1 21.704042506105612 1
2 1 21.51695912238184 1
3 1 20.39781995107425 0

0 2 21.500502264376102 1
1 2 21.54261932164806 1
2 2 21.28048121714513 1
3 2 20.198176907882065 0

0 3 21.272033789352673 1
1 3 21.22290770354032 1
2 3 20.29150742672329 0
3 3 20.04587710307404 0


# 20.0 20.0 1.7264094918116335
0 0 21.64896276757642 1
1 0 21.774158948237165 1
2 0 21.714677930442093 1
3 0 21.428062872008972 1

0 1 21.683493274559886 1
1 1 21.760455233814465 1
2 1 21.565986296497226 1
3 1 20.419418226045792 0

0 2 21.551458925899034 1
1 2 21.598357231173743 1
2 2 21.32286645306948 1
3 2 20.21131141913729 0

0 3 21.31953297248925 1
1 3 21.270058351556262 1
2 3 20.310929737693307 0
3 3 20.05049242124534 0


# 20.0 20.0 1.7741589482371651
0 0 21.691091934617234 1
1 0 21.82163897359769 1
2 0 21.760449715068773 1
3 0 21.462811023910024 1

0 1 21.73282263016034 1
1 1 21.81657904416852 1
2 1 21.61465071552559 1
3 1 20.441267938454743 0

0 2 21.602106205017154 1
1 2 21.65377540472314 1
2 2 21.364856870647095 1
3 2 20.22471574629769 0

0 3 21.366495760158518 1
1 3 21.316690311621798 1
2 3 20.330655163952358 0
3 3 20.055339145003508 0


# 20.0 20.0 1.8216389735976897
0 0 21.73286616421611 1
1 0 21.86884887578803 1
2 0 21.805866554418568 1
3 0 21.497115440963743 1

0 1 21.781862696654425 1
1 1 21.872412902360725 1
2 1 21.662960332370933 1
3 1 20.463352183275234 0

0 2 21.652443350744868 1
1 2 21.708871026520924 1
2 2 21.406470168085736 1
3 2 20.238379622909562 0

0 3 21.41293151674121 1
1 3 21.362818811020258 1
2 3 20.35066318455567 0
3 3 20.060415449472963 0


# 20.0 20.0 1.8724129023607254
0 0 21.774291521173637 1
1 0 21.915788074740366 1
2 0 21.850930525309888 1
3 0 21.53099067759207 1

0 1 21.83061423668629 1
1 1 21.927955887091233 1
2 1 21.710922741582273 1
3 1 20.48565490808268 0

0 2 21.702469731372965 1
1 2 21.763641792418763 1
2 2 21.447722888115216 1
3 2 20.252293197695412 0

0 3 21.458849444647246 1
1 3 21.408458274016866 1
2 3 20.370934490143593 0
3 3 20.065719225546005 0


# 20.0 20.0 1.9279558870912332
0 0 21.815373854148508 1
1 0 21.962456098799866 1
2 0 21.895643877462565 1
3 0 21.564450598625296 1

0 1 21.879078032416817 1
1 1 21.983207188493466 1
2 1 21.75854519633217 1
3 1 20.508160869855043 0

0 2 21.752184833889093 1
1 2 21.81808586459684 1
2 2 21.4886304944709 1
3 2 20.266447010470667 0

0 3 21.504258581934817 1
1 3 21.45362237374826 1
2 3 20.391450906682746 0
3 3 20.07124810843219 0


# 20.0 20.0 1.9832071884934663
0 0 21.85611880497376 1
1 0 22.00885258110143 1
2 0 21.940009015121845 1
3 0 21.59750841569451 1

0 1 21.927254884983586 1
1 1 22.03816610576995 1
2 1 21.80583462473084 1
3 1 20.530855593931882 0

0 2 21.801588262843932 1
1 2 21.872201829938188 1
2 2 21.529207443198167 1
3 2 20.280831969777648 0

0 3 21.54916780062427 1
1 3 21.498324080497774 1
2 3 20.412195324187607 0
3 3 20.076999504056214 0


# 20.0 20.0 2.0381661057699496
0 0 21.896531817587725 1
1 0 22.054977255956924 1
2 0 21.984028480043314 1
3 0 21.63017672161721 1

0 1 21.975145614048696 1
1 1 22.092832044589088 1
2 1 21.85279764548491 1
3 1 20.553725335029302 0

0 2 21.85067973873982 1
1 2 21.925988661785453 1
2 2 21.569467249139482 1
3 2 20.295439332105687 0

0 3 21.59358580563265 1
1 3 21.542575706616137 1
2 3 20.43315163008947 0
3 3 20.08297061345653 0


# 20.0 20.0 2.0928320445890876
0 0 21.936618146594633 1
1 0 22.100829955261457 1
2 0 22.027704935749856 1
3 0 21.662467522888342 1

0 1 22.022751057417732 1
1 1 22.147204514288205 1
2 1 21.899440582912117 1
3 1 20.576757040212946 0

0 2 21.89945909601078 1
1 2 21.979445684812408 1
2 2 21.609422547939822 1
3 2 20.31026068257656 0

0 3 21.637521134261398 1
1 3 21.586388948328217 1
2 3 20.454304646942408 0
3 3 20.089158455326324 0


# 20.0 20.0 2.1472045142882052
0 0 21.976382865469375 1
1 0 22.146410604926565 1
2 0 22.071041152977088 1
3 0 21.694392270382643 1

0 1 22.07007207071541 1
1 1 22.20128312492277 1
2 1 21.945769481324966 1
3 1 20.599938313735414 0

0 2 21.947926280655796 1
1 2 22.03257254276357 1
2 2 21.649085153882 1
3 2 20.32528791698367 0

0 3 21.680982156175794 1
1 3 21.629774924649013 1
2 3 20.475640074177115 0
3 3 20.095559886828504 0


# 20.0 20.0 2.201283124922771
0 0 22.015830874420182 1
1 0 22.19171922134749 1
2 0 22.114039996228712 1
3 0 21.72596188836844 1

0 1 22.117109527105345 1
1 1 22.255067584196976 1
2 1 21.991790118797883 1
3 1 20.623257383648326 0

0 2 21.99608134758079 1
1 2 22.085369168834625 1
2 2 21.688466113841184 1
3 2 20.34051322508217 0

0 3 21.723977073820222 1
1 3 21.672744213615736 1
2 3 20.4971444336331 0
3 3 20.102171622807262 0


# 20.0 20.0 2.2550675841969756
0 0 22.054966907922488 1
1 0 22.236755907911075 1
2 0 22.156704411368036 1
3 0 21.75718680192737 1

0 1 22.163864317043323 1
1 1 22.308557694306565 1
2 1 22.037508020333554 1
3 1 20.646703070103214 0

0 2 22.043924457698775 1
1 2 22.13783575848411 1
2 2 21.727575757627204 1
3 2 20.35592907503517 0

0 3 21.76651392321847 1
1 3 21.715306886027903 1
2 3 20.518805018618057 0
3 3 20.10899025351004 0


# 20.0 20.0 2.3085576943065647
0 0 22.093795541936732 1
1 0 22.281520851550145 1
2 0 22.19903741417631 1
3 0 21.78807696286934 1

0 1 22.210337348054807 1
1 1 22.36175334872092 1
2 1 22.082928470445076 1
3 1 20.670264755259076 0

0 2 22.091455874832516 1
1 2 22.189972744483374 1
2 2 21.76642374496408 1
3 2 20.37152819892849 0

0 3 21.80860057511293 1
1 3 21.757472536873305 1
2 3 20.540609846260267 0
3 3 20.116012260925945 0


# 20.0 20.0 2.361753348720921
0 0 22.13232120082227 1
1 0 22.32601431934967 1
2 0 22.241042079812875 1
3 0 21.818641874226905 1

0 1 22.256529544529013 1
1 1 22.414654528928 1
2 1 22.12805652517128 1
3 1 20.693932354718115 0

0 2 22.138675962459054 1
1 2 22.241780774026864 1
2 2 21.805019109338446 1
3 2 20.387303579273283 0

0 3 21.850244736400853 1
1 3 21.799250314604883 1
2 3 20.562547612935766 0
3 3 20.12323403383912 0


# 20.0 20.0 2.4146545289280006
0 0 22.17054816395921 1
1 0 22.370236655209386 1
2 0 22.282721533116025 1
3 0 21.848890613408745 1

0 1 22.30244184752295 1
1 1 22.467261301162623 1
2 1 22.172897023543083 1
3 1 20.717696290414654 0

0 2 22.18558518033118 1
1 2 22.29326068773882 1
2 2 21.84337029893209 1
3 2 20.403248436422036 0

0 3 21.891453951829654 1
1 3 21.840648948421528 1
2 3 20.584607652566778 0
3 3 20.130651881688777 0


# 20.0 20.0 2.4672613011626225
0 0 22.208480572089467 1
1 0 22.41418827656701 1
2 0 22.32407893968738 1
3 0 21.878831854087256 1

0 1 22.348075214569985 1
1 1 22.519573813135842 1
2 1 22.217454598519055 1
3 1 20.741547464885578 0

0 2 22.23218408100693 1
1 2 22.34441350042531 1
2 2 21.88148521483855 1
3 2 20.419356216829264 0

0 3 21.932235605916926 1
1 3 21.881676773694732 1
2 3 20.606779897601637 0
3 3 20.138262047321152 0


# 20.0 20.0 2.5195738131358425
0 0 22.24612243338789 1
1 0 22.45786967118573 1
2 0 22.365117497706013 1
3 0 21.908473886891215 1

0 1 22.393430619488413 1
1 1 22.571592290780742 1
2 1 22.26173368740867 1
3 1 20.765477236853933 0

0 2 22.27847330631461 1
1 2 22.39524038343244 1
2 2 21.919371246749563 1
3 2 20.43562058209353 0

0 3 21.97259692506403 1
1 3 21.92234175567273 1
2 3 20.62905484249929 0
3 3 20.146060718712704 0


# 20.0 20.0 2.5715922907807425
0 0 22.283477629274014 1
1 0 22.50128139400906 1
2 0 22.405840430422067 1
3 0 21.937824638970444 1

0 1 22.438509052186333 1
1 1 22.623317035027704 1
2 1 22.305738541801695 1
3 1 20.789477398060455 0

0 2 22.32445358377759 1
1 2 22.445742648482415 1
2 2 21.95703530628411 1
3 2 20.45203539872229 0

0 3 22.012544979835127 1
1 3 21.962651511584276 1
2 3 20.651423509553293 0
3 3 20.154044039738352 0


# 20.0 20.0 2.6233170350277035
0 0 22.320549919974493 1
1 0 22.54442406408577 1
2 0 22.446250979282635 1
3 0 21.966891692495626 1

0 1 22.483311518459864 1
1 1 22.674748418620332 1
2 1 22.349473237022185 1
3 1 20.813540151280797 0

0 2 22.37012572302026 1
1 2 22.495921732869366 1
2 2 21.99448385812048 1
3 2 20.46859472856563 0

0 3 22.052086687376317 1
1 3 22.002613331255326 1
2 3 20.673877416901426 0
3 3 20.162208120053375 0


# 20.0 20.0 2.6747484186203323
0 0 22.357342949845957 1
1 0 22.587298361567157 1
2 0 22.486352397645785 1
3 0 21.9956823021529 1

0 1 22.52783903978239 1
1 1 22.72588688298145 1
2 1 22.39294168112546 1
3 1 20.83765808946913 0

0 2 22.415490612173745 1
1 2 22.54577918590601 1
2 2 22.031722949080677 1
3 2 20.485292819869112 0

0 3 22.09122881395192 1
1 3 22.042234196343713 1
2 3 20.6964085485773 0
3 3 20.17054904415281 0


# 20.0 20.0 2.725886882981449
0 0 22.393860252467697 1
1 0 22.629905024778477 1
2 0 22.526147945041345 1
3 0 22.024203411689523 1

0 1 22.572092653083004 1
1 1 22.776732935137055 1
2 1 22.436147623456176 1
3 1 20.861824175971606 0

0 2 22.46054921429774 1
1 2 22.595316656520833 1
2 2 22.068758235305886 1
3 2 20.502124098899774 0

0 3 22.129977977577347 1
1 3 22.081520798289382 1
2 3 20.71900932647003 0
3 3 20.179062879667747 0


# 20.0 20.0 2.776732935137055
0 0 22.430105255513197 1
1 0 22.67224484736608 1
2 0 22.56564088193975 1
3 0 22.052461669563638 1

0 1 22.616073410512893 1
1 1 22.827287144704748 1
2 1 22.479094662785343 1
3 1 20.88603172575578 0

0 2 22.50530256383257 1
1 2 22.644535881913423 1
2 2 22.105595007652028 1
3 2 20.51908316210289 0

0 3 22.168340650730027 1
1 3 22.12047955507059 1
2 3 20.741672584066972 0
3 3 20.187745684953747 0


# 20.0 20.0 2.827287144704748
0 0 22.46608128540927 1
1 0 22.71431867552135 1
2 0 22.604834464992724 1
3 0 22.08046344374833 1

0 1 22.65978237919871 1
1 1 22.877550140951946 1
2 1 22.521786255043875 1
3 1 20.91027438760478 0

0 2 22.549751763093706 1
1 2 22.693438677182797 1
2 2 22.14223821542549 1
3 2 20.53616476875038 0

0 3 22.206323163121716 1
1 3 22.159116626850086 1
2 3 20.76439154186291 0
3 3 20.196593516022773 0


# 20.0 20.0 2.8775501409519464
0 0 22.501791571791177 1
1 0 22.756127405282285 1
2 0 22.643731942711923 1
3 0 22.10821483573719 1

0 1 22.703220640982405 1
1 1 22.92752260992815 1
2 1 22.564225720669814 1
3 1 20.934546127227268 0

0 2 22.593897978819214 1
1 2 22.742026925850297 1
2 2 22.178692488570668 1
3 2 20.55336383404471 0

0 3 22.243931704517365 1
1 3 22.19743793058915 1
2 3 20.78715978432686 0
3 3 20.205602432866414 0


# 20.0 20.0 2.9275226099281504
0 0 22.53723925176187 1
1 0 22.797671979913254 1
2 0 22.682336551553867 1
3 0 22.135721693796025 1

0 1 22.746389292147256 1
1 1 22.977205291674565 1
2 1 22.60641625158598 1
3 1 20.958841211236845 0

0 2 22.637742438778986 1
1 2 22.790302571204844 1
2 2 22.214962158413226 1
3 2 20.57067542264503 0

0 3 22.281172327587157 1
1 3 22.235449153701833 1
2 3 20.80997123832491 0
3 3 20.214768505214863 0


# 20.0 20.0 2.977205291674565
0 0 22.57242737396317 1
1 0 22.838953387363198 1
2 0 22.720651512381547 1
3 0 22.16298962550279 1

0 1 22.789289443130073 1
1 1 23.026598977513594 1
2 1 22.648360917824395 1
3 1 20.983154191956565 0

0 2 22.681286428453333 1
1 2 22.838267608403996 1
2 2 22.25105127705577 1
3 2 20.588094742584666 0

0 3 22.31805095077988 1
1 3 22.273155766816462 1
2 3 20.832820152904308 0
3 3 20.224087817772997 0


# 20.0 20.0 3.0265989775135935
0 0 22.607358902466416 1
1 0 22.87997265780228 1
2 0 22.758680027275076 1
3 0 22.190024009615467 1

0 1 22.83192221821981 1
1 1 23.075704507419946 1
2 1 22.690062673813312 1
3 1 21.00747989300655 0

0 2 22.724531287787137 1
1 2 22.885924077269557 1
2 2 22.286963635515953 1
3 2 20.605617139551654 0

0 3 22.35457336120705 1
1 3 22.310563035706743 1
2 3 20.855701080350276 0
3 3 20.23355647497199 0


# 20.0 20.0 3.075704507419946
0 0 22.64203672048989 1
1 0 22.920730861236805 1
2 0 22.79642527666551 1
3 0 22.216830007305376 1

0 1 22.87428875524294 1
1 1 23.12452276747454 1
2 1 22.731524364342224 1
3 1 21.031813395634668 0

0 2 22.76747840802471 1
1 2 22.93327405572128 1
2 2 22.322702780690772 1
3 2 20.623238091506053 0

0 3 22.390745217528373 1
1 3 22.34767603245026 1
2 3 20.87860885843292 0
3 3 20.243170605272265 0


# 20.0 20.0 3.1245227674745415
0 0 22.67646363395001 1
1 0 22.96122910520194 1
2 0 22.83389041676775 1
3 0 22.24341257279121 1

0 1 22.916390205236127 1
1 1 23.173054687401784 1
2 1 22.77274873021974 1
3 1 21.056150025752217 0

0 2 22.810129228629503 1
1 2 22.980319653796727 1
2 2 22.35827203122508 1
3 2 20.640953203609794 0

0 3 22.42657205283031 1
1 3 22.38449964586807 1
2 3 20.90153859376712 0
3 3 20.252926365050985 0


# 20.0 20.0 3.173054687401784
0 0 22.710642374853066 1
1 0 23.00146853253173 1
2 0 22.871078577290017 1
3 0 22.269776463407233 1

0 1 22.95822773210682 1
1 1 23.22130123819036 1
2 1 22.813738413638685 1
3 1 21.080485341638493 0

0 2 22.85248523429187 1
1 2 23.02706300820939 1
2 2 22.393674492356975 1
3 2 20.65875820344674 0

0 3 22.462059277490336 1
1 3 22.42103859129521 1
2 3 20.92448564621334 0
3 3 20.26281994210507 0


# 20.0 20.0 3.2213012381903603
0 0 22.744575604534017 1
1 0 23.041450319205573 1
2 0 22.907992859398856 1
3 0 22.295926249137022 1

0 1 22.99980251228253 1
1 1 23.269263429797256 1
2 1 22.854495963262327 1
3 1 21.10481512227983 0

0 2 22.8945479520274 1
1 2 23.07350627740106 1
2 2 22.428913069807724 1
3 2 20.67664893651229 0

0 3 22.497212182020554 1
1 3 22.45729741972843 1
2 3 20.947445614252075 0
3 3 20.27284755879846 0


# 20.0 20.0 3.269263429797256
0 0 22.778265916748648 1
1 0 23.081175672270277 1
2 0 22.94463633392014 1
3 0 22.32186632164249 1

0 1 23.041115734349543 1
1 1 23.316942308934387 1
2 1 22.89502383904504 1
3 1 21.129135356310474 0

0 2 22.9363189483675 1
1 2 23.119651637047863 1
2 2 22.46399048277924 1
3 2 20.69462136195343 0

0 3 22.532035939884967 1
1 3 22.493280526394056 1
2 3 20.97041432126915 0
3 3 20.283005474880387 0


# 20.0 20.0 3.3169423089343866
0 0 22.811715840625133 1
1 0 23.120645827836682 1
2 0 22.981012039757786 1
3 0 22.34760090281618 1

0 1 23.082168598681985 1
1 1 23.364338956936876 1
2 1 22.93532441680029 1
3 1 21.153442231524274 0

0 2 22.977799826643444 1
1 2 23.16550127598261 1
2 2 22.498909276117903 1
3 2 20.712671548541657 0

0 3 22.56653561028556 1
1 3 22.528992158775953 1
2 3 20.993387802693135 0
3 3 20.29328998999951 0


# 20.0 20.0 3.3643389569368765
0 0 22.844927843480853 1
1 0 23.15986204914965 1
2 0 23.017122982513154 1
3 0 22.373134052883245 1

0 1 23.122962317062075 1
1 1 23.411454487711843 1
2 1 22.975399992528285 1
3 1 21.177732124927694 0

0 2 23.018992224364382 1
1 2 23.211057392499086 1
2 2 22.53367183169939 1
3 2 20.730795670862427 0

0 3 22.60071614091296 1
1 3 22.564436424140624 1
2 3 21.016362293930097 0
3 3 20.30369744593704 0


# 20.0 20.0 3.4114544877118433
0 0 22.877904333510084 1
1 0 23.198825624730183 1
2 0 23.052972133289302 1
3 0 22.39846967807805 1

0 1 23.163498112292505 1
1 1 23.458290045766276 1
2 1 23.01525278651512 1
3 1 21.202001593306196 0

0 2 23.05989781068953 1
1 2 23.256322191006678 1
2 2 22.568280379085593 1
3 2 20.74899000570615 0

0 3 22.634582370658055 1
1 3 22.599617296593856 1
2 3 21.03933421904443 0
3 3 20.314224228580315 0


# 20.0 20.0 3.458290045766276
0 0 22.910647662347994 1
1 0 23.237537866588358 1
2 0 23.08856242766533 1
3 0 22.423611537918898 1

0 1 23.203777217801864 1
1 1 23.50484680431244 1
2 1 23.05488494721483 1
3 1 21.226247364277416 0

0 2 23.10051828399417 1
1 2 23.30129787900619 1
2 2 22.602737005501144 1
3 2 20.7672509286468 0

0 3 22.66813903228142 1
1 3 22.634538623700898 1
2 3 21.062300180137953 0
3 3 20.32486676965684 0


# 20.0 20.0 3.5048468043124394
0 0 22.943160127516148 1
1 0 23.276000108505574 -1
2 0 23.12389676482706 1
3 0 22.44856325210307 1

0 1 23.24380087724406 1
1 1 23.551125963449092 1
2 1 23.094298554925174 1
3 1 21.250466327805864 0

0 2 23.140855369528794 1
1 2 23.34598666436005 1
2 2 22.63704366517393 1
3 2 20.785574910795273 0

0 3 22.701390755038044 1
1 3 22.669204132699893 1
2 3 21.085256947382526 0
3 3 20.335621548247328 0


# 20.0 20.0 3.551125963449092
0 0 22.975443974754562 1
1 0 23.19421370438471 -1
2 0 23.15753800684128 1
3 0 22.473311027043128 1

0 1 23.2835703440926 1
1 1 23.595688748416684 1
2 1 23.133461065267618 1
3 1 21.27465490607529 0

0 2 23.18091081717047 1
1 2 23.3903734728323 1
2 2 22.671201566000914 1
3 2 20.803958500785754 0

0 3 22.73434206725512 1
1 3 22.703617228976135 1
2 3 21.108201439711152 0
3 3 20.34648509179639 0


# 20.0 20.0 3.595688748416684
0 0 23.006061400245127 1
1 0 23.11716818666659 -1
2 0 23.189608693901672 1
3 0 22.4978429932693 1

0 1 23.323052321230698 1
1 1 23.63866434904465 1
2 1 23.17234448831504 1
3 1 21.29880915180857 0

0 2 23.22068577718513 1
1 2 23.434445573190832 1
2 2 22.7052112908569 1
3 2 20.822398310166296 0

0 3 22.76699738890787 1
1 3 22.737781038180856 1
2 3 21.131130708293295 0
3 3 20.357453976713234 0


# 20.0 20.0 3.6386643490446495
0 0 23.03512583593107 1
1 0 23.04460790937312 -1
2 0 23.10022267344929 -1
3 0 22.520709027414696 1

0 1 23.362217835284937 1
1 1 23.680171849964474 1
2 1 23.209484932468868 1
3 1 21.32289027467321 0

0 2 23.260180904111955 1
1 2 23.478192326675043 1
2 2 22.739055624227014 1
3 2 20.840890379646673 0

0 3 22.7993610262147 1
1 3 22.771698443311458 1
2 3 21.154041715075998 0
3 3 20.36852481868823 0


# 20.0 20.0 3.6801718499644736
0 0 23.062743214773448 1
1 0 22.974852030037695 -1
2 0 23.014473873043475 -1
3 0 22.42201187220037 -1

0 1 23.281041837829168 -1
1 1 23.718846454690308 1
2 1 23.24497285042997 1
3 1 21.34542338436426 0

0 2 23.29795644842788 1
1 2 23.52156977864252 1
2 2 22.77271865094966 1
3 2 20.85941298594954 0

0 3 22.831419887971844 1
1 3 22.805371485272662 1
2 3 21.17693134250173 0
3 3 20.37969405715687 0


# 20.0 20.0 3.7188464546903077
0 0 23.087555185456008 1
1 0 22.907758750934388 -1
2 0 22.930762892058425 -1
3 0 22.32613368011823 -1

0 1 23.204490377703234 -1
1 1 23.634887325957695 -1
2 1 23.277419660649294 1
3 1 21.366471198141564 0

0 2 23.33413203812572 1
1 2 23.563099743271348 1
2 2 22.80615052049254 1
3 2 20.877945429849152 0

0 3 22.863162814285637 1
1 3 22.838784209691916 1
2 3 21.199795771564755 0
3 3 20.390957965516186 0


# 20.0 20.0 3.7188464546903077
0 0 23.109750188323243 1
1 0 22.841737688271216 -1
2 0 22.849014342940436 -1
3 0 22.232978694126956 -1

0 1 23.13084701646858 -1
1 1 23.55416998361565 -1
2 1 23.18701318948041 -1
3 1 21.384654655581098 0

0 2 23.248783807412746 -1
1 2 23.481445617848877 -1
2 2 22.716409695613816 -1
3 2 20.89497598959602 0

0 3 22.77313976917661 -1
1 3 22.869007846787937 1
2 3 21.22112085525405 0
3 3 20.402276640895803 0


# 20.0 20.0 3.7188464546903077
0 0 23.129470198000483 1
1 0 22.776776559658504 -1
2 0 22.767716961856127 -1
3 0 22.14241992054763 -1

0 1 23.058540529645246 -1
1 1 23.473615135161698 -1
2 1 23.098145313763904 -1
3 1 21.400125654733582 0

0 2 23.16409239850146 -1
1 2 23.40101372910491 -1
2 2 22.62940510087698 -1
3 2 20.910568686791063 0

0 3 22.685703940429725 -1
1 3 22.896203579520307 1
2 3 21.240968403188898 0
3 3 20.413613126903314 0


# 20.0 20.0 3.7188464546903077
0 0 23.146833075944112 1
1 0 22.712809926228392 -1
2 0 22.68691335138465 -1
3 0 22.054337271481334 -1

0 1 22.987496314715433 -1
1 1 23.393275192079688 -1
2 1 23.010750970292136 -1
3 1 21.413028260377548 0

0 2 23.0800910855754 -1
1 2 23.321752769604505 -1
2 2 22.545002145993404 -1
3 2 20.924784524345128 0

0 3 22.600734134555402 -1
1 3 22.92052449286864 1
2 3 21.259397407444148 0
3 3 20.424933237516267 0


# 20.0 20.0 3.7188464546903077
0 0 23.16195076010145 1
1 0 22.649777580969587 -1
2 0 22.60664138049941 -1
3 0 21.96861716539853 -1

0 1 22.917645273950463 -1
1 1 23.313197101997662 -1
2 1 22.92476935038453 -1
3 1 21.42349912592323 0

0 2 22.996808846118558 -1
1 2 23.24361502770723 -1
2 2 22.463072838704292 -1
3 2 20.93768163674836 0

0 3 22.518115705779255 -1
1 3 22.942116001859326 1
2 3 21.27646418126845 0
3 3 20.436205390781883 0


# 20.0 20.0 3.7188464546903077
0 0 23.17492960699684 1
1 0 22.58762413964279 -1
2 0 22.526934570383546 -1
3 0 21.885152151799865 -1

0 1 22.8489233991059 -1
1 1 23.23342282410386 -1
2 1 22.84014357387545 -1
3 1 21.431667890983537 0

0 2 22.914270724172688 -1
1 2 23.166556095043365 -1
2 2 22.383495488289714 -1
3 2 20.949315433245587 0

0 3 22.437740181083587 -1
1 3 22.961116255269978 1
2 3 21.292222491267275 0
3 3 20.44740045180789 0


# 20.0 20.0 3.7188464546903077
0 0 23.18587071160994 1
1 0 22.526298663050962 -1
2 0 22.44782245109215 -1
3 0 21.80384055843998 -1

0 1 22.78127138746209 -1
1 1 23.153989765180057 -1
2 1 22.756820389475976 -1
3 1 21.437657556136166 0

0 2 22.832498165720505 -1
1 2 23.090534598574806 -1
2 2 22.30615441980257 -1
3 2 20.95973873418223 0

0 3 22.359504907616465 -1
1 3 22.97765651651814 1
2 3 21.306723683291594 0
3 3 20.458491584552494 0


# 20.0 20.0 3.7188464546903077
0 0 23.19487020659814 1
1 0 22.465754308277265 -1
2 0 22.3693308912206 -1
3 0 21.724586159704423 -1

0 1 22.714634286838667 -1
1 1 23.074931179449415 -1
2 1 22.674749899340434 -1
3 1 21.44158483629717 0

0 2 22.751509328276605 -1
1 2 23.015511955171775 -1
2 2 22.23093969891588 -1
3 2 20.969001900783763 0

0 3 22.28331272107981 -1
1 3 22.991861523138898 1
2 3 21.320016802272633 0
3 3 20.469454111945282 0


# 20.0 20.0 3.7188464546903077
0 0 23.202019542301997 1
1 0 22.405948006685286 -1
2 0 22.291482402578097 -1
3 0 21.647297864821567 -1

0 1 22.64896116739178 -1
1 1 22.996276535178914 -1
2 1 22.593885305847735 -1
3 1 21.443560494030127 0

0 2 22.671319366612707 -1
1 2 22.941452146809688 -1
2 2 22.157746867236483 -1
3 2 20.977152958629386 0

0 3 22.209071633797954 -1
1 3 23.003849826161627 1
2 3 21.332148706241302 0
3 3 20.480265383893702 0


# 20.0 20.0 3.7188464546903077
0 0 23.20740574886805 1
1 0 22.346840166644004 -1
2 0 22.214296421717577 -1
3 0 21.571889424676964 -1

0 1 22.58420481816924 -1
1 1 22.918051850739975 -1
2 1 22.514182678771732 -1
3 1 21.4436896540258 0

0 2 22.591940696400297 -1
1 2 22.868321514649285 -1
2 2 22.086476687908632 -1
3 2 20.98423771507689 0

0 3 22.13669454125197 -1
1 3 23.01373411060855 1
2 3 21.3431641747681 0
3 3 20.49090465275167 0


# 20.119999999999997 20.0 3.7188464546903077
0 0 23.21111168172656 1
1 0 22.288394399095164 -1
2 0 22.137789570035967 -1
3 0 21.498279156077334 -1

0 1 22.520321466552534 -1
1 1 22.84028000261328 -1
2 1 22.435600741165693 -1
3 1 21.442072099904554 0

0 2 22.51338323742093 -1
1 2 22.796088570408735 -1
2 2 22.01703490130605 -1
3 2 20.990299870891207 0

0 3 22.066098945943253 -1
1 3 23.02162149825643 1
2 3 21.35310601205561 0
3 3 20.50135295584797 0


# 20.239999999999995 20.0 3.7188464546903077
0 0 23.214656251572176 1
1 0 22.231314544223824 -1
2 0 22.062704741392057 -1
3 0 21.42783842855411 -1

0 1 22.458007798856606 -1
1 1 22.7629987023437 -1
2 1 22.358109630929096 -1
3 1 21.439540046873056 0

0 2 22.43638348523175 -1
1 2 22.72473278207477 -1
2 2 21.949332205594768 -1
3 2 20.996109978813564 0

0 3 21.998655443691153 -1
1 3 23.028351326183518 1
2 3 21.362743997400788 0
3 3 20.513050497152015 0


# 20.359999999999992 20.0 3.7188464546903077
0 0 23.21808049463254 1
1 0 22.175564740626843 -1
2 0 21.98904929585491 -1
3 0 21.3604593172389 -1

0 1 22.397221023491124 -1
1 1 22.686242302756664 -1
2 1 22.28169033485745 -1
3 1 21.436178480475306 0

0 2 22.360942689843103 -1
1 2 22.65424403082772 -1
2 2 21.883301719829014 -1
3 2 21.00170372807287 0

0 3 21.934255375910592 -1
1 3 23.03401549133348 1
2 3 21.37211316200973 0
3 3 20.525946481935534 0


# 20.47999999999999 20.0 3.7188464546903077
0 0 23.221423025995186 1
1 0 22.121111597015798 -1
2 0 21.91682836041835 -1
3 0 21.296038863909022 -1

0 1 22.337921036727636 -1
1 1 22.610042276217488 -1
2 1 22.206325408827574 -1
3 1 21.432067800305056 0

0 2 22.287060142191283 -1
1 2 22.584613352902846 -1
2 2 21.818880305098975 -1
3 2 21.007114906541883 0

0 3 21.87279508998011 -1
1 3 23.038701099956185 1
2 3 21.381246743849207 0
3 3 20.53999274839055 0


# 20.599999999999987 20.0 3.7188464546903077
0 0 23.224720188664282 1
1 0 22.067923999844737 -1
2 0 21.846045028551757 -1
3 0 21.234478818754578 -1

0 1 22.280070224469952 -1
1 1 22.53442744279159 -1
2 1 22.13199883612482 -1
3 1 21.427284063429298 0

0 2 22.214733360227484 -1
1 2 22.5158328184604 -1
2 2 21.75600837011394 -1
3 2 21.01237550265033 0

0 3 21.81417568026303 -1
1 3 23.042490716668897 1
2 3 21.39017628262962 0
3 3 20.55514363087185 0


# 20.719999999999985 20.0 3.7188464546903077
0 0 23.228006192564145 1
1 0 22.015972935818148 -1
2 0 21.776700544440953 -1
3 0 21.175685396573858 -1

0 1 22.22363327898921 -1
1 1 22.459424179970302 -1
2 1 22.05869589788628 -1
3 1 21.421899214330594 0

0 2 22.14395826043048 -1
1 2 22.447895421500505 -1
2 2 21.694629685604472 -1
3 2 21.017515801908697 0

0 3 21.758302743498753 -1
1 3 23.04546259994035 1
2 3 21.398931709756177 0
3 3 20.57135583030044 0


# 20.719999999999985 19.0 3.7188464546903077
0 0 23.231313244209524 1
1 0 21.965231328137236 -1
2 0 21.7087944730456 -1
3 0 21.119569046545713 -1

0 1 22.16857702948699 -1
1 1 22.38505661545586 -1
2 1 21.986403054648978 -1
3 1 21.41598130216595 0

0 2 22.074729315826236 -1
1 2 22.380794979870405 -1
2 2 21.63469120724967 -1
3 2 21.022564478305124 0

0 3 21.705086147721996 -1
1 3 23.047690924791038 1
2 3 21.40754143349451 0
3 3 20.58858829135122 0


# 20.719999999999985 19.0 4.231313244209524
0 0 23.23323166770947 1
1 0 21.914936605430004 -1
2 0 21.64159600965718 -1
3 0 21.064595488611946 -1

0 1 22.114133005436436 -1
1 1 22.311329109658608 -1
2 1 21.915098879570603 -1
3 1 21.40885719363283 0

0 2 22.00631085415788 -1
1 2 22.31451708598691 -1
2 2 21.576142691829972 -1
3 2 21.026819828338077 0

0 3 21.65299106775139 -1
1 3 23.048508500996608 1
2 3 21.415303567097876 0
3 3 20.605344593607807 0


# 20.719999999999985 19.0 4.233231667709472
0 0 23.23382416300233 1
1 0 21.86507025938976 -1
2 0 21.575106152782446 -1
3 0 21.0107176111789 -1

0 1 22.06027698872993 -1
1 1 22.23824487095912 -1
2 1 21.844754344261666 -1
3 1 21.400592692905594 0

0 2 21.93869921999287 -1
1 2 22.24903940926488 -1
2 2 21.518918848409683 -1
3 2 21.030311669166956 0

0 3 21.601969881964212 -1
1 3 23.047986898254674 1
2 3 21.42224782136303 0
3 3 20.621622902124287 0


# 20.719999999999985 19.0 4.233824163002328
0 0 23.23315066011168 1
1 0 21.81561532870163 -1
2 0 21.50932474177529 -1
3 0 20.957890786392632 -1

0 1 22.00698649221604 -1
1 1 22.165805864046416 -1
2 1 21.77534184150275 -1
3 1 21.39125033136831 0

0 2 21.87188980215451 -1
1 2 22.18434073457455 -1
2 2 21.462957648485308 -1
3 2 21.03306854964568 0

0 3 21.551977486618412 -1
1 3 23.04619424103865 1
2 3 21.42840271036556 0
3 3 20.63742213276795 0


# 20.719999999999985 19.0 4.233824163002328
0 0 23.23126845819867 1
1 0 21.766556273664406 -1
2 0 21.444250569439447 -1
3 0 20.90607272889219 -1

0 1 21.954240629035763 -1
1 1 22.09401293631752 -1
2 1 21.706835090937947 -1
3 1 21.38088953388455 0

0 2 21.805877136666766 -1
1 2 22.12040088286507 -1
2 2 21.408200168163784 -1
3 2 21.035117812578356 0

0 3 21.502971153632615 -1
1 3 23.043195379877385 1
2 3 21.433795608699917 0
3 3 20.65274189704364 0


# 20.719999999999985 19.0 4.233824163002328
0 0 23.22823235653592 1
1 0 21.717878860518017 -1
2 0 21.379881485687168 -1
3 0 20.85522336288693 -1

0 1 21.9020199917705 -1
1 1 22.022865933287378 -1
2 1 21.6392090520252 -1
3 1 21.369566776191284 0

0 2 21.74065500126598 -1
1 2 22.05720063827868 -1
2 2 21.354590437430907 -1
3 2 21.036485653778055 0

0 3 21.45491039667556 -1
1 3 23.039052053646387 1
2 3 21.43845280579197 0
3 3 20.66758245026491 0


# 20.719999999999985 19.0 4.233824163002328
0 0 23.224094777928087 1
1 0 21.66957005473909 -1
2 0 21.31621449292412 -1
3 0 20.805304697052385 -1

0 1 21.85030654066592 -1
1 1 21.95236380391809 -1
2 1 21.572439843653566 -1
3 1 21.35733573392506 0

0 2 21.67621650212025 -1
1 2 21.99472168120669 -1
2 2 21.302075296247388 -1
3 2 21.037197178084625 0

0 3 21.40775684506444 -1
1 3 23.033823043377996 1
2 3 21.442399557427393 0
3 3 20.681944642881515 0


# 20.599999999999987 18.0 4.233824163002328
0 0 23.218905885067535 1
1 0 21.621617922622963 -1
2 0 21.253245833781254 -1
3 0 20.756280706770976 -1

0 1 21.79908350025122 -1
1 1 21.882504696702835 -1
2 1 21.506504669886073 -1
3 1 21.344247423757107 0

0 2 21.612554153349468 -1
1 2 21.932946526784903 -1
2 2 21.25060425721371 -1
3 2 21.037276452491298 0

0 3 21.36147412500285 -1
1 3 23.027564318066702 1
2 3 21.445660134633385 0
3 3 20.695829874783275 0


# 20.47999999999999 18.0 5.218905885067535
0 0 23.211273690279594 1
1 0 21.573274260521963 -1
2 0 21.19024222440859 -1
3 0 20.70666847710521 -1

0 1 21.747597983724653 -1
1 1 21.81326835255211 -1
2 1 21.44137279282672 -1
3 1 21.329612844628386 0

0 2 21.54893110253494 -1
1 2 21.871849509863637 -1
2 2 21.20012915954523 -1
3 2 21.036017704034148 0

0 3 21.314579001549966 -1
1 3 23.019591680460465 1
2 3 21.44752901755625 0
3 3 20.70778255995016 0


# 20.359999999999992 18.0 5.218905885067535
0 0 23.20127830436049 1
1 0 21.524534208155895 -1
2 0 21.12720295672048 -1
3 0 20.65647020154561 -1

0 1 21.69584060152159 -1
1 1 21.744634636978024 -1
2 1 21.3770058539455 -1
3 1 21.313483030268298 0

0 2 21.485343225583694 -1
1 2 21.81139711782099 -1
2 2 21.15058635620734 -1
3 2 21.033447183821824 0

0 3 21.267073376366696 -1
1 3 23.009960824022052 1
2 3 21.448032755701043 0
3 3 20.71784014706623 0


# 20.239999999999995 18.0 5.218905885067535
0 0 23.18899678311964 1
1 0 21.475393783935164 -1
2 0 21.064126870611336 -1
3 0 20.605688593100524 -1

0 1 21.64380299200586 -1
1 1 21.676583371375568 -1
2 1 21.31336692849767 -1
3 1 21.29590677546207 0

0 2 21.421786091943503 -1
1 2 21.751557055888167 -1
2 2 21.101915058196294 -1
3 2 21.02959034587 0

0 3 21.21895969780908 -1
1 3 22.998725063525907 1
2 3 21.44719714318706 0
3 3 20.72603935164053 0


# 20.119999999999997 18.0 5.218905885067535
0 0 23.174503260238627 1
1 0 21.425849807036595 -1
2 0 21.00101240598928 -1
3 0 20.55432683392632 -1

0 1 21.591477739024306 -1
1 1 21.6090943879149 -1
2 1 21.250420459460532 -1
3 1 21.276930742563742 0

0 2 21.358255009994533 -1
1 2 21.692298191441115 -1
2 2 21.054057209082377 -1
3 2 21.0244718789829 0

0 3 21.170240909570197 -1
1 3 22.9859354457882 1
2 3 21.44504724725134 0
3 3 20.732416164496282 0


# 20.0 18.0 5.218905885067535
0 0 23.157869073422766 1
1 0 21.37589982554898 -1
2 0 20.937857650364958 -1
3 0 20.50238852862012 -1

0 1 21.538858295641273 -1
1 1 21.542147578560087 -1
2 1 21.18813219557328 -1
3 1 21.25659956261418 0

0 2 21.294745068334592 -1
1 2 21.633590501873122 -1
2 2 21.00695736493059 -1
3 2 21.018115737170113 0

0 3 21.120920402995143 -1
1 3 22.97164085489053 1
2 3 21.44160743547859 0
3 3 20.7370058606462 0


# 19.880000000000003 18.0 5.218905885067535
0 0 23.13916288423383 1
1 0 21.32554205023383 -1
2 0 20.874660382342757 -1
3 0 20.44987766092928 -1

0 1 21.48593891359788 -1
1 1 21.47572293872454 -1
2 1 21.12646913316911 -1
3 1 21.234955931359607 0

0 2 21.231251173286132 -1
1 2 21.575405025765193 -1
2 2 20.960562579392917 -1
3 2 21.010545168665754 0

0 3 21.07100197282544 -1
1 3 22.95588811219396 1
2 3 21.436901401815287 0
3 3 20.739843008508707 0


# 19.760000000000005 18.0 5.218905885067535
0 0 23.118450791967394 1
1 0 21.274775293480428 -1
2 0 20.811418111335307 -1
3 0 20.396798553648164 -1

0 1 21.432714578074506 -1
1 1 21.409800606031634 -1
2 1 21.065399461514428 -1
3 1 21.212040700448444 0

0 2 21.167768082928095 -1
1 2 21.51771381709502 -1
2 2 20.91482229377114 -1
3 2 21.00178274361453 0

0 3 21.020489776145187 -1
1 3 22.93872207142248 1
2 3 21.430952191423472 0
3 3 20.74096147942285 0


# 19.640000000000008 18.0 5.218905885067535
0 0 23.095796441915226 1
1 0 21.223598913065636 -1
2 0 20.748128113797964 -1
3 0 20.34315583148779 -1

0 1 21.379180947365878 -1
1 1 21.344360894610606 -1
2 1 21.004892511393273 -1
3 1 21.187892964067558 0

0 2 21.104290437932388 -1
1 2 21.4604899022473 -1
2 2 20.86968823185427 -1
3 2 20.991850380486856 0

0 3 20.969388294316218 -1
1 3 22.920185709078577 1
2 3 21.423782224427956 0
3 3 20.740394457422607 0


# 19.640000000000008 18.0 5.218905885067535
0 0 23.071261128331457 1
1 0 21.17201276035776 -1
2 0 20.684787466257315 -1
3 0 20.288954386718128 -1

0 1 21.325334297107005 -1
1 1 21.27938432532256 -1
2 1 20.944918706696416 -1
3 1 21.162550141263537 0

0 2 21.040812789463274 -1
1 2 21.403707239608053 -1
2 2 20.825114299339894 -1
3 2 20.98076937128272 0

0 3 20.917702297703336 -1
1 3 22.90032021043815 1
2 3 21.41541331860839 0
3 3 20.738174449234087 0


# 19.640000000000008 18.0 5.218905885067535
0 0 23.0463438924011 1
1 0 21.120754412630504 -1
2 0 20.62212192274705 -1
3 0 20.235648093564404 -1

0 1 21.271908748714754 -1
1 1 21.214869346998874 -1
2 1 20.88545847729918 -1
3 1 21.136785546636226 0

0 2 20.97805847173813 -1
1 2 21.347349640049046 -1
2 2 20.78105670265845 -1
3 2 20.96928925807119 0

0 3 20.866885559172133 -1
1 3 22.879902543813703 1
2 3 21.406595563575312 0
3 3 20.735790786921417 0


# 19.640000000000008 18.0 5.218905885067535
0 0 23.021067470210806 1
1 0 21.069819432179504 -1
2 0 20.56012391402819 -1
3 0 20.18320767572406 -1

0 1 21.21889652473611 -1
1 1 21.150813907234095 -1
2 1 20.826501831235504 -1
3 1 21.110628538857874 0

0 2 20.916017596612615 -1
1 2 21.29141034633052 -1
2 2 20.737491544921394 -1
3 2 20.95742603968061 0

0 3 20.816908720727053 -1
1 3 22.858965612541123 1
2 3 21.397345525237757 0
3 3 20.733239577371265 0


# 19.640000000000008 18.0 5.218905885067535
0 0 22.995453632766203 1
1 0 21.019203713476305 -1
2 0 20.498785668284235 -1
3 0 20.1316051698837 -1

0 1 21.166290292336548 -1
1 1 21.087215713887407 -1
2 1 20.76803920092761 -1
3 1 21.084106985151745 0

0 2 20.854680169867613 -1
1 2 21.235882886201264 -1
2 2 20.694396274589735 -1
3 2 20.945195060059376 0

0 3 20.767743756169782 -1
1 3 22.8375407228257 1
2 3 21.387679132075213 0
3 3 20.730517442891514 0


# 19.640000000000008 18.0 5.218905885067535
0 0 22.969523230056375 1
1 0 20.968903452857035 -1
2 0 20.438099244100318 -1
3 0 20.080813858518912 -1

0 1 21.11408312942415 -1
1 1 21.024072263653732 -1
2 1 20.71006141649303 -1
3 1 21.057247335796227 0

0 2 20.794036119994715 -1
1 2 21.18076105223637 -1
2 2 20.651749613339796 -1
3 2 20.932611040241213 0

0 3 20.719363903061517 -1
1 3 22.8156576615155 1
2 3 21.377611705141017 0
3 3 20.727621487892005 0


# 19.640000000000008 18.0 5.218905885067535
0 0 22.943296232761718 1
1 0 20.918915120723227 -1
2 0 20.378056560596928 -1
3 0 20.03080820636895 -1

0 1 21.062268493385258 -1
1 1 20.961380867992407 -1
2 1 20.65255968103407 -1
3 1 21.030074694824517 0

0 2 20.734075324339134 -1
1 2 21.126038883335266 -1
2 2 20.609531487616504 -1
3 2 20.91968810859508 0

0 3 20.671743598381557 -1
1 3 22.79334476997414 1
2 3 21.367157986470886 0
3 3 20.724549267468685 0


# 19.760000000000005 18.0 5.218905885067535
0 0 22.916791771751598 1
1 0 20.869235436056943 -1
2 0 20.318649424933376 -1
3 0 19.98156380037676 -1

0 1 21.010840192232074 -1
1 1 20.89913867664067 -1
2 1 20.595525547752615 -1
3 1 21.00261288712258 0

0 2 20.67478763280428 -1
1 2 21.0717106477396 -1
2 2 20.56772296369761 -1
3 2 20.90643982945355 0

0 3 20.624858417673163 -1
1 3 22.770629014257832 1
2 3 21.3563321659842 0
3 3 20.721298757785064 0


# 19.880000000000003 18.0 5.218905885067535
0 0 22.89146817550801 1
1 0 20.820598623067536 -1
2 0 20.260598404740538 -1
3 0 19.934506039065557 -1

0 1 20.96052963797776 -1
1 1 20.83736039364037 -1
2 1 20.5389598572509 -1
3 1 20.97562201457267 0

0 2 20.616891736667185 -1
1 2 21.017779785947255 -1
2 2 20.526306401103753 -1
3 2 20.893608082698037 0

0 3 20.58013376364803 -1
1 3 22.748273544245958 1
2 3 21.34587675945048 0
3 3 20.719325820610585 0


# 20.0 18.0 5.218905885067535
0 0 22.867308860322265 1
1 0 20.772996692803137 -1
2 0 20.20389082281087 -1
3 0 19.889577975707798 -1

0 1 20.911326125070254 -1
1 1 20.776059844278493 -1
2 1 20.482872333096047 -1
3 1 20.949118590658642 0

0 2 20.56037315982315 -1
1 2 20.964258511615203 -1
2 2 20.48528308209309 -1
3 2 20.881201273145066 0

0 3 20.53751270860553 -1
1 3 22.726297831143683 1
2 3 21.33580081635973 0
3 3 20.71859411614266 0


# 20.119999999999997 18.0 5.218905885067535
0 0 22.844297615165143 1
1 0 20.726421811092457 -1
2 0 20.14851387369157 -1
3 0 19.84672475815452 -1

0 1 20.863219195248504 -1
1 1 20.71525023396575 -1
2 1 20.427272450472344 -1
3 1 20.923117991632243 0

0 2 20.505217372096208 -1
1 2 20.91115868528926 -1
2 2 20.44465469285582 -1
3 2 20.869227221280543 0

0 3 20.496940433534608 -1
1 3 22.70472012145785 1
2 3 21.326112809238097 0
3 3 20.719068808327748 0


# 20.239999999999995 18.0 5.218905885067535
0 0 22.82241859309529 1
1 0 20.680866287435606 -1
2 0 20.094454652949274 -1
3 0 19.805893538595935 -1

0 1 20.816198623437955 -1
1 1 20.654944175295018 -1
2 1 20.37216943100246 -1
3 1 20.897634518274234 0

0 2 20.45140981537531 -1
1 2 20.85849181405518 -1
2 2 20.404423282905658 -1
3 2 20.85769319730085 0

0 3 20.458364137169358 -1
1 3 22.683557501482174 1
2 3 21.316820666362684 0
3 3 20.720716497591912 0


# 20.359999999999992 18.0 5.218905885067535
0 0 22.801656302674342 1
1 0 20.636322564934336 -1
2 0 20.0417001839398 -1
3 0 19.76703338763305 -1

0 1 20.7702544047737 -1
1 1 20.595153713458046 -1
2 1 20.317572238697277 -1
3 1 20.87268145439029 0

0 2 20.398935927401528 -1
1 2 20.8062690520835 -1
2 2 20.364591227179517 -1
3 2 20.846605953164154 0

0 3 20.421732949377866 -1
1 3 22.66282595843381 1
2 3 21.307931802573915 0
3 3 20.72350515674746 0


# 20.47999999999999 18.0 5.218905885067535
0 0 22.78199559941456 1
1 0 20.592783211168843 -1
2 0 19.990237442264316 -1
3 0 19.730095212438115 -1

0 1 20.725376742656493 -1
1 1 20.535890350147334 -1
2 1 20.263489576927586 -1
3 1 20.848271122216254 0

0 2 20.347781163380077 -1
1 2 20.75450120197318 -1
2 2 20.325161190690565 -1
3 2 20.83597175276711 0

0 3 20.38699784866203 -1
1 3 22.6425404384181 1
2 3 21.299453148296084 0
3 3 20.72740406991731 0


# 20.47999999999999 18.0 5.218905885067535
0 0 22.763421677281542 1
1 0 20.55024090993607 -1
2 0 19.940053378080837 -1
3 0 19.695031678793907 -1

0 1 20.68155603775463 -1
1 1 20.47716506605936 -1
2 1 20.209929886319628 -1
3 1 20.82441493489774 0

0 2 20.29793101557879 -1
1 2 20.703198716807428 -1
2 2 20.2861360955877 -1
3 2 20.825796400355724 0

0 3 20.35411158355816 -1
1 3 22.622714901388477 1
2 3 21.29139117687037 0
3 3 20.732383774326998 0


# 20.47999999999999 18.0 5.218905885067535
0 0 22.624480060271694 -1
1 0 20.506511173771695 -1
2 0 19.890388809068064 -1
3 0 19.660348183284917 -1

0 1 20.636605597871853 -1
1 1 20.41893608738576 -1
2 1 20.15689176289956 -1
3 1 20.800385943790516 0

0 2 20.24862490370333 -1
1 2 20.652362122257454 -1
2 2 20.247518860548087 -1
3 2 20.81535641448477 0

0 3 20.32157964421117 -1
1 3 22.602624870850228 1
2 3 21.283023077510517 0
3 3 20.73695851235517 0


