# 20.0 20.0 0.0
0 0 20.0 0
1 0 20.0 0
2 0 20.0 0
3 0 20.0 0

0 1 20.0 0
1 1 20.0 0
2 1 20.0 0
3 1 20.0 0

0 2 20.0 0
1 2 20.0 0
2 2 20.0 0
3 2 20.0 0

0 3 20.0 0
1 3 20.0 0
2 3 20.0 0
3 3 20.0 0


# 20.0 20.0 0.0
0 0 20.0 0
1 0 20.0 0
2 0 20.0 0
3 0 20.0 0

0 1 20.0 0
1 1 20.0 0
2 1 20.0 0
3 1 20.0 0

0 2 20.0 0
1 2 20.0 0
2 2 20.0 0
3 2 20.0 0

0 3 20.0 0
1 3 20.0 0
2 3 20.0 0
3 3 20.0 0


# 20.0 20.0 0.0
0 0 20.0 0
1 0 20.0 0
2 0 20.0 0
3 0 20.0 0

0 1 20.0 0
1 1 20.0 0
2 1 20.0 0
3 1 20.0 0

0 2 20.0 0
1 2 20.0 0
2 2 20.0 0
3 2 20.0 0

0 3 20.0 0
1 3 20.0 0
2 3 20.0 0
3 3 20.0 0


# 20.0 20.0 0.0
0 0 20.0 0
1 0 20.0 0
2 0 20.0 0
3 0 20.0 0

0 1 20.0 0
1 1 20.0 0
2 1 20.0 0
3 1 20.0 0

0 2 20.0 0
1 2 20.0 0
2 2 20.0 0
3 2 20.0 0

0 3 20.0 0
1 3 20.0 0
2 3 20.0 0
3 3 20.0 0


# 20.0 20.0 0.0
0 0 20.0 0
1 0 20.0 0
2 0 20.0 0
3 0 20.0 0

0 1 20.0 0
1 1 20.0 0
2 1 20.0 0
3 1 20.0 0

0 2 20.0 0
1 2 20.0 0
2 2 20.0 0
3 2 20.0 0

0 3 20.0 0
1 3 20.0 0
2 3 20.0 0
3 3 20.0 0


# 20.0 20.0 0.0
0 0 20.0 0
1 0 20.0 0
2 0 20.0 0
3 0 20.0 0

0 1 20.0 0
1 1 20.0 0
2 1 20.0 0
3 1 20.0 0

0 2 20.0 0
1 2 20.0 0
2 2 20.0 0
3 2 20.0 0

0 3 20.0 0
1 3 20.0 0
2 3 20.0 0
3 3 20.0 0


# 20.0 20.0 0.0
0 0 20.0 0
1 0 20.0 0
2 0 20.0 0
3 0 20.0 0

0 1 20.0 0
1 1 20.0 0
2 1 20.0 0
3 1 20.0 0

0 2 20.0 0
1 2 20.0 0
2 2 20.0 0
3 2 20.0 0

0 3 20.0 0
1 3 20.0 0
2 3 20.0 0
3 3 20.0 0


# 20.0 20.0 0.0
0 0 20.0 0
1 0 20.0 0
2 0 20.0 0
3 0 20.0 0

0 1 20.0 0
1 1 20.0 0
2 1 20.0 0
3 1 20.0 0

0 2 20.0 0
1 2 20.0 0
2 2 20.0 0
3 2 20.0 0

0 3 20.0 0
1 3 20.0 0
2 3 20.0 0
3 3 20.0 0


# 20.0 20.0 0.0
0 0 20.0 0
1 0 20.0 0
2 0 20.0 0
3 0 20.0 0

0 1 20.0 0
1 1 20.0 0
2 1 20.0 0
3 1 20.0 0

0 2 20.0 0
1 2 20.0 0
2 2 20.0 0
3 2 20.0 0

0 3 20.0 0
1 3 20.0 0
2 3 20.0 0
3 3 20.0 0


# 20.0 20.0 0.0
0 0 20.0 0
1 0 20.0 0
2 0 20.0 0
3 0 20.0 0

0 1 20.0 0
1 1 20.0 0
2 1 20.0 0
3 1 20.0 0

0 2 20.0 0
1 2 20.0 0
2 2 20.0 0
3 2 20.0 0

0 3 20.0 0
1 3 20.0 0
2 3 20.0 0
3 3 20.0 0


# 20.0 20.0 0.0
0 0 20.0 0
1 0 20.0 0
2 0 20.0 0
3 0 20.0 0

0 1 20.0 0
1 1 20.0 0
2 1 20.0 0
3 1 20.0 0

0 2 20.0 0
1 2 20.0 0
2 2 20.0 0
3 2 20.0 0

0 3 20.0 0
1 3 20.0 0
2 3 20.0 0
3 3 20.0 0


# 20.0 20.0 0.0
0 0 20.0 0
1 0 20.0 0
2 0 20.0 0
3 0 20.0 0

0 1 20.0 0
1 1 20.0 0
2 1 20.0 0
3 1 20.0 0

0 2 20.0 0
1 2 20.0 0
2 2 20.0 0
3 2 20.0 0

0 3 20.0 0
1 3 20.0 0
2 3 20.0 0
3 3 20.0 0


# 20.0 20.0 0.0
0 0 20.0 0
1 0 20.0 0
2 0 20.0 0
3 0 20.0 0

0 1 20.0 0
1 1 20.0 0
2 1 20.0 0
3 1 20.0 0

0 2 20.0 0
1 2 20.0 0
2 2 20.0 0
3 2 20.0 0

0 3 20.0 0
1 3 20.0 0
2 3 20.0 0
3 3 20.0 0


# 20.0 20.0 0.0
0 0 20.0 0
1 0 20.0 0
2 0 20.0 0
3 0 20.0 0

0 1 20.0 0
1 1 20.0 0
2 1 20.0 0
3 1 20.0 0

0 2 20.0 0
1 2 20.0 0
2 2 20.0 0
3 2 20.0 0

0 3 20.0 0
1 3 20.0 0
2 3 20.0 0
3 3 20.0 0


# 20.0 20.0 0.0
0 0 20.0 0
1 0 20.0 0
2 0 20.0 0
3 0 20.0 0

0 1 20.0 0
1 1 20.0 0
2 1 20.0 0
3 1 20.0 0

0 2 20.0 0
1 2 20.0 0
2 2 20.0 0
3 2 20.0 0

0 3 20.0 0
1 3 20.0 0
2 3 20.0 0
3 3 20.0 0


# 20.0 20.0 0.0
0 0 20.0 0
1 0 20.0 0
2 0 20.0 0
3 0 20.0 0

0 1 20.0 0
1 1 20.0 0
2 1 20.0 0
3 1 20.0 0

0 2 20.0 0
1 2 20.0 0
2 2 20.0 0
3 2 20.0 0

0 3 20.0 0
1 3 20.0 0
2 3 20.0 0
3 3 20.0 0


# 20.0 20.0 0.0
0 0 20.0 0
1 0 20.0 0
2 0 20.0 0
3 0 20.0 0

0 1 20.0 0
1 1 20.0 0
2 1 20.0 0
3 1 20.0 0

0 2 20.0 0
1 2 20.0 0
2 2 20.0 0
3 2 20.0 0

0 3 20.0 0
1 3 20.0 0
2 3 20.0 0
3 3 20.0 0


# 20.0 20.0 0.0
0 0 20.0 0
1 0 20.0 0
2 0 20.0 0
3 0 20.0 0

0 1 20.0 0
1 1 20.0 0
2 1 20.0 0
3 1 20.0 0

0 2 20.0 0
1 2 20.0 0
2 2 20.0 0
3 2 20.0 0

0 3 20.0 0
1 3 20.0 0
2 3 20.0 0
3 3 20.0 0


# 20.0 20.0 0.0
0 0 20.0 0
1 0 20.0 0
2 0 20.0 0
3 0 20.0 0

0 1 20.0 0
1 1 20.0 0
2 1 20.0 0
3 1 20.0 0

0 2 20.0 0
1 2 20.0 0
2 2 20.0 0
3 2 20.0 0

0 3 20.0 0
1 3 20.0 0
2 3 20.0 0
3 3 20.0 0


# 20.0 20.0 0.0
0 0 20.0 0
1 0 20.0 0
2 0 20.0 0
3 0 20.0 0

0 1 20.0 0
1 1 20.0 0
2 1 20.0 0
3 1 20.0 0

0 2 20.0 0
1 2 20.0 0
2 2 20.0 0
3 2 20.0 0

0 3 20.0 0
1 3 20.0 0
2 3 20.0 0
3 3 20.0 0


# 20.0 20.0 0.0
0 0 20.0 0
1 0 20.0 0
2 0 20.0 0
3 0 20.0 0

0 1 20.0 0
1 1 20.0 0
2 1 20.0 0
3 1 20.0 0

0 2 20.0 0
1 2 20.0 0
2 2 20.0 0
3 2 20.0 0

0 3 20.0 0
1 3 20.0 0
2 3 20.0 0
3 3 20.0 0


# 20.0 20.0 0.0
0 0 20.0 0
1 0 20.0 0
2 0 20.0 0
3 0 20.0 0

0 1 20.0 0
1 1 20.0 0
2 1 20.0 0
3 1 20.0 0

0 2 20.0 0
1 2 20.0 0
2 2 20.0 0
3 2 20.0 0

0 3 20.0 0
1 3 20.0 0
2 3 20.0 0
3 3 20.0 0


# 20.0 20.0 0.0
0 0 20.0 0
1 0 20.0 0
2 0 20.0 0
3 0 20.0 0

0 1 20.0 0
1 1 20.0 0
2 1 20.0 0
3 1 20.0 0

0 2 20.0 0
1 2 20.0 0
2 2 20.0 0
3 2 20.0 0

0 3 20.0 0
1 3 20.0 0
2 3 20.0 0
3 3 20.0 0


# 20.0 20.0 0.0
0 0 20.0 0
1 0 20.0 0
2 0 20.0 0
3 0 20.0 0

0 1 20.0 0
1 1 20.0 0
2 1 20.0 0
3 1 20.0 0

0 2 20.0 0
1 2 20.0 0
2 2 20.0 0
3 2 20.0 0

0 3 20.0 0
1 3 20.0 0
2 3 20.0 0
3 3 20.0 0


# 20.0 20.0 0.0
0 0 20.0 0
1 0 20.0 0
2 0 20.0 0
3 0 20.0 0

0 1 20.0 0
1 1 20.0 0
2 1 20.0 0
3 1 20.0 0

0 2 20.0 0
1 2 20.0 0
2 2 20.0 0
3 2 20.0 0

0 3 20.0 0
1 3 20.0 0
2 3 20.0 0
3 3 20.0 0


# 20.0 20.0 0.0
0 0 20.0 0
1 0 20.0 0
2 0 20.0 0
3 0 20.0 0

0 1 20.0 0
1 1 20.0 0
2 1 20.0 0
3 1 20.0 0

0 2 20.0 0
1 2 20.0 0
2 2 20.0 0
3 2 20.0 0

0 3 20.0 0
1 3 20.0 0
2 3 20.0 0
3 3 20.0 0


# 20.0 20.0 0.0
0 0 20.0 0
1 0 20.0 0
2 0 20.0 0
3 0 20.0 0

0 1 20.0 0
1 1 20.0 0
2 1 20.0 0
3 1 20.0 0

0 2 20.0 0
1 2 20.0 0
2 2 20.0 0
3 2 20.0 0

0 3 20.0 0
1 3 20.0 0
2 3 20.0 0
3 3 20.0 0


# 20.0 20.0 0.0
0 0 20.0 0
1 0 20.0 0
2 0 20.0 0
3 0 20.0 0

0 1 20.0 0
1 1 20.0 0
2 1 20.0 0
3 1 20.0 0

0 2 20.0 0
1 2 20.0 0
2 2 20.0 0
3 2 20.0 0

0 3 20.0 0
1 3 20.0 0
2 3 20.0 0
3 3 20.0 0


# 20.0 20.0 0.0
0 0 20.0 0
1 0 20.0 0
2 0 20.0 0
3 0 20.0 0

0 1 20.0 0
1 1 20.0 0
2 1 20.0 0
3 1 20.0 0

0 2 20.0 0
1 2 20.0 0
2 2 20.0 0
3 2 20.0 0

0 3 20.0 0
1 3 20.0 0
2 3 20.0 0
3 3 20.0 0


# 20.0 20.0 0.0
0 0 20.0 0
1 0 20.0 0
2 0 20.0 0
3 0 20.0 0

0 1 20.0 0
1 1 20.0 0
2 1 20.0 0
3 1 20.0 0

0 2 20.0 0
1 2 20.0 0
2 2 20.0 0
3 2 20.0 0

0 3 20.0 0
1 3 20.0 0
2 3 20.0 0
3 3 20.0 0


# 20.0 20.0 0.0
0 0 20.0 0
1 0 20.0 0
2 0 20.0 0
3 0 20.0 0

0 1 20.0 0
1 1 20.0 0
2 1 20.0 0
3 1 20.0 0

0 2 20.0 0
1 2 20.0 0
2 2 20.0 0
3 2 20.0 0

0 3 20.0 0
1 3 20.0 0
2 3 20.0 0
3 3 20.0 0


# 20.0 20.0 0.0
0 0 20.0 0
1 0 20.0 0
2 0 20.0 0
3 0 20.0 0

0 1 20.0 0
1 1 20.0 0
2 1 20.0 0
3 1 20.0 0

0 2 20.0 0
1 2 20.0 0
2 2 20.0 0
3 2 20.0 0

0 3 20.0 0
1 3 20.0 0
2 3 20.0 0
3 3 20.0 0


# 20.0 20.0 0.0
0 0 20.0 0
1 0 20.0 0
2 0 20.0 0
3 0 20.0 0

0 1 20.0 0
1 1 20.0 0
2 1 20.0 0
3 1 20.0 0

0 2 20.0 0
1 2 20.0 0
2 2 20.0 0
3 2 20.0 0

0 3 20.0 0
1 3 20.0 0
2 3 20.0 0
3 3 20.0 0


# 20.0 20.0 0.0
0 0 20.0 0
1 0 20.0 0
2 0 20.0 0
3 0 20.0 0

0 1 20.0 0
1 1 20.0 0
2 1 20.0 0
3 1 20.0 0

0 2 20.0 0
1 2 20.0 0
2 2 20.0 0
3 2 20.0 0

0 3 20.0 0
1 3 20.0 0
2 3 20.0 0
3 3 20.0 0


# 20.0 20.0 0.0
0 0 20.0 0
1 0 20.0 0
2 0 20.0 0
3 0 20.0 0

0 1 20.0 0
1 1 20.0 0
2 1 20.0 0
3 1 20.0 0

0 2 20.0 0
1 2 20.0 0
2 2 20.0 0
3 2 20.0 0

0 3 20.0 0
1 3 20.0 0
2 3 20.0 0
3 3 20.0 0


# 20.0 20.0 0.0
0 0 20.0 0
1 0 20.0 0
2 0 20.0 0
3 0 20.0 0

0 1 20.0 0
1 1 20.0 0
2 1 20.0 0
3 1 20.0 0

0 2 20.0 0
1 2 20.0 0
2 2 20.0 0
3 2 20.0 0

0 3 20.0 0
1 3 20.0 0
2 3 20.0 0
3 3 20.0 0


# 20.0 20.0 0.0
0 0 20.0 0
1 0 20.0 0
2 0 20.0 0
3 0 20.0 0

0 1 20.0 0
1 1 20.0 0
2 1 20.0 0
3 1 20.0 0

0 2 20.0 0
1 2 20.0 0
2 2 20.0 0
3 2 20.0 0

0 3 20.0 0
1 3 20.0 0
2 3 20.0 0
3 3 20.0 0


# 20.0 20.0 0.0
0 0 20.0 0
1 0 20.0 0
2 0 20.0 0
3 0 20.0 0

0 1 20.0 0
1 1 20.0 0
2 1 20.0 0
3 1 20.0 0

0 2 20.0 0
1 2 20.0 0
2 2 20.0 0
3 2 20.0 0

0 3 20.0 0
1 3 20.0 0
2 3 20.0 0
3 3 20.0 0


# 20.0 20.0 0.0
0 0 20.0 0
1 0 20.0 0
2 0 20.0 0
3 0 20.0 0

0 1 20.0 0
1 1 20.0 0
2 1 20.0 0
3 1 20.0 0

0 2 20.0 0
1 2 20.0 0
2 2 20.0 0
3 2 20.0 0

0 3 20.0 0
1 3 20.0 0
2 3 20.0 0
3 3 20.0 0


# 20.0 20.0 0.0
0 0 20.0 0
1 0 20.0 0
2 0 20.0 0
3 0 20.0 0

0 1 20.0 0
1 1 20.0 0
2 1 20.0 0
3 1 20.0 0

0 2 20.0 0
1 2 20.0 0
2 2 20.0 0
3 2 20.0 0

0 3 20.0 0
1 3 20.0 0
2 3 20.0 0
3 3 20.0 0


# 20.0 20.0 0.0
0 0 20.0 0
1 0 20.0 0
2 0 20.0 0
3 0 20.0 0

0 1 20.0 0
1 1 20.0 0
2 1 20.0 0
3 1 20.0 0

0 2 20.0 0
1 2 20.0 0
2 2 20.0 0
3 2 20.0 0

0 3 20.0 0
1 3 20.0 0
2 3 20.0 0
3 3 20.0 0


# 20.0 20.0 0.0
0 0 20.0 0
1 0 20.0 0
2 0 20.0 0
3 0 20.0 0

0 1 20.0 0
1 1 20.0 0
2 1 20.0 0
3 1 20.0 0

0 2 20.0 0
1 2 20.0 0
2 2 20.0 0
3 2 20.0 0

0 3 20.0 0
1 3 20.0 0
2 3 20.0 0
3 3 20.0 0


# 20.0 20.0 0.0
0 0 20.0 0
1 0 20.0 0
2 0 20.0 0
3 0 20.0 0

0 1 20.0 0
1 1 20.0 0
2 1 20.0 0
3 1 20.0 0

0 2 20.0 0
1 2 20.0 0
2 2 20.0 0
3 2 20.0 0

0 3 20.0 0
1 3 20.0 0
2 3 20.0 0
3 3 20.0 0


# 20.0 20.0 0.0
0 0 20.0 0
1 0 20.0 0
2 0 20.0 0
3 0 20.0 0

0 1 20.0 0
1 1 20.0 0
2 1 20.0 0
3 1 20.0 0

0 2 20.0 0
1 2 20.0 0
2 2 20.0 0
3 2 20.0 0

0 3 20.0 0
1 3 20.0 0
2 3 20.0 0
3 3 20.0 0


# 20.0 20.0 0.0
0 0 20.0 0
1 0 20.0 0
2 0 20.0 0
3 0 20.0 0

0 1 20.0 0
1 1 20.0 0
2 1 20.0 0
3 1 20.0 0

0 2 20.0 0
1 2 20.0 0
2 2 20.0 0
3 2 20.0 0

0 3 20.0 0
1 3 20.0 0
2 3 20.0 0
3 3 20.0 0


# 20.0 20.0 0.0
0 0 20.0 0
1 0 20.0 0
2 0 20.0 0
3 0 20.0 0

0 1 20.0 0
1 1 20.0 0
2 1 20.0 0
3 1 20.0 0

0 2 20.0 0
1 2 20.0 0
2 2 20.0 0
3 2 20.0 0

0 3 20.0 0
1 3 20.0 0
2 3 20.0 0
3 3 20.0 0


# 20.0 20.0 0.0
0 0 20.0 0
1 0 20.0 0
2 0 20.0 0
3 0 20.0 0

0 1 20.0 0
1 1 20.0 0
2 1 20.0 0
3 1 20.0 0

0 2 20.0 0
1 2 20.0 0
2 2 20.0 0
3 2 20.0 0

0 3 20.0 0
1 3 20.0 0
2 3 20.0 0
3 3 20.0 0


# 20.0 20.0 0.0
0 0 20.0 0
1 0 20.0 0
2 0 20.0 0
3 0 20.0 0

0 1 20.0 0
1 1 20.0 0
2 1 20.0 0
3 1 20.0 0

0 2 20.0 0
1 2 20.0 0
2 2 20.0 0
3 2 20.0 0

0 3 20.0 0
1 3 20.0 0
2 3 20.0 0
3 3 20.0 0


# 20.0 20.0 0.0
0 0 20.0 0
1 0 20.0 0
2 0 20.0 0
3 0 20.0 0

0 1 20.0 0
1 1 20.0 0
2 1 20.0 0
3 1 20.0 0

0 2 20.0 0
1 2 20.0 0
2 2 20.0 0
3 2 20.0 0

0 3 20.0 0
1 3 20.0 0
2 3 20.0 0
3 3 20.0 0


# 20.0 20.0 0.0
0 0 20.0 0
1 0 20.0 0
2 0 20.0 0
3 0 20.0 0

0 1 20.0 0
1 1 20.0 0
2 1 20.0 0
3 1 20.0 0

0 2 20.0 0
1 2 20.0 0
2 2 20.0 0
3 2 20.0 0

0 3 20.0 0
1 3 20.0 0
2 3 20.0 0
3 3 20.0 0


# 20.0 20.0 0.0
0 0 20.0 0
1 0 20.0 0
2 0 20.0 0
3 0 20.0 0

0 1 20.0 0
1 1 20.0 0
2 1 20.0 0
3 1 20.0 0

0 2 20.0 0
1 2 20.0 0
2 2 20.0 0
3 2 20.0 0

0 3 20.0 0
1 3 20.0 0
2 3 20.0 0
3 3 20.0 0


# 20.0 20.0 0.0
0 0 20.0 0
1 0 20.0 0
2 0 20.0 0
3 0 20.0 0

0 1 20.0 0
1 1 20.0 0
2 1 20.0 0
3 1 20.0 0

0 2 20.0 0
1 2 20.0 0
2 2 20.0 0
3 2 20.0 0

0 3 20.0 0
1 3 20.0 0
2 3 20.0 0
3 3 20.0 0


# 20.0 20.0 0.0
0 0 20.0 0
1 0 20.0 0
2 0 20.0 0
3 0 20.0 0

0 1 20.0 0
1 1 20.0 0
2 1 20.0 0
3 1 20.0 0

0 2 20.0 0
1 2 20.0 0
2 2 20.0 0
3 2 20.0 0

0 3 20.0 0
1 3 20.0 0
2 3 20.0 0
3 3 20.0 0


# 20.0 20.0 0.0
0 0 20.0 0
1 0 20.0 0
2 0 20.0 0
3 0 20.0 0

0 1 20.0 0
1 1 20.0 0
2 1 20.0 0
3 1 20.0 0

0 2 20.0 0
1 2 20.0 0
2 2 20.0 0
3 2 20.0 0

0 3 20.0 0
1 3 20.0 0
2 3 20.0 0
3 3 20.0 0


# 20.0 20.0 0.0
0 0 20.0 0
1 0 20.0 0
2 0 20.0 0
3 0 20.0 0

0 1 20.0 0
1 1 20.0 0
2 1 20.0 0
3 1 20.0 0

0 2 20.0 0
1 2 20.0 0
2 2 20.0 0
3 2 20.0 0

0 3 20.0 0
1 3 20.0 0
2 3 20.0 0
3 3 20.0 0


# 20.0 20.0 0.0
0 0 20.0 0
1 0 20.0 0
2 0 20.0 0
3 0 20.0 0

0 1 20.0 0
1 1 20.0 0
2 1 20.0 0
3 1 20.0 0

0 2 20.0 0
1 2 20.0 0
2 2 20.0 0
3 2 20.0 0

0 3 20.0 0
1 3 20.0 0
2 3 20.0 0
3 3 20.0 0


# 20.0 20.0 0.0
0 0 20.0 0
1 0 20.0 0
2 0 20.0 0
3 0 20.0 0

0 1 20.0 0
1 1 20.0 0
2 1 20.0 0
3 1 20.0 0

0 2 20.0 0
1 2 20.0 0
2 2 20.0 0
3 2 20.0 0

0 3 20.0 0
1 3 20.0 0
2 3 20.0 0
3 3 20.0 0


# 20.0 20.0 0.0
0 0 20.0 0
1 0 20.0 0
2 0 20.0 0
3 0 20.0 0

0 1 20.0 0
1 1 20.0 0
2 1 20.0 0
3 1 20.0 0

0 2 20.0 0
1 2 20.0 0
2 2 20.0 0
3 2 20.0 0

0 3 20.0 0
1 3 20.0 0
2 3 20.0 0
3 3 20.0 0


# 20.0 20.0 0.0
0 0 20.0 0
1 0 20.0 0
2 0 20.0 0
3 0 20.0 0

0 1 20.0 0
1 1 20.0 0
2 1 20.0 0
3 1 20.0 0

0 2 20.0 0
1 2 20.0 0
2 2 20.0 0
3 2 20.0 0

0 3 20.0 0
1 3 20.0 0
2 3 20.0 0
3 3 20.0 0


# 20.0 20.0 0.0
0 0 20.0 0
1 0 20.0 0
2 0 20.0 0
3 0 20.0 0

0 1 20.0 0
1 1 20.0 0
2 1 20.0 0
3 1 20.0 0

0 2 20.0 0
1 2 20.0 0
2 2 20.0 0
3 2 20.0 0

0 3 20.0 0
1 3 20.0 0
2 3 20.0 0
3 3 20.0 0


# 20.0 20.0 0.0
0 0 20.0 0
1 0 20.0 0
2 0 20.0 0
3 0 20.0 0

0 1 20.0 0
1 1 20.0 0
2 1 20.0 0
3 1 20.0 0

0 2 20.0 0
1 2 20.0 0
2 2 20.0 0
3 2 20.0 0

0 3 20.0 0
1 3 20.0 0
2 3 20.0 0
3 3 20.0 0


# 20.0 20.0 0.0
0 0 20.0 0
1 0 20.0 0
2 0 20.0 0
3 0 20.0 0

0 1 20.0 0
1 1 20.0 0
2 1 20.0 0
3 1 20.0 0

0 2 20.0 0
1 2 20.0 0
2 2 20.0 0
3 2 20.0 0

0 3 20.0 0
1 3 20.0 0
2 3 20.0 0
3 3 20.0 0


# 20.0 20.0 0.0
0 0 20.0 0
1 0 20.0 0
2 0 20.0 0
3 0 20.0 0

0 1 20.0 0
1 1 20.0 0
2 1 20.0 0
3 1 20.0 0

0 2 20.0 0
1 2 20.0 0
2 2 20.0 0
3 2 20.0 0

0 3 20.0 0
1 3 20.0 0
2 3 20.0 0
3 3 20.0 0


# 20.0 20.0 0.0
0 0 20.0 0
1 0 20.0 0
2 0 20.0 0
3 0 20.0 0

0 1 20.0 0
1 1 20.0 0
2 1 20.0 0
3 1 20.0 0

0 2 20.0 0
1 2 20.0 0
2 2 20.0 0
3 2 20.0 0

0 3 20.0 0
1 3 20.0 0
2 3 20.0 0
3 3 20.0 0


# 20.0 20.0 0.0
0 0 20.0 0
1 0 20.0 0
2 0 20.06 1
3 0 20.00072 0

0 1 20.0 0
1 1 20.0 0
2 1 20.00072 0
3 1 20.00001728 0

0 2 20.0 0
1 2 20.0 0
2 2 20.00000864 0
3 2 20.00000031104 0

0 3 20.0 0
1 3 20.0 0
2 3 20.00000010368 0
3 3 20.00000000497664 0


# 20.0 20.0 0.05999999999999872
0 0 20.0 0
1 0 20.06072 1
2 0 20.11822592 1
3 0 20.0021129984 0

0 1 20.0 0
1 1 20.00073728 0
2 1 20.002113309440002 0
3 1 20.000067273666563 0

0 2 20.0 0
1 2 20.00000895104 0
2 2 20.0000336973824 0
3 2 20.000001509688627 0

0 3 20.0 0
1 3 20.00000010865664 0
2 3 20.00000050505763 0
3 3 20.000000028974437 0


# 20.0 20.0 0.11822592000000043
0 0 20.00072864 0
1 0 20.11960606208 1
2 0 20.17474641979904 1
3 0 20.00413469477919 0

0 1 20.00001759104 0
1 1 20.002162841523198 0
2 1 20.004135993375336 0
3 1 20.000163714546684 0

0 2 20.00000031850496 0
1 2 20.000034884982888 0
2 2 20.000082154625296 0
3 2 20.00000439705946 0

0 3 20.00000000512594 0
1 3 20.00000052883506 0
2 3 20.000001476394427 0
3 3 20.000000098412805 0


# 20.0 20.0 0.17474641979903893
0 0 20.00213789279744 0
1 0 20.176731173322075 1
2 0 20.229627092505197 1
3 0 20.006743335451763 0

0 1 20.000068464850226 0
1 1 20.00423067132845 0
2 1 20.006746709289388 0
3 1 20.000318771837332 0

0 2 20.00000154538726 0
1 2 20.000084989305822 0
2 2 20.000160262067872 0
3 2 20.00000996197078 0

0 3 20.000000029832073 0
1 3 20.000001544570374 0
2 3 20.000003357246474 0
3 3 20.000000254700552 0


# 20.0 20.0 0.22962709250519708
0 0 20.0041825243148 0
1 0 20.23216494750033 1
2 0 20.282930614526876 1
3 0 20.00989956801187 0

0 1 20.000166566218883 0
1 1 20.006897557652458 0
2 1 20.00990655371651 0
3 1 20.000543176424554 0

0 2 20.000004499505277 0
1 2 20.000165676184693 0
2 2 20.000273596078035 0
3 2 20.000019347894444 0

0 3 20.000000101287025 0
1 3 20.000003509315036 0
2 3 20.000006544563245 0
3 3 20.000000556240824 0


# 20.0 20.0 0.28293061452687596
0 0 20.0068199316041 0
1 0 20.285973796950717 1
2 0 20.334716887740896 1
3 0 20.01356630433343 0

0 1 20.000324234302834 0
1 1 20.010122918018997 0
2 1 20.01357891807727 0
3 1 20.000846337858384 0

0 2 20.00001019066735 0
1 2 20.00028264629678 0
2 2 20.00042711294827 0
3 2 20.000033823367446 0

0 3 20.00000026204048 0
1 3 20.00000683535861 0
2 3 20.00001148374616 0
3 3 20.00000107990152 0


# 20.0 20.0 0.33471688774089614
0 0 20.010009990441393 0
1 0 20.3382210950332 1
2 0 20.385043174265107 1
3 0 20.017708591522908 0

0 1 20.000552333651648 0
1 1 20.013868637870793 0
2 1 20.01772935316487 0
3 1 20.001236452884996 0

0 2 20.00001978556319 0
1 2 20.060440947735426 1
2 2 20.001345198822918 0
3 2 20.000063395565327 0

0 3 20.000000572058084 0
1 3 20.000731984316026 0
2 3 20.000035940585306 0
3 3 20.000002233058872 0


# 20.0 20.0 0.3850431742651068
0 0 20.01371491192972 0
1 0 20.388967329730594 1
2 0 20.43396422423899 1
3 0 20.022293490353572 0

0 1 20.000860375662644 0
1 1 20.018818919328517 0
2 1 20.022342721756264 0
3 1 20.00172091715593 0

0 2 20.00075457731501 0
1 2 20.117799590401514 1
2 2 20.00296352905912 0
3 2 20.00011697310287 0

0 3 20.000018390203564 0
1 3 20.002115488029037 0
2 3 20.000095406082487 0
3 3 20.000004701218977 0


# 20.0 20.0 0.4339642242389914
0 0 20.017899107564972 0
1 0 20.4382788888955 1
2 0 20.48153270803302 1
3 0 20.02728996820311 0

0 1 20.001273911135314 0
1 1 20.024871952547013 0
2 1 20.027403340393505 0
3 1 20.002306362015773 0

0 2 20.002151987768666 0
1 2 20.172530445551086 1
2 2 20.00522303364584 0
3 2 20.000202469395116 0

0 3 20.00006893786581 0
1 3 20.00409897500581 0
2 3 20.00020331954547 0
3 3 20.00000940144238 0


# 20.0 20.0 0.4815327080330185
0 0 20.022529373293004 0
1 0 20.486218383968364 1
2 0 20.527799274606412 1
3 0 20.032668796987263 0

0 1 20.001815046630934 0
1 1 20.031933705423285 0
2 1 20.032895128562913 0
3 1 20.002998691550452 0

0 2 20.004154577442957 0
1 2 20.22479390766285 1
2 2 20.008069465932838 0
3 2 20.00032689638763 0

0 3 20.000165498732024 0
1 3 20.00662877076685 0
2 3 20.000371271782264 0
3 3 20.00001744100849 0


# 20.0 20.0 0.5277992746064122
0 0 20.027574717021647 0
1 0 20.532844904206307 1
2 0 20.57281261103002 1
3 0 20.038402455926686 0

0 1 20.00250277067109 0
1 1 20.039917328096205 0
2 1 20.038801739551207 0
3 1 20.00380311960772 0

0 2 20.006709631315143 0
1 2 20.274739702448365 1
2 2 20.011453006890097 0
3 2 20.000496449549427 0

0 3 20.000319601602655 0
1 3 20.00965552930464 0
2 3 20.000609190093847 0
3 3 20.000030080807907 0


# 20.0 20.0 0.5728126110300202
0 0 20.033006199307398 0
1 0 20.578214251890845 1
2 0 20.616619502735183 1
3 0 20.04446503898144 0

0 1 20.00335325220753 0
1 1 20.048742603700763 0
2 1 20.045106674847954 0
3 1 20.004724206544743 0

0 2 20.00976877747501 0
1 2 20.32250763573929 1
2 2 20.015327901962138 0
3 2 20.00071658494013 0

0 3 20.060541187626317 1
1 3 20.01385389323536 0
2 3 20.00093414662197 0
3 3 20.00004880667757 0


# 20.0 20.0 0.6166195027351833
0 0 20.03879678618151 0
1 0 20.622379160022838 1
2 0 20.65926489410653 1
3 0 20.050832166785924 0

0 1 20.0043801136231 0
1 1 20.058335441733924 0
2 1 20.05179338378742 0
3 1 20.005765895496026 0

0 2 20.014007636064925 0
1 2 20.36824556769976 1
2 2 20.019652438864547 0
3 2 20.0009920940651 0

0 3 20.118696043223373 1
1 3 20.019126538810017 0
2 3 20.00136084587607 0
3 3 20.00007528491647 0


# 20.0 20.0 0.6592648941065313
0 0 20.044921213162727 0
1 0 20.66538949388992 1
2 0 20.700791949087616 1
3 0 20.057480902916634 0

0 1 20.00560332034247 0
1 1 20.06862772171933 0
2 1 20.058845357427632 0
3 1 20.006931548138105 0

0 2 20.019329854525385 0
1 2 20.412090619097203 1
2 2 20.02438858879664 0
3 2 20.00132717117658 0

0 3 20.174884462387357 1
1 3 20.025383255308324 0
2 3 20.001901855897533 0
3 3 20.000111322984367 0


# 20.0 20.0 0.7007919490876162
0 0 20.051355963259656 0
1 0 20.707292442755342 1
2 0 20.74124211166313 1
3 0 20.06438967432925 0

0 1 20.00703974336214 0
1 1 20.07955680902851 0
2 1 20.06624620896262 0
3 1 20.008223979769927 0

0 2 20.025646178533478 0
1 2 20.454169967360542 1
2 2 20.02950167897517 0
3 2 20.001725473767916 0

0 3 20.229200974947513 1
1 3 20.03254043216384 0
2 3 20.002567819159317 0
3 3 20.000158834872057 0


# 20.0 20.0 0.74124211166313
0 0 20.058079134815717 0
1 0 20.748132696825706 1
2 0 20.78065516593469 1
3 0 20.07153819580185 0

0 1 20.00870345960946 0
1 1 20.091065110188243 0
2 1 20.073979742150833 0
3 1 20.009645493560235 0

0 2 20.03287393185808 0
1 2 20.49460158276546 1
2 2 20.03496009379848 0
3 2 20.002190176936434 0

0 3 20.281734712217666 1
1 3 20.04052058338267 0
2 3 20.003367644899264 0
3 3 20.00021981067869 0


# 20.0 20.0 0.7806551659346894
0 0 20.065070319839574 0
1 0 20.787952610710576 1
2 0 20.81906929554939 1
3 0 20.0789073982223 0

0 1 20.010606026648492 0
1 1 20.10309966444651 0
2 1 20.08203000909585 0
3 1 20.01119791384176 0

0 2 20.04093653457962 0
1 2 20.533494909307205 1
2 2 20.04073500217902 0
3 2 20.002724022225497 0

0 3 20.33256974799338 1
1 3 20.049251906506996 0
2 3 20.00430868444587 0
3 3 20.00029628997431 0


# 20.0 20.0 0.8190692955493901
0 0 20.072310491973656 0
1 0 20.82679235448437 1
2 0 20.856521142277945 1
3 0 20.086479360559732 0

0 1 20.012756733821252 0
1 1 20.11561176863358 0
2 1 20.090381358582437 0
3 1 20.012882618356816 0

0 2 20.04976305682074 0
1 2 20.570951494470144 1
2 2 20.046800108791114 0
3 2 20.003329361497492 0

0 3 20.38178541662555 1
1 3 20.0586678735802 0
2 3 20.00539689096729 0
3 3 20.000390338564813 0


# 20.0 20.0 0.8565211422779448
0 0 20.07978190332227 0
1 0 20.86469005336683 1
2 0 20.89304586357238 1
3 0 20.09423724536273 0

0 1 20.01516283174608 0
1 1 20.128556632597157 0
2 1 20.09901847605029 0
3 1 20.014700569380757 0

0 2 20.059287805348372 0
1 2 20.60706557177938 1
2 2 20.053131427172673 0
3 2 20.004008196336017 0

0 3 20.429456609774174 1
1 3 20.068706851760084 0
2 3 20.006636964956634 0
3 3 20.00050402831199 0


# 20.0 20.0 0.8930458635723788
0 0 20.087467989424024 0
1 0 20.901681916952544 1
2 0 20.928677188962727 1
3 0 20.102165237629794 0

0 1 20.017829741941178 0
1 1 20.141893062713173 0
2 1 20.10792641617863 0
3 1 20.016652343668497 0

0 2 20.06944994060568 0
1 2 20.64192459972099 1
2 2 20.05970707279469 0
3 2 20.004762213427206 0

0 3 20.475654053330693 1
1 3 20.07931175140226 0
2 3 20.008032486658564 0
3 3 20.000639419693787 0


# 20.0 20.0 0.9286771889627268
0 0 20.095353281711482 0
1 0 20.937802358841186 1
2 0 20.96344747517809 1
3 0 20.11024848690128 0

0 1 20.020761248200014 0
1 1 20.15558317117823 0
2 1 20.11709062895589 0
3 1 20.018738161185833 0

0 2 20.08019312191526 0
1 2 20.675609760341867 1
2 2 20.06650707437315 0
3 2 20.005592816326295 0

0 3 20.5204445658906 1
1 3 20.090429699598054 0
2 3 20.009586036542885 0
3 3 20.00079854681924 0


# 20.0 20.0 0.9634474751780893
0 0 20.10342332685436 0
1 0 20.973084107448383 1
2 0 20.997387759900278 1
3 0 20.118473052425866 0

0 1 20.02395967121499 0
1 1 20.16959210897721 0
2 1 20.126496980019244 0
3 1 20.020957912601286 0

0 2 20.09146517876419 0
1 2 20.70819642058601 1
2 2 20.073513201844932 0
3 2 20.006501153975776 0

0 3 20.563891300058884 1
1 3 20.10201173730119 0
2 3 20.011299304839667 0
3 3 20.000983404639534 0


# 20.0 20.0 0.9973877599002776
0 0 20.111664612431564 0
1 0 21.00755830871126 1
2 0 21.030527814078344 1
3 0 20.12682585125869 0

0 1 20.027426027826035 0
1 1 20.183887820592012 0
2 1 20.13613176596772 0
3 1 20.02331118552646 0

0 2 20.103217806237744 0
1 2 20.739754559189592 1
2 2 20.080708809564047 0
3 2 20.007488146305555 0

0 3 20.606053967779232 1
1 3 20.114012538316242 0
2 3 20.013173191066638 0
3 3 20.001195938120976 0


# 20.0 20.0 1.0305278140783436
0 0 20.120064498422476 0
1 0 21.041254621342503 1
2 0 21.06289619274988 1
3 0 20.135294609152695 0

0 1 20.03116017616037 0
1 1 20.198440818675518 0
2 1 20.14598172527946 0
3 1 20.0257972895032 0

0 2 20.11540628281331 0
1 2 20.77034916174092 1
2 2 20.088078693397684 0
3 2 20.008554507212985 0

0 3 20.646989050792733 1
1 3 20.126390148550165 0
2 3 20.015207894402664 0
3 3 20.001438033168007 0


# 20.0 20.0 1.0628961927498786
0 0 20.128611154049302 0
1 0 21.074201305231814 1
2 0 21.09452028433035 1
3 0 20.1438678141092 0

0 1 20.035160947828093 0
1 1 20.213223977060057 0
2 1 20.15603404539754 0
3 1 20.028415279744703 0

0 2 20.127989208859493 0
1 2 20.800040586311766 1
2 2 20.095608960514493 0
3 2 20.009700765191166 0

0 3 20.68674999725311 1
1 3 20.139105744046667 0
2 3 20.017402995690503 0
3 3 20.00171150910454 0


# 20.0 20.0 1.0945202843303505
0 0 20.137293499540245 0
1 0 21.106425303543244 1
2 0 21.125426358345077 1
3 0 20.152534672458344 0

0 1 20.03942626824483 0
1 1 20.228212340603143 0
2 1 20.166276366488948 0
3 1 20.031163979645086 0

0 2 20.14092826430911 0
1 2 20.828884901882482 1
2 2 20.103286910760836 0
3 2 20.010927281847263 0

0 3 20.725387405452267 1
1 3 20.15212340643301 0
2 3 20.019757531787082 0
3 3 20.002018112540387 0


# 20.0 20.0 1.1254263583450772
0 0 20.146101152418254 0
1 0 21.137952319010825 1
2 0 21.155639611590082 1
3 0 20.161285067344664 0

0 1 20.043953266066513 0
1 1 20.243382950495576 0
2 1 20.176696782327376 0
3 1 20.034042002078223 0

0 2 20.154187984088942 0
1 2 20.856934201613463 1
2 2 20.11110092861522 0
3 2 20.012234268528484 0

0 3 20.762949195542248 1
1 3 20.165409914510136 0
2 3 20.022270062920015 0
3 3 20.002359512466317 0


# 20.0 20.0 1.1556396115900824
0 0 20.155024377952124 0
1 0 21.168806884892824 1
2 0 21.185184212718077 1
3 0 20.170109519497814 0

0 1 20.04873837264216 0
1 1 20.258714683769497 0
2 1 20.187283838701834 0
3 1 20.037047769511677 0

0 2 20.16773554999478 0
1 2 20.88423689285869 1
2 2 20.119040384797795 0
3 2 20.0136218012516 0

0 3 20.799480770076787 1
1 3 20.178934550810975 0
2 3 20.024938733654274 0
3 3 20.0027372964364 0


# 20.0 20.0 1.1851842127180774
0 0 20.164054043436266 0
1 0 21.199012431006413 1
2 0 21.21408334525439 1
3 0 20.178999150173084 0

0 1 20.053777412317594 0
1 1 20.274188105847177 0
2 1 20.19802652970908 0
3 1 20.04017953296579 0

0 2 20.181540597798037 0
1 2 20.91083796567252 1
2 2 20.127095546690953 0
3 2 20.01508983411215 0

0 3 20.83502516413733 1
1 3 20.192668922038482 0
2 3 20.027761328022784 0
3 3 20.00315296771031 0


# 20.0 20.0 1.2140833452543909
0 0 20.173181575992448 0
1 0 21.228591345229272 1
2 0 21.242359249055042 1
3 0 20.187945646151103 0

0 1 20.059065684355907 0
1 1 20.289785335066114 0
2 1 20.208914292248377 0
3 1 20.043435389851368 0

0 2 20.195575038460507 0
1 2 20.936779241427313 1
2 2 20.135257496799515 0
3 2 20.016638211331774 0

0 3 20.869623185754374 1
1 3 20.20658679237532 0
2 3 20.03073531932845 0
3 3 20.003607943240663 0


# 20.0 20.0 1.242359249055042
0 0 20.182398923611743 0
1 0 21.257565030822438 1
2 0 21.270033260225393 1
3 0 20.196941226690583 0

0 1 20.06459803717862 0
1 1 20.30548991820306 0
2 1 20.21993699900141 0
3 1 20.046813300721894 0

0 2 20.20981289241749 0
1 2 20.962099603036346 1
2 2 20.143518058545514 0
3 2 20.018266678085936 0

0 3 20.903313547284732 1
1 3 20.22066392873135 0
2 3 20.033857915082866 0
3 3 20.004103552402025 0


# 20.0 20.0 1.270033260225393
0 0 20.191698519177734 0
1 0 21.28595395989917 1
2 0 21.29712584952302 1
3 0 20.20597861233266 0

0 1 20.070368935574695 0
1 1 20.321286716099454 0
2 1 20.23108495014802 0
3 1 20.050311104978373 0

0 2 20.224230135966703 0
1 2 20.986835208162717 1
2 2 20.151869728753084 0
3 2 20.01997489023993 0

0 3 20.936132988358857 1
1 3 20.234877957063887 0
2 3 20.037126097508015 0
3 3 20.00464103636853 0


# 20.0 20.0 1.2971258495230202
0 0 20.201073247233023 0
1 0 21.313777723337672 1
2 0 21.323656659272874 1
3 0 20.215050995459702 0

0 1 20.07637252147215 0
1 1 20.33716179856413 0
2 1 20.242348864039737 0
3 1 20.053926535566156 0

0 2 20.238804558872026 0
1 2 21.011019686689945 1
2 2 20.160305616234666 0
3 2 20.021762423107884 0

0 3 20.96811639096917 1
1 3 20.24920822896921 0
2 3 20.040536659991545 0
3 3 20.005221548056454 0


# 20.0 20.0 1.3236566592728742
0 0 20.21051641327035 0
1 0 21.34105507741078 1
2 0 21.349644538826336 1
3 0 20.224152012515862 0

0 1 20.082602668818797 0
1 1 20.35310234779656 0
2 1 20.253719867026916 0
3 1 20.057657232704184 0

0 2 20.253515632357136 0
1 2 21.03468432363312 1
2 2 20.168819385940516 0
3 2 20.023628779337766 0

0 3 20.999296887230194 1
1 3 20.263635697802762 0
2 3 20.0440862398535 0
3 3 20.005846152556717 0


# 20.0 20.0 1.349644538826336
0 0 20.220021715347375 0
1 0 21.36780398738317 1
2 0 21.37510757859874 1
3 0 20.233275717800925 0

0 1 20.08905303307442 0
1 1 20.369096569635737 0
2 1 20.265189482612175 0
3 1 20.061500756687618 0

0 2 20.26834438672539 0
1 2 21.05785822857998 1
2 2 20.177405208179973 0
3 2 20.02557339601467 0

0 3 21.029705960304245 1
1 3 20.2781428036399 0
2 3 20.04777134775217 0
3 3 20.006515827989876 0


# 20.0 20.0 1.3751075785987403
0 0 20.22958321784036 0
1 0 21.394041668305974 1
2 0 21.40006314272222 1
3 0 20.24241655875301 0

0 1 20.095717095775715 0
1 1 20.38513361199651 0
2 1 20.276749620081826 0
3 1 20.065454599804934 0

0 2 20.28327329789884 0
1 2 21.080568492668725 1
2 2 20.186057712465544 0
3 2 20.02759565106518 0

0 3 21.059373538951757 1
1 3 20.292713366439493 0
2 3 20.05158839402932 0
3 3 20.007231466723375 0


# 20.0 20.0 1.400063142722221
0 0 20.23919532716709 0
1 0 21.41978462321975 1
2 0 21.424527900352544 1
3 0 20.25156935263979 0

0 1 20.102588204597883 0
1 1 20.401203489907495 0
2 1 20.288392562748264 0
3 1 20.069516197410564 0

0 2 20.29828618222171 0
1 2 21.102840334033036 1
2 2 20.19477194556971 0
3 2 20.029694869036888 0

0 3 21.088328086133426 1
1 3 20.307332486819384 0
2 3 20.055533712269437 0
3 3 20.00799387689701 0


# 20.0 20.0 1.424527900352544
0 0 20.248852769322884 0
1 0 21.445048678959516 1
2 0 21.44851785566991 1
3 0 20.260729264581723 0

0 1 20.109659609302195 0
1 1 20.41729701661245 0
2 1 20.3001109559195 0
3 1 20.073682938193777 0

0 2 20.31336809892202 0
1 2 21.124697232574533 1
2 2 20.20354333341997 0
3 2 20.031870326319467 0

0 3 21.11659668206152 1
1 3 20.321986453895835 0
2 3 20.059603580324673 0
3 3 20.00880378420845 0


# 20.0 20.0 1.448517855669909
0 0 20.2585505690864 0
1 0 21.46984901973964 1
2 0 21.472048376614662 1
3 0 20.26989178683448 0

0 1 20.116924493926952 0
1 1 20.433405740240982 0
2 1 20.311897794696996 0
3 1 20.07795217368385 0

0 2 20.328505259670052 0
1 2 21.14616105485768 1
2 2 20.212367646490197 0
3 2 20.03412125586664 0

0 3 21.144205102070096 1
1 3 20.33666265967924 0
2 3 20.06379423903557 0
3 3 20.00966183391577 0


# 20.0 20.0 1.4720483766146621
0 0 20.268284030763287 0
1 0 21.494200218682003 1
2 0 21.495134222399408 1
3 0 20.27905271926144 0

0 1 20.12437600555011 0
1 1 20.449521885594855 0
2 1 20.32374641168956 0
3 1 20.082321227030942 0

0 2 20.343684944713644 0
1 2 21.167252169862245 1
2 2 20.221240968376115 0
3 2 20.036446851472114 0

0 3 21.171177889648288 1
1 3 20.351349519555267 0
2 3 20.068101908858242 0
3 3 20.010568593018768 0


# 20.0 20.0 1.4951342223994075
0 0 20.278048720346593 0
1 0 21.51811626743745 1
2 0 21.517789569839294 1
3 0 20.288208150930473 0

0 1 20.132007279924867 0
1 1 20.465638300633273 0
2 1 20.335650464719016 0
3 1 20.086787401101102 0

0 2 20.358895425108894 0
1 2 21.18798955627294 1
2 2 20.23015966726993 0
3 2 20.038846271646964 0

0 3 21.197538424956917 1
1 3 20.366036398415 0
2 3 20.07252280459064 0
3 3 20.011524552584945 0


# 20.0 20.0 1.518116267437449
0 0 20.287840448982465 0
1 0 21.541610604038535 1
2 0 21.5400280385423 1
3 0 20.297354442772697 0

0 1 20.139811464264717 0
1 1 20.48174840727442 0
2 1 20.347603924582756 0
3 1 20.091347985922884 0

0 2 20.374125890600254 0
1 2 21.208390901934553 1
2 2 20.239120370074033 0
3 2 20.041318643140773 0

0 3 21.22330898912665 1
1 3 20.380713542029394 0
2 3 20.077053148374095 0
3 3 20.012530130190065 0


# 20.0 20.0 1.5416106040385351
0 0 20.297655257638734 0
1 0 21.56469613911038 1
2 0 21.561862715001112 1
3 0 20.306488211243966 0

0 1 20.14778173743176 0
1 1 20.497846156161962 0
2 1 20.359601062928704 0
3 1 20.096000265521884 0

0 2 20.38936638273696 0
1 2 21.22847269605372 1
2 2 20.248119938916446 0
3 2 20.0438630641444 0

0 3 21.248510824615288 1
1 3 20.395372013292675 0
2 3 20.08168918113117 0
3 3 20.013585672446528 0


# 20.0 20.0 1.5646961391103815
0 0 20.307489402882247 0
1 0 21.58738528055629 1
2 0 21.58330617562781 1
3 0 20.315606312932978 0

0 1 20.155911327761 0
1 1 20.513925985073787 0
2 1 20.371636440289805 0
3 1 20.10074152417837 0

0 2 20.404607732843168 0
1 2 21.248250314684654 1
2 2 20.257155449851457 0
3 2 20.04647860720805 0

0 3 21.273164191882767 1
1 3 20.410003632986765 0
2 3 20.08642717258708 0
3 3 20.014691457595994 0


# 20.0 20.0 1.5873852805562905
0 0 20.317339343678295 0
1 0 21.609689956825484 1
2 0 21.60437050877202 1
3 0 20.324705830062797 0

0 1 20.16419352873418 0
1 1 20.529982780676654 0
2 1 20.383704894317635 0
3 1 20.10556905214194 0

0 2 20.419841504487373 0
1 2 21.267738099995817 1
2 2 20.26622417354789 0
3 2 20.049164321904744 0

0 3 21.29728842262468 1
1 3 20.42460092474381 0
2 3 20.091263430009075 0
3 3 20.015847698145503 0


# 20.0 20.0 1.609689956825484
0 0 20.327201729132593 0
1 0 21.631621638861787 1
2 0 21.625067335762502 1
3 0 20.33378405683539 0

0 1 20.172621712698906 0
1 1 20.546011843354666 0
2 1 20.39580152824807 0
3 1 20.110480150835837 0

0 2 20.435059940122734 0
1 2 21.28694943377725 1
2 2 20.275323557784862 0
3 2 20.05191923726594 0

0 3 21.32090196978859 1
1 3 20.43915706390747 0
2 3 20.09619430578675 0
3 3 20.017054543528896 0


# 20.0 20.0 1.6316216388617875
0 0 20.33707338710255 0
1 0 21.65319136082423 1
2 0 21.64540783101137 1
3 0 20.342838486571484 0

0 1 20.181189342812512 0
1 1 20.56200885486159 0
2 1 20.407921699626087 0
3 1 20.115472137582294 0

0 2 20.45025591159412 0
1 2 21.305896805613717 1
2 2 20.2844512115907 0
3 2 20.05474236401319 0

0 3 21.34402245458222 1
1 3 20.453665830015147 0
2 3 20.101216203965322 0
3 3 20.018312082777598 0


# 20.0 20.0 1.6531913608242306
0 0 20.3469513136105 0
1 0 21.674409739663414 1
2 0 21.66540274121922 1
3 0 20.35186679960053 0

0 1 20.18988998337518 0
1 1 20.577969848567573 0
2 1 20.420061009311553 0
3 1 20.120542349878942 0

0 2 20.46542287423002 0
1 2 21.3245918761171 1
2 2 20.293604890875233 0
3 2 20.05763269660702 0

0 3 21.366666710668202 1
1 3 20.468121562643518 0
2 3 20.106325585834334 0
3 3 20.0196203471869 0


# 20.0 20.0 1.6744097396634139
0 0 20.356832662996986 0
1 0 21.695286993630955 1
2 0 21.68506240371853 1
3 0 20.36086685185808 0

0 1 20.19871730870296 0
1 1 20.59389118208948 0
2 1 20.432215290783343 0
3 1 20.12568814925501 0

0 2 20.480554824258217 0
1 2 21.343045535581876 1
2 2 20.302782485418902 0
3 2 20.060589215131856 0

0 3 21.38885082572697 1
1 3 20.482519120378207 0
2 3 20.1115189746651 0
3 3 20.020979312965736 0


# 20.0 20.0 1.6952869936309547
0 0 20.3667147387571 0
1 0 21.715832959793236 1
2 0 21.704396763991568 1
3 0 20.36983666415015 0

0 1 20.207665110678693 0
1 1 20.609769512111228 0
2 1 20.444380599755064 0
3 1 20.13090692473474 0

0 2 20.49564625930322 0
1 2 21.361267958400486 1
2 2 20.311982007094226 0
3 2 20.063610887033853 0

0 3 21.410590180556976 1
1 3 20.496853842685795 0
2 3 20.116792959682115 0
3 3 20.02238890385956 0


# 20.0 20.0 1.7158329597932358
0 0 20.376594985007507 0
1 0 21.736057110615242 1
2 0 21.723415392398167 1
3 0 20.37877441204634 0

0 1 20.216727305107252 0
1 1 20.625601771216427 0
2 1 20.456553204112144 0
3 1 20.136196095934192 0

0 2 20.510692141741263 0
1 2 21.379268653550113 1
2 2 20.321201579206242 0
3 2 20.066696668726433 0

0 3 21.43189948587005 1
1 3 20.51112151448222 0
2 3 20.122144199346042 0
3 3 20.023848993737488 0


# 20.0 20.0 1.736057110615242
0 0 20.386470978535908 0
1 0 21.755968569675208 1
2 0 21.742127500147447 1
3 0 20.387678416365652 0

0 1 20.22589793699067 0
1 1 20.641385146569977 0
2 1 20.468729574177054 0
3 1 20.141553115816187 0

0 2 20.52568786470506 0
1 2 21.39705651143927 1
2 2 20.33043942684861 0
3 2 20.06984550707675 0

0 3 21.452792816928977 1
1 3 20.52531833320654 0
2 3 20.127569424019022 0
3 3 20.025359409136087 0


# 20.0 20.0 1.7559685696752076
0 0 20.396340421388604 0
1 0 21.775576126566122 1
2 0 21.76054195454656 1
3 0 20.396547134220842 0

0 1 20.235171184829024 0
1 1 20.657117060298756 0
2 1 20.480906373306677 0
3 1 20.14697547312716 0

0 2 20.540629220545814 0
1 2 21.414639847380982 1
2 2 20.33969386818128 0
3 2 20.07305634078486 0

0 3 21.47328364616456 1
1 3 20.53944087822264 0
2 3 20.133065438076702 0
3 3 20.026919931753525 0


# 20.0 20.0 1.775576126566122
0 0 20.406201133955356 0
1 0 21.794888251035953 1
2 0 21.778667293558367 1
3 0 20.40537915058912 0

0 1 20.244541364043805 0
1 1 20.672795151433625 0
2 1 20.493080448823562 0
3 1 20.15246069453819 0

0 2 20.55551237157396 0
1 2 21.432026441939634 1
2 2 20.348963306544075 0
3 2 20.076328101665926 0

0 3 21.493384873900194 1
1 3 20.553486082384286 0
2 3 20.138629121525664 0
3 3 20.028530300888697 0


# 20.0 20.0 1.7948882510359532
0 0 20.41605104851392 0
1 0 21.813913106414514 1
2 0 21.796511739698843 1
3 0 20.414173170378756 0

0 1 20.254002929612223 0
1 1 20.68841725928629 0
2 1 20.50524882328084 0
3 1 20.158006346511492 0

0 2 20.57033382291328 0
1 2 21.449223578380067 1
2 2 20.35824622332819 0
3 2 20.0796597158447 0

0 3 21.513108857303358 1
1 3 20.567451205610656 0
2 3 20.14425743117952 0
3 3 20.030190215820994 0


# 20.0 20.0 1.813913106414514
0 0 20.42588820319974 0
1 0 21.83265856237132 1
2 0 21.814083213303864 1
3 0 20.422928010962906 0

0 1 20.263550477993302 0
1 1 20.703981408144855 0
2 1 20.517408686058822 0
3 1 20.163610036912406 0

0 2 20.585090397315042 0
1 2 21.46623807743061 1
2 2 20.3675411715346 0
3 2 20.083050104870438 0

0 3 21.532467437675546 1
1 3 20.581333810330435 0
2 3 20.149947401442212 0
3 3 20.03189933812719 0


# 20.0 20.0 1.8326585623713214
0 0 20.435710736368925 0
1 0 21.851132207045538 1
2 0 21.83138934519391 1
3 0 20.431642595153516 0

0 1 20.27317874841953 0
1 1 20.719485793181356 0
2 1 20.529557385289866 0
3 1 20.169269416385852 0

0 2 20.599779211790118 0
1 2 21.483076329555978 1
2 2 20.37684676995484 0
3 2 20.086498186759496 0

0 3 21.551471966184675 1
1 3 20.59513173866275 0
2 3 20.155696144742578 0
3 3 20.033657293932635 0


# 20.0 20.0 1.8511322070455378
0 0 20.445516881325226 0
1 0 21.86934135858603 1
2 0 21.848437488764116 1
3 0 20.440315944589788 0

0 1 20.282882623621468 0
1 1 20.734928767473292 0
2 1 20.54169242010689 0
3 1 20.17498217951512 0

0 2 20.614397655927277 0
1 2 21.499744324921508 1
2 2 20.386161697915377 0
3 2 20.090002876971955 0

0 3 21.570133328137107 1
1 3 20.60884309121253 0
2 3 20.161500851660115 0
3 3 20.035463676094643 0


# 20.0 20.0 1.8693413585860306
0 0 20.45530496138401 0
1 0 21.887293076136874 1
2 0 21.865234731526026 1
3 0 20.44894717351705 0

0 1 20.29265713004678 0
1 1 20.750308830049118 0
2 1 20.553811433209827 0
3 1 20.18074606577987 0

0 2 20.628943371775595 0
1 2 21.516247681216708 1
2 2 20.395484690532143 0
3 2 20.09356308932801 0

0 3 21.58846196588003 1
1 3 20.62246620736669 0
2 3 20.167358790778312 0
3 3 20.03731804631651 0


# 20.0 20.0 1.8872930761368742
0 0 20.465073385248388 0
1 0 21.90499417030101 1
2 0 21.881787906126267 1
3 0 20.45753548293331 0

0 1 20.302497437629693 0
1 1 20.765624614875048 0
2 1 20.565912203743515 0
3 1 20.186558860329175 0

0 2 20.643414235177737 0
1 2 21.532591669493726 1
2 2 20.404814534426723 0
3 2 20.097177736869103 0

0 3 21.60646790041888 1
1 3 20.635999646985578 0
2 3 20.173267308298367 0
3 3 20.039219937191127 0


# 20.0 20.0 1.9049941703010091
0 0 20.474820642674615 0
1 0 21.922451213112478 1
2 0 21.898103600866435 1
3 0 20.466080155082057 0

0 1 20.312398859161974 0
1 1 20.780874880707184 0
2 1 20.57799264047978 0
3 1 20.19241839458452 0

0 2 20.65780833844917 0
1 2 21.54878123816485 1
2 2 20.414150063859985 0
3 2 20.10084573266823 0

0 3 21.624160751829017 1
1 3 20.64944217339169 0
2 3 20.17922382744315 0
3 3 20.041168854173584 0


# 20.0 20.0 1.9224512131124776
0 0 20.48454530040562 0
1 0 21.939670547545504 1
2 0 21.914188169747334 1
3 0 20.474580548271085 0

0 1 20.322356849311916 0
1 1 20.796058501739264 0
2 1 20.590050775295925 0
3 1 20.198322546686793 0

0 2 20.672123974305972 0
1 2 21.5648210352925 1
2 2 20.423490157243105 0
3 2 20.104565990593407 0

0 3 21.641549758535543 1
1 3 20.662792737564494 0
2 3 20.18522584767831 0
3 3 20.043164277482596 0


# 20.0 20.0 1.9396705475455036
0 0 20.494245998353307 0
1 0 21.95665829658667 1
2 0 21.93004774205979 1
3 0 20.483036091998287 0

0 1 20.332367003333598 0
1 1 20.811174458981885 0
2 1 20.60208475694138 0
3 1 20.204269241800343 0

0 2 20.686359620951063 0
1 2 21.580715429295346 1
2 2 20.432833733989536 0
3 2 20.108337426027752 0

0 3 21.658643795530452 1
1 3 20.676050463456836 0
2 3 20.19127094377497 0
3 3 20.045205663930854 0


# 20.0 20.0 1.9566582965866708
0 0 20.50392144601163 0
1 0 21.97342037189467 1
2 0 21.945688231543294 1
3 0 20.49144628236647 0

0 1 20.342425055504922 0
1 1 20.82622183231439 0
2 1 20.614092845083963 0
3 1 20.210256452286465 0

0 2 20.700513928235086 0
1 2 21.59646852818512 1
2 2 20.4421797516749 0
3 2 20.112158956549294 0

0 3 21.675451391591658 1
1 3 20.68921463435427 0
2 3 20.197356764735943 0
3 3 20.047292448684768 0


# 20.0 20.0 1.9734203718946688
0 0 20.513570419084008 0
1 0 21.989962482070393 1
2 0 21.961115345132725 1
3 0 20.49981067777031 0

0 1 20.352526877329318 0
1 1 20.841199793155322 0
2 1 20.626073404626926 0
3 1 20.216282197757792 0

0 2 20.714585704814485 0
1 2 21.612084197440222 1
2 2 20.451527203474733 0
3 2 20.11602950257323 0

0 3 21.691980745564383 1
1 3 20.702284680204276 0
2 3 20.2034810326054 0
3 3 20.04942404695426 0


# 20.0 20.0 1.9899624820703927
0 0 20.52319175630978 0
1 0 22.00629014055861 1
2 0 21.97633459131262 1
3 0 20.508128894839423 0

0 1 20.362668475532843 0
1 1 20.85610759770177 0
2 1 20.638024900287796 0
3 1 20.22234454502437 0

0 2 20.728573906234725 0
1 2 21.627566076614478 1
2 2 20.460875115852918 0
3 2 20.119947987959133 0

0 3 21.708239741761332 1
1 3 20.71526016584747 0
2 3 20.209641541179828 0
3 3 20.051599855613574 0


# 20.0 20.0 2.0062901405586118
0 0 20.532784356475727 0
1 0 22.02240867320103 1
2 0 21.99135128809743 1
3 0 20.516400604622664 0

0 1 20.37284598988541 0
1 1 20.870944580691948 0
2 1 20.649945891429983 0
3 1 20.228441607941487 0

0 2 20.742477623872002 0
1 2 21.642917594772154 1
2 2 20.47022254647607 0
3 2 20.123913340585222 0

0 3 21.724235964534557 1
1 3 20.728140780087717 0
2 3 20.215836154636403 0
3 3 20.053819254754146 0


# 20.0 20.0 2.0224086732010313
0 0 20.542347175599637 0
1 0 22.038323225459255 1
2 0 22.00617057065548 1
3 0 20.52462552899941 0

0 1 20.383055690872183 0
1 1 20.885710149649135 0
2 1 20.66183502713801 0
3 1 20.234571547168617 0

0 2 20.756296074671525 0
1 2 21.658141984833705 1
2 2 20.479568582331538 0
3 2 20.127924492891694 0

0 3 21.739976712068422 1
1 3 20.740926325542496 0
2 3 20.222062806093213 0
3 3 20.056081609170814 0


# 20.0 20.0 2.038323225459255
0 0 20.55187922427403 0
1 0 22.05403876932491 1
2 0 22.020797398593498 1
3 0 20.53280343730458 0

0 1 20.393293977238688 0
1 1 20.9004037795684 0
2 1 20.67369104152733 0
3 1 20.24073256984822 0

0 2 20.77002859162501 0
1 2 21.673242296910498 1
2 2 20.488912338028697 0
3 2 20.131980382394815 0

0 3 21.75546900943997 1
1 3 20.753616709219035 0
2 3 20.22831949611432 0
3 3 20.058386269782773 0


# 20.0 20.0 2.0540387693249116
0 0 20.561379565158926 0
1 0 22.069560109933114 1
2 0 22.035236562917753 1
3 0 20.540934143154807 0

0 1 20.403557373430893 0
1 1 20.91502500801074 0
2 1 20.685512749279685 0
3 1 20.246922929212545 0

0 2 20.783674614934135 0
1 2 21.688221410701104 1
2 2 20.498252954265197 0
3 2 20.136079952173358 0

0 3 21.77071962098997 1
1 3 20.7662119337655 0
2 3 20.23460429117128 0
3 3 20.060732574990727 0


# 20.0 20.0 2.0695601099331142
0 0 20.570847310613573 0
1 0 22.08489189189443 1
2 0 22.049492692687153 1
3 0 20.549017501464032 0

0 1 20.413842526949498 0
1 1 20.929573430572123 0
2 1 20.697299041395105 0
3 1 20.253140924126008 0

0 2 20.79723368381059 0
1 2 21.703082047016412 1
2 2 20.50758959644154 0
3 2 20.140222151328775 0

0 3 21.785735062045244 1
1 3 20.778712089350144 0
2 3 20.240915322071476 0
3 3 20.063119851971862 0


# 20.0 20.0 2.0848918918944292
0 0 20.580281620457612 0
1 0 22.100038605359465 1
2 0 22.063570261372917 1
3 0 20.557053405637316 0

0 1 20.424146205635704 0
1 1 20.944048696697543 0
2 1 20.709048881151798 0
3 1 20.25938489857013 0

0 2 20.810705428866914 0
1 2 21.717826778495898 1
2 2 20.516921453408923 0
3 2 20.144405935420377 0

0 3 21.80052161003022 1
1 3 20.791117346124608 0
2 3 20.24725078236254 0
3 3 20.06554741791427 0


# 20.0 20.0 2.1000386053594653
0 0 20.58968169985308 0
1 0 22.11500459182945 1
2 0 22.077473592938677 1
3 0 20.56504178493248 0

0 1 20.434465294904015 0
1 1 20.958450505812635 0
2 1 20.720761300265277 0
3 1 20.2656532410776 0

0 2 20.824089565055665 0
1 2 21.732458039572915 1
2 2 20.52624773633675 0
3 2 20.148630266876665 0

0 3 21.815085315003294 1
1 3 20.803427947230638 0
2 3 20.253608926721093 0
3 3 20.06801458119253 0


# 20.0 20.0 2.11500459182945
0 0 20.59904679729917 0
1 0 22.12979404972522 1
2 0 22.09120686765433 1
3 0 20.572982601979692 0

0 1 20.444796794936057 0
1 1 20.972778603747624 0
2 1 20.73243539523834 0
3 1 20.27194438412148 0

0 2 20.837385885117474 0
1 2 21.746978135742605 1
2 2 20.53556767768753 0
3 2 20.152894115383862 0

0 3 21.829432009651352 1
1 3 20.81564420231233 0
2 3 20.259988069333115 0
3 3 20.0705206424862 0


# 20.0 20.0 2.12979404972522
0 0 20.608376202732334 0
1 0 22.14441103972637 1
2 0 22.104774127656178 1
3 0 20.580875850449754 0

0 1 20.455137817847913 0
1 1 20.9870327794304 0
2 1 20.74407032389365 0
3 1 20.278256803465105 0

0 2 20.85059425350144 0
1 2 21.76138925218214 1
2 2 20.544880530288044 0
3 2 20.157196458252614 0

0 3 21.84356731877367 1
1 3 20.82776648149868 0
2 3 20.2663865822724 0
3 3 20.073064895842997 0


# 20.0 20.0 2.1444110397263714
0 0 20.617669245724862 0
1 0 22.1588594898916 1
2 0 22.118179282265437 1
3 0 20.588721552862328 0

0 1 20.46548558484218 0
1 1 21.001212861827455 0
2 1 20.755665302080907 0
3 1 20.28458901747792 0

0 2 20.863714600723956 0
1 2 21.775693461769457 1
2 2 20.554185566486723 0
3 2 20.161536280763695 0

0 3 21.85749666828449 1
1 3 20.839795209823652 0
2 3 20.2728028938828 0
3 3 20.075646629688407 0


# 20.0 20.0 2.1588594898916007
0 0 20.62692529377557 0
1 0 22.173143200570575 1
2 0 22.131426113076454 1
3 0 20.596519758525936 0

0 1 20.475837423354733 0
1 1 21.015318717113043 0
2 1 20.767219600550874 0
3 1 20.290939586421935 0

0 2 20.876746918134454 0
1 2 21.78989273254322 1
2 2 20.563482077388247 0
3 2 20.165912576493604 0

0 3 21.871225293761746 1
1 3 20.851730862053312 0
2 3 20.279235487169284 0
3 3 20.078265127783578 0


# 20.0 20.0 2.173143200570575
0 0 20.636143750686752 0
1 0 22.187265849117125 1
2 0 22.144518278825572 1
3 0 20.604270541601974 0

0 1 20.486190764205045 0
1 1 21.02935024604861 0
2 1 20.778732541988646 0
3 1 20.297307111713224 0

0 2 20.889691253058928 0
1 2 21.803988934643733 1
2 2 20.572769372157154 0
3 2 20.17032434762072 0

0 3 21.88475824856767 1
1 3 20.863573957891642 0
2 3 20.285682898202165 0
3 3 20.080919670133245 0


# 20.0 20.0 2.187265849117125
0 0 20.645324055021895 0
1 0 22.20123099441296 1
2 0 22.15745932005094 1
3 0 20.61197399928547 0

0 1 20.496543138757986 0
1 1 21.04330738155592 0
2 1 20.790203498198917 0
3 1 20.30369023516253 0

0 2 20.902547704294086 0
1 2 21.81798384677162 1
2 2 20.58204677738313 0
3 2 20.174770605212796 0

0 3 21.898100411565462 1
1 3 20.875325057538664 0
2 3 20.292143714538334 0
3 3 20.08360953384546 0


# 20.0 20.0 2.2012309944129598
0 0 20.65446567863916 0
1 0 22.21504208121057 1
2 0 22.17025266355314 1
3 0 20.61963025009578 0

0 1 20.50689217610402 0
1 1 21.05719008646866 0
2 1 20.801631887436177 0
3 1 20.31008763819864 0

0 2 20.915316417927027 0
1 2 21.831879162198394 1
2 2 20.59131363650137 0
3 2 20.179250369496405 0

0 3 21.911256494454694 1
1 3 20.886984757576336 0
2 3 20.2986165736628 0
3 3 20.086333993944937 0


# 20.0 20.0 2.2150420812105693
0 0 20.663568125295924 0
1 0 22.228702444303536 1
2 0 22.182901626665934 1
3 0 20.62723943227071 0

0 1 20.51723560026395 0
1 1 21.070998351448587 0
2 1 20.813017171873014 0
3 1 20.31649804107798 0

0 2 20.927997583457095 0
1 2 21.84567649436067 1
2 2 20.600569309262017 0
3 2 20.183762670108976 0

0 3 21.924231048746726 1
1 3 20.89855368715937 0
2 3 20.30510016145336 0
3 3 20.089092324141667 0


# 20.0 20.0 2.2287024443035364
0 0 20.672630929320082 0
1 0 22.242215312532004 1
2 0 22.195409421346074 1
3 0 20.634801702258052 0

0 1 20.527571227423575 0
1 1 21.084732193053327 0
2 1 20.824358855199982 0
3 1 20.32292020208351 0

0 2 20.940591430198268 0
1 2 21.859377382067436 1
2 2 20.6098131712434 0
3 2 20.188306546334022 0

0 3 21.937028472400137 1
1 3 20.910032504489728 0
2 3 20.311593210670818 0
3 3 20.091883797556626 0


# 20.0 20.0 2.2422153125320037
0 0 20.681653654344025 0
1 0 22.25558381263058 1
2 0 22.207779158090602 1
3 0 20.64231723329885 0

0 1 20.537896963202932 0
1 1 21.098391651943977 0
2 1 20.83565648035072 0
3 1 20.329352916715806 0

0 2 20.953098223941986 0
1 2 21.872983294347627 1
2 2 20.619044613404153 0
3 2 20.192881047320114 0

0 3 21.949653016134913 1
1 3 20.921421893555 0
2 3 20.31809449947683 0
3 3 20.09470768740615 0


# 20.0 20.0 2.2555838126305794
0 0 20.690635892097642 0
1 0 22.26881097292568 1
2 0 22.2200138496897 1
3 0 20.64978621409696 0

0 1 20.548210799964213 0
1 1 21.111976791221725 0
2 1 20.846909627346264 0
3 1 20.3357950168789 0

0 2 20.96551826386178 0
1 2 21.886495634963453 1
2 2 20.628263041670035 0
3 2 20.19748523228413 0

0 3 21.962108789443057 1
1 3 20.93272256111229 0
2 3 20.324602849981066 0
3 3 20.09756326764671 0


# 20.0 20.0 2.2688109729256816
0 0 20.699577261256806 0
1 0 22.28189972688882 1
2 0 22.232116414822716 1
3 0 20.657208847569887 0

0 1 20.5585108141618 0
1 1 21.125487694883407 0
2 1 20.858117911252705 0
3 1 20.342245370063267 0

0 2 20.977851879642408 0
1 2 21.899915746612905 1
2 2 20.637467876551444 0
3 2 20.202118170699332 0

0 3 21.974399766312164 1
1 3 20.943935233900447 0
2 3 20.331117126819045 0
3 3 20.100449813581648 0


# 20.0 20.0 2.2818997268888204
0 0 20.70847740634417 0
1 0 22.29485291655209 1
2 0 22.244089681504658 1
3 0 20.664585349676187 0

0 1 20.568795163737445 0
1 1 21.138924466386865 0
2 1 20.86928098024665 0
3 1 20.348702878528076 0

0 2 20.990099428817377 0
1 2 21.91324491484336 1
2 2 20.646658552788274 0
3 2 20.206778942468738 0

0 3 21.98652979067754 1
1 3 20.955060656064706 0
2 3 20.33763623576186 0
3 3 20.103366602431475 0


# 20.0 20.0 2.2948529165520917
0 0 20.717335996679253 0
1 0 22.30767329579175 1
2 0 22.255936390390037 1
3 0 20.67191594831486 0

0 1 20.579062085563073 0
1 1 21.152287227317633 0
2 1 20.8803985137831 0
3 1 20.355166478484698 0

0 2 21.002261294300055 0
1 2 21.926484371696528 1
2 2 20.65583451901896 0
3 2 20.21146663808427 0

0 3 21.998502581617526 1
1 3 20.9660995867789 0
2 3 20.344159122358615 0
3 3 20.106312913869257 0


# 20.0 20.0 2.3076732957917514
0 0 20.72615272537506 0
1 0 22.32036353348549 1
2 0 22.267659197940656 1
3 0 20.67920088229263 0

0 1 20.589309892933336 0
1 1 21.16557611614917 0
2 1 20.891470220860633 0
3 1 20.36163513928319 0

0 2 21.01433788209442 0
1 2 21.939635299103593 1
2 2 20.664995237470936 0
3 2 20.216180358772213 0

0 3 22.010321738305773 1
1 3 20.9770527980514 0
2 3 20.35068477061225 0
3 3 20.109288030522578 0


# 20.119999999999997 20.0 2.320363533485491
0 0 20.734927308378584 0
1 0 22.33292621654872 1
2 0 22.279260679463572 1
3 0 20.686440400355057 0

0 1 20.5995369731096 0
1 1 21.178791287089478 0
2 1 20.902495838379007 0
3 1 20.368107862603374 0

0 2 21.02632961917268 0
1 2 21.952698832048036 1
2 2 20.67414018367007 0
3 2 20.220919216625333 0

0 3 22.021990744733454 1
1 3 20.987921072701965 0
2 3 20.357212201689272 0
3 3 20.11229123844354 0


# 20.239999999999995 20.0 2.332926216548721
0 0 20.745099483552856 0
1 0 22.346101132854944 1
2 0 22.29147217938517 1
3 0 20.69508350644614 0

0 1 20.610479064916778 0
1 1 21.19195060372757 0
2 1 20.913484088089447 0
3 1 20.375321174107963 0

0 2 21.038965798867807 0
1 2 21.96568502001734 1
2 2 20.68326906117096 0
3 2 20.22641118721174 0

0 3 22.034961720381887 1
1 3 20.999442694953544 0
2 3 20.364469325153138 0
3 3 20.11677932000795 0


# 20.359999999999992 20.0 2.346101132854944
0 0 20.756634864518215 0
1 0 22.359885577046608 1
2 0 22.304291785909978 1
3 0 20.705095855734292 0

0 1 20.622129559395635 0
1 1 21.205071185683234 0
2 1 20.92445229034362 0
3 1 20.383269196794906 0

0 2 21.052242550912897 0
1 2 21.978612444969155 1
2 2 20.69239948920689 0
3 2 20.23265129342096 0

0 3 22.049203321398537 1
1 3 21.011613522863744 0
2 3 20.37245112148165 0
3 3 20.122716493466495 0


# 20.47999999999999 20.0 2.359885577046608
0 0 20.769500191032865 0
1 0 22.374276740762163 1
2 0 22.31771742954384 1
3 0 20.716444244443924 0

0 1 20.634481885032567 0
1 1 21.21816964910373 0
2 1 20.93541724958292 0
3 1 20.391946043978894 0

0 2 21.066155935591357 0
1 2 21.991499110771823 1
2 2 20.701548539028046 0
3 2 20.239634472014963 0

0 3 22.06468523532965 1
1 3 21.024429380514466 0
2 3 20.38115250733553 0
3 3 20.130068143453908 0


# 20.599999999999987 20.0 2.3742767407621628
0 0 20.783663287665217 0
1 0 22.389271722045905 1
2 0 22.331746896095872 1
3 0 20.729096566924838 0

0 1 20.647529512329523 0
1 1 21.23126211708351 0
2 1 20.946395264757175 0
3 1 20.401345825776144 0

0 2 21.080701952597693 0
1 2 22.00436245732546 1
2 2 20.710732745571896 0
3 2 20.24735558476796 0

0 3 22.08137814285513 1
1 3 21.037886063823052 0
2 3 20.390568345461624 0
3 3 20.13880077745232 0


# 20.719999999999985 20.0 2.3892717220459048
0 0 20.799093024121774 0
1 0 22.40486753416759 1
2 0 22.346377838850042 1
3 0 20.74302177449106 0

0 1 20.661265957937317 0
1 1 21.244364230033753 0
2 1 20.957402139731613 0
3 1 20.411462655081433 0

0 2 21.095876549286004 0
1 2 22.017219374438415 1
2 2 20.71996811911724 0
3 2 20.255809428827515 0

0 3 22.099253681069655 1
1 3 21.05197934595412 0
2 3 20.40069345386252 0
3 3 20.148881984056317 0


# 20.719999999999985 20.0 2.4048675341675896
0 0 20.815759277158648 0
1 0 22.42106111388506 1
2 0 22.361607789955634 1
3 0 20.758189835949825 0

0 1 20.67568478838169 0
1 1 21.257491155989374 0
2 1 20.96845319366622 0
3 1 20.422290653069336 0

0 2 21.11167562834267 0
1 2 22.030086215458212 1
2 2 20.729270156901386 0
3 2 20.264990746345084 0

0 3 22.118284408242708 1
1 3 21.066704982354807 0
2 3 20.411522614280045 0
3 3 20.16028039295779 0


# 20.719999999999985 20.0 2.4210611138850595
0 0 20.832192894008138 0
1 0 22.437112049181323 1
2 0 22.376705323723066 1
3 0 20.77312295357714 0

0 1 20.690042343409743 0
1 1 21.27063990612247 0
2 1 20.979554312848038 0
3 1 20.433086461793668 0

0 2 21.127366207557607 0
1 2 22.042969852151455 1
2 2 20.738653639677615 0
3 2 20.27416538093174 0

0 3 22.13699502382492 1
1 3 21.081321222978982 0
2 3 20.422321727547654 0
3 3 20.171508144113062 0


# 20.719999999999985 20.0 2.437112049181323
0 0 20.84839980253494 0
1 0 22.45302228350427 1
2 0 22.39167209472585 1
3 0 20.787827629926596 0

0 1 20.704337435981113 0
1 1 21.28380779724241 0
2 1 20.990702345752606 0
3 1 20.443849174677666 0

0 2 21.142948454583678 0
1 2 22.055868072621976 1
2 2 20.74811495529534 0
3 2 20.283332102221642 0

0 3 22.155394439097975 1
1 3 21.095828742485075 0
2 3 20.433089637093374 0
3 3 20.182570911796773 0


# 20.719999999999985 20.0 2.4530222835042714
0 0 20.864385726277504 0
1 0 22.468793735016042 1
2 0 22.406509751275706 1
3 0 20.802310142360678 0

0 1 20.71856896740715 0
1 1 21.296992220424347 0
2 1 21.001894226376557 0
3 1 20.45457794699271 0

0 2 21.158422597240687 0
1 2 22.068778707321467 1
2 2 20.75765057351732 0
3 2 20.292489747116015 0

0 3 22.173491255367157 1
1 3 21.110228250498086 0
2 3 20.4438252691652 0
3 3 20.193474139167463 0


# 20.719999999999985 20.0 2.4687937350160425
0 0 20.88015619256059 0
1 0 22.484428296116498 1
2 0 22.42121993370037 1
3 0 20.816576551804012 0

0 1 20.732735922898758 0
1 1 21.310190639676538 0
2 1 21.013126972637124 0
3 1 20.465271992477703 0

0 2 21.173788918783625 0
1 2 22.081699629959743 1
2 2 20.767257045415025 0
3 2 20.301637215861863 0

0 3 22.19129377620532 1
1 3 21.124520488081128 0
2 3 20.454527627932222 0
3 3 20.204223048282962 0


# 20.719999999999985 20.0 2.484428296116498
0 0 20.895716540256593 0
1 0 22.499927833043206 1
2 0 22.435804272774767 1
3 0 20.830632711122096 0

0 1 20.74683736732161 0
1 1 21.323400590607605 0
2 1 21.024397684765844 0
3 1 20.475930580134637 0

0 2 21.189047753476554 0
1 2 22.09462875825264 1
2 2 20.776931002676854 0
3 2 20.310773468368797 0

0 3 22.20881001916062 1
1 3 21.138706224445865 0
2 3 20.465195790863937 0
3 3 20.21482264965557 0


# 20.719999999999985 20.0 2.4999278330432055
0 0 20.911071927211733 0
1 0 22.51529418554252 1
2 0 22.45026438829539 1
3 0 20.84448427314286 0

0 1 20.760872441149655 0
1 1 21.33661967909497 0
2 1 21.035703543699505 0
3 1 20.486553031191516 0

0 2 21.204199482453294 0
1 2 22.107564054520566 1
2 2 20.7866691568378 0
3 2 20.319897520749528 0

0 3 22.226047726953627 1
1 3 21.152786253887196 0
2 3 20.475828904372218 0
3 3 20.22527775136943 0


# 20.719999999999985 20.0 2.515294185542519
0 0 20.926227337352415 0
1 0 22.410529166606647 -1
2 0 22.343161887788373 -1
3 0 20.856679418337475 0

0 1 20.774840356608177 0
1 1 21.348405579955628 0
2 1 21.04556724947121 0
3 1 20.49710353414417 0

0 2 21.219244529847245 0
1 2 22.120486246149913 1
2 2 20.796450396358498 0
3 2 20.329007805060513 0

0 3 22.24301437818811 1
1 3 21.166761185568458 0
2 3 20.486425962388143 0
3 3 20.235592957529512 0


# 20.719999999999985 20.0 2.515294185542519
0 0 20.939747587486305 0
1 0 22.30918272227193 -1
2 0 22.23960624118223 -1
3 0 20.86731947658124 0

0 1 20.788705833998105 0
1 1 21.35884941674045 0
2 1 21.054084136557695 0
3 1 20.507550122728507 0

0 2 21.234182737093693 0
1 2 22.13337783116385 1
2 2 20.806255526155333 0
3 2 20.33810226052493 0

0 3 22.259717187645283 1
1 3 21.18063146754895 0
2 3 20.496985831382645 0
3 3 20.24577266816134 0


# 20.719999999999985 20.0 2.515294185542519
0 0 20.95173133701204 0
1 0 22.211119291875725 -1
2 0 22.139453053912753 -1
3 0 20.87650001354401 0

0 1 20.802437350860338 0
1 1 21.3680368680624 0
2 1 21.061343644853235 0
3 1 20.517864368600975 0

0 2 21.24901345057179 0
1 2 22.146222943016046 1
2 2 20.816067117057198 0
3 2 20.34717841542872 0

0 3 22.2761631079075 1
1 3 21.19439740849957 0
2 3 20.50750727278919 0
3 3 20.255821080366147 0


# 20.719999999999985 20.0 2.515294185542519
0 0 20.962271688592438 0
1 0 22.116209420943758 -1
2 0 22.04256466260051 -1
3 0 20.884311161430844 0

0 1 20.81600684621092 0
1 1 21.37604849265569 0
2 1 21.06742968559125 0
3 1 20.528021096269143 0

0 2 21.26373560041339 0
1 2 22.159007225174786 1
2 2 20.82586936662626 0
3 2 20.35623346049985 0

0 3 22.292358832129786 1
1 3 21.20805919730371 0
2 3 20.517988963063598 0
3 3 20.265742190555727 0


# 20.719999999999985 20.0 2.515294185542519
0 0 20.971456503008966 0
1 0 22.0243294611633 -1
2 0 21.94880979046951 -1
3 0 20.890837930260197 0

0 1 20.829389445823 0
1 1 21.382960034821245 0
2 1 21.072420984141104 0
3 1 20.53799811872465 0

0 2 21.27834777123356 0
1 2 22.171717714806213 1
2 2 20.83564797049833 0
3 2 20.365264314516203 0

0 3 22.30831079779556 1
1 3 21.22161692072494 0
2 3 20.528429511596276 0
3 3 20.27553979760907 0


# 20.719999999999985 20.0 2.515294185542519
0 0 20.97936869578448 0
1 0 21.935361286047346 -1
2 0 21.858063221675174 -1
3 0 20.89616050085563 0

0 1 20.842563207120506 0
1 1 21.328842711455206 -1
2 1 21.07567140117057 0
3 1 20.547767352336724 0

0 2 21.292848265478415 0
1 2 22.1836227349134 1
2 2 20.845372723460766 0
3 2 20.3742673717874 0

0 3 22.32402519130936 1
1 3 21.23506193930832 0
2 3 20.53882716563377 0
3 3 20.2852174993442 0


# 20.719999999999985 20.0 2.515294185542519
0 0 20.986086516654254 0
1 0 21.848472021430773 -1
2 0 21.7701882134463 -1
3 0 20.900354189614223 0

0 1 20.8547888823445 0
1 1 21.276608921783666 -1
2 1 21.077318420446712 0
3 1 20.55730440332076 0

0 2 21.30721788003113 0
1 2 22.194779981212562 1
2 2 20.855017148003615 0
3 2 20.383238610780353 0

0 3 22.339507642254297 1
1 3 21.24838671532658 0
2 3 20.549179881029243 0
3 3 20.294778691269524 0


# 20.719999999999985 20.0 2.515294185542519
0 0 20.991666532900005 0
1 0 21.76361776054824 -1
2 0 21.685055792928864 -1
3 0 20.903489761143106 0

0 1 20.86611366930261 0
1 1 21.22615365151617 -1
2 1 21.0774895082145 0
3 1 20.566588232942944 0

0 2 21.321439544583054 0
1 2 22.205242506827513 1
2 2 20.86455813098166 0
3 2 20.392173689789907 0

0 3 22.35476328225206 1
1 3 21.261584701324168 0
2 3 20.559485384308918 0
3 3 20.304226567273005 0


# 20.719999999999985 20.0 2.515294185542519
0 0 20.996163314873815 0
1 0 21.68075428771704 -1
2 0 21.602544252310746 -1
3 0 20.905633719565 0

0 1 20.876581973323578 0
1 1 21.177379095556386 -1
2 1 21.076302848361706 0
3 1 20.57560085025194 0

0 2 21.335498136859403 0
1 2 22.215059107276453 1
2 2 20.873975593051384 0
3 2 20.401068030945645 0

0 3 22.36979679814919 1
1 3 21.274650239345366 0
2 3 20.56974122696398 0
3 3 20.313564121946094 0


# 20.719999999999985 20.0 2.515294185542519
0 0 20.999629470670843 0
1 0 21.59983724145538 -1
2 0 21.52253867942628 -1
3 0 20.9068485800168 0

0 1 20.886235610881027 0
1 1 21.130194116665376 -1
2 1 21.013868022513083 -1
3 1 20.583607030143067 0

0 2 21.349380313306987 0
1 2 22.224274673275612 1
2 2 20.8825321880293 0
3 2 20.409899613727347 0

0 3 22.384612480047647 1
1 3 21.287578469856307 0
2 3 20.579936192789475 0
3 3 20.322793843234237 0


# 20.719999999999985 20.0 2.515294185542519
0 0 21.00211568395473 0
1 0 21.52082225907481 -1
2 0 21.444210521229632 -1
3 0 20.907175841752668 0

0 1 20.89511399659115 0
1 1 21.083793746482893 -1
2 1 20.953132079263074 -1
3 1 20.590658025293976 0

0 2 21.363074353947066 0
1 2 22.23291323405817 1
2 2 20.89028121644195 0
3 2 20.41864862697044 0

0 3 22.399214264651572 1
1 3 21.300364938420334 0
2 3 20.590060152669476 0
3 3 20.331917770233485 0


# 20.719999999999985 20.0 2.515294185542519
0 0 21.003670754400353 0
1 0 21.44364782445902 -1
2 0 21.367521148283686 -1
3 0 20.906655661532504 0

0 1 20.903245674992284 0
1 1 21.038166912404986 -1
2 1 20.894021267087542 -1
3 1 20.596802294898716 0

0 2 21.376569709165715 0
1 2 22.240997992140574 1
2 2 20.89727245451915 0
3 2 20.427297294873497 0

0 3 22.41360576689515 1
1 3 21.31300557794714 0
2 3 20.600103975889756 0
3 3 20.340937545754237 0


# 20.719999999999985 20.0 2.515294185542519
0 0 21.004341329235356 0
1 0 21.36825496851083 -1
2 0 21.29243244282134 -1
3 0 20.905326874569976 0

0 1 20.910658292052283 0
1 1 20.993302090847042 -1
2 1 20.836465957664373 -1
3 1 20.602085680038265 0

0 2 21.38985692599381 0
1 2 22.248551333109514 1
2 2 20.903552399440677 0
3 2 20.43582971599161 0

0 3 22.427790309334213 1
1 3 21.325496691093363 0
2 3 20.610059448537847 0
3 3 20.34985446408144 0


# 20.719999999999985 20.0 2.515294185542519
0 0 21.00417200050964 0
1 0 21.29458713824351 -1
2 0 21.218906839868577 -1
3 0 20.90322701732434 0

0 1 20.91737861599429 0
1 1 20.949187387026523 -1
2 1 20.78040037937297 -1
3 1 20.606551566828923 0

0 2 21.342927578203327 -1
1 2 22.134874837789425 -1
2 2 20.907715856847826 0
3 2 20.44421433057306 0

0 3 22.44105094942974 1
1 3 21.336377652896527 0
2 3 20.619884327385165 0
3 3 20.358668887270007 0


