# 20.0 20.0 0.0
0 0 20.0 0
1 0 20.06 1
2 0 20.00072 0
3 0 20.00000864 0

0 1 20.0 0
1 1 20.06072 1
2 1 20.00073728 0
3 1 20.00000895104 0

0 2 20.0 0
1 2 20.00072864 0
2 2 20.06001759104 1
3 2 20.00072031850496 0

0 3 20.0 0
1 3 20.06000874368 1
2 3 20.00144031601664 0
3 3 20.00002592761426 0


# 20.0 20.0 0.060719999999999885
0 0 20.00072 0
1 0 20.11822592 1
2 0 20.00211742208 0
3 0 20.00003384543744 0

0 1 20.00073728 0
1 1 20.11925058944 1
2 1 20.0028786252032 0
3 1 20.000052168566068 0

0 2 20.00001759104 0
1 2 20.003565199462397 0
2 2 20.117240000180328 1
3 2 20.00209788228408 0

0 3 20.00072031601664 0
1 3 20.11755708642339 1
2 3 20.004197698914556 0
3 3 20.00010054119453 0


# 20.0 20.0 0.11925058944
0 0 20.002121638400002 0
1 0 20.17474230715904 1
2 0 20.004160347686238 0
3 0 20.000083177196718 0

0 1 20.00216299206656 0
1 1 20.175726750633576 1
2 1 20.00630660239824 0
3 1 20.00015182942884 0

0 2 20.000094234306864 0
1 2 20.00832148674673 0
2 2 20.171863564215794 1
3 2 20.004075162446217 0

0 3 20.002106200488804 0
1 3 20.172795193427408 1
2 3 20.0081585071462 0
3 3 20.000243725746635 0


# 20.0 20.0 0.1757267506335758
0 0 20.00416812300831 0
1 0 20.229611792914298 1
2 0 20.006817631953528 0
3 0 20.000163816354224 0

0 1 20.00423201569515 0
1 1 20.230273529376216 1
2 1 20.010913164142817 0
3 1 20.00032727830815 0

0 2 20.000266192901144 0
1 2 20.014824437141936 0
2 2 20.224069768383963 1
3 2 20.006599694892742 0

0 3 20.00410711390715 0
1 3 20.225862876001802 1
2 3 20.013217966287648 0
3 3 20.000472763553923 0


# 20.0 20.0 0.23027352937621615
0 0 20.006824196283322 0
1 0 20.282895081903256 1
2 0 20.010058956160282 0
3 0 20.000282553779094 0

0 1 20.00690263805868 0
1 1 20.28300682382112 1
2 1 20.016598886184045 0
3 1 20.00059530623748 0

0 2 20.00056502306859 0
1 2 20.02291491805443 0
2 2 20.27402639708656 1
3 2 20.009623641309783 0

0 3 20.006676392595338 0
1 3 20.276890346532976 1
2 3 20.01927948578965 0
3 3 20.000802581591174 0


# 20.0 20.0 0.2830068238211183
0 0 20.010056097856666 0
1 0 20.334650950997375 1
2 0 20.013854868693077 0
3 0 20.00044578394221 0

0 1 20.01013626259717 0
1 1 20.3340341084917 1
2 1 20.02327226781332 0
3 1 20.00097040369229 0

0 2 20.00101802297867 0
1 2 20.032446628488895 0
2 2 20.32188859430722 1
3 2 20.01310338732986 0

0 3 20.009770942896047 0
1 3 20.325998916664687 1
2 3 20.02625402849724 0
3 3 20.001245977643816 0


# 20.0 20.0 0.33465095099737496
0 0 20.01383152489696 0
1 0 20.384936257080465 1
2 0 20.018176815914 0
3 0 20.000659502355568 0

0 1 20.0138971434445 0
1 1 20.383455098846024 1
2 1 20.030849089911392 0
3 1 20.001464990492376 0

0 2 20.00164864259152 0
1 2 20.04328508535034 0
2 2 20.36779984087354 1
3 2 20.016999174770124 0

0 3 20.013350959662866 0
1 3 20.373301643046897 1
2 3 20.03405952883913 0
3 3 20.00181382689195 0


# 20.0 20.0 0.3849362570804651
0 0 20.018119590806972 0
1 0 20.43380595234989 1
2 0 20.022997164181014 0
3 0 20.00092930612685 0

0 1 20.018152143406763 0
1 1 20.431362361353635 1
2 1 20.039251825878452 0
3 1 20.002089624573003 0

0 2 20.002476857863716 0
1 2 20.05530668969118 0
2 2 20.411892855141758 1
3 2 20.02127476510906 0

0 3 20.01737966712593 0
1 3 20.418903924666804 1
2 3 20.042620355908294 0
3 3 20.002515270576048 0


# 20.0 20.0 0.43380595234988917
0 0 20.022890782687 0
1 0 20.481313106049853 1
2 0 20.028289214142074 0
3 0 20.001260397170864 0

0 1 20.02287051340653 0
1 1 20.47784187362897 1
2 1 20.048409101046115 0
3 1 20.00285319150085 0

0 2 20.003519512276124 0
1 2 20.068397866574568 0
2 2 20.45429042315861 1
3 2 20.025897131597304 0

0 3 20.02182308035271 0
1 3 20.462904055464826 1
2 3 20.05186681795054 0
3 3 20.003357888229885 0


# 20.0 20.0 0.48131310604985345
0 0 20.028116917943745 0
1 0 20.527508931664336 1
2 0 20.034027208306682 0
3 0 20.001657587670405 0

0 1 20.028023691489643 0
1 1 20.522973538784075 1
2 1 20.058255196536905 0
3 1 20.00376307644747 0

0 2 20.00479062842153 0
1 2 20.08245427272894 0
2 2 20.495106163872762 1
3 2 20.03083617761282 0

0 3 20.02664978566665 0
1 3 20.505393735651456 1
2 3 20.061734705049666 0
3 3 20.00434785484556 0


# 20.0 20.0 0.527508931664336
0 0 20.033771100375617 0
1 0 20.57244281870403 1
2 0 20.040186332792736 0
3 0 20.002125307425153 0

0 1 20.033585119658053 0
1 1 20.566831657813974 1
2 1 20.068729593874256 0
3 1 20.004825320183624 0

0 2 20.00630169216447 0
1 2 20.09738006663198 0
2 2 20.534445234524895 1
3 2 20.03606447906773 0

0 3 20.03183073851644 0
1 3 20.546458544876472 1
2 3 20.072164867048542 0
3 3 20.005490084224515 0


# 20.0 20.0 0.5724428187040296
0 0 20.03982767602244 0
1 0 20.61616236831801 1
2 0 20.04674271405085 0
3 0 20.00266761276866 0

0 1 20.039530076944427 0
1 1 20.609485363508128 1
2 1 20.0797765569555 0
3 1 20.006044760521416 0

0 2 20.008061911678677 0
1 2 20.113087236088703 0
2 2 20.572404980937627 1
3 2 20.041557048855086 0

0 3 20.03733907740851 0
1 3 20.58617838015821 1
2 3 20.083102823976347 0
3 3 20.00678835966641 0


# 20.0 20.0 0.6161623683180117
0 0 20.04626218902878 0
1 0 20.65871343204771 1
2 0 20.053673411281977 0
3 0 20.00328819677063 0

0 1 20.045835527283348 0
1 1 20.65099901908824 1
2 1 20.09134474828359 0
3 1 20.00742516050643 0

0 2 20.01007845347754 0
1 2 20.129494978760384 0
2 2 20.609075537051126 1
3 2 20.04729112148986 0

0 3 20.043149952625434 0
1 3 20.62462786125591 1
2 3 20.09449840646502 0
3 3 20.008245453053878 0


# 20.0 20.0 0.6587134320477084
0 0 20.053051337735717 0
1 0 20.700140153118976 1
2 0 20.06095640518621 0
3 0 20.0039904004752 0

0 1 20.052479980861065 0
1 1 20.69143258450429 1
2 1 20.103386876612955 0
3 1 20.008969324548094 0

0 2 20.012356657378447 0
1 2 20.146529131462163 0
2 2 20.64454037770503 1
3 2 20.05324595625097 0

0 3 20.049240368554532 0
1 3 20.661876705960943 1
2 3 20.10630542383413 0
3 3 20.00986323330496 0


# 20.0 20.0 0.7001401531189764
0 0 20.06017293118499 0
1 0 20.740485009738485 1
2 0 20.06857058361031 0
3 0 20.004777224955994 0

0 1 20.059443367741714 0
1 1 20.730841953074748 1
2 1 20.11585937340279 0
3 1 20.01067920357239 0

0 2 20.014900232181652 0
1 2 20.164121644379048 0
2 2 20.678876828349594 1
3 2 20.05940265727115 0

0 3 20.05558903854428 0
1 3 20.697990077591673 1
2 3 20.118481357704052 0
3 3 20.011642765085682 0


# 20.0 20.0 0.7404850097384852
0 0 20.067605846192095 0
1 0 20.779788859923993 1
2 0 20.07649572459807 0
3 0 20.005651343995623 0

0 1 20.066706922673944 0
1 1 20.769279260931718 1
2 1 20.12872209568888 0
3 1 20.012555990185817 0

0 2 20.01771143369719 0
1 2 20.182210096655695 0
2 2 20.71215653507665 1
3 2 20.065744009149938 0

0 3 20.06217625129215 0
1 3 20.733028906800644 1
2 3 20.130987079164036 0
3 3 20.013584398602365 0


# 20.0 20.0 0.7797888599239933
0 0 20.075329985120355 0
1 0 20.818090987454987 1
2 0 20.084712477290626 0
3 0 20.006615117221497 0

0 1 20.07425308007863 0
1 1 20.806793171525534 1
2 1 20.141938053184756 0
3 1 20.014600204752686 0

0 2 20.020791226618226 0
1 2 20.200737250096473 0
2 2 20.744445898092113 1
3 2 20.072254326783007 0

0 3 20.06898374784666 0
1 3 20.767050189640305 1
2 3 20.143786587675166 0
3 3 20.01568785122618 0


# 20.0 20.0 0.8180909874549869
0 0 20.083326234466426 0
1 0 20.85542914858127 1
2 0 20.09320234107227 0
3 0 20.00767060355142 0

0 1 20.082065378306652 0
1 1 20.84342913725434 1
2 1 20.155473157605943 0
3 1 20.016811773208357 0

0 2 20.024139431615257 0
1 2 20.219650637971068 0
2 2 20.775806471504115 1
3 2 20.078919318209383 0

0 3 20.075994608379247 0
1 3 20.800107263683717 1
2 3 20.156846770029777 0
3 3 20.017952281640905 0


# 20.0 20.0 0.8554291485812691
0 0 20.09157642434829 0
1 0 20.891839619172956 1
2 0 20.1019476433112 0
3 0 20.008819574821803 0

0 1 20.090128372336387 0
1 1 20.879229640111166 1
2 1 20.169295992378476 0
3 1 20.01919009735852 0

0 2 20.027754858911656 0
1 2 20.238902186158985 0
2 2 20.806295332073237 1
3 2 20.085725959377463 0

0 3 20.083193147948737 0
1 3 20.832250063858652 1
2 3 20.1701371778194 0
3 3 20.020376357148194 0


# 20.0 20.0 0.8918396191729556
0 0 20.100063288969864 0
1 0 20.927357242036397 1
2 0 20.110931516002967 0
3 0 20.010063529488555 0

0 1 20.09842755415417 0
1 1 20.914234413082568 1
2 1 20.183377601046516 0
3 1 20.021734118348412 0

0 2 20.03163542949651 0
1 2 20.258447864085486 0
2 2 20.835965419361667 1
3 2 20.09266237982191 0

0 3 20.090564820542845 0
1 3 20.863525359525962 1
2 3 20.183629821983413 0
3 3 20.022958314712522 0


# 20.0 20.0 0.9273572420363969
0 0 20.108770428121236 0
1 0 20.96201547415735 1
2 0 20.12013787158715 0
3 0 20.011403706306194 0

0 1 20.1069492801281 0
1 1 20.948480643887613 1
2 1 20.197691292834502 0
3 1 20.02444237392533 0

0 2 20.035778285034734 0
1 2 20.2782473631031 0
2 2 20.864865849525223 1
3 2 20.099717758327348 0

0 3 20.098096130738032 0
1 3 20.893976974215764 1
2 3 20.197298983121552 0
3 3 20.025696016280257 0


# 20.0 20.0 0.9620154741573508
0 0 20.117682269760298 0
1 0 20.995846433665562 1
2 0 20.129551378174167 0
3 0 20.012841097904364 0

0 1 20.11568070474691 0
1 1 20.98200316251321 1
2 1 20.212212463948102 0
3 1 20.027313050062624 0

0 2 20.04017988744633 0
1 2 20.29826380015856 0
2 2 20.89304220481468 1
3 2 20.10688222773149 0

0 3 20.105774552371408 0
1 3 20.92364598932652 1
2 3 20.211121036355504 0
3 3 20.02858699886321 0


# 20.0 20.0 0.9958464336655624
0 0 20.12678403370988 0
1 0 21.028880946344376 1
2 0 20.139157434389215 0
3 0 20.01437646419323 0

0 1 20.124609720151575 0
1 1 21.014834613879806 1
2 1 20.22691843331635 0
3 1 20.030344027462885 0

0 2 20.044836109045765 0
1 2 20.31846344475575 0
2 2 20.920536800689483 1
3 2 20.114146788090952 0

0 3 20.113588453666505 0
1 3 20.95257093299214 1
2 3 20.225074289619112 0
3 3 20.031628519836655 0


# 20.0 20.0 1.0288809463443762
0 0 20.136061696494274 0
1 0 21.061148591535073 1
2 0 20.148942144013404 0
3 0 20.01601034553999 0

0 1 20.133724900938248 0
1 1 21.04700561686012 1
2 1 20.241788291585475 0
3 1 20.03353292341204 0

0 2 20.049742314058168 0
1 2 20.338815467382673 0
2 2 20.947388932296526 1
3 2 20.121503227497676 0

0 3 20.121527028299116 0
1 3 20.98078795523008 1
2 3 20.239138834343468 0
3 3 20.034817597864627 0


# 20.0 20.0 1.0611485915350727
0 0 20.14550195733016 0
1 0 21.092677747309043 1
2 0 20.158892290578056 0
3 0 20.01774307566843 0

0 1 20.143015453757823 0
1 1 21.078544910771253 1
2 1 20.256802762274067 0
3 1 20.036877129414016 0

0 2 20.054893432261 0
1 2 20.359291707715013 0
2 2 20.973635101928256 1
3 2 20.128944049893256 0

0 3 20.12958023193024 0
1 3 21.00833099039828 1
2 3 20.253296407583335 0
3 3 20.03815104983122 0


# 20.0 20.0 1.0926777473090432
0 0 20.15509220527908 0
1 0 21.123495634801603 1
2 0 20.168995312046707 0
3 0 20.019574794241898 0

0 1 20.15247117127973 0
1 1 21.10947949036708 1
2 1 20.271944074089983 0
3 1 20.04037384499733 0

0 2 20.060284025437138 0
1 2 20.379866461042262 0
2 2 20.999309228947006 1
3 2 20.136462409283045 0

0 3 20.137738723770777 0
1 3 21.035231907910312 1
2 3 20.267530264705098 0
3 3 20.041625524125156 0


# 20.0 20.0 1.1234956348016034
0 0 20.164820487562007 0
1 0 21.153628361619646 1
2 0 20.179239275700166 0
3 0 20.021505459097558 0

0 1 20.162082390126375 0
1 1 21.139834730272 1
2 1 20.28719584349266 0
3 1 20.04402010804992 0

0 2 20.065908347268053 0
1 2 20.400516281485 0
2 2 21.02444284354514 1
3 2 20.1440520498018 0

0 3 20.14599381277717 0
1 3 21.061520652085687 1
2 3 20.281825061824556 0
3 3 20.045237530596165 0


# 20.0 20.0 1.1536283616196457
0 0 20.17467547903073 0
1 0 21.183100964251654 1
2 0 20.18961285332286 0
3 0 20.02353485810652 0

0 1 20.171839952419916 0
1 1 21.169634499718736 1
2 1 20.302542966660653 0
3 1 20.04781282200665 0

0 2 20.07176039724298 0
1 2 20.42121980068483 0
2 2 21.049065265602632 1
3 2 20.15170725112859 0

0 3 20.154337408109136 0
1 3 21.08722537194551 1
2 3 20.296166747245657 0
3 3 20.048983467475193 0


# 20.0 20.0 1.1831009642516541
0 0 20.18464645278568 0
1 0 21.21193744942301 1
2 0 20.200105296773582 0
3 0 20.02566262064005 0

0 1 20.181735170615248 0
1 1 21.19890126838084 1
2 1 20.317971520094105 0
3 1 20.051748780184724 0

0 2 20.077833969111683 0
1 2 20.441957560752446 0
2 2 21.073203769804355 1
3 2 20.159422778790763 0

0 3 20.162761973509895 0
1 3 21.112372541701895 1
2 3 20.310542461209117 0
3 3 20.052859645526084 0


# 20.0 20.0 1.2119374494230115
0 0 20.194723251925858 0
1 0 21.24016083435221 1
2 0 20.21070641401013 0
3 0 20.027888228627344 0

0 1 20.19175979532243 0
1 1 21.227656204024814 1
2 1 20.333468669145876 0
3 1 20.055824687535733 0

0 2 20.08412269436401 0
1 2 20.462711860355068 0
2 2 21.096883738087755 1
3 2 20.167193838935347 0

0 3 20.17126048529633 0
1 3 21.136987072632742 1
2 3 20.32494044331329 0
3 3 20.056862309674127 0


# 20.0 20.0 1.24016083435221
0 0 20.20489626241262 0
1 0 21.267793185874787 1
2 0 20.22140654562548 0
3 0 20.030211027194692 0

0 1 20.201905985848505 0
1 1 21.255919262646316 1
2 1 20.34902258383362 0
3 1 20.060037180058796 0

0 2 20.09062008117872 0
1 2 20.483466612912572 0
2 2 21.120128800407482 1
3 2 20.17501603718175 0

0 3 20.179826393671398 0
1 3 21.161092416980935 1
2 3 20.339349947018885 0
3 3 20.060987658336266 0


# 20.0 20.0 1.2677931858747868
0 0 20.215156387026447 0
1 0 21.294855658411624 1
2 0 20.23219654194249 0
3 0 20.032630234879697 0

0 1 20.212166283213087 0
1 1 21.283709271699742 1
2 1 20.364622361338906 0
3 1 20.06438284209713 0

0 2 20.09731954924678 0
1 2 20.50420721595279 0
2 2 21.14296096472583 1
3 2 20.182885341202027 0

0 3 20.18845358709396 0
1 3 21.184710664468522 1
2 3 20.35376116069446 0
3 3 20.06523186065892 0


# 20.0 20.0 1.294855658411624
0 0 20.22549502039299 0
1 0 21.321368530766758 1
2 0 20.243067740704728 0
3 0 20.03514495341765 0

0 1 20.22253358541421 0
1 1 21.311044006979827 1
2 1 20.38025795464873 0
3 1 20.068858221720273 0

0 2 20.10421446083995 0
1 2 20.524920430751223 0
2 2 21.16540073706655 1
3 2 20.19079804670489 0

0 3 20.19713635946228 0
1 3 21.20786263197174 1
2 3 20.36816513470166 0
3 3 20.069591071852077 0


# 20.0 20.0 1.3213685307667582
0 0 20.235904025053014 0
1 0 21.347351241747404 1
2 0 20.254011945392893 0
3 0 20.037754177099973 0

0 1 20.23300112474129 0
1 1 21.33794026366746 1
2 1 20.395920106839757 0
3 1 20.07345984437576 0

0 2 20.11129814846413 0
1 2 20.545594271449204 0
2 2 21.1874672324037 1
3 2 20.198750746526866 0

0 3 20.20586937988687 0
1 3 21.230567946861377 1
2 3 20.382553714057597 0
3 3 20.074061446792417 0


# 20.0 20.0 1.347351241747404
0 0 20.24637570854897 0
1 0 21.372822424605324 1
2 0 20.265021404188932 0
3 0 20.04045680170715 0

0 1 20.24356244695032 0
1 1 21.364413922009557 1
2 1 20.411600290547184 0
3 1 20.078184224977353 0

0 2 20.118563939408073 0
1 2 20.566217902907834 0
2 2 21.209178277096797 1
3 2 20.206740302559137 0

0 3 20.214647664846176 0
1 3 21.252845124474938 1
2 3 20.396919476247547 0
3 3 20.07863915205357 0


# 20.0 20.0 1.3728224246053244
0 0 20.256902801499876 0
1 0 21.39779994030428 1
2 0 20.2760887896037 0
3 0 20.043251633020667 0

0 1 20.254211392133417 0
1 1 21.39048000806381 1
2 1 20.42729065219782 0
3 1 20.083027878581635 0

0 2 20.126005177471583 0
1 2 20.586781546613544 0
2 2 21.230550503527567 1
3 2 20.214763820261606 0

0 3 20.223466552535072 0
1 3 21.274711640151743 1
2 3 20.411255673793946 0
3 3 20.083320376508308 0


# 20.0 20.0 1.3977999403042816
0 0 20.267478436635134 0
1 0 21.422300909623132 1
2 0 20.287207178778445 0
3 0 20.046137394920244 0

0 1 20.26494207712986 0
1 1 21.41615274990352 1
2 1 20.442983960621817 0
3 1 20.087987329790852 0

0 2 20.133615242133118 0
1 2 20.607276394004685 0
2 2 21.251599437542428 1
3 2 20.222818625536718 0

0 3 20.232321679231227 0
1 3 21.29618399622973 1
2 3 20.425556181217967 0
3 3 20.088101340635063 0


# 20.0 20.0 1.4223009096231323
0 0 20.278096128757305 0
1 0 21.44634174410823 1
2 0 20.298370034465552 0
3 0 20.049112737074193 0

0 1 20.275748879339933 0
1 1 21.44144562964505 1
2 1 20.458673559689295 0
3 1 20.09305912100724 0

0 2 20.14138756539444 0
1 2 20.6276945266382 0
2 2 21.272339579257377 1
3 2 20.230902243754972 0

0 3 20.241208957518392 0
1 3 21.317277784372575 1
2 3 20.43981544605799 0
3 3 20.092978304649957 0


# 20.0 20.0 1.4463417441082314
0 0 20.28874975560342 0
1 0 21.469938175892253 1
2 0 20.30957118668987 0
3 0 20.052176242231887 0

0 1 20.28662642181537 0
1 1 21.46637143163051 1
2 1 20.47435332464723 0
3 1 20.098239819652544 0

0 2 20.149315646519536 0
1 2 20.648028842660928 0
2 2 21.292784477738476 1
3 2 20.239012380741755 0

0 3 20.250124556218434 0
1 3 21.338007743568173 1
2 3 20.454028443635035 0
3 3 20.09794757557508 0


# 20.0 20.0 1.4699381758922527
0 0 20.29943353957419 0
1 0 21.493105286399512 1
2 0 20.320804815088238 0
3 0 20.055326433128428 0

0 1 20.297569559511814 0
1 1 21.49094228707088 1
2 1 20.490017621858765 0
3 1 20.103526024455885 0

0 2 20.157393064866408 0
1 2 20.66827298909213 0
2 2 21.31294680003096 1
3 2 20.247146905551343 0

0 3 20.259064881895785 0
1 3 21.358387814113787 1
2 3 20.468190635279 0
3 3 20.103005513344343 0


# 20.0 20.0 1.493105286399512
0 0 20.310142030300455 0
1 0 21.515857533960247 1
2 0 20.3320654319219 0
3 0 20.058561779012337 0

0 1 20.30857336659917 0
1 1 21.5151697154296 1
2 1 20.505661271671606 0
3 1 20.108914370903562 0

0 2 20.165613490993064 0
1 2 20.68842129946252 0
2 2 21.33283839497305 1
3 2 20.255303834868837 0

0 3 20.26802656180882 0
1 3 21.378431187879613 1
2 3 20.482297929751645 0
3 3 20.10814853603939 0


# 20.0 19.0 1.5158575339602471
0 0 20.320870088016353 0
1 0 21.53820878035833 1
2 0 20.34334786575369 0
3 0 20.06188070180778 0

0 1 20.319633124735272 0
1 1 21.539064662803714 1
2 1 20.521279514164576 0
3 1 20.114401535935706 0

0 2 20.173970696203433 0
1 2 20.708468736390635 0
2 2 21.352470352196452 1
3 2 20.263481318894403 0

0 3 20.2770064281927 0
1 3 21.398150355120688 1
2 3 20.496346647622353 0
3 3 20.113373124340175 0


# 20.0 19.0 2.539064662803714
0 0 20.331612867708888 0
1 0 21.560172316338477 1
2 0 20.354647245779763 0
3 0 20.065281581923287 0

0 1 20.330744312216982 0
1 1 21.562637537538464 1
2 1 20.53686797754208 0
3 1 20.119984241966723 0

0 2 20.18245856068449 0
1 2 20.728410838710367 0
2 2 21.37185305668425 1
3 2 20.271677628576732 0

0 3 20.286001503767423 0
1 3 21.41755714808682 1
2 3 20.51033348837155 0
3 3 20.118675825267307 0


# 20.0 19.0 2.562637537538464
0 0 20.342365804014033 0
1 0 21.58176088610025 1
2 0 20.3659589868038 0
3 0 20.068762763719295 0

0 1 20.341902593930712 0
1 1 21.585898243292018 1
2 1 20.55242264896502 0
3 1 20.12565926029925 0

0 2 20.191071080372645 0
1 2 20.7482436727935 0
2 2 21.39099623922789 1
3 2 20.279891144074043 0

0 3 20.295008988373308 0
1 3 21.436662781661635 1
2 3 20.524255500013826 0
3 3 20.12405325528674 0


# 20.0 19.0 2.585898243292018
0 0 20.3531245968299 0
1 0 21.602986710807148 1
2 0 20.377278774839937 0
3 0 20.07232256064707 0

0 1 20.353103812031556 0
1 1 21.608856209749167 1
2 1 20.567939847624093 0
3 1 20.131423413994824 0

0 2 20.199802372675375 0
1 2 20.76796378773918 0
2 2 21.409909023098365 1
3 2 20.288120344331492 0

0 3 20.304026246643915 0
1 3 21.45547789124461 1
2 3 20.5381100510488 0
3 3 20.12950210284098 0


# 19.880000000000003 19.0 2.6088562097491668
0 0 20.363165197618088 0
1 0 21.623492871139735 1
2 0 20.38823812964959 0
3 0 20.07523488698751 0

0 1 20.363975337286742 0
1 1 21.631511573806684 1
2 1 20.58341172062473 0
3 1 20.136904834030368 0

0 2 20.20828225748305 0
1 2 20.787563694875292 0
2 2 21.428599859720208 1
3 2 20.295999371428668 0

0 3 20.312326423549464 0
1 3 21.473643821846018 1
2 3 20.551530378317636 0
3 3 20.13429038413566 0


# 19.760000000000005 19.0 2.6315115738066837
0 0 20.371780869004954 0
1 0 21.6429245374214 1
2 0 20.398470981944712 0
3 0 20.07679094084766 0

0 1 20.374147269524236 0
1 1 21.65385558493331 1
2 1 20.598821933162288 0
3 1 20.141734177946354 0

0 2 20.21614285132415 0
1 2 20.807027542935163 0
2 2 21.447067617163764 1
3 2 20.303164503979612 0

0 3 20.319200112379725 0
1 3 21.490803877732077 1
2 3 20.564152044976673 0
3 3 20.13770372889425 0


# 19.640000000000008 19.0 2.6538555849333108
0 0 20.379001619404125 0
1 0 21.66129764508509 1
2 0 20.407978126932175 0
3 0 20.077023014635685 0

0 1 20.383621084872157 0
1 1 21.67587973532917 1
2 1 20.614150396258957 0
3 1 20.1459133974511 0

0 2 20.22338303645078 0
1 2 20.826335832074385 0
2 2 21.46530200486738 1
3 2 20.30961862438702 0

0 3 20.32467915130425 0
1 3 21.506972119207592 1
2 3 20.575977393323285 0
3 3 20.139773546866582 0


# 19.52000000000001 19.0 2.6758797353291683
0 0 20.384856585865062 0
1 0 21.678627717369032 1
2 0 20.416760659140188 0
3 0 20.075962274787894 0

0 1 20.39239843159927 0
1 1 21.69757565656099 1
2 1 20.62937779785476 0
3 1 20.14944453912251 0

0 2 20.23000190989958 0
1 2 20.845469932421242 0
2 2 21.483292833609582 1
3 2 20.31536477319795 0

0 3 20.328794390206582 0
1 3 21.522162190792287 1
2 3 20.587009085658927 0
3 3 20.14053018548567 0


# 19.400000000000013 19.0 2.697575656560989
0 0 20.38937406256154 0
1 0 21.694929877778687 1
2 0 20.424819950861355 0
3 0 20.073638806775335 0

0 1 20.400481117020366 0
1 1 21.718935129746963 1
2 1 20.64448557299782 0
3 1 20.152329738315018 0

0 2 20.235998774959576 0
1 2 20.864412042814322 0
2 2 21.50103003529235 1
3 2 20.32040613223275 0

0 3 20.331575723748166 0
1 3 21.536387341005668 1
2 3 20.597250074802655 0
3 3 20.14000297329261 0


# 19.280000000000015 19.0 2.7189351297469635
0 0 20.392581528246915 0
1 0 21.710218862218245 1
2 0 20.432157631829075 0
3 0 20.07008165817315 0

0 1 20.40787109530095 0
1 1 21.739950094399084 1
2 1 20.65945587549195 0
3 1 20.15457121329656 0

0 2 20.241373132753637 0
1 2 20.883145152000644 0
2 2 21.518503680412653 1
3 2 20.324746009082997 0

0 3 20.333052123378344 0
1 3 21.54966044088561 1
2 3 20.606703576796036 0
3 3 20.138220261284626 0


# 19.160000000000018 19.0 2.7399500943990844
0 0 20.394505672720257 0
1 0 21.724509030792458 1
2 0 20.438775570065744 0
3 0 20.065318879879268 0

0 1 20.414570456096786 0
1 1 21.76061265604051 1
2 1 20.674271550906123 0
3 1 20.156171259616524 0

0 2 20.246124673955695 0
1 2 20.901653002120145 0
2 2 21.53570399341971 1
3 2 20.32838782287336 0

0 3 20.33325166831482 0
1 3 21.561994001335187 1
2 3 20.61537304564308 0
3 3 20.135209462300576 0


# 19.04000000000002 19.0 2.760612656040511
0 0 20.395172422345 0
1 0 21.73781437928059 1
2 0 20.444675853843773 0
3 0 20.05937756556514 0

0 1 20.420581413968815 0
1 1 21.780915092705875 1
2 1 20.68891611085766 0
3 1 20.157132244704183 0

0 2 20.2502532706624 0
1 2 20.919920054315856 0
2 2 21.552621366139842 1
3 2 20.331335091190414 0

0 3 20.332201575519456 0
1 3 21.57340018938485 1
2 3 20.623262149939972 0
3 3 20.13099708855132 0


# 18.920000000000023 19.0 2.7809150927058752
0 0 20.394606964659573 0
1 0 21.630148550285316 -1
2 0 20.388420774702833 -1
3 0 20.05154660943768 0

0 1 20.42590629851846 0
1 1 21.799409860423722 1
2 1 20.70261914848814 0
3 1 20.157438700616 0

0 2 20.253758968434827 0
1 2 20.937914176321293 0
2 2 21.569237107356408 1
3 2 20.333591092118702 0

0 3 20.32992822869459 0
1 3 21.583890636090157 1
2 3 20.630374637626467 0
3 3 20.125608782120416 0


# 18.800000000000026 19.0 2.7994098604237223
0 0 20.391393772117475 0
1 0 21.52579300406026 -1
2 0 20.332626607309148 -1
3 0 20.041891715193024 0

0 1 20.370512985192395 -1
1 1 21.81548025889213 1
2 1 20.715390821450793 0
3 1 20.15707675873528 0

0 2 20.255921356443064 0
1 2 20.955588648163253 0
2 2 21.58553306859561 1
3 2 20.335158889563132 0

0 3 20.326448556371986 0
1 3 21.59347617148031 1
2 3 20.63671431911251 0
3 3 20.11906934446819 0


# 18.680000000000028 19.0 2.81548025889213
0 0 20.384939268192277 0
1 0 21.424546251502452 -1
2 0 20.27727823525992 -1
3 0 20.03047587337402 0

0 1 20.316867530416644 -1
1 1 21.829285925483706 1
2 1 20.727242149878048 0
3 1 20.15603405782218 0

0 2 20.256799516291878 0
1 2 20.972901529233635 0
2 2 21.601491683956468 1
3 2 20.336041357236443 0

0 3 20.32177971659586 0
1 3 21.602166919057442 1
2 3 20.64228505307957 0
3 3 20.111402764991126 0


# 18.56000000000003 19.0 2.829285925483706
0 0 20.375418419920383 0
1 0 21.326219099907316 -1
2 0 20.222359794856917 -1
3 0 20.017359468164702 0

0 1 20.264817140479497 -1
1 1 21.72097436009447 -1
2 1 20.73674484544466 0
3 1 20.1542823754438 0

0 2 20.256447917243328 0
1 2 20.98837522639464 0
2 2 21.617061440912423 1
3 2 20.33624057920868 0

0 3 20.31593902483402 0
1 3 21.609955100108728 1
2 3 20.647090112522374 0
3 3 20.102632233752217 0


# 18.56000000000003 19.0 2.829285925483706
0 0 20.36371579168789 0
1 0 21.22956249707088 -1
2 0 20.16818468520109 -1
3 0 20.00332413203851 0

0 1 20.213148477407668 -1
1 1 21.61638156336575 -1
2 1 20.744052013642396 0
3 1 20.152165916373836 0

0 2 20.255246657462745 0
1 2 21.002116952669894 0
2 2 21.632196487645146 1
3 2 20.33612241053517 0

0 3 20.309667641030853 0
1 3 21.617203482378837 1
2 3 20.65149671424175 0
3 3 20.09350890283446 0


# 18.56000000000003 19.0 2.829285925483706
0 0 20.35065455488087 0
1 0 21.134903521835277 -1
2 0 20.11506828443284 -1
3 0 19.989131273694806 0

0 1 20.162223634665057 -1
1 1 21.515314801797945 -1
2 1 20.749314462870558 0
3 1 20.15002976565134 0

0 2 20.2535743965897 0
1 2 21.01423480896268 0
2 2 21.6468650769975 1
3 2 20.336050114238493 0

0 3 20.303688940501363 0
1 3 21.624273981683395 1
2 3 20.65586962778178 0
3 3 20.084765619236663 0


# 18.56000000000003 19.0 2.829285925483706
0 0 20.33631651678316 0
1 0 21.042197969154362 -1
2 0 20.062963140955297 -1
3 0 19.974798462721072 0

0 1 20.112032710591176 -1
1 1 21.417593050730588 -1
2 1 20.692676781064787 -1
3 1 20.087130819790275 -1

0 2 20.251443749453593 0
1 2 21.024833648438854 0
2 2 21.660328715359906 1
3 2 20.335282711293118 0

0 3 20.29798475141696 0
1 3 21.631158730784342 1
2 3 20.660198140199515 0
3 3 20.076379827162054 0


# 18.56000000000003 19.0 2.829285925483706
0 0 20.320779890335913 0
1 0 20.951401687434142 -1
2 0 20.011105212209817 -1
3 0 19.959604550447114 0

0 1 20.06256513703259 -1
1 1 21.322326311343165 -1
2 1 20.636398988278113 -1
3 1 20.026006760359305 -1

0 2 20.2488677144192 0
1 2 21.033993810976668 0
2 2 21.6726234208316 1
3 2 20.333860957519043 0

0 3 20.29253761770839 0
1 3 21.637850818918015 1
2 3 20.664472067114076 0
3 3 20.068330149679817 0


# 18.56000000000003 19.0 2.829285925483706
0 0 20.30411941617742 0
1 0 20.862453427838673 -1
2 0 19.95950027689577 -1
3 0 19.94360487107808 0

0 1 20.0138011625805 -1
1 1 21.229414417074782 -1
2 1 20.5805023753427 -1
3 1 19.966570094871493 -1

0 2 20.245859261508784 0
1 2 20.981791083069787 -1
2 2 21.68306501442823 1
3 2 20.331814380410997 0

0 3 20.287330784436012 0
1 3 21.643624211738896 1
2 3 20.66866447280545 0
3 3 20.06059601052994 0


# 18.56000000000003 19.0 2.829285925483706
0 0 20.286406172280063 0
1 0 20.775294234264457 -1
2 0 19.908154083034372 -1
3 0 19.92685178585414 0

0 1 19.96572167196248 -1
1 1 21.138042237430867 -1
2 1 20.52498823848343 -1
3 1 19.908738003743874 -1

0 2 20.241711294999035 0
1 2 20.9311424241856 -1
2 2 21.5717572079263 -1
3 2 20.327731271100138 0

0 3 20.28233090227717 0
1 3 21.64853764843708 1
2 3 20.67131125535034 0
3 3 20.05312306446827 0


# 18.56000000000003 19.0 2.829285925483706
0 0 20.267707740952705 0
1 0 20.689858725162367 -1
2 0 19.857071996540927 -1
3 0 19.909394841566808 0

0 1 19.918290897020647 -1
1 1 21.04818757345241 -1
2 1 20.46841786041619 -1
3 1 19.85239753526363 -1

0 2 20.236500591290877 0
1 2 20.880507384077973 -1
2 2 21.46448847519717 -1
3 2 20.32176666661308 0

0 3 20.217507448671928 -1
1 3 21.651890980259928 1
2 3 20.67251021286473 0
3 3 20.045861956701145 0


# 18.56000000000003 19.0 2.829285925483706
0 0 20.248088057744603 0
1 0 20.6060848302384 -1
2 0 19.806241743072867 -1
3 0 19.89128029861044 0

0 1 19.871475994015636 -1
1 1 20.959792402751674 -1
2 1 20.410928844991634 -1
3 1 19.79744454850514 -1

0 2 20.229561456377848 0
1 2 20.82991182941727 -1
2 2 21.36101443903435 -1
3 2 20.31406431794622 0

0 3 20.154974609759392 -1
1 3 21.65376031891351 1
2 3 20.6723524245002 0
3 3 20.03876792716926 0


# 18.56000000000003 19.0 2.829285925483706
0 0 20.227607617556846 0
1 0 20.523912968528965 -1
2 0 19.75565305520938 -1
3 0 19.872551379105037 0

0 1 19.825237539987217 -1
1 1 20.872802261614694 -1
2 1 20.352647232084397 -1
3 1 19.743783032617554 -1

0 2 20.221001362959946 0
1 2 20.779379002195512 -1
2 2 21.261107061681418 -1
3 2 20.304757512850095 0

0 3 20.094612663990535 -1
1 3 21.654218514607376 1
2 3 20.670922744712687 0
3 3 20.03180044488192 0


# 18.56000000000003 19.0 2.829285925483706
0 0 20.206323549426994 0
1 0 20.44328597024576 -1
2 0 19.705297441867806 -1
3 0 19.85324849515108 0

0 1 19.779539089395772 -1
1 1 20.787165968584247 -1
2 1 20.29368840700136 -1
3 1 19.691324478227646 -1

0 2 20.21092167478261 0
1 2 20.728929768725994 -1
2 2 21.164553503920192 -1
3 2 20.293969838434748 0

0 3 20.036308290359557 -1
1 3 21.653335266639445 1
2 3 20.668300260020054 0
3 3 20.02492287004763 0


# 18.56000000000003 19.0 2.829285925483706
0 0 20.18428980236332 0
1 0 20.364148998049224 -1
2 0 19.655167980111777 -1
3 0 19.833409458825717 0

0 1 19.73434697698991 -1
1 1 20.7028353719014 -1
2 1 20.234157939475224 -1
3 1 19.639987296982913 -1

0 2 20.199417984874646 0
1 2 20.678582845355173 -1
2 2 21.071155066331446 -1
3 2 20.281815888020834 0

0 3 19.979954230924783 -1
1 3 21.65117723347619 1
2 3 20.664558711137474 0
3 3 20.018102141915815 0


# 18.440000000000033 19.0 2.829285925483706
0 0 20.16083732117871 0
1 0 20.28608082820946 -1
2 0 19.604894703665206 -1
3 0 19.81234530231577 0

0 1 19.68926149209179 -1
1 1 20.61975627131171 -1
2 1 20.17414787843991 -1
3 1 19.58932753933495 -1

0 2 20.186216012330373 0
1 2 20.62835052377952 -1
2 2 20.98072609916407 -1
3 2 20.268037490088936 0

0 3 19.92472459756117 -1
1 3 21.647439395659926 1
2 3 20.659402456910577 0
3 3 20.01057974417084 0


# 18.320000000000036 19.0 2.829285925483706
0 0 20.135311285459892 0
1 0 20.208664980549905 -1
2 0 19.554111024046936 -1
3 0 19.789382134192984 0

0 1 19.64388791225316 -1
1 1 20.53786858582902 -1
2 1 20.113733179255295 -1
3 1 19.538909616325327 -1

0 2 20.171038496215623 0
1 2 20.57823456956053 -1
2 2 20.893084138753977 -1
3 2 20.2523707974962 0

0 3 19.869816246751476 -1
1 3 21.64181638032088 1
2 3 20.652533316879282 0
3 3 20.001617722753195 0


# 18.20000000000004 18.0 2.829285925483706
0 0 20.10779071389697 0
1 0 20.131858295252083 -1
2 0 19.502818044341367 -1
3 0 19.76458510929004 0

0 1 19.598204993489826 -1
1 1 20.45711526615992 -1
2 1 20.052977111438008 -1
3 1 19.488674608658354 -1

0 2 20.15396994909219 0
1 2 20.528231139033547 -1
2 2 20.80804944847195 -1
3 2 20.234911325359963 0

0 3 19.81517229782138 -1
1 3 21.634371333392213 1
2 3 20.64401537962576 0
3 3 19.99122660519391 0


# 18.08000000000004 18.0 3.634371333392213
0 0 20.078351007661585 0
1 0 20.05561965866945 -1
2 0 19.4510178690318 -1
3 0 19.73801635508788 0

0 1 19.552193618438217 -1
1 1 20.377441991715195 -1
2 1 19.99193641710351 -1
3 1 19.43856864426532 -1

0 2 20.135090375893835 0
1 2 20.478335482153614 -1
2 2 20.725453458196213 -1
3 2 20.21574803418671 0

0 3 19.760739635611245 -1
1 3 21.62516482335843 1
2 3 20.63390887232246 0
3 3 19.97941833028504 0


# 17.960000000000043 18.0 3.634371333392213
0 0 20.04706413071106 0
1 0 19.97990992090283 -1
2 0 19.398713470849597 -1
3 0 19.709735151686093 0

0 1 19.505836644443654 -1
1 1 20.298796997688108 -1
2 1 19.93066185993453 -1
3 1 19.388542501755865 -1

0 2 20.114475521252796 0
1 2 20.42854206861619 -1
2 2 20.645138022223513 -1
3 2 20.194963803002043 0

0 3 19.706468692864576 -1
1 3 21.614254936383013 1
2 3 20.622270435151616 0
3 3 19.966206081252622 0


# 17.840000000000046 18.0 3.634371333392213
0 0 20.01399878078962 0
1 0 19.90469181521684 -1
2 0 19.345908570995963 -1
3 0 19.679798099098416 0

0 1 19.459118760973787 -1
1 1 20.221130915855973 -1
2 1 19.869198730787648 -1
3 1 19.338551244276776 -1

0 2 20.092197103629633 0
1 2 20.378844701059716 -1
2 2 20.566954729196798 -1
3 2 20.172635867932673 0

0 3 19.652313244401604 -1
1 3 21.601697369622283 1
2 3 20.609153375036108 0
3 3 19.951604133243155 0


# 17.72000000000005 18.0 3.634371333392213
0 0 19.979220551595482 0
1 0 19.829929879439103 -1
2 0 19.292607531526034 -1
3 0 19.64825927284051 0

0 1 19.412026355865862 -1
1 1 20.144396627900715 -1
2 1 19.807587313304644 -1
3 1 19.288553881466086 -1

0 2 20.068323036893116 0
1 2 20.329236616572203 -1
2 2 20.4907642602695 -1
3 2 20.148836228779246 0

0 3 19.598230212481333 -1
1 3 21.587545522547224 1
2 3 20.59460790027731 0
3 3 19.935627713995082 0


# 17.60000000000005 18.0 3.634371333392213
0 0 19.942792086561706 0
1 0 19.75559037945452 -1
2 0 19.23881525878914 -1
3 0 19.615170368701314 0

0 1 19.364547389935762 -1
1 1 20.068549130152686 -1
2 1 19.74586331263415 -1
3 1 19.23851305736589 -1

0 2 20.042917639971478 0
1 2 20.27971057761203 -1
2 2 20.416435792008198 -1
3 2 20.12363202593095 0

0 3 19.54417948278223 -1
1 3 21.5718505861283 1
2 3 20.578681337571243 0
3 3 19.918292876653286 0


# 17.480000000000054 18.0 3.634371333392213
0 0 19.90477322467817 0
1 0 19.68164123488087 -1
2 0 19.18453711691459 -1
3 0 19.580580837519435 0

0 1 19.316671279496088 -1
1 1 19.993545408760834 -1
2 1 19.684058250128306 -1
3 1 19.188394762319465 -1

0 2 20.01604183517136 0
1 2 20.230258953351477 -1
2 2 20.343846440795588 -1
3 2 20.097085889799068 0

0 3 19.490123730457665 -1
1 3 21.554661629767477 1
2 3 20.561418332759846 0
3 3 19.899616383764474 0


# 17.360000000000056 18.0 3.634371333392213
0 0 19.86522113876228 0
1 0 19.60805194698913 -1
2 0 19.12977885041982 -1
3 0 19.544538010721606 0

0 1 19.268388786349586 -1
1 1 19.919344324382138 -1
2 1 19.622199826657152 -1
3 1 19.138168067028182 -1

0 2 19.98775333573607 0
1 2 20.18087379235878 -1
2 2 20.2728807457363 -1
3 2 20.069256264785857 0

0 3 19.43602825574723 -1
1 3 21.536025685887633 1
2 3 20.542861036568596 0
3 3 19.879615601565206 0


# 17.24000000000006 18.0 3.634371333392213
0 0 19.824190466566904 0
1 0 19.53479352891201 -1
2 0 19.07454651509768 -1
3 0 19.50708721732114 0

0 1 19.219691914843125 -1
1 1 19.845906505565047 -1
2 1 19.560312256978737 -1
3 1 19.08780487708203 -1

0 2 19.958106823190544 0
1 2 20.131546887450114 -1
2 2 20.203430187290355 -1
3 2 20.040197709656102 0

0 3 19.38186082864927 -1
1 3 21.51598783211237 1
2 3 20.52304927648433 0
3 3 19.858308403742544 0


# 17.12000000000006 18.0 3.634371333392213
0 0 19.781733435095557 0
1 0 19.461838438166808 -1
2 0 19.01884641641318 -1
3 0 19.468271893019523 0

0 1 19.17057381558593 -1
1 1 19.773194250076102 -1
2 1 19.498416577414098 -1
3 1 19.03727970640566 -1

0 2 19.927154114996764 0
1 2 20.082269833466214 -1
2 2 20.135392739064667 -1
3 2 20.0099611760411 0

0 3 19.327591542183207 -1
1 3 21.494591270989254 1
2 3 20.502020715837546 0
3 3 19.835713083910356 0


# 17.000000000000064 18.0 3.634371333392213
0 0 19.73789997847715 0
1 0 19.3891605115034 -1
2 0 18.96268505470707 -1
3 0 19.428133682004173 0

0 1 19.12102869545392 -1
1 1 19.7011714334865 -1
2 1 19.436530928902187 -1
3 1 18.98656946817999 -1

0 2 19.89494432302014 0
1 2 20.033034078658563 -1
2 2 20.068672450382834 -1
3 2 19.97859426667705 0

0 3 19.273192673792725 -1
1 3 21.471877407227172 1
2 3 20.479811001070612 0
3 3 19.811848276102555 0


# 16.880000000000067 18.0 3.634371333392213
0 0 19.69273784973546 0
1 0 19.316734902075403 -1
2 0 18.906069076565153 -1
3 0 19.386712531988966 0

0 1 19.07105173351976 -1
1 1 19.629803424397018 -1
2 1 19.37467081734918 -1
3 1 18.935653281908614 -1

0 2 19.86152400328495 0
1 2 19.983830970306457 -1
2 2 20.003179057429296 -1
3 2 19.9461414748619 0

0 3 19.218638554462334 -1
1 3 21.447885922433706 1
2 3 20.456453898097234 0
3 3 19.786732882638375 0


# 16.76000000000007 18.0 3.634371333392213
0 0 19.646292726772128 0
1 0 19.244538018921048 -1
2 0 18.849005231768526 -1
3 0 19.344046783001488 0

0 1 19.020639002565378 -1
1 1 19.559057005735667 -1
2 1 19.312849353038526 -1
3 1 18.884512295399276 -1

0 2 19.82693729747499 0
1 2 19.93465179512863 -1
2 2 19.938827620926205 -1
3 2 19.912644406505265 0

0 3 19.163905445140596 -1
1 3 21.42265484735189 1
2 3 20.431981418588148 0
3 3 19.760386008764517 0


# 16.64000000000007 18.0 3.634371333392213
0 0 19.59860831286617 0
1 0 19.17254746873081 -1
2 0 18.7915003352915 -1
3 0 19.300173250381725 0

0 1 18.969787395850556 -1
1 1 19.488900301613338 -1
2 1 19.251077470731442 -1
3 1 18.83312952052393 -1

0 2 19.79122606661448 0
1 2 19.885487815000527 -1
2 2 19.87553818845165 -1
3 2 19.878141986044927 0

0 3 19.108971420083133 -1
1 3 21.39622063160717 1
2 3 20.406423936953328 0
3 3 19.732826903524973 0


# 16.520000000000074 18.0 3.634371333392213
0 0 19.549726431977962 0
1 0 19.10074199987071 -1
2 0 18.733561233861064 -1
3 0 19.255127302420604 0

0 1 18.9184945588273 -1
1 1 19.419302709269058 -1
2 1 19.1893641319616 -1
3 1 18.78148968170705 -1

0 2 19.754430017343605 0
1 2 19.836330298440558 -1
2 2 19.813235479646774 -1
3 2 19.842670647409587 0

0 3 19.05381625674755 -1
1 3 21.368618210985368 1
2 3 20.379810298731172 0
3 3 19.704074906351764 0


# 16.400000000000077 18.0 3.634371333392213
0 0 19.49968711913113 0
1 0 19.029101448623276 -1
2 0 18.675194776634964 -1
3 0 19.20894293303357 0

0 1 18.86675882550548 -1
1 1 19.350234835678513 -1
2 1 19.12771651091145 -1
3 1 18.72957907617161 -1

0 2 19.716586821183498 0
1 2 19.787170548285342 -1
2 2 19.75184859268778 -1
3 2 19.80626451112092 0

0 3 18.998421331890665 -1
1 3 21.33988107227087 1
2 3 20.352167921040188 0
3 3 19.674149398909034 0


# 16.28000000000008 18.0 3.634371333392213
0 0 19.448528706131956 0
1 0 18.957606687602443 -1
2 0 18.616407789594867 -1
3 0 19.16165282983356 0

0 1 18.81457915919018 -1
1 1 19.28166843843782 -1
2 1 19.066140165150408 -1
3 1 18.677385445045662 -1

0 2 19.677732227166185 0
1 2 19.737999925934396 -1
2 2 19.691310730517717 -1
3 2 19.76895554854751 0

0 3 18.942769523535848 -1
1 3 21.31004131568162 1
2 3 20.323522885697802 0
3 3 19.643069761759254 0


