# 20.0 20.0 0.0
0 0 20.0 0
1 0 20.0 0
2 0 20.0 0
3 0 20.0 0

0 1 20.06 1
1 1 20.00072 0
2 1 20.06000864 1
3 1 20.00072010368 0

0 2 20.06072 1
1 2 20.00073728 0
2 2 20.00072895104 0
3 2 20.00001738865664 0

0 3 20.06072864 1
1 3 20.00073759104 0
2 3 20.00001759850496 0
3 3 20.00000041984594 0


# 20.0 20.0 0.06072864000000067
0 0 20.00072 0
1 0 20.00001728 0
2 0 20.00072031104 0
3 0 20.00001728497664 0

0 1 20.11822592 1
1 1 20.00283330944 0
2 1 20.1171882573824 1
3 1 20.00209653449763 0

0 2 20.12032606208 1
1 2 20.002197401523198 0
2 2 20.002127009142885 0
3 2 20.000067345894898 0

0 3 20.11999517279744 1
1 3 20.002173134290228 0
2 3 20.0000684661271 0
3 3 20.00000203447575 0


# 20.0 20.0 0.12032606208000018
0 0 20.0021129984 0
1 0 20.00008455366656 0
2 0 20.002097539128627 0
3 0 20.000066991600995 0

0 1 20.17476369979904 1
1 1 20.006228117535333 0
2 1 20.171713811431697 1
3 1 20.004070657835857 0

0 2 20.178835842762076 1
1 2 20.00436429549485 0
2 2 20.00413947973141 0
3 2 20.000163063431827 0

0 3 20.17784745430136 1
1 3 20.004269225241117 0
2 3 20.000166519423143 0
3 3 20.000005916228883 0


# 20.0 20.0 0.17883584276207642
0 0 20.004135109499188 0
1 0 20.000230531606523 0
2 0 20.004073578500897 0
3 0 20.0001623107394 0

0 1 20.22969401324504 1
1 1 20.010801199714972 0
2 1 20.223748567472374 1
3 1 20.006588577506474 0

0 2 20.236267606522564 1
1 2 20.007220539445616 0
2 2 20.00671636898158 0
3 2 20.000315945120295 0

0 3 20.234331387927675 1
1 3 20.006990539142546 0
2 3 20.000324079499606 0
3 3 20.000013383540082 0


# 20.0 20.0 0.2362676065225635
0 0 20.006745340095435 0
1 0 20.000480290698786 0
2 0 20.006595182230786 0
3 0 20.00031467266963 0

0 1 20.283092634444746 1
1 1 20.016457246513394 0
2 1 20.273444924736488 1
3 1 20.00960076376152 0

0 2 20.292640101790433 1
1 2 20.010747604629362 0
2 2 20.009811973918293 0
3 2 20.000535788879883 0

0 3 20.289491025653476 1
1 3 20.01030368901595 0
2 3 20.000552016718313 0
3 3 20.000025955399817 0


# 20.0 20.0 0.29264010179043254
0 0 20.009905382953722 0
1 0 20.000855612229813 0
2 0 20.009613567092725 0
3 0 20.000533916423777 0

0 1 20.335030776573156 1
1 1 20.023108245698776 0
2 1 20.32094518295479 1
3 1 20.013061710342637 0

0 2 20.347972450397506 1
1 2 20.01492607591552 0
2 2 20.013384507943837 0
3 2 20.000830951831162 0

0 3 20.343368662402913 1
1 3 20.01417709513772 0
2 3 20.00085988271792 0
3 3 20.000045311020013 0


# 20.0 20.0 0.34797245039750635
0 0 20.013579425833022 0
1 0 20.001375291379656 0
2 0 20.01308404996393 0
3 0 20.0008284445562 0

0 1 20.385575405420234 1
1 1 20.030672913373277 0
2 1 20.366382252352444 1
3 1 20.016929618293123 0

0 2 20.402284049205676 1
1 2 20.0197358470595 0
2 2 20.017395758770064 0
3 2 20.00120850011125 0

0 3 20.39600492428853 1
1 3 20.018580864990724 0
2 3 20.001256030861136 0
3 3 20.000073254194962 0


# 20.0 20.0 0.40228404920567584
0 0 20.017733974864633 0
1 0 20.002055420400133 0
2 0 20.016965713273148 0
3 0 20.00120536453097 0

0 1 20.434789529641908 1
1 1 20.039076170124808 0
2 1 20.40988031136506 1
3 1 20.021166104436897 0

0 2 20.455594482750918 1
1 2 20.025156293720283 0
2 2 20.021810775981795 0
3 2 20.00167434472194 0

0 3 20.44743885118704 1
1 3 20.023486682770336 0
2 3 20.001747726120332 0
3 3 20.00011168189405 0


# 20.0 20.0 0.45559448275091796
0 0 20.022337691170012 0
1 0 20.00290964763814 0
2 0 20.021221097198087 0
3 0 20.001670617827475 0

0 1 20.482732469525498 1
1 1 20.048248658625806 0
2 1 20.45155541605445 1
3 1 20.025735932593793 0

0 2 20.507923445848572 1
1 2 20.031166426380427 0
2 2 20.026597585693995 0
3 2 20.0022333646458 0

0 3 20.497707974087735 1
1 3 20.028867707613045 0
2 3 20.00234124532569 0
3 3 20.000162556665522 0


# 20.0 20.0 0.5079234458485722
0 0 20.027361239693857 0
1 0 20.003949414383552 0
2 0 20.025815916494953 0
3 0 20.00222909777475 0

0 1 20.529460105935446 1
1 1 20.05812629936481 0
2 1 20.491516064893606 1
3 1 20.030606765752623 0

0 2 20.559290675199776 1
1 2 20.037745025128626 0
2 2 20.031726929980607 0
3 2 20.00288951835946 0

0 3 20.54684838761433 1
1 3 20.034698479790123 0
2 3 20.003041968619247 0
3 3 20.000227882469307 0


# 20.0 20.0 0.5592906751997759
0 0 20.032777149308707 0
1 0 20.005184171361464 0
2 0 20.030718800010522 0
3 0 20.00288475704402 0

0 1 20.575025110972636 1
1 1 20.06864988146358 0
2 1 20.5298637223052 1
3 1 20.03574893756352 0

0 2 20.609715889125972 1
1 2 20.044870758086773 0
2 2 20.037172028949986 0
3 2 20.003645944776157 0

0 3 20.594894818087205 1
1 3 20.040954834176457 0
2 3 20.003854462884387 0
3 3 20.000309683592338 0


# 20.0 20.0 0.6097158891259724
0 0 20.0385596833216 0
1 0 20.006621576541832 0
2 0 20.035901051080774 0
3 0 20.003640705654167 0

0 1 20.61947716175872 1
1 1 20.079764685777636 0
2 1 20.566693304075013 1
3 1 20.041135241639914 0

0 2 20.659218734637875 1
1 2 20.052522285101112 0
2 2 20.042908363522425 0
3 2 20.004505054560614 0

0 3 20.64188068746184 1
1 3 20.047613820366415 0
2 3 20.004782557853016 0
3 3 20.000409986331977 0


# 20.0 20.0 0.6592187346378751
0 0 20.044684719581632 0
1 0 20.008267675804355 0
2 0 20.041336427161784 0
3 0 20.004499300276237 0

0 1 20.66286313864482 1
1 1 20.091420137703814 0
2 1 20.602093627519746 1
3 1 20.04674073727932 0

0 2 20.707818741117578 1
1 2 20.060678348168782 0
2 2 20.048913477130576 0
3 2 20.00546861267797 0

0 3 20.68783817345102 1
1 3 20.0546536288647 0
2 3 20.005829415531117 0
3 3 20.000530803162537 0


# 20.0 20.0 0.7078187411175776
0 0 20.05112963945008 0
1 0 20.01012706787236 0
2 0 20.04700093716901 0
3 0 20.005462225559672 0

0 1 20.705227309040996 1
1 1 20.103569487325252 0
2 1 20.63614782906565 1
3 1 20.052542570321226 0

0 2 20.75553527995857 1
1 2 20.06931784993603 0
2 2 20.055166794714836 0
3 2 20.006537812963877 0

0 3 20.732798266112663 1
1 3 20.062053522831338 0
2 3 20.006997593527316 0
3 3 20.00067411912658 0


# 20.0 20.0 0.7555352799585684
0 0 20.05787322495284 0
1 0 20.012203054815085 0
2 0 20.052872655121195 0
3 0 20.006530568144832 0

0 1 20.746611497968114 1
1 1 20.116169514715057 0
2 1 20.668933751688964 1
3 1 20.058519807961307 0

0 2 20.80238752956851 1
1 2 20.078419921481057 0
2 2 20.06164945752446 0
3 2 20.00771334543474 0

0 3 20.776790821161406 1
1 3 20.069793774906458 0
2 3 20.00828910281786 0
3 3 20.000841880217052 0


# 20.0 20.0 0.8023875295685094
0 0 20.064895563487937 0
1 0 20.01449777931274 0
2 0 20.058931548795865 0
3 0 20.007704883972703 0

0 1 20.78705524634671 1
1 1 20.129180258394687 0
2 1 20.70052430448001 1
3 1 20.064653286433582 0

0 2 20.8483944451945 1
1 2 20.087963980482208 0
2 2 20.068344172361865 0
3 2 20.008995456994633 0

0 3 20.819844610240807 1
1 3 20.077855608682878 0
2 3 20.00970546043465 0
3 3 20.00103598353839 0


# 20.0 20.0 0.8483944451945007
0 0 20.072177959510284 0
1 0 20.017012349782014 0
2 0 20.065159322205254 0
3 0 20.00898525945335 0

0 1 20.82659595795734 1
1 1 20.14256476510416 0
2 1 20.730987796418226 1
3 1 20.070925470557768 0

0 2 20.893574733080495 1
1 2 20.097929780769814 0
2 2 20.075235074023905 0
3 2 20.0103840061383 0

0 3 20.8619873683733 1
1 3 20.08622114443313 0
2 3 20.01124773752034 0
3 3 20.00125826905491 0


# 20.0 20.0 0.8935747330804951
0 0 20.079702852660787 0
1 0 20.019746954370813 0
2 0 20.07153927079554 0
3 0 20.01037136700927 0

0 1 20.865269035933277 1
1 1 20.15628885918907 0
2 1 20.760388246284947 1
3 1 20.077320324227532 0

0 2 20.937946828512032 1
1 2 20.10829745416676 0
2 2 20.08230759980008 0
3 2 20.01187851219748 0

0 3 20.903245838787203 1
1 3 20.09487334873263 0
2 3 20.012916603155535 0
3 3 20.00151051275317 0


# 20.0 20.0 0.9379468285120325
0 0 20.08745374184865 0
1 0 20.022700964749237 0
2 0 20.078056148358648 0
3 0 20.01186251546797 0

0 1 20.903108009578677 1
1 1 20.17032093004535 0
2 1 20.788785670492448 1
3 1 20.08382319098787 0

0 2 20.981528877344918 1
1 2 20.11904754543783 0
2 2 20.08954837498508 0
3 2 20.0134781996299 0

0 3 20.943645815303796 1
1 3 20.103795987652624 0
2 3 20.014712364327693 0
3 3 20.001794421061547 0


# 20.0 20.0 0.9815288773449176
0 0 20.095415114834033 0
1 0 20.025873030548627 0
2 0 20.084696044725693 0
3 0 20.01345769573969 0

0 1 20.940144652243063 1
1 1 20.184631736187836 0
2 1 20.81623635047145 1
3 1 20.090420683916474 0

0 2 21.024338720652246 1
1 2 20.13016104109055 0
2 2 20.09694510845203 0
3 2 20.015182037806607 0

0 3 20.98321218245252 1
1 3 20.112973583225664 0
2 3 20.016635002378802 0
3 3 20.002111626385556 0


# 20.0 20.0 1.0243387206522456
0 0 20.103572382893507 0
1 0 20.02926116523127 0
2 0 20.091446273384523 0
3 0 20.01515562218067 0

0 1 20.976409090925657 1
1 1 20.199194224623447 0
2 1 20.842793081133337 1
3 1 20.097100584085428 0

0 2 21.066393882158476 1
1 2 20.141619392699717 0
2 2 20.104486497414552 0
3 2 20.016988776713355 0

0 3 21.02196895346884 1
1 3 20.122391372912755 0
2 3 20.018684206239445 0
3 3 20.00246368363111 0


# 20.0 20.0 1.0663938821584757
0 0 20.111911820183224 0
1 0 20.03286282410985 0
2 0 20.09829526823146 0
3 0 20.01695477000997 0

0 1 21.01192990823036 1
1 1 20.213983364315602 0
2 1 20.8685054018075 1
3 1 20.10385174693621 0

0 2 21.107711558160606 1
1 2 20.153404535363773 0
2 2 20.112162140580143 0
3 2 20.018896978945165 0

0 3 21.059939306316842 1
1 3 20.132035271825462 0
2 3 20.02085940272983 0
3 3 20.00285206760049 0


# 20.0 20.0 1.1077115581606058
0 0 20.12042050744471 0
1 0 20.036674975177135 0
2 0 20.105232488729673 0
3 0 20.018853409117604 0

0 1 21.046734237243736 1
1 1 20.22897599262356 0
2 1 20.893419810947176 1
3 1 20.11066401595301 0

0 2 21.14830860966495 1
1 2 20.165498901842643 0
2 2 20.119962458965873 0
3 2 20.0209050483397 0

0 3 21.09714561786732 1
1 3 20.14189183747807 0
2 3 20.02315978418371 0
3 3 20.003278171157152 0


# 20.0 20.0 1.1483086096649515
0 0 20.12908627972575 0
1 0 20.040694163352644 0
2 0 20.112248332804036 0
3 0 20.020849634574454 0

0 1 21.08084784986367 1
1 1 20.244150673689703 0
2 1 20.917579965798662 1
3 1 20.11752814306754 0

0 2 21.188201556493908 1
1 2 20.177885432873726 0
2 2 20.12787862370986 0
3 2 20.023011255564647 0

0 3 21.13360949635176 1
1 3 20.1519482368649 0
2 3 20.025584333628778 0
3 3 20.003743304065814 0


# 20.0 20.0 1.1882015564939081
0 0 20.13789767781422 0
1 0 20.044916568703528 0
2 0 20.119334056855187 0
3 0 20.022941394128846 0

0 1 21.11429523906537 1
1 1 20.259487567829893 0
2 1 20.941026868137875 1
3 1 20.12443571527268 0

0 2 21.227406573140655 1
1 2 20.19054758411433 0
2 2 20.135902490269135 0
3 2 20.025213760946222 0

0 3 21.169351812203164 1
1 3 20.16219221567593 0
2 3 20.0281318477365 0
3 3 20.004248692423637 0


# 20.0 20.0 1.2274065731406552
0 0 20.146843903106134 0
1 0 20.049338059151474 0
2 0 20.126481702324288 0
3 0 20.02512651295137 0

0 1 21.147099695553546 1
1 1 20.274968311057545 0
2 1 20.96379903709434 1
3 1 20.13137908696313 0

0 2 21.2659394861712 1
1 2 20.203469330114928 0
2 2 20.14402653844692 0
3 2 20.027510634800485 0

0 3 21.204392727386015 1
1 3 20.17261206948039 0
2 3 20.030800957735778 0
3 3 20.00479547860682 0


# 20.0 20.0 1.2659394861711988
0 0 20.155914775650775 0
1 0 20.053954238135503 0
2 0 20.133684028284843 0
3 0 20.027402715868096 0

0 1 21.17928337921485 1
1 1 20.290575903941498 0
2 1 20.985932670005447 1
3 1 20.138351317558765 0

0 2 21.303815772992596 1
1 2 20.216635165687748 0
2 2 20.15224381774022 0
3 2 20.029899875505734 0

0 3 21.238751723309793 1
1 3 20.183196616723013 0
2 3 20.033590148467717 0
3 3 20.005384721664655 0


# 20.0 20.0 1.3038157729925963
0 0 20.16510069513555 0
1 0 20.058760487662155 0
2 0 20.14093444957931 0
3 0 20.029767647302503 0

0 1 21.210867385752664 1
1 1 20.306294609061602 0
2 1 21.007461792172464 1
3 1 20.145346114001065 0

0 2 21.34105056182391 1
1 2 20.23003010499892 0
2 2 20.16054789754243 0
3 2 20.03237942553299 0

0 3 21.272447627413204 1
1 3 20.193935173391203 0
2 3 20.036497775743253 0
3 3 20.00601739810004 0


# 20.0 20.0 1.3410505618239092
0 0 20.17439260459165 0
1 0 20.063752007139136 0
2 0 20.148226980056346 0
3 0 20.032218889128302 0

0 1 21.24187180885678 1
1 1 20.322109856384653 0
2 1 21.028418396324 1
3 1 20.152357777744843 0

0 2 21.377658632722532 1
1 2 20.24363967867946 0
2 2 20.168932821775748 0
3 2 20.034947185632053 0

0 3 21.305498638499692 1
1 3 20.204817529223842 0
2 3 20.039522082151233 0
3 3 20.00669440298184 0


# 20.0 20.0 1.3776586327225324
0 0 20.1837819566183 0
1 0 20.068923848356004 0
2 0 20.15555618049968 0
3 0 20.034753976618617 0

0 1 21.2723157982335 1
1 1 20.338008155937306 0
2 1 21.04883257253194 1
3 1 20.159381155896952 0

0 2 21.413654419533138 1
1 2 20.25744992922049 0
2 2 20.17739306756494 0
3 2 20.03760102735283 0

0 3 21.337922350898786 1
1 3 20.215833925343688 0
2 3 20.042661211451566 0
3 3 20.007416551340146 0


# 20.0 20.0 1.4136544195331382
0 0 20.193260681939115 0
1 0 20.074270946945564 0
2 0 20.162917110871845 0
3 0 20.037370412661573 0

0 1 21.302217613796607 1
1 1 20.35397701720225 0
2 1 21.068732629268837 1
3 1 20.16641159618068 0

0 2 21.449052012639736 1
1 2 20.271447404890914 0
2 2 20.18592350759739 0
3 2 20.04033880406543 0

0 3 21.36973577752223 1
1 3 20.22697503320563 0
2 3 20.04591322167632 0
3 3 20.0081845798008 0


# 20.0 20.0 1.4490520126397364
0 0 20.202821160118212 0
1 0 20.079788150632158 0
2 0 20.170305286525977 0
3 0 20.040065680398236 0

0 1 21.33159467629667 1
1 1 20.370004874709604 0
2 1 21.088145206244096 1
3 1 20.173444905429584 0

0 2 21.483865162413384 1
1 2 20.285619152391263 0
2 2 20.194519375845243 0
3 2 20.04315836062759 0

0 3 21.400955371878858 1
1 3 20.23823193476235 0
2 3 20.049276097050814 0
3 3 20.008999148420113 0


# 20.0 20.0 1.4838651624133838
0 0 20.212456192277102 0
1 0 20.08547024454776 0
2 0 20.177716638066165 0
3 0 20.042837254425848 0

0 1 21.360463614645013 1
1 1 20.38608101933748 0
2 1 21.10709537960852 1
3 1 20.180477311337484 0

0 2 21.518107283259003 1
1 2 20.29995270843493 0
2 2 20.203176236353332 0
3 2 20.046057541834564 0

0 3 21.431597049107477 1
1 3 20.24959610375745 0
2 3 20.05274775883705 0
3 3 20.009860842685047 0


# 20.0 20.0 1.5181072832590026
0 0 20.22215897566544 0
1 0 20.091311973873584 0
2 0 20.18514747456228 0
3 0 20.045682610697316 0

0 1 21.388840310169066 1
1 1 20.402195534874316 0
2 1 21.12560676007284 1
3 1 20.187505427212567 0

0 2 21.551791458174662 1
1 2 20.31443609042797 0
2 2 20.211889954822443 0
3 2 20.04903419977415 0

0 3 21.461676206082792 1
1 3 20.261059388063813 0
2 3 20.05632607519275 0
3 3 20.010770175647988 0


# 20.0 20.0 1.5517914581746624
0 0 20.231923079949997 0
1 0 20.09730806404353 0
2 0 20.19259444984843 0
3 0 20.048599235236946 0

0 1 21.41673993801795 1
1 1 20.418339239431095 0
2 1 21.143701584445118 1
3 1 20.194526219503114 0

0 2 21.58493044374567 1
1 2 20.329057786400185 0
2 2 20.220656672740713 0
3 2 20.05208620019834 0

0 3 21.491207740645525 1
1 3 20.272613992991996 0
2 3 20.060008870131224 0
3 3 20.011727590168615 0


# 20.0 20.0 1.5849304437456695
0 0 20.241742425096536 0
1 0 20.103453238726217 0
2 0 20.200054531655695 0
3 0 20.051584631782323 0

0 1 21.444177005920476 1
1 1 20.434503631324308 0
2 1 21.161400801054437 1
3 1 20.201536977880405 0

0 2 21.617536675503946 1
1 2 20.343806744323707 0
2 2 20.22947278383765 0
3 2 20.055211428012647 0

0 3 21.52020607000424 1
1 3 20.284252465499844 0
2 3 20.063793931659784 0
3 3 20.012733461238614 0


# 20.0 20.0 1.6175366755039455
0 0 20.251611260728822 0
1 0 20.10974223578422 0
2 0 20.207524973349607 0
3 0 20.05463632845292 0

0 1 21.4711653904825 1
1 1 20.51068083908048 1
2 1 21.119444149493603 0
3 1 20.207823927680938 0

0 2 21.649622273590506 1
1 2 20.359392360940273 0
2 2 20.23763219265472 0
3 2 20.058390823015007 0

0 3 21.54868514835317 1
1 3 20.29597631924029 0
2 3 20.067670690207677 0
3 3 20.013787794792698 0


# 20.0 20.0 1.6496222735905057
0 0 20.261524146857784 0
1 0 20.11688982139274 0
2 0 20.214300568060995 0
3 0 20.057734914577516 0

0 1 21.49843837119658 1
1 1 20.583298135240895 1
2 1 21.08062748820156 0
3 1 20.213456361427866 0

0 2 21.681216328665585 1
1 2 20.375719003324757 0
2 2 20.24521474346428 0
3 2 20.061607915244593 0

0 3 21.576658794787324 1
1 3 20.307785895692035 0
2 3 20.071629982426344 0
3 3 20.014890288952213 0


# 20.0 20.0 1.6812163286655846
0 0 20.271493215881975 0
1 0 20.12480955192445 0
2 0 20.220458007658877 0
3 0 20.060863430081767 0

0 1 21.525936051763786 1
1 1 20.65258492989191 1
2 1 21.0447379372772 0
3 1 20.218497705639138 0

0 2 21.71234500906014 1
1 2 20.39269965810247 0
2 2 20.252292541694604 0
3 2 20.064848549239752 0

0 3 21.604140649032008 1
1 3 20.3196805315477 0
2 3 20.07566388351077 0
3 3 20.01604038774294 0


# 20.0 20.0 1.7123450090601402
0 0 20.281528407354482 0
1 0 20.133422406882488 0
2 0 20.2260670566281 0
3 0 20.06400712374603 0

0 1 21.553604237745386 1
1 1 20.718754424137188 1
2 1 21.011577857025085 0
3 1 20.223006004362425 0

0 2 21.743031853218174 1
1 2 20.410255186720722 0
2 2 20.25893064541122 0
3 2 20.06810063462188 0

0 3 21.631144134284046 1
1 3 20.331658707676883 0
2 3 20.079765557293292 0
3 3 20.017237328087177 0


# 20.0 20.0 1.7430318532181737
0 0 20.291637704425256 0
1 0 20.14265617601571 0
2 0 20.231191134131162 0
3 0 20.067153232953096 0

0 1 21.581393947541446 1
1 1 20.78200480978624 1
2 1 20.980963711012173 0
3 1 20.22703436312225 0

0 2 21.713298034605565 0
1 2 20.427593644127885 0
2 2 20.265179056996143 0
3 2 20.071353816946228 0

0 3 21.65696242635721 1
1 3 20.343700901487797 0
2 3 20.083928811325826 0
3 3 20.018480175815302 0


# 20.0 20.0 1.7430318532181737
0 0 20.30182734854863 0
1 0 20.152444896132643 0
2 0 20.235887848578827 0
3 0 20.070290783107197 0

0 1 21.60854096405999 1
1 1 20.842503097500494 1
2 1 20.952724705277962 0
3 1 20.23063135153509 0

0 2 21.685656681566673 0
1 2 20.44471362606036 0
2 2 20.271083113775653 0
3 2 20.074599292328 0

0 3 21.681664070005006 1
1 3 20.355789141714002 0
2 3 20.088148030425803 0
3 3 20.019767857358996 0


# 20.0 20.0 1.7430318532181737
0 0 20.312093394323192 0
1 0 20.162728022579902 0
2 0 20.240209481070096 0
3 0 20.0734104049066 0

0 1 21.635065281650157 1
1 1 20.90040572844729 1
2 1 20.926701875522557 0
3 1 20.233841373643703 0

0 2 21.659996416673458 0
1 2 20.461614664816786 0
2 2 20.27668389067154 0
3 2 20.077829639510313 0

0 3 21.705313590185476 1
1 3 20.367906913187152 0
2 3 20.09241811708253 0
3 3 20.021099187573185 0


# 20.0 20.0 1.7430318532181737
0 0 20.32243155177832 0
1 0 20.173450006767094 0
2 0 20.244203430311508 0
3 0 20.076504167977426 0

0 1 21.66098654418364 1
1 1 20.9558592905773 1
2 1 20.902747241319922 0
3 1 20.236705008536358 0

0 2 21.636211544763402 0
1 2 20.478297100575972 0
2 2 20.28201856910117 0
3 2 20.081038667833408 0

0 3 21.667971722434206 0
1 3 20.379319066114405 0
2 3 20.09672579803853 0
3 3 20.022472790411012 0


# 20.0 20.0 1.7430318532181737
0 0 20.332837254525707 0
1 0 20.18455990618785 0
2 0 20.24791262202425 0
3 0 20.079565429496967 0

0 1 21.686324006406323 1
1 1 21.00900118368347 1
2 1 20.88072302233671 0
3 1 20.239259323613837 0

0 2 21.613481773836337 0
1 2 20.49474468686115 0
2 2 20.28712046388515 0
3 2 20.084221274719326 0

0 3 21.631838350505983 0
1 3 20.39006737136247 0
2 3 20.101059242028814 0
3 3 20.023887136157192 0


# 20.0 20.0 1.7430318532181737
0 0 20.34330572031391 0
1 0 20.19601102444022 0
2 0 20.251375885614518 0
3 0 20.082588696545816 0

0 1 21.711087862271263 1
1 1 21.059959926017576 1
2 1 20.86050090445412 0
3 1 20.241538162530688 0

0 2 21.59176759013087 0
1 2 20.510943926108567 0
2 2 20.292019385786393 0
3 2 20.087373317394807 0

0 3 21.596874189425687 0
1 3 20.400191070056003 0
2 3 20.105407924967597 0
3 3 20.02534057416388 0


# 20.0 20.0 1.7430318532181737
0 0 20.35383190102315 0
1 0 20.207760573965594 0
2 0 20.254628300518295 0
3 0 20.085569501026754 0

0 1 21.73528888506193 1
1 1 21.108855781043815 1
2 1 20.841961360598873 0
3 1 20.243572409852643 0

0 2 21.57103063535253 0
1 2 20.52688378012222 0
2 2 20.296741971865647 0
3 2 20.09049149753481 0

0 3 21.563041379071265 0
1 3 20.409727042123585 0
2 3 20.109762507176796 0
3 3 20.02683136155052 0


# 20.0 20.0 1.7430318532181737
0 0 20.364410546094646 0
1 0 20.21976936539092 0
2 0 20.257701514620724 0
3 0 20.08850428608347 0

0 1 21.75893831543922 1
1 1 21.155801337412328 1
2 1 20.824993022095143 0
3 1 20.245390234307393 0

0 2 21.551233710363313 0
1 2 20.54255540741753 0
2 2 20.301311986426786 0
3 2 20.093573257625764 0

0 3 21.530303418454544 0
1 3 20.41870996235098 0
2 3 20.11411472159931 0
3 3 20.028357688285404 0


# 20.0 20.0 1.7589383154392202
0 0 20.3750362586052 0
1 0 20.232001521372162 0
2 0 20.260624036961264 0
3 0 20.091390303039688 0

0 1 21.782047761867343 1
1 1 21.200902045769563 1
2 1 20.809492096676156 0
3 1 20.247017312354583 0

0 2 21.532340773580927 0
1 2 20.557951925079028 0
2 2 20.305750595090064 0
3 2 20.096616687954242 0

0 3 21.498625104221365 0
1 3 20.427172444943036 0
2 3 20.11845727203196 0
3 3 20.029917699026964 0


# 20.0 20.0 1.782047761867343
0 0 20.385703544694287 0
1 0 20.244424213003633 0
2 0 20.263421506761524 0
3 0 20.094225517959654 0

0 1 21.804629112237453 1
1 1 21.24425671573658 1
2 1 20.795361829595013 0
3 1 20.248477033661796 0

0 2 21.514316934788983 0
1 2 20.573068192961937 0
2 2 20.31007661431626 0
3 2 20.099620443224225 0

0 3 21.46797247302618 0
1 3 20.435145177511668 0
2 3 20.122783740496878 0
3 3 20.031509512066645 0


# 20.0 20.0 1.8046291122374534
0 0 20.396406856988186 0
1 0 20.257007417011316 0
2 0 20.26611694065233 0
3 0 20.097008527004874 0

0 1 21.826694455613644 1
1 1 21.285957976123406 1
2 1 20.7825120045515 0
3 1 20.249790689945367 0

0 2 21.497128444987066 0
1 2 20.587900618255023 0
2 2 20.31430673850741 0
3 2 20.10258366789504 0

0 3 21.438312747467222 0
1 3 20.442657045330808 0
2 3 20.12708850294687 0
3 3 20.033131235682347 0


# 20.0 20.0 1.8266944556136444
0 0 20.40714063260811 0
1 0 20.269723692089446 0
2 0 20.268730959828684 0
3 0 20.099738479829988 0

0 1 21.848256013122494 1
1 1 21.326092701205702 1
2 1 20.770858481406872 0
3 1 20.250977648517246 0

0 2 21.480742682843747 0
1 2 20.602446978593434 0
2 2 20.31845574662916 0
3 2 20.105505929413393 0

0 3 21.409614285296495 0
1 3 20.449735246628954 0
2 3 20.131366652570385 0
3 3 20.034780982181587 0


# 20.0 20.0 1.8482560131224943
0 0 20.417899326296762 0
1 0 20.282547972869665 0
2 0 20.271281998725158 0
3 0 20.102415010323018 0

0 1 21.869326077095504 1
1 1 21.364742405667414 1
2 1 20.76032276789381 0
3 1 20.252055511771083 0

0 2 21.465128138256134 0
1 2 20.61670626206713 0
2 2 20.322536690134296 0
3 2 20.108387158587075 0

0 3 21.38184653164444 0
1 3 20.456405399625922 0
2 3 20.13561393002573 0
3 3 20.036456879886405 0


# 20.0 20.0 1.8693260770955042
0 0 20.42867743914966 0
1 0 20.295457380131644 0
2 0 20.273786496678884 0
3 0 20.10503817405279 0

0 1 21.88991695765437 1
1 1 21.40198361060834 1
2 1 20.75083162274522 0
3 1 20.25304026374132 0

0 2 21.450254393465766 0
1 2 20.63067852261392 0
2 2 20.326561063815515 0
3 2 20.111227596415738 0

0 3 21.354979974022342 0
1 3 20.462691641961577 0
2 3 20.13982665999261 0
3 3 20.038157083287395 0


# 20.0 20.0 1.8899169576543713
0 0 20.439469543393702 0
1 0 20.308431045974288 0
2 0 20.276259073931637 0
3 0 20.107608391838966 0

0 1 21.910040936002503 1
1 1 21.43788818282717 1
2 1 20.742316687865237 0
3 1 20.253946404777622 0

0 2 21.43609210213187 0
1 2 20.644364749417285 0
2 2 20.33053896107666 0
3 2 20.114027746755976 0

0 3 21.32898609988666 0
1 3 20.46861672311075 0
2 3 20.14400169348262 0
3 3 20.039879781571912 0


# 20.0 20.0 1.9100409360025026
0 0 20.450270303615252 0
1 0 20.321449952767857 0
2 0 20.278712693216175 0
3 0 20.110126398908687 0

0 1 21.92971022375329 1
1 1 21.47252364941711 1
2 1 20.734714147349557 0
3 1 20.254787075293134 0

0 2 21.42261296671902 0
1 2 20.657766749049138 0
2 2 20.334479214984626 0
3 2 20.116788334254423 0

0 3 21.303837356568696 0
1 3 20.474202090329303 0
2 3 20.14813635539898 0
3 3 20.041623205711165 0


# 20.0 20.0 1.9297102237532897
0 0 20.461074494803356 0
1 0 20.334496784800848 0
2 0 20.281158808073805 0
3 0 20.112593199148378 0

0 1 21.948936927686926 1
1 1 21.505953489551725 1
2 1 20.727964411331616 0
3 1 20.255574169467636 0

0 2 21.409789714516478 0
1 2 20.670887039207365 0
2 2 20.338389526347672 0
3 2 20.119510267034055 0

0 3 21.279507113390373 0
1 3 20.479467968631432 0
2 3 20.152228396880506 0
3 3 20.04338563427254 0


# 20.0 20.0 1.9489369276869262
0 0 20.471877017540287 0
1 0 20.3475557916212 0
2 0 20.28360749895992 0
3 0 20.115010024000167 0

0 1 21.967733019383378 1
1 1 21.538237405191765 1
2 1 20.7220118227873 0
3 1 20.25631843971585 0

0 2 21.397596072570558 0
1 2 20.68372875299831 0
2 2 20.342276579959385 0
3 2 20.122194603666 0

0 3 21.255969625802745 0
1 3 20.484433435257092 0
2 3 20.156275952005394 0
3 3 20.045165398106786 0


# 20.0 20.0 1.9677330193833775
0 0 20.48267291064089 0
1 0 20.360612662150622 0
2 0 20.28606759811086 0
3 0 20.117378295590083 0

0 1 21.986110309230114 1
1 1 21.569431572308556 1
2 1 20.716804385574648 0
3 1 20.257029592665756 0

0 2 21.386006741778967 0
1 2 20.69629555280604 0
2 2 20.34614615004996 0
3 2 20.1248425240019 0

0 3 21.23320000139828 0
1 3 20.48911648905081 0
2 3 20.160277498467657 0
3 3 20.046960884044577 0


# 20.0 20.0 1.9861103092301136
0 0 20.493457361514388 0
1 0 20.373654408723503 0
2 0 20.288546804068865 0
3 0 20.119699593709655 0

0 1 22.00408042434967 1
1 1 21.59958887409519 1
2 1 20.712293512117622 0
3 1 20.257716377331743 0

0 2 21.3749973703669 0
1 2 20.708591552874104 0
2 2 20.3500031958971 0
3 2 20.1274553034811 0

0 3 21.211174167660957 0
1 3 20.49353411513871 0
2 3 20.16423182187298 0
3 3 20.04877053772322 0


# 20.0 20.0 2.00408042434967
0 0 20.504225714496748 0
1 0 20.386669260269045 0
2 0 20.291051786691128 0
3 0 20.12197562630438 0

0 1 22.02165479003449 1
1 1 21.628759117522165 1
2 1 20.708433789265282 0
3 1 20.25838666611242 0

0 2 21.364544526938325 0
1 2 20.720621249802104 0
2 2 20.353851948467096 0
3 2 20.130034290562527 0

0 3 21.189868841330085 0
1 3 20.497702345258947 0
2 3 20.168137983331707 0
3 3 20.050592865651918 0


# 20.0 20.0 2.0216547900344892
0 0 20.514973477378508 0
1 0 20.399646563916846 0
2 0 20.29358828340394 0
3 0 20.124208203151618 0

0 1 22.03884461431511 1
1 1 21.656989234488695 1
2 1 20.705182760970214 0
3 1 20.25904752919191 0

0 2 21.35462567327228 0
1 2 20.73238946022945 0
2 2 20.3576959888818 0
3 2 20.13258088696361 0

0 3 21.16926149926458 0
1 3 20.50163631407198 0
2 3 20.171995290055044 0
3 3 20.052426436612674 0


# 20.0 20.0 2.03884461431511
0 0 20.525696326331666 0
1 0 20.41257669436303 0
2 0 20.29616118740279 0
3 0 20.126399212437295 0

0 1 22.05566087532299 1
1 1 21.684323468723864 1
2 1 20.702500726534048 0
3 1 20.25970530287707 0

0 2 21.34521913701265 0
1 2 20.74390126504272 0
2 2 20.36153831943862 0
3 2 20.135096530418277 0

0 3 21.14933035070407 0
1 3 20.50535031175058 0
2 3 20.175803268686355 0
3 3 20.054269882483872 0


# 20.0 20.0 2.055660875322989
0 0 20.53639010941996 0
1 0 20.42545097038634 0
2 0 20.298774628444168 0
3 0 20.128550599965408 0

0 1 22.072114311141302 1
1 1 21.710803549502373 1
2 1 20.70035055326356 0
3 1 20.26036565236 0

0 2 21.336304084380775 0
1 2 20.755161959501535 0
2 2 20.365381427848003 0
3 2 20.13758267969301 0

0 3 21.1300543108323 0
1 3 20.508857833125298 0
2 3 20.179561641123016 0
3 3 20.056121898564246 0


# 20.0 20.0 2.072114311141302
0 0 20.547050848859172 0
1 0 20.43826157795178 0
2 0 20.30143204682368 0
3 0 20.130664350756856 0

0 1 22.088215411866276 1
1 1 21.736468853157255 1
2 1 20.698697502469177 0
3 1 20.26103362935591 0

0 2 21.327860493023184 0
1 2 20.766177008731308 0
2 2 20.369227345295496 0
3 2 20.140040801624494 0

0 3 21.111412975556117 0
1 3 20.51217162363896 0
2 3 20.183270302605834 0
3 3 20.057981243466696 0


# 20.0 20.0 2.088215411866276
0 0 20.557674742178058 0
1 0 20.451001499383715 0
2 0 20.304136261088402 0
3 0 20.13274247281494 0

0 1 22.103974413628194 1
1 1 21.761356553296256 1
2 1 20.697509067819087 0
3 1 20.261713725030067 0

0 2 21.3198691250912 0
1 2 20.77695200808007 0
2 2 20.373077698882867 0
3 2 20.14247235996482 0

0 3 21.09338659742086 0
1 3 20.515303722343404 0
2 3 20.186929301872706 0
3 3 20.059846738643945 0


# 20.0 20.0 2.103974413628194
0 0 20.56825816241579 0
1 0 20.463664448131205 0
2 0 20.30688952998787 0
3 0 20.134786982853818 0

0 1 22.119401294345447 1
1 1 21.785501760558546 1
2 1 20.696754825137283 0
3 1 20.262409918594276 0

0 2 21.312311500635523 0
1 2 20.78749264788127 0
2 2 20.376933758954763 0
3 2 20.144878805840612 0

0 3 21.075956062589455 0
1 3 20.518265502153103 0
2 3 20.190538823191073 0
3 3 20.061717267601143 0


# 20.0 20.0 2.1194012943454474
0 0 20.578797657478543 0
1 0 20.476244808685994 0
2 0 20.309693609128505 0
3 0 20.136799893803754 0

0 1 22.13450577100701 1
1 1 21.808937652684275 1
2 1 20.696406292803037 0
3 1 20.263125721922684 0

0 2 21.305169871386564 0
1 2 20.79780468220511 0
2 2 20.380796481773412 0
3 2 20.147261569650873 0

0 3 21.059102868818712 0
1 3 20.52106770755325 0
2 3 20.19409917010018 0
3 3 20.063591774844515 0


# 20.0 20.0 2.13450577100701
0 0 20.589289948765632 0
1 0 20.488737581248124 0
2 0 20.312549802759367 0
3 0 20.138783203923005 0

0 1 22.14929729829875 1
1 1 21.83169559561009 1
2 1 20.696436801973277 0
3 1 20.2638642205085 0

0 2 21.2984271949802 0
1 2 20.807893901218268 0
2 2 20.3846665479636 0
3 2 20.149622054245334 0

0 3 21.04280910437164 0
1 3 20.523720489944296 0
2 3 20.197610750709003 0
3 3 20.065469264609565 0


# 20.0 20.0 2.1492972982987517
0 0 20.599731929164633 0
1 0 20.50113833076611 0
2 0 20.315459011083423 0
3 0 20.14073888736088 0

0 1 22.163785068407265 1
1 1 21.853805256249185 1
2 1 20.69682137590822 0
3 1 20.264628111057316 0

0 2 21.292067109678996 0
1 2 20.817766106805824 0
2 2 20.388544397113368 0
3 2 20.151961629240393 0

0 3 21.02705742780974 0
1 3 20.52623344079053 0
2 3 20.201074064409386 0
3 3 20.06734879940742 0


# 20.0 20.0 2.1637850684072646
0 0 20.610120660504787 0
1 0 20.513443140007983 0
2 0 20.318421773457246 0
3 0 20.142668886030062 0

0 1 22.177978011851355 1
1 1 21.875294707564105 1
2 1 20.69753661773493 0
3 1 20.265419735988974 0

0 2 21.28607390963008 0
1 2 20.827427091140322 0
2 2 20.392430258882225 0
3 2 20.15428162634364 0

0 3 21.011831048613637 0
1 3 20.528615622727287 0
2 3 20.204489689876397 0
3 3 20.069229498423393 0


# 20.0 20.0 2.177978011851355
0 0 20.620453370548926 0
1 0 20.52564856634649 0
2 0 20.32143830781338 0
3 0 20.144575102658607 0

0 1 22.191884799206516 1
1 1 21.896190526494166 1
2 1 20.698560606033798 0
3 1 20.26624111509787 0

0 2 21.280432520693143 0
1 2 20.836882617911147 0
2 2 20.396324180937857 0
3 2 20.156583335570716 0

0 3 20.997113708584592 0
1 3 20.530875598769207 0
2 3 20.207858274239154 0
3 3 20.07111053579787 0


# 20.0 20.0 2.191884799206516
0 0 20.630727449595803 0
1 0 20.53775160196678 0
2 0 20.324508546613128 0
3 0 20.146459394903427 0

0 1 22.20551384360124 1
1 1 21.916517885256603 1
2 1 20.699872797679042 0
3 1 20.267093974601597 0

0 2 21.275128476865195 0
1 2 20.846138405953358 0
2 2 20.400226054014148 0
3 2 20.158868002249708 0

0 3 20.98288966398316 0
1 3 20.53302145975101 0
2 3 20.211180523315864 0
3 3 20.072991138815933 0


# 20.0 20.0 2.2055138436012385
0 0 20.64094044675717 0
1 0 20.5497496372277 0
2 0 20.3276321696131 0
3 0 20.14832357041748 0

0 1 22.218873303876535 1
1 1 21.936300636501127 1
2 1 20.70145393740721 0
3 1 20.26797977378922 0

0 2 21.270147897322612 0
1 2 20.855200115038663 0
2 2 20.404135634357605 0
3 2 20.161136824718774 0

0 3 20.969143668364648 0
1 3 20.535060850122097 0
2 3 20.214457192816145 0
3 3 20.07487058602898 0


# 20.0 20.0 2.218873303876535
0 0 20.651090065967164 0
1 0 20.561640426929113 0
2 0 20.330808633706397 0
3 0 20.1501693827724 0

0 1 22.231971088311212 1
1 1 21.955561392761307 1
2 1 20.703285973627036 0
3 1 20.26889972946349 0

0 2 21.265477464095635 0
1 2 20.864073333612847 0
2 2 20.408052563805736 0
3 2 20.163390952632163 0

0 3 20.955860956074133 0
1 3 20.537000992207005 0
2 3 20.217689080422367 0
3 3 20.07674820532859 0


# 20.0 20.0 2.2319710883112123
0 0 20.66117416177523 0
1 0 20.573422059257005 0
2 0 20.334037200078605 0
3 0 20.1519985281471 0

0 1 22.244814858825727 1
1 1 21.974321600612637 1
2 1 20.705351980020463 0
3 1 20.26985483835562 0

0 2 21.261104400385772 0
1 2 20.872763568283563 0
2 2 20.411976387719363 0
3 2 20.165631485798457 0

0 3 20.943027226366578 0
1 3 20.538848709035182 0
2 3 20.220877018669626 0
3 3 20.07862337199038 0


# 20.0 20.0 2.244814858825727
0 0 20.671190734968313 0
1 0 20.585092927196126 0
2 0 20.337316958899667 0
3 0 20.153812642700867 0

0 1 22.257412035586647 1
1 1 21.99260160991627 1
2 1 20.70763608251817 0
3 1 20.270845897676892 0

0 2 21.25701644953241 0
1 2 20.881276234880392 0
2 2 20.415906570971234 0
3 2 20.167859473482583 0

0 3 20.930628628120193 0
1 3 20.540610445835746 0
2 3 20.22402186855107 0
3 3 20.08049550670313 0


# 20.0 20.0 2.257412035586647
0 0 20.681137928062846 0
1 0 20.596651702216434 0
2 0 20.340646851755107 0
3 0 20.15561330055682 0

0 1 22.269769801942147 1
1 1 22.010420738498976 1
2 1 20.710123391264126 0
3 1 20.271873523958106 0

0 2 21.253201854631364 0
1 2 20.88961665092538 0
2 2 20.419842512175293 0
3 2 20.170075914110352 0

0 3 20.918651745113472 0
1 3 20.542292290285722 0
2 3 20.227124513781895 0
3 3 20.082364073596523 0


# 20.0 20.0 2.2697698019421466
0 0 20.691014020702486 0
1 0 20.608097310054823 0
2 0 20.344025692003903 0
3 0 20.15740201232832 0

0 1 22.28189510962657 1
1 1 22.027797332593476 1
2 1 20.712799937212218 0
3 1 20.272938170315676 0

0 2 21.249649338804833 0
1 2 20.897790029367272 0
2 2 20.42378355632454 0
3 2 20.172281755320558 0

0 3 20.907083581838474 0
1 3 20.543899991593573 0
2 3 20.23018585566123 0
3 3 20.08422857827883 0


# 20.0 20.0 2.2818951096265714
0 0 20.700817424993375 0
1 0 20.61942890842761 0
2 0 20.347452183235358 0
3 0 20.159180224127113 0

0 1 22.293794684178955 1
1 1 22.044748823339223 1
2 1 20.71565261302461 0
3 1 20.274040142272085 0

0 2 21.246348086119646 0
1 2 20.905801473446168 0
2 2 20.427729005990393 0
3 2 20.17447789431559 0

0 3 20.89591154982485 0
1 3 20.54543897849383 0
2 3 20.233206808476613 0
3 3 20.086088565894297 0


# 20.0 20.0 2.2937946841789554
0 0 20.710546680804892 0
1 0 20.630645866522205 0
2 0 20.35092493598356 0
3 0 20.160949316997606 0

0 1 22.305475030526605 1
1 1 22.061291779621175 1
2 1 20.718669117965835 0
3 1 20.275179612248007 0

0 2 21.243287723148192 0
1 2 20.913655972567796 0
2 2 20.431678131222764 0
3 2 20.176665178466717 0

0 3 20.88512345445086 0
1 3 20.546914376223032 0
2 3 20.236188295400677 0
3 3 20.08794361920851 0


# 20.0 20.0 2.3054750305266047
0 0 20.720200451060503 0
1 0 20.641747746128257 0
2 0 20.35444248284535 0
3 0 20.16271060672681 0

0 1 22.316942438690447 1
1 1 22.077441957503588 1
2 1 20.72183790650931 0
3 1 20.276356632834023 0

0 2 21.240458301164477 0
1 2 20.921358399077906 0
2 2 20.435630178277528 0
3 2 20.178844406134957 0

0 3 20.87470748221928 0
1 3 20.54833102254204 0
2 3 20.239131244834184 0
3 3 20.089793356728634 0


# 20.0 20.0 2.3169424386904467
0 0 20.729777517040148 0
1 0 20.65273428427954 0
2 0 20.358003292136033 0
3 0 20.164465343984286 0

0 1 22.328202989573946 1
1 1 22.093214346496705 1
2 1 20.725148140393795 0
3 1 20.27757114894115 0

0 2 21.23785027896602 0
1 2 20.928913505837553 0
2 2 20.43958437728661 0
3 2 20.181016327672765 0

0 3 20.864652188477482 0
1 3 20.549693482865067 0
2 3 20.242036587153713 0
3 3 20.09163743086432 0


# 20.0 20.0 2.3282029895739456
0 0 20.739276773712945 0
1 0 20.663605377287947 0
2 0 20.36160578020631 0
3 0 20.166214714750623 0

0 1 22.33926256080195 1
1 1 22.10862321287672 1
2 1 20.72858964388662 0
3 1 20.278823008921343 0

0 2 21.23545450631085 0
1 2 20.936325924509422 0
2 2 20.443539948975523 0
3 2 20.183181646575644 0

0 3 20.854946485562404 0
1 3 20.55100606455144 0
2 3 20.24490525182595 0
3 3 20.093475526134025 0


# 20.0 20.0 2.3392625608019486
0 0 20.748697225116356 0
1 0 20.674361066060246 0
2 0 20.365248322534015 0
3 0 20.167959840997064 0

0 1 22.350126832579914 1
1 1 22.12368214026307 1
2 1 20.732152862028393 0
3 1 20.28011197474186 0

0 2 21.233262207957615 0
1 2 20.943600164473942 0
2 2 20.447496110523545 0
3 2 20.185341020756262 0

0 3 20.845579631352265 0
1 3 20.552272830412107 0
2 3 20.2477381648541 0
3 3 20.095307357420523 0


# 20.0 20.0 2.350126832579914
0 0 20.758037979795848 0
1 0 20.68500152259683 0
2 0 20.368929263695055 0
3 0 20.16970178158241 0

0 1 22.360801293547755 1
1 1 22.138404067642206 1
2 1 20.735828821650262 0
3 1 20.28143773129057 0

0 2 21.231264968295882 0
1 2 20.95074061230168 0
2 2 20.451452080653162 0
3 2 20.18749506391687 0

0 3 20.83654121820808 0
1 3 20.553497611479166 0
2 3 20.25053624652486 0
3 3 20.097132668278686 0


# 20.0 20.0 2.3608012935477554
0 0 20.767298246316933 0
1 0 20.695527037579616 0
2 0 20.37264692630961 0
3 0 20.171441533336647 0

0 1 22.37129124660581 1
1 1 22.15280132501303 1
2 1 20.739609094970245 0
3 1 20.282799894883052 0

0 2 21.22945471655284 0
1 2 20.957751531715576 0
2 2 20.455407084027343 0
3 2 20.18964434699863 0

0 3 20.827821162288974 0
1 3 20.554684019083393 0
2 3 20.25330040942749 0
3 3 20.098951229297768 0


# 20.0 20.0 2.3712912466058107
0 0 20.776477328859748 0
1 0 20.70593800896346 0
2 0 20.37639961905185 0
3 0 20.173180032303748 0

0 1 22.381601814693475 1
1 1 22.16688566681652 1
2 1 20.743485765589018 0
3 1 20.284198021036662 0

0 2 21.227823712561996 0
1 2 20.9646370639831 0
2 2 20.45936035502601 0
3 2 20.191789399689014 0

0 3 20.819409693226316 0
1 3 20.55583545628153 0
2 3 20.2560315567188 0
3 3 20.10076283651994 0


# 20.0 20.0 2.381601814693475
0 0 20.78557462290468 0
1 0 20.716234931492274 0
2 0 20.380185643804293 0
3 0 20.174918155118903 0

0 1 22.39173794650375 1
1 1 22.180668303300145 1
2 1 20.747451396718752 0
3 1 20.285631611571443 0

0 2 21.22636453307895 0
1 2 20.97140122868415 0
2 2 20.46331114096649 0
3 2 20.19393071197077 0

0 3 20.811297344142496 0
1 3 20.556955128672254 0
2 3 20.258730580610514 0
3 3 20.1025673099162 0


# 20.0 20.0 2.391737946503749
0 0 20.794589611016065 0
1 0 20.726418387067046 0
2 0 20.384003302031367 0
3 0 20.176656720497856 0

0 1 22.401704422119334 1
1 1 22.194159929956808 1
2 1 20.751499001490565 0
3 1 20.28710012109295 0

0 2 21.225070058628987 0
1 2 20.978047924806006 0
2 2 20.467258704826634 0
3 2 20.196068735698027 0

0 3 20.80347494200098 0
1 3 20.55804605463703 0
2 3 20.26139836105743 0
3 3 20.104364491920283 0


# 20.0 20.0 2.4017044221193338
0 0 20.803521858729724 0
1 0 20.736489035898845 0
2 0 20.387850900440696 0
3 0 20.178396490818336 0

0 1 22.411505858558108 1
1 1 22.207370755167922 1
2 1 20.755622015197357 0
3 1 20.28860296290761 0

0 2 21.22393346087095 0
1 2 20.984580932121347 0
2 2 20.471202327523844 0
3 2 20.19820388618693 0

0 3 20.79593359827504 0
1 3 20.55911107503972 0
2 3 20.264035764626826 0
3 3 20.106154246020917 0


# 20.0 20.0 2.411505858558108
0 0 20.812371010548937 0
1 0 20.746447608384983 0
2 0 20.391726755994995 0
3 0 20.180138173775706 0

0 1 22.42114671521772 1
1 1 22.22031052617092 1
2 1 20.759814269339053 0
3 1 20.29013951441711 0

0 2 21.22294819046174 0
1 2 20.991003912809877 0
2 2 20.475141309798254 0
3 2 20.200336543809915 0

0 3 20.788664699923157 0
1 3 20.56015286241637 0
2 3 20.266643643531324 0
3 3 20.107936455412258 0


# 20.0 20.0 2.42114671521772
0 0 20.821136786052406 0
1 0 20.756294897651433 0
2 0 20.3956292003324 0
3 0 20.181882424096774 0

0 1 22.430631299210795 1
1 1 22.23298855346285 1
2 1 20.764069967346906 0
3 1 20.291709122034636 0

0 2 21.222107965405673 0
1 2 20.997320413288 0
2 2 20.47907497374365 0
3 2 20.202467055584183 0

0 3 20.781659900659786 0
1 3 20.56117392968463 0
2 3 20.269222834809096 0
3 3 20.109711021702136 0


# 20.0 20.0 2.430631299210795
0 0 20.829818976116865 0
1 0 20.76603175270902 0
2 0 20.399556583648273 0
3 0 20.183629845297485 0

0 1 22.439963770583766 1
1 1 22.245413733743764 1
2 1 20.7683836618723 0
3 1 20.29331110566223 0

0 2 21.221406759873013 0
1 2 21.003533866214717 0
2 2 20.48300266402572 0
3 2 20.204595736746327 0

0 3 20.774911112510726 0
1 3 20.56217663840029 0
2 3 20.271774159636653 0
3 3 20.111477863677454 0


# 20.0 20.0 2.4399637705837662
0 0 20.838417439256173 0
1 0 20.775659072175017 0
2 0 20.403507278087183 0
3 0 20.185380991471767 0

0 1 22.449148147413723 1
1 1 22.25759457149617 1
2 1 20.772750233533685 0
3 1 20.29494476276544 0

0 2 21.220838793472016 0
1 2 21.00964759264514 0
2 2 20.486923748823227 0
3 2 20.206722872306177 0

0 3 20.768410497642808 0
1 3 20.563163206586573 0
2 3 20.27429842276096 0
3 3 20.11323691612587 0


# 20.0 20.0 2.449148147413723
0 0 20.846932098078014 0
1 0 20.7851777985156 0
2 0 20.407479680689775 0
3 0 20.187136369100248 0

0 1 22.4581883107789 1
1 1 22.269539199290033 1
2 1 20.77716487102289 0
3 1 20.296609372078443 0

0 2 21.220398520958994 0
1 2 21.01566480430608 0
2 2 20.490837620524466 0
3 2 20.208848718574064 0

0 3 20.762150460458212 0
1 3 20.56413571616024 0
2 3 20.276796412038728 0
3 3 20.114988128712692 0


# 20.0 20.0 2.458188310778901
0 0 20.85536293585874 0
1 0 20.79458891276801 0
2 0 20.411472215935497 0
3 0 20.188896438868806 0

0 1 22.46708800959948 1
1 1 22.28125539689647 1
2 1 20.78162305247901 0
3 1 20.29830419697021 0

0 2 21.220080622371082 0
1 2 21.021588605970816 0
2 2 20.494743696208044 0
3 2 20.210973504656646 0

0 3 20.756123639944093 0
1 3 20.565096119976953 0
2 3 20.279268898071873 0
3 3 20.116731464911776 0


# 20.0 20.0 2.467088009599479
0 0 20.863709993236235 0
1 0 20.803893429704573 0
2 0 20.415483337918836 0
3 0 20.190661617488196 0

0 1 22.475850865346345 1
1 1 22.29275060928745 1
2 1 20.78612052804463 0
3 1 20.300028488499734 0

0 2 21.219879993566632 0
1 2 21.027421997912686 0
2 2 20.498641417934287 0
3 2 20.213097433917216 0

0 3 20.75032290226863 0
1 3 20.566046248516958 0
2 3 20.28171663392921 0
3 3 20.11846690098911 0


# 20.0 20.0 2.475850865346345
0 0 20.87197336502034 0
1 0 20.8130923934037 0
2 0 20.419511532193482 0
3 0 20.19243227950694 0

0 1 22.484480376616293 1
1 1 22.304031963593378 1
2 1 20.79065330352514 0
3 1 20.301781488186137 0

0 2 21.219791737158406 0
1 2 21.033167878419313 0
2 2 20.502530252870933 0
3 2 20.21522068539725 0

0 3 20.744741333615064 0
1 3 20.56698781623081 0
2 3 20.284140354945276 0
3 3 20.12019442503761 0


# 20.0 20.0 2.4844803766162933
0 0 20.88015319711985 0
1 0 20.822186873195626 0
2 0 20.423555317316087 0
3 0 20.194208759110715 0

0 1 22.492979923572868 1
1 1 22.315106285085452 1
2 1 20.795217625077438 0
3 1 20.303562430517346 0

0 2 21.21981115382504 0
1 2 21.03882904635133 0
2 2 20.506409693274385 0
3 2 20.217343415196517 0

0 3 20.739372233245593 0
1 3 20.567922427563623 0
2 3 20.28654077858808 0
3 3 20.12191403606167 0


# 20.0 20.0 2.492979923572868
0 0 20.888249683584757 0
1 0 20.831177959953244 0
2 0 20.427613246118508 0
3 0 20.19599135190236 0

0 1 22.50135277225275 1
1 1 22.325980112244967 1
2 1 20.799809964859584 0
3 1 20.30537054521912 0

0 2 21.219933733986586 0
1 2 21.0444082037313 0
2 2 20.510279256345722 0
3 2 20.219465757809783 0

0 3 20.734209106787354 0
1 3 20.568851582675233 0
2 3 20.28891860438837 0
3 3 20.12362574310983 0


# 20.0 20.0 2.5013527722527513
0 0 20.896263063762177 0
1 0 20.840066762700715 0
2 0 20.43168390673508 0
3 0 20.197780316657326 0

0 1 22.50960207873806 1
1 1 22.336659710977564 1
2 1 20.804427007577655 0
3 1 20.307205059304454 0

0 2 21.22015514983023 0
1 2 21.049907958350143 0
2 2 20.514138483978638 0
3 2 20.221587827418485 0

0 3 20.729245659733074 0
1 3 20.569776682872533 0
2 3 20.291274513923593 0
3 3 20.12532956445398 0


# 19.880000000000003 20.0 2.509602078738059
0 0 20.904193619564005 0
1 0 20.848854405514604 0
2 0 20.435765923409203 0
3 0 20.199575877050226 0

0 1 22.517730893195523 1
1 1 22.347151088026298 1
2 1 20.80906563787055 0
3 1 20.30906519892174 0

0 2 21.220471247672705 0
1 2 21.05533082637994 0
2 2 20.517986942414772 0
3 2 20.223709719136394 0

0 3 20.724475791149228 0
1 3 20.57069903576932 0
2 3 20.29360917085046 0
3 3 20.12702552681348 0


# 19.760000000000005 20.0 2.517730893195523
0 0 20.910601672844223 0
1 0 20.856804744694347 0
2 0 20.439129109741398 0
3 0 20.199929477180376 0

0 1 22.52500488378383 1
1 1 22.35744230891378 1
2 1 20.813713969972664 0
3 1 20.3102126985625 0

0 2 21.220149193286208 0
1 2 21.060670276478312 0
2 2 20.521824006816118 0
3 2 20.22510265771897 0

0 3 20.71844484141652 0
1 3 20.57088236773195 0
2 3 20.295194368491078 0
3 3 20.127256172162713 0


# 19.640000000000008 20.0 2.5250048837838293
0 0 20.91552172816357 0
1 0 20.86392406317901 0
2 0 20.441776497256242 0
3 0 20.198875886351708 0

0 1 22.531432037429273 1
1 1 22.367521962250628 1
2 1 20.818351721392602 0
3 1 20.310651728408434 0

0 2 21.219189493032076 0
1 2 21.06591111716532 0
2 2 20.52563117286616 0
3 2 20.22577081497602 0

0 3 20.711181689454694 0
1 3 20.57033275438854 0
2 3 20.296034846207462 0
3 3 20.126056617899057 0


# 19.52000000000001 20.0 2.5314320374292727
0 0 20.91898721915698 0
1 0 20.870218680669456 0
2 0 20.443711239832446 0
3 0 20.196448710061937 0

0 1 22.53702027595052 1
1 1 22.37737892960473 1
2 1 20.8229593156143 0
3 1 20.310386501903107 0

0 2 21.217592891315576 0
1 2 21.071038612519487 0
2 2 20.52939051964039 0
3 2 20.225718444420338 0

0 3 20.702714256382773 0
1 3 20.56905623128554 0
2 3 20.296135423092647 0
3 3 20.123460826064846 0


# 19.52000000000001 20.0 2.537020275950521
0 0 20.921030546746767 0
1 0 20.875694944675548 0
2 0 20.444936603403704 0
3 0 20.19268043376339 0

0 1 22.541777452772603 1
1 1 22.38700238489069 1
2 1 20.827517860582866 0
3 1 20.309421269688375 0

0 2 21.21536035374042 0
1 2 21.076038472993236 0
2 2 20.53308469711072 0
3 2 20.22494987126905 0

0 3 20.693069542173305 0
1 3 20.567058790830657 0
2 3 20.29550098709083 0
3 3 20.11950164662683 0


# 19.52000000000001 20.0 2.541777452772603
0 0 20.92312311583326 0
1 0 20.881096502248706 0
2 0 20.44618480361989 0
3 0 20.189051211027607 0

0 1 22.546448630009728 1
1 1 22.39639948800595 1
2 1 20.83201808637599 0
3 1 20.308497806385535 0

0 2 21.213221898625438 0
1 2 21.080905804784432 0
2 2 20.53669712864365 0
3 2 20.224198335655622 0

0 3 20.68372240692854 0
1 3 20.565083872001416 0
2 3 20.294865337400278 0
3 3 20.115668351424937 0


# 19.52000000000001 20.0 2.5464486300097278
0 0 20.925261225250363 0
1 0 20.886424595356775 0
2 0 20.447454968580978 0
3 0 20.18555680073021 0

0 1 22.5510363788919 1
1 1 22.405576930966575 1
2 1 20.83645994024486 0
3 1 20.30761547943691 0

0 2 21.211174553970427 0
1 2 21.085644715981765 0
2 2 20.540229686420144 0
3 2 20.22346416776547 0

0 3 20.674663501390775 0
1 3 20.56313243203463 0
2 3 20.294229358868023 0
3 3 20.11195661309324 0


# 19.52000000000001 20.0 2.551036378891901
0 0 20.927441352832336 0
1 0 20.89168044138035 0
2 0 20.44874622608884 0
3 0 20.182193096370234 0

0 1 22.555543165031672 1
1 1 22.414541177431843 1
2 1 20.84084345394564 0
3 1 20.306773637917537 0

0 2 21.20921543929252 0
1 2 21.09025919443679 0
2 2 20.543684215572167 0
3 2 20.222747646318318 0

0 3 20.665883789796634 0
1 3 20.561205338006395 0
2 3 20.293593879795626 0
3 3 20.108362273335253 0


# 19.52000000000001 20.0 2.555543165031672
0 0 20.929660147407315 0
1 0 20.89686523345351 0
2 0 20.45005770599834 0
3 0 20.1789561210279 0

0 1 22.559971353269923 1
1 1 22.423298471736384 1
2 1 20.845168736530944 0
3 1 20.305971615171526 0

0 2 21.207341762892277 0
1 2 21.094753110562312 0
2 2 20.54706253370319 0
3 2 20.22204900223947 0

0 3 20.65737453857474 0
1 3 20.55930337215732 0
2 3 20.29295967499456 0
3 3 20.104881335621993 0


# 19.52000000000001 20.0 2.5599713532699226
0 0 20.931914421141332 0
1 0 20.901980140834976 0
2 0 20.451388542327134 0
3 0 20.17584202256088 0

0 1 22.564323212301826 1
1 1 22.4318548474958 1
2 1 20.84943596764183 0
3 1 20.305208731243628 0

0 2 21.20555081918807 0
1 2 21.099130220125854 0
2 2 20.55036643046546 0
3 2 20.221368422113386 0

0 3 20.649127305482192 0
1 3 20.557427236933943 0
2 3 20.292327468681044 0
3 3 20.101509958229133 0


# 19.52000000000001 20.0 2.564323212301826
0 0 20.934201142217887 0
1 0 20.907026309304396 0
2 0 20.45273787514348 0
3 0 20.172847069025334 0

0 1 22.56860091909197 1
1 1 22.44021613580997 1
2 1 20.853645391266973 0
3 1 20.304484295120265 0

0 2 21.20383998611857 0
1 2 21.103394167031748 0
2 2 20.553597667192236 0
3 2 20.220706051431122 0

0 3 20.641133929161462 0
1 3 20.555577559761208 0
2 3 20.291697937218633 0
3 3 20.09824444759668 0


# 19.52000000000001 20.0 2.5686009190919705
0 0 20.9365174278388 0
1 0 20.912004861579117 0
2 0 20.454104852249912 0
3 0 20.169967644308866 0

0 1 22.572806563087315 1
1 1 22.44838797308667 1
2 1 20.857797309937947 0
3 1 20.30379760679335 0

0 2 21.202206722612956 0
1 2 21.10754848608606 0
2 2 20.556757976583093 0
3 2 20.22006199764269 0

0 3 20.63338651910014 0
1 3 20.553754897560093 0
2 3 20.291071711716327 0
3 3 20.09508125199551 0


# 19.52000000000001 20.0 2.5728065630873154
0 0 20.9388605375326 0
1 0 20.916916897747225 0
2 0 20.455488630679344 0
3 0 20.167200243963418 0

0 1 22.576942150236434 1
1 1 22.456375808506603 1
2 1 20.861892079331675 0
3 1 20.303147959159283 0

0 2 21.200648566128283 0
1 2 21.111596605739265 0
2 2 20.559849062440264 0
3 2 20.219436333024838 0

0 3 20.625877445976794 0
1 3 20.551959741023758 0
2 3 20.290449380489758 0
3 3 20.092016955485846 0


# 19.52000000000001 20.0 2.576942150236434
0 0 20.94122786675723 0
1 0 20.921763495713158 0
2 0 20.45688837801891 0
3 0 20.164541471226872 0

0 1 22.58100960682321 1
1 1 22.464184911149573 1
2 1 20.86593010325297 0
3 1 20.302534639764648 0

0 2 21.199163130253368 0
1 2 21.115541850802185 0
2 2 20.562872599453968 0
3 2 20.218829097374247 0

0 3 20.618599332376956 0
1 3 20.550192518664787 0
2 3 20.289831491392444 0
3 3 20.089048272153555 0


# 19.52000000000001 20.0 2.5810096068232085
0 0 20.883616940784407 -1
1 0 20.92582571165264 0
2 0 20.458294633575704 0
3 0 20.16198792954279 0

0 1 22.58429078312288 1
1 1 22.47180309680036 1
2 1 20.869911517931964 0
3 1 20.30195692743272 0

0 2 21.19773946237835 0
1 2 21.119387134091248 0
2 2 20.565830225569655 0
3 2 20.218240300386398 0

0 3 20.611544940183904 0
1 3 20.548453595668878 0
2 3 20.289218553874665 0
3 3 20.08617204060716 0


# 19.52000000000001 20.0 2.5842907831228814
0 0 20.828168128853473 -1
1 0 20.929160222073982 0
2 0 20.45969897500011 0
3 0 20.159536234908444 0

0 1 22.586843098488107 1
1 1 22.479220171824966 1
2 1 20.87383624066916 0
3 1 20.301414089792114 0

0 2 21.19636770703162 0
1 2 21.12313501205601 0
2 2 20.56872353602615 0
3 2 20.217669923767275 0

0 3 20.60470717796969 0
1 3 20.54674327357759 0
2 3 20.28861104081446 0
3 3 20.083385218720284 0


# 19.52000000000001 20.0 2.5868430984881066
0 0 20.774786116061495 -1
1 0 20.931819955901513 0
2 0 20.461093927227854 0
3 0 20.15718302665598 0

0 1 22.58872017629062 1
1 1 22.486427740196376 1
2 1 20.87770401263595 0
3 1 20.300905381577557 0

0 2 21.19503901173209 0
1 2 21.126787734215707 0
2 2 20.571554078834094 0
3 2 20.217117923118632 0

0 3 20.598079106986496 0
1 3 20.545061790671532 0
2 3 20.28800939015896 0
3 3 20.080684878605684 0


# 19.640000000000008 20.0 2.5887201762906216
0 0 20.723380297469586 -1
1 0 20.933854341332374 0
2 0 20.462472878851777 0
3 0 20.154924976821516 0

0 1 22.589972093479194 1
1 1 22.493419026846908 1
2 1 20.881514436422748 0
3 1 20.300430043587653 0

0 2 21.19374544045552 0
1 2 21.13034728701505 0
2 2 20.57432335149064 0
3 2 20.216584229631856 0

0 3 20.591653945908508 0
1 3 20.543409322940317 0
2 3 20.287414006408724 0
3 3 20.078068201808367 0


# 19.760000000000005 20.0 2.5899720934791937
0 0 20.67530452397842 -1
1 0 20.93604681615254 0
2 0 20.464558852692765 0
3 0 20.154207544411307 0

0 1 22.591382893448436 -1
1 1 22.50020641075472 1
2 1 20.885275967376764 0
3 1 20.30072479465401 0

0 2 21.19320874147285 0
1 2 21.133824391158228 0
2 2 20.577033013753997 0
3 2 20.216797604109914 0

0 3 20.58687382062876 0
1 3 20.54252347799517 0
2 3 20.28755411446225 0
3 3 20.07698996716613 0


# 19.880000000000003 20.0 2.5913828934484364
0 0 20.63044271763041 -1
1 0 20.93843534564707 0
2 0 20.46734240716889 0
3 0 20.154992879234374 0

0 1 22.4729911063619 -1
1 1 22.505362824765022 1
2 1 20.888988277426783 0
3 1 20.301783698407792 0

0 2 21.19197824614878 0
1 2 21.13720359113459 0
2 2 20.57970195213941 0
3 2 20.21775381214986 0

0 3 20.583680383775853 0
1 3 20.542398748991847 0
2 3 20.288425929674403 0
3 3 20.077412485250044 0


# 20.0 20.0 2.5913828934484364
0 0 20.58724389721982 -1
1 0 20.941020450679737 0
2 0 20.470814045355887 0
3 0 20.1572443085071 0

0 1 22.359820499512303 -1
1 1 22.509029803001344 1
2 1 20.892652794097152 0
3 1 20.303600594051716 0

0 2 21.190163613503604 0
1 2 21.140473348171763 0
2 2 20.582347929045834 0
3 2 20.219448484139736 0

0 3 20.58201863830987 0
1 3 20.543029016528063 0
2 3 20.290025513797964 0
3 3 20.079299323756295 0


# 20.119999999999997 20.0 2.5913828934484364
0 0 20.545713208322212 -1
1 0 20.94380427643134 0
2 0 20.474964271999365 0
3 0 20.160926291793455 0

0 1 22.251646918030712 -1
1 1 22.51133930049805 1
2 1 20.89627248512763 0
3 1 20.306169136234274 0

0 2 21.1878664085906 0
1 2 21.14362561931547 0
2 2 20.584987693680205 0
3 2 20.221877121649918 0

0 3 20.58183671243214 0
1 3 20.544407651980432 0
2 3 20.29234877825145 0
3 3 20.082615258899885 0


# 20.239999999999995 20.0 2.5913828934484364
0 0 20.505852947156157 -1
1 0 20.946790375057066 0
2 0 20.47978364239913 0
3 0 20.16600437863249 0

0 1 22.148258451348358 -1
1 1 22.512414377244326 1
2 1 20.8998516640362 0
3 1 20.309482830484257 0

0 2 21.18518066882695 0
1 2 21.14665547428911 0
2 2 20.587637080842274 0
3 2 20.225035104583338 0

0 3 20.58308565063427 0
1 3 20.54652760943535 0
2 3 20.29539148895502 0
3 3 20.08732622870195 0


# 20.359999999999992 20.0 2.5913828934484364
0 0 20.4676628269754 -1
1 0 20.949983509464097 0
2 0 20.48526280404396 0
3 0 20.172445168616058 0

0 1 22.049454690868288 -1
1 1 22.51236983120049 1
2 1 20.903395814721314 0
3 1 20.313535064658968 0

0 2 21.182193430525718 0
1 2 21.149560746947277 0
2 2 20.59031109882433 0
3 2 20.22891769889706 0

0 3 20.58571921969097 0
1 3 20.549381507306187 0
2 3 20.2991492724369 0
3 3 20.093399288124687 0


# 20.47999999999999 20.0 2.5913828934484364
0 0 20.431140223608274 -1
1 0 20.953389476372838 0
2 0 20.491392531790634 0
3 0 20.180216273703273 0

0 1 21.955046035675835 -1
1 1 22.511312784187474 1
2 1 20.90691143336823 0
3 1 20.318319136814914 0

0 2 21.178985218471407 0
1 2 21.15234171839928 0
2 2 20.59302400755798 0
3 2 20.233520064733355 0

0 3 20.589693728491426 0
1 3 20.552961700631258 0
2 3 20.303617622950316 0
3 3 20.1008025660044 0


# 20.599999999999987 20.0 2.5913828934484364
0 0 20.39628040170296 -1
1 0 20.957014946977353 0
2 0 20.498163757304013 0
3 0 20.18928628257938 0

0 1 21.864853043029793 -1
1 1 22.509343224247772 1
2 1 20.91040588607765 0
3 1 20.32382827986937 0

0 2 21.175630501174656 0
1 2 21.155000829119455 0
2 2 20.595789388029765 0
3 2 20.238837264821395 0

0 3 20.594967860687404 0
1 3 20.557260344957832 0
2 3 20.308791910374307 0
3 3 20.10950522373059 0


# 20.719999999999985 20.0 2.5913828934484364
0 0 20.36307672312174 -1
1 0 20.960867323660388 0
2 0 20.505567593405054 0
3 0 20.199624726885816 0

0 1 21.778705820605072 -1
1 1 22.38655450779743 -1
2 1 20.912447280775144 0
3 1 20.330038403384645 0

0 2 21.172198114250264 0
1 2 21.156102417582144 0
2 2 20.59858564388697 0
3 2 20.244863650950922 0

0 3 20.601502519213156 0
1 3 20.562252172635638 0
2 3 20.314666766621624 0
3 3 20.11947740068716 0


# 20.839999999999982 20.0 2.5913828934484364
0 0 20.33152083882054 -1
1 0 20.963514611346927 0
2 0 20.513560793910138 0
3 0 20.211201427085463 0

0 1 21.69500345767008 -1
1 1 22.268724704631644 -1
2 1 20.9131807258477 0
3 1 20.3369277400891 0

0 2 21.108717094185337 -1
1 2 21.155068856922277 0
2 2 20.601386892984507 0
3 2 20.251592882016112 0

0 3 20.608540059723335 0
1 3 20.567896889584148 0
2 3 20.321235896622586 0
3 3 20.130690159606086 0


# 20.95999999999998 20.0 2.5913828934484364
0 0 20.301568305451205 -1
1 0 20.96509324331827 0
2 0 20.52210494532093 0
3 0 20.223986567935306 0

0 1 21.613001433699154 -1
1 1 22.155582049926775 -1
2 1 20.912740070546864 0
3 1 20.344476609251334 0

0 2 21.04771030043369 -1
1 2 21.152096465385156 0
2 2 20.5441723058961 -1
3 2 20.25829804986848 0

0 3 20.61609990385351 0
1 3 20.57415840741195 0
2 3 20.32777223943941 0
3 3 20.143098157331963 0


# 21.079999999999977 20.0 2.5913828934484364
0 0 20.273168982579172 -1
1 0 20.965729598832826 0
2 0 20.53116601246523 0
3 0 20.237950762950234 0

0 1 21.532732909479066 -1
1 1 22.046873700061216 -1
2 1 20.9105288106927 0
3 1 20.352649923144916 0

0 2 20.989077619160085 -1
1 2 21.14664721943702 0
2 2 20.48977099104634 -1
3 2 20.20503576063228 -1

0 3 20.564199139633647 -1
1 3 20.58026717748277 0
2 3 20.334323441293286 0
3 3 20.155938934091118 0


# 21.199999999999974 20.0 2.5913828934484364
0 0 20.246276449306063 -1
1 0 20.965540749623838 0
2 0 20.54070528382089 0
3 0 20.253064797967614 0

0 1 21.454224860503274 -1
1 1 21.94234706214136 -1
2 1 20.90672910690129 0
3 1 20.360696582358845 0

0 2 20.931997213790247 -1
1 2 21.138940742237573 0
2 2 20.437282332088888 -1
3 2 20.15435127286819 -1

0 3 20.514995143302112 -1
1 3 20.58623506795049 0
2 3 20.340915332768535 0
3 3 20.169228331731478 0


# 21.319999999999972 20.0 2.5913828934484364
0 0 20.22084768445257 -1
1 0 20.964634838504615 0
2 0 20.550688806820897 0
3 0 20.269291089910936 0

0 1 21.377489719886746 -1
1 1 21.841767936048935 -1
2 1 20.90149133765784 0
3 1 20.368648930305017 0

0 2 20.876430438076174 -1
1 2 21.12917217590014 0
2 2 20.386603941578958 -1
3 2 20.10616229385111 -1

0 3 20.468407304215557 -1
1 3 20.59207513285118 0
2 3 20.347571777666197 0
3 3 20.182980920647353 0


# 21.43999999999997 20.0 2.5913828934484364
0 0 20.19684266251297 -1
1 0 20.963111768152014 0
2 0 20.56108660728307 0
3 0 20.286593437125198 0

0 1 21.30253564409116 -1
1 1 21.7449188062282 -1
2 1 20.894954852875006 0
3 1 20.37653820223842 0

0 2 20.822341741167456 -1
1 2 21.117523186918845 0
2 2 20.337641497718902 -1
3 2 20.06038940495662 -1

0 3 20.42435764375202 -1
1 3 20.597801408571474 0
2 3 20.35431484892747 0
3 3 20.197210058550656 0


# 21.559999999999967 20.0 2.5913828934484364
0 0 20.17422409560942 -1
1 0 20.961063827999077 0
2 0 20.571872315193172 0
3 0 20.30493699959787 0

0 1 21.229366962755392 -1
1 1 21.651597609495827 -1
2 1 20.887248815432763 0
3 1 20.384394500384253 0

0 2 20.769698361559538 -1
1 2 21.10416294047489 0
2 2 20.290308097945896 -1
3 2 20.016956001831012 -1

0 3 20.38277076581852 -1
1 3 20.60342873207412 0
2 3 20.361164987935364 0
3 3 20.211927948320028 0


# 21.679999999999964 20.0 2.5913828934484364
0 0 20.152957197656537 -1
1 0 20.95857627269126 0
2 0 20.58302282300772 0
3 0 20.32428827549305 0

0 1 21.15798458834421 -1
1 1 21.561616595643343 -1
2 1 20.878492976495764 0
3 1 20.392246778413952 0

0 2 20.718470049909687 -1
1 2 21.089249001038972 0
2 2 20.244523664852107 -1
3 2 19.975788230453144 -1

0 3 20.343573803632857 -1
1 3 20.608972578838294 0
2 3 20.368141148746204 0
3 3 20.2271456947309 0


# 21.79999999999996 20.0 2.5913828934484364
0 0 20.133009468873325 -1
1 0 20.95572785588852 0
2 0 20.594517973735925 0
3 0 20.344615074601098 0

0 1 21.088386389006867 -1
1 1 21.474801273721624 -1
2 1 20.86879838991265 0
3 1 20.40012283406017 0

0 2 20.668628818137623 -1
1 2 21.072928165015696 0
2 2 20.200214400148738 -1
3 2 19.93681491992139 -1

0 3 20.306696363465786 -1
1 3 20.614448918653817 0
2 3 20.375260928661266 0
3 3 20.24287335990358 0


# 21.91999999999996 20.0 2.5913828934484364
0 0 20.11435049893263 -1
1 0 20.952591322897884 0
2 0 20.606340276287956 0
3 0 20.365886489239635 0

0 1 21.020567527758082 -1
1 1 21.39098943745 -1
2 1 20.858268070572205 0
3 1 20.408049308786442 0

0 2 20.620148712450717 -1
1 2 21.05533723071938 0
2 2 20.15731228274009 -1
3 2 19.899967512701853 -1

0 3 20.272070465954272 -1
1 3 20.619874087574377 0
2 3 20.38254068642011 0
3 3 20.259120017336514 0


# 22.039999999999957 20.0 2.5913828934484364
0 0 20.096951787178927 -1
1 0 20.949233865347175 0
2 0 20.61847464578577 0
3 0 20.388072863081874 0

0 1 20.9545207708372 -1
1 1 21.31003026370211 -1
2 1 20.84699760119691 0
3 1 20.416051693541178 0

0 2 20.57300560813792 -1
1 2 21.036603710550704 0
2 2 20.115754607299 -1
3 2 19.865179992986494 -1

0 3 20.239630485528465 -1
1 3 20.625264674486246 0
2 3 20.389995649179927 0
3 3 20.275893804418395 0


# 22.159999999999954 20.0 2.5913828934484364
0 0 20.080786578474697 -1
1 0 20.945717540858144 0
2 0 20.63090816672441 0
3 0 20.41114575833411 0

0 1 20.89023676786581 -1
1 1 21.23178347849007 -1
2 1 20.835075691692115 0
3 1 20.424154339728602 0

0 2 20.527177024163464 -1
1 2 21.016846489857535 0
2 2 20.07548356003324 -1
3 2 19.832388813731225 -1

0 3 20.209313088433237 -1
1 3 20.63063742088747 0
2 3 20.39764000933844 0
3 3 20.293201973336167 0


# 22.27999999999995 20.0 2.5913828934484364
0 0 20.065829713354294 -1
1 0 20.942099660444928 0
2 0 20.643629877047637 0
3 0 20.435077921635397 0

0 1 20.82770430620754 -1
1 1 21.15611858530097 -1
2 1 20.82258469483622 0
3 1 20.432380474622434 0

0 2 20.482641955762578 -1
1 2 20.996176436608184 0
2 2 20.036445828605814 -1
3 2 19.801532822873284 -1

0 3 20.181057169769442 -1
1 3 20.63600913259879 0
2 3 20.405487012160712 0
3 3 20.311050940316473 0


# 22.39999999999995 20.0 2.5913828934484364
0 0 20.052057491273366 -1
1 0 20.938433146149706 0
2 0 20.65663057136309 0
3 0 20.459843249008347 0

0 1 20.766910541734866 -1
1 1 21.08291415103847 -1
2 1 20.809601081791637 0
3 1 20.44075222053237 0

0 2 20.4393807233979 -1
1 2 20.97469696567868 0
2 2 19.998592243422788 -1
3 2 19.772553189163865 -1

0 3 20.1548037899297 -1
1 3 20.64139660224287 0
2 3 20.413549035081747 0
3 3 20.329446333156028 0


# 22.519999999999946 20.0 2.5913828934484364
0 0 20.03944754584214 -1
1 0 20.934766861230344 0
2 0 20.669902621670207 0
3 0 20.485416750150478 0

0 1 20.707841208025343 -1
1 1 21.012057145189335 -1
2 1 20.796195880635416 0
3 1 20.44929061710941 0

0 2 20.39737483657879 -1
1 2 20.95250456125531 0
2 2 19.96187744773213 -1
3 2 19.745393327994954 -1

0 3 20.13049611075809 -1
1 3 20.64681654143381 0
2 3 20.42183765947618 0
3 3 20.348393037012062 0


# 22.639999999999944 20.0 2.5913828934484364
0 0 20.02797873102289 -1
1 0 20.93114591503326 0
2 0 20.68343981410989 0
3 0 20.51177451231969 0

0 1 20.65048080584177 -1
1 1 20.943442328173436 -1
2 1 20.782435080850416 0
3 1 20.458015646244792 0

0 2 20.356606871176744 -1
1 2 20.92968926057725 0
2 2 19.926259594187776 -1
3 2 19.7199988275485 -1

0 3 20.108079331722127 -1
1 3 20.652285521714898 0
2 3 20.430363735613156 0
3 3 20.36789523843757 0


# 22.75999999999994 20.0 2.5913828934484364
0 0 20.017631017356567 -1
1 0 20.92761194451754 0
2 0 20.697237200369525 0
3 0 20.53889366403555 0

0 1 20.594812774596896 -1
1 1 20.876971685147616 -1
2 1 20.768380006480992 0
3 1 20.46694625907929 0

0 2 20.317060358990076 -1
1 2 20.906335101990024 0
2 2 19.891700065726354 -1
3 2 19.696317375550382 -1

0 3 20.08750062634859 -1
1 3 20.657819923370294 0
2 3 20.439137441447812 0
3 3 20.387956467657794 0


# 22.87999999999994 20.0 2.5913828934484364
0 0 20.008385397361103 -1
1 0 20.924203374242342 0
2 0 20.711290962491113 0
3 0 20.566752338789115 0

0 1 20.54081964736181 -1
1 1 20.81255390182143 -1
2 1 20.75408766043932 0
3 1 20.476100404695305 0

0 2 20.2787196884209 -1
1 2 20.88252054004657 0
2 2 19.8581632187813 -1
3 2 19.67429868687088 -1

0 3 20.068709079141534 -1
1 3 20.66343589131637 0
2 3 20.44816833584007 0
3 3 20.408579639094643 0


# 22.999999999999936 20.0 2.5913828934484364
0 0 20.000223799315354 -1
1 0 20.9209556564877 0
2 0 20.72559828993508 0
3 0 20.59532963892827 0

0 1 20.488483190847308 -1
1 1 20.750103879107854 -1
2 1 20.73961104224847 0
3 1 20.485495060114673 0

0 2 20.241570015227648 -1
1 2 20.858318830177534 0
2 2 19.825616147021442 -1
3 2 19.653894432177072 -1

0 3 20.051655623170966 -1
1 3 20.669149297351346 0
2 3 20.457465406736397 0
3 3 20.429767090154197 0


# 23.119999999999933 20.0 2.5913828934484364
0 0 19.99312900870802 -1
1 0 20.917901493048227 0
2 0 20.740157267848506 0
3 0 20.62460559986241 0

0 1 20.437784531668242 -1
1 1 20.68954228367639 -1
2 1 20.724999441324474 0
3 1 20.495146261270225 0

0 2 20.205597182408287 -1
1 2 20.833798385254504 0
2 2 19.794028463950323 -1
3 2 19.635058167810133 -1

0 3 20.036292978493925 -1
1 3 20.674975708108406 0
2 3 20.46703711480002 0
3 3 20.451520618299966 0


# 23.23999999999993 20.0 2.5913828934484364
0 0 19.98708459669113 -1
1 0 20.915071040118793 0
2 0 20.754966775574538 0
3 0 20.654561154709498 0

0 1 20.388704270091484 -1
1 1 20.630795131701394 -1
2 1 20.710298707730857 0
3 1 20.50506913465988 0

0 2 20.17078764835322 -1
1 2 20.80902310618765 0
2 2 19.76337210283905 -1
3 2 19.617745267031694 -1

0 3 20.02257559154568 -1
1 3 20.680930358118253 0
2 3 20.476891432929506 0
3 3 20.4738415164407 0


# 23.35999999999993 20.0 2.5913828934484364
0 0 19.982074854932772 -1
1 0 20.91249209758031 0
2 0 20.770026394520656 0
3 0 20.68517809949012 0

0 1 20.34122258236749 -1
1 1 20.573793403306123 -1
2 1 20.695551502183683 0
3 1 20.51527792942863 0

0 2 20.137128422483592 -1
1 2 20.784052688531606 0
2 2 19.733621132590894 -1
3 2 19.601912852757884 -1

0 3 20.010459575617258 -1
1 3 20.687028127442225 0
2 3 20.487035882064152 0
3 3 20.4967306066667 0


# 23.479999999999926 20.0 2.5913828934484364
0 0 19.978084736314564 -1
1 0 20.91019028389163 0
2 0 20.785336324577575 0
3 0 20.71643905895655 0

0 1 20.295319312653305 -1
1 1 20.518472685394553 -1
2 1 20.680797526942765 0
3 1 20.525786049656514 0

0 2 20.104607007660906 -1
1 2 20.758942906919152 0
2 2 19.704751588250737 -1
3 2 19.58751973187694 -1

0 3 19.999902652516273 -1
1 3 20.693283523387645 0
2 3 20.49747756363712 0
3 3 20.520188272372867 0


# 23.599999999999923 20.0 2.5913828934484364
0 0 19.97509980096578 -1
1 0 20.908189197699436 0
2 0 20.8008973083485 0
3 0 20.748327453130173 0

0 1 20.250974055450122 -1
1 1 20.46477284073975 -1
2 1 20.66607373909346 0
3 1 20.536606086660147 0

0 2 20.073211348717773 -1
1 2 20.733745879000185 0
2 2 19.676741314977996 -1
3 2 19.57452633122624 -1

0 3 19.990864095490952 -1
1 3 20.699710665862902 0
2 3 20.508223189002926 0
3 3 20.54421448881019 0


# 23.71999999999992 20.0 2.5913828934484364
0 0 19.973106167168805 -1
1 0 20.906510567191145 0
2 0 20.81671056251084 0
3 0 20.780827464607537 0

0 1 20.20816622940073 -1
1 1 20.41263770136047 -1
2 1 20.651414547603085 0
3 1 20.547749851141663 0

0 2 20.04292978651833 -1
1 2 20.708510310432814 0
2 2 19.64956982439823 -1
3 2 19.56289463528694 -1

0 3 19.98330467348185 -1
1 3 20.70632327597167 0
2 3 20.519279106134963 0
3 3 20.568808852110084 0


# 23.839999999999918 20.0 2.5913828934484364
0 0 19.97209046670983 -1
1 0 20.90517438813609 0
2 0 20.83277771568954 0
3 0 20.81392400668364 0

0 1 20.166875143220963 -1
1 1 20.362014784367883 -1
2 1 20.636851995425307 0
3 1 20.559228405042465 0

0 2 20.013751017010186 -1
1 2 20.683281722353016 0
2 2 19.62321816233752 -1
3 2 19.55258812563877 -1

0 3 19.977186596752286 -1
1 3 20.713134667483743 0
2 3 20.53065132386047 0
3 3 20.593970606828112 0


# 23.959999999999916 20.0 2.5913828934484364
0 0 19.97203980428456 -1
1 0 20.904199051486476 0
2 0 20.849100752273724 0
3 0 20.84760269233082 0

0 1 20.127080054473634 -1
1 1 20.312855028603085 -1
2 1 20.622415927823972 0
3 1 20.571052092980203 0

0 2 19.985664054778706 -1
1 2 20.65810266263851 0
2 2 19.59766878702486 -1
3 2 19.54357172220394 -1

0 3 19.972473463936353 -1
1 3 20.72015774085465 0
2 3 20.542345533874823 0
3 3 20.619698672055243 0


# 24.079999999999913 20.0 2.5913828934484364
0 0 19.972941720601835 -1
1 0 20.903601461341786 0
2 0 20.865681961656186 0
3 0 20.881849804062547 0

0 1 20.088760221833546 -1
1 1 20.26511255051379 -1
2 1 20.608134147994523 0
3 1 20.583230573166166 0

0 2 19.9586582006589 -1
1 2 20.633012902180486 0
2 2 19.57290545692271 -1
3 2 19.5358117262971 -1

0 3 19.969130210532807 -1
1 3 20.72740497949781 0
2 3 20.55436713075379 0
3 3 20.645991666145864 0


# 24.19999999999991 20.0 2.5913828934484364
0 0 19.97478415885827 -1
1 0 20.90339714401777 0
2 0 20.882523892419524 0
3 0 20.916652264703323 0

0 1 20.051894951436907 -1
1 1 20.218744417836685 -1
2 1 20.594032560974927 0
3 1 20.59577284771689 0

0 2 19.932723013001027 -1
1 2 20.608049617282923 0
2 2 19.548913127414128 -1
3 2 19.529275765487945 -1

0 3 19.96712305886361 -1
1 3 20.734888448041705 0
2 3 20.56672123016135 0
3 3 20.672847930112404 0


# 24.319999999999908 20.0 2.5913828934484364
0 0 19.977555434284827 -1
1 0 20.903600348903517 0
2 0 20.899629311032886 0
3 0 20.951997609079 0

0 1 20.016463637858028 -1
1 1 20.173710439760757 -1
2 1 20.580135306759228 0
3 1 20.608687292288696 0

0 2 19.90784828222304 -1
1 2 20.583247559222617 0
2 2 19.525677855637824 -1
3 2 19.523932740273917 -1

0 3 19.966419469507695 -1
1 3 20.742619792330654 0
2 3 20.579412685431542 0
3 3 20.700265549736823 0


# 24.439999999999905 20.0 2.5913828934484364
0 0 19.98124420649171 -1
1 0 20.904224141736993 0
2 0 20.917001164660405 0
3 0 20.987873956635546 0

0 1 19.982445800209696 -1
1 1 20.12997297234738 -1
2 1 20.566464883453996 0
3 1 20.62198168497693 0

0 2 19.884024008316953 -1
1 2 20.558639211923524 0
2 2 19.503186712820202 -1
3 2 19.51975277255282 -1

0 3 19.96698809421319 -1
1 3 20.750610240951584 0
2 3 20.59244610268552 0
3 3 20.728242376449156 0


# 24.559999999999903 20.0 2.5913828934484364
0 0 19.98583945436137 -1
1 0 20.905280490880468 0
2 0 20.934642547716308 0
3 0 21.024269984988983 0

0 1 19.949821113821198 -1
1 1 20.087496738075657 -1
2 1 20.553042261251274 0
3 1 20.635663234433416 0

0 2 19.861240381007136 -1
1 2 20.53425493862545 0
2 2 19.481427703506213 -1
3 2 19.516707155878265 -1

0 3 19.968798730285016 -1
1 3 20.758870608090767 0
2 3 20.605825854629284 0
3 3 20.756776047023077 0


# 24.6799999999999 19.0 2.5913828934484364
0 0 19.99133045326078 -1
1 0 20.90678034713212 0
2 0 20.952556671832692 0
3 0 21.06117490440457 0

0 1 19.91856943790883 -1
1 1 20.04624865846704 -1
2 1 20.539886987930085 0
3 1 20.649738607165766 0

0 2 19.839487762286666 -1
1 2 20.510123118359633 0
2 2 19.460389691139483 -1
3 2 19.514768307475318 -1

0 3 19.971822276439283 -1
1 3 20.767411297544093 0
2 3 20.619556093163332 0
3 3 20.78586400213791 0


# 24.799999999999898 19.0 2.5913828934484364
0 0 19.997706754363882 -1
1 0 20.908733717568534 0
2 0 20.970746838934556 0
3 0 21.098578433199208 0

0 1 19.88867083961807 -1
1 1 20.006197698822337 -1
2 1 20.527017286542186 0
3 1 20.664213953991403 0

0 2 19.81875667108363 -1
1 2 20.486270272981447 0
2 2 19.440062329486736 -1
3 2 19.513909721988746 -1

0 3 19.976030690111 -1
1 3 20.77624230772231 0
2 3 20.633640760922635 0
3 3 20.81550350385588 0


# 24.919999999999895 19.0 2.5913828934484364
0 0 20.004958165893022 -1
1 0 20.911149733874453 0
2 0 20.989216417142693 0
3 0 21.136470774057646 0

0 1 19.8601056147837 -1
1 1 19.967314724177047 -1
2 1 20.514450145885736 0
3 1 20.67909493562695 0

0 2 19.79903776983263 -1
1 2 20.462721185452963 0
2 2 19.420435999442372 -1
3 2 19.51410592693232 -1

0 3 19.981396946197663 -1
1 3 20.78537323750885 0
2 3 20.648083601853568 0
3 3 20.8456916520625 0


# 25.039999999999893 19.0 2.5913828934484364
0 0 20.01307473610477 -1
1 0 20.91403671558082 0
2 0 21.00796881924899 0
3 0 21.17484259125008 0

0 1 19.832854305724155 -1
1 1 19.929572365648273 -1
2 1 20.50220140432282 0
3 1 20.694386747400678 0

0 2 19.780321852748155 -1
1 2 20.439499010015393 0
2 2 19.401501750786625 -1
3 2 19.51533243980416 -1

0 3 19.98789499721763 -1
1 3 20.794813292842516 0
2 3 20.662888170924017 0
3 3 20.876425399916986 0


# 25.15999999999989 19.0 2.5913828934484364
0 0 20.022046737860656 -1
1 0 20.91740222859952 0
2 0 21.0270074835306 0
3 0 21.21368498873625 0

0 1 19.806897716358826 -1
1 1 19.892944896408714 -1
2 1 20.490285827452844 0
3 1 20.71009414308177 0

0 2 19.762599835615834 -1
1 2 20.416625374842496 0
2 2 19.38325124850515 -1
3 2 19.51756572683043 -1

0 3 19.995499734859294 -1
1 3 20.80457129391064 0
2 3 20.6780578430532 0
3 3 20.907701568358576 0


# 25.279999999999887 19.0 2.5913828934484364
0 0 20.03186465463717 -1
1 0 20.92125313941326 0
2 0 21.04633585668954 0
3 0 21.252989489139 0

0 1 19.782216924911694 -1
1 1 19.85740811658054 -1
2 1 20.478717180113392 0
3 1 20.72622145782533 0

0 2 19.74586274693533 -1
1 2 20.394120477721238 0
2 2 19.365676723309523 -1
3 2 19.520783163297473 -1

0 3 20.00418695289451 -1
1 3 20.81465568285042 0
2 3 20.693595821339187 0
3 3 20.939516859713304 0


# 25.399999999999885 19.0 2.5913828934484364
0 0 20.04251916784213 -1
1 0 20.925595665251247 0
2 0 21.065957378722622 0
3 0 21.29274801356857 0

0 1 19.7587932944417 -1
1 1 19.822939246395006 -1
2 1 20.46750829314298 0
3 1 20.74277263023677 0

0 2 19.730101720264734 -1
1 2 20.372003175264453 0
2 2 19.348770926027196 -1
3 2 19.524962995430705 -1

0 3 20.01393331142769 -1
1 3 20.82507453186708 0
2 3 20.70950514465423 0
3 3 20.971867870444644 0


# 25.519999999999882 19.0 2.5913828934484364
0 0 20.05400114531613 -1
1 0 20.9304354205559 0
2 0 21.08587546954348 0
3 0 21.332952862277462 0

0 1 19.736608481418855 -1
1 1 19.78951682701263 -1
2 1 20.45667112530596 0
3 1 20.759751223562997 0

0 2 19.715307987630947 -1
1 2 20.350291066122214 0
2 2 19.33252708555605 -1
3 2 19.53008430377738 -1

0 3 20.024716302450265 -1
1 3 20.835835551687385 0
2 3 20.72578869467101 0
3 3 21.004751103090015 0


# 25.63999999999988 19.0 2.5913828934484364
0 0 20.066301630908445 -1
1 0 20.935777460022123 0
2 0 21.10609351719392 0
3 0 21.373596696124554 0

0 1 19.715644442545887 -1
1 1 19.757120628443978 -1
2 1 20.446216820748358 0
3 1 20.777160446021153 0

0 2 19.701472873883866 -1
1 2 20.329000568623204 0
2 2 19.316938870103197 -1
3 2 19.5361269680493 -1

0 3 20.03651421666891 -1
1 3 20.84694610027607 0
2 3 20.74244920237646 0
3 3 21.038162977423884 0


# 25.759999999999877 19.0 2.5913828934484364
0 0 20.079411835026555 -1
1 0 20.94162631846917 0
2 0 21.126614867495878 0
3 0 21.414672518826272 0

0 1 19.69588344000721 -1
1 1 19.725731564052843 -1
2 1 20.436155762324514 0
3 1 20.795003170278665 0

0 2 19.688587791884334 -1
1 2 20.30814699324509 0
2 2 19.30200035145019 -1
3 2 19.54307163338106 -1

0 3 20.04930611157475 -1
1 3 20.85841319175083 0
2 3 20.759489254124148 0
3 3 21.072099840886686 0


# 25.879999999999875 19.0 2.5913828934484364
0 0 20.093323126067315 -1
1 0 20.947986047784855 0
2 0 21.14744281500828 0
3 0 21.456173659971967 0

0 1 19.677308045310962 -1
1 1 19.695331611162292 -1
2 1 20.426497621107732 0
3 1 20.81328195210049 0

0 2 19.67664423842676 -1
1 2 20.287744610282804 0
2 2 19.28770597200733 -1
3 2 19.550899677958988 -1

0 3 20.06307178072019 -1
1 3 20.870243505438822 0
2 3 20.776911297270928 0
3 3 21.10655797831752 0


# 25.999999999999872 19.0 2.5913828934484364
0 0 20.10802702264604 -1
1 0 20.95486025116369 0
2 0 21.16858059516485 0
3 0 21.498093758780158 0

0 1 19.659901141874723 -1
1 1 19.66590373731965 -1
2 1 20.41725140237367 0
3 1 20.831999048181622 0

0 2 19.66563379080737 -1
1 2 20.267806713056107 0
2 2 19.274050514438894 -1
3 2 19.559593181975966 -1

0 3 20.077791724169217 -1
1 3 20.882443395024346 0
2 3 20.79471764543892 0
3 3 21.14153362102707 0


# 26.11999999999987 19.0 2.5913828934484364
0 0 20.123515186547245 -1
1 0 20.962252114843196 0
2 0 21.19003137747989 0
3 0 21.54042674857201 0

0 1 19.643645926492074 -1
1 1 19.637431831809486 -1
2 1 20.408425488322653 0
3 1 20.85115643318444 0

0 2 19.65554810395807 -1
1 2 20.248345676972182 0
2 2 19.261029073658342 -1
3 2 19.569134897867414 -1

0 3 20.09344712008691 -1
1 3 20.8950188977433 0
2 3 20.812910483439627 0
3 3 21.17702295524578 0


# 26.239999999999867 19.0 2.5913828934484364
0 0 20.139779416327567 -1
1 0 20.970164437527185 0
2 0 21.211798259718798 0
3 0 21.583166841938255 0

0 1 19.628525909804548 -1
1 1 19.609900642034148 -1
2 1 20.400027677786316 0
3 1 20.870755816001797 0

0 2 19.646378908074194 -1
1 2 20.229373014735636 0
2 2 19.24863703100869 -1
3 2 19.579508221784057 -1

0 3 20.11001979743359 -1
1 3 20.907975743585386 0
2 3 20.83149187189324 0
3 3 21.213022129981056 0


# 26.359999999999864 19.0 2.5913828934484364
0 0 20.156811641507755 -1
1 0 20.97859965767017 0
2 0 21.233884262939345 0
3 0 21.62630851657577 0

0 1 19.61452491589215 -1
1 1 19.58329571440952 -1
2 1 20.392065223144886 0
3 1 20.890798655267776 0

0 2 19.638118006671814 -1
1 2 20.21089942797643 0
2 2 19.236870030457858 -1
3 2 19.590697166257605 -1

0 3 20.127492209729066 -1
1 3 20.921319364469984 0
2 3 20.85046375157263 0
3 3 21.2495272643157 0


# 26.479999999999862 19.0 2.6263085165757687
0 0 20.17460391729622 -1
1 0 20.987559878783763 0
2 0 21.256292327317944 0
3 0 21.669846501770067 0

0 1 19.601627081085212 -1
1 1 19.557603339449745 -1
2 1 20.38454486466385 0
3 1 20.911286174138827 0

0 2 19.630757275017086 -1
1 2 20.192934855546298 0
2 2 19.225723956652367 -1
3 2 19.602686334016067 -1

0 3 20.145847409852664 -1
1 3 20.935054903365902 0
2 3 20.869827947498585 0
3 3 21.286534454178508 0


