# 20.0 20.0 0.0
0 0 20.0 0
1 0 20.0 0
2 0 20.0 0
3 0 20.0 0

0 1 20.06 1
1 1 20.00072 0
2 1 20.00000864 0
3 1 20.06000010368 1

0 2 20.00072 0
1 2 20.06001728 1
2 2 20.00072031104 0
3 2 20.00072864497664 0

0 3 20.06000864 1
1 3 20.00144031104 0
2 3 20.00002592746496 0
3 3 20.0000090548693 0


# 20.0 20.0 0.060017280000000284
0 0 20.00072 0
1 0 20.00001728 0
2 0 20.00000031104 0
3 0 20.00072000497664 0

0 1 20.11750592 1
1 1 20.00281602944 0
2 1 20.0007706663424 0
3 1 20.11750673112099 1

0 2 20.003540142080002 0
1 2 20.117238652083202 1
2 2 20.002110902800485 0
3 2 20.00213356215311 0

0 3 20.11790809439744 1
1 3 20.004201890063666 0
2 3 20.000100700684232 0
3 3 20.000035540048053 0


# 20.0 20.0 0.1179080943974391
0 0 20.0021043584 0
1 0 20.000075602626563 0
2 0 20.000019093263667 0
3 0 20.002104394690097 0

0 1 20.172672197719038 1
1 1 20.006169945452136 0
2 1 20.002243354429613 0
3 1 20.172649224149183 1

0 2 20.008285283443037 0
1 2 20.17186041304432 1
2 2 20.004125635829798 0
3 2 20.004165677343003 0

0 3 20.173813249081213 1
1 3 20.008174703034708 0
2 3 20.000244501802445 0
3 3 20.00008718275607 0


# 20.0 20.0 0.17381324908121343
0 0 20.004101575101746 0
1 0 20.000195914682056 0
2 0 20.000072815312215 0
3 0 20.00410130095479 0

0 1 20.225642647062802 1
1 1 20.01067309602106 0
2 1 20.00438592267274 0
3 1 20.225549791546563 1

0 2 20.01479309724869 0
1 2 20.224064311603804 1
2 2 20.00672193027103 0
3 2 20.00677902574948 0

0 3 20.22783158571769 1
1 3 20.013257050296737 0
2 3 20.00047502668663 0
3 3 20.000171092806085 0


# 20.0 20.0 0.22783158571769135
0 0 20.00666398113902 0
1 0 20.000396604975077 0
2 0 20.000176363012333 0
3 0 20.006662367975125 0

0 1 20.27655121797907 1
1 1 20.016225564098814 0
2 1 20.00715948217159 0
3 1 20.276323910812362 1

0 2 20.02291315254785 0
1 2 20.274018637013395 1
2 2 20.009860463677473 0
3 2 20.009930572275554 0

0 3 20.28006369106599 1
1 3 20.019354942441467 0
2 3 20.00080771355289 0
3 3 20.000293792895008 0


# 20.0 20.0 0.2800636910659904
0 0 20.009747451693464 0
1 0 20.000693740111778 0
2 0 20.000343142848916 0
3 0 20.009742527371955 0

0 1 20.32552270084403 1
1 1 20.02273547174376 0
2 1 20.010526982896344 0
3 1 20.325080707548768 1

0 2 20.032506060487922 0
1 2 20.32187922569696 1
2 2 20.013504895354014 0
3 2 20.013580040989552 0

0 3 20.330603730222766 1
1 3 20.026381522892596 0
2 3 20.00125595211737 0
3 3 20.00046124826807 0


# 20.0 20.0 0.3306037302227658
0 0 20.013311140723967 0
1 0 20.001101280090882 0
2 0 20.000585180333573 0
3 0 20.013299787041152 0

0 1 20.37267337948405 1
1 1 20.090118339518078 1
2 1 20.01517315719037 1
3 1 20.37193195365437 1

0 2 20.043442681972273 0
1 2 20.36851039214035 1
2 2 20.01763889488627 0
3 2 20.017690064429697 0

0 3 20.379539886393125 1
1 3 20.034265173698916 0
2 3 20.001831585930677 0
3 3 20.000678903134745 0


# 20.0 20.0 0.3795398863931254
0 0 20.017317235572804 0
1 0 20.002351275392158 0
2 0 20.000930493395046 0
3 0 20.017295344072263 0

0 1 20.418831636630475 1
1 1 20.15545105675745 1
2 1 20.080996274429552 1
3 1 20.417702591796065 1

0 2 20.055620672311406 0
1 2 20.413977602889464 1
2 2 20.022966174263882 0
3 2 20.022243253753985 0

0 3 20.426955080635096 1
1 3 20.042939207637023 0
2 3 20.002553670742017 0
3 3 20.000952025715847 0


# 20.0 20.0 0.42695508063509635
0 0 20.021748010036454 0
1 0 20.004390076547956 0
2 0 20.002123593013053 0
3 0 20.02171062590337 0

0 1 20.464034544761258 1
1 1 20.21955018801663 1
2 1 20.14505656382201 1
3 1 20.462427208262383 1

0 2 20.068944210813758 0
1 2 20.458359475319543 1
2 2 20.029402353462867 0
3 2 20.02722241614561 0

0 3 20.472927298753643 1
1 3 20.052341846254052 0
2 3 20.003438771276045 0
3 3 20.001285687039136 0


# 20.0 20.0 0.4729272987536426
0 0 20.026586177130852 0
1 0 20.007184812830868 0
2 0 20.00412182613718 0
3 0 20.026527631783644 0

0 1 20.50832606079282 1
1 1 20.282438901945014 1
2 1 20.207434532236242 1
3 1 20.44613948047735 0

0 2 20.143323907977972 1
1 2 20.442448304619884 0
2 2 20.03615756878798 0
3 2 20.031882067503147 0

0 3 20.518249905049295 1
1 3 20.061713132482723 0
2 3 20.00448421954217 0
3 3 20.00167579775027 0


# 20.0 20.0 0.518249905049295
0 0 20.031815205237624 0
1 0 20.01070356189181 0
2 0 20.00688469815036 0
3 0 20.031008927182967 0

0 1 20.55246730242145 1
1 1 20.343438479065686 1
2 1 20.26746911740668 1
3 1 20.431365943642415 0

0 2 20.215462289987986 1
1 2 20.429092043642022 0
2 2 20.043217134863287 0
3 2 20.036258127183086 0

0 3 20.56291901353717 1
1 3 20.071079124239105 0
2 3 20.00568754700363 0
3 3 20.002118817121502 0


# 20.0 20.0 0.5629190135371687
0 0 20.037427908220828 0
1 0 20.014907025317594 0
2 0 20.01035616166693 0
3 0 20.035193271068092 0

0 1 20.596419619847044 1
1 1 20.402648085745092 1
2 1 20.32528164768217 1
3 1 20.418009370560632 0

0 2 20.285474041932805 1
1 2 20.41812464618857 0
2 2 20.05056693600654 0
3 2 20.04038362732566 0

0 3 20.606932567043895 1
1 3 20.080462738143897 0
2 3 20.007046451924744 0
3 3 20.002611700656132 0


# 20.0 20.0 0.606932567043895
0 0 20.043416423266855 0
1 0 20.0197579783024 0
2 0 20.014483997641552 0
3 0 20.039116233728066 0

0 1 20.640148458424804 1
1 1 20.460160730396503 1
2 1 20.38098678100869 1
3 1 20.405978816701836 0

0 2 20.353466600231513 1
1 2 20.40939054722886 0
2 2 20.05819341196808 0
3 2 20.044288922129894 0

0 3 20.65029014669082 1
1 3 20.089884028891987 0
2 3 20.0085587706421 0
3 3 20.003151851745777 0


# 20.0 20.0 0.6502901466908213
0 0 20.049772309269976 0
1 0 20.025221147661398 0
2 0 20.019219559689386 0
3 0 20.04281042983055 0

0 1 20.683623018849737 1
1 1 20.516063673274456 1
2 1 20.434692881059878 1
3 1 20.395189213196602 0

0 2 20.419540647575023 1
1 2 20.40274398210239 0
2 2 20.066083542864824 0
3 2 20.048001882694123 0

0 3 20.692992797527555 1
1 3 20.09936044628179 0
2 3 20.01022245236584 0
3 3 20.003737077103647 0


# 20.0 20.0 0.6929927975275554
0 0 20.05648663613439 0
1 0 20.031263097888797 0
2 0 20.02451753508778 0
3 0 20.046305735336063 0

0 1 20.726815943541855 1
1 1 20.570438807812398 1
2 1 20.486502371956544 1
3 1 20.385560986122186 0

0 2 20.483790573054932 1
1 2 20.39804835140164 0
2 2 20.07422483350833 0
3 2 20.05154807838178 0

0 3 20.735042869048605 1
1 3 20.108907071611746 0
2 3 20.01203553715316 0
3 3 20.004365545714336 0


# 20.0 20.0 0.7350428690486055
0 0 20.06355006573072 0
1 0 20.037852124681038 0
2 0 20.03033572139778 0
3 0 20.049629489354203 0

0 1 20.769703027272275 1
1 1 20.62336301554114 1
2 1 20.536512072781463 1
3 1 20.377019700391266 0

0 2 20.546304899959296 1
1 2 20.395175628381807 0
2 2 20.08260529730031 0
3 2 20.054950945610617 0

0 3 20.77644386942171 1
1 3 20.118536835023534 0
2 3 20.013996136729187 0
3 3 20.0050357510567 0


# 20.0 20.0 0.7764438694217084
0 0 20.070952925187854 0
1 0 20.044958155389956 0
2 0 20.03663481770938 0
3 0 20.05280668195466 0

0 1 20.8122629502151 1
1 1 20.674908496476387 1
2 1 20.58481351303048 1
3 1 20.36949572666198 0

0 2 20.60716668353723 1
1 2 20.39400580596753 0
2 2 20.09121343984595 0
3 2 20.058231944905746 0

0 3 20.817200332345255 1
1 3 20.12826071525305 0
2 3 20.01610241786043 0
3 3 20.00574647637185 0


# 20.0 20.0 0.817200332345255
0 0 20.078685273148352 0
1 0 20.052552655911587 0
2 0 20.043378229576348 0
3 0 20.055860128879154 0

0 1 20.85447703174401 1
1 1 20.725143076725363 1
2 1 20.631493230078732 1
3 1 20.36292392978854 0

0 2 20.666453880869348 1
1 2 20.394426380633416 0
2 2 20.100038242415085 0
3 2 20.06141070700261 0

0 3 20.857317695534295 1
1 3 20.13808792314076 0
2 3 20.018352588013425 0
3 3 20.006496762762655 0


# 20.0 20.0 0.8573176955342952
0 0 20.086736959566878 0
1 0 20.060608543553723 0
2 0 20.05053188676428 0
3 0 20.05881063403814 0

0 1 20.896329003416703 1
1 1 20.774130494934738 1
2 1 20.676633049681783 1
3 1 20.35724337742609 0

0 2 20.724239694827848 1
1 2 20.39633187062683 0
2 2 20.10906914536306 0
3 2 20.064505168735124 0

0 3 20.896802189910684 1
1 3 20.14802607015146 0
2 3 20.02074488305619 0
3 3 20.007285879924694 0


# 20.0 20.0 0.8968021899106837
0 0 20.095097679586114 0
1 0 20.06910010545989 0
2 0 20.058064072990337 0
3 0 20.061677140617764 0

0 1 20.937804799705386 1
1 1 20.821930669083557 1
2 1 20.720310350475415 1
3 1 20.352397067492134 0

0 2 20.78059289396799 1
1 2 20.399623366179537 0
2 2 20.118296031606988 0
3 2 20.067531699396536 0

0 3 20.93566073864333 1
1 3 20.158081323059648 0
2 3 20.023277556782926 0
3 3 20.008113299321558 0


# 20.0 20.0 0.9378047997053862
0 0 20.103757021982997 0
1 0 20.078002922199257 0
2 0 20.065945266884253 0
3 0 20.06447687156804 0

0 1 20.978892365138176 1
1 1 20.868599945015454 1
2 1 20.762598313384583 1
3 1 20.348331673269655 0

0 2 20.83557811006087 1
1 2 20.404208109519836 0
2 2 20.12770921023886 0
3 2 20.070505218215843 0

0 3 20.973900865249618 1
1 3 20.168258545869772 0
2 3 20.025948872063204 0
3 3 20.00897866962933 0


# 20.0 20.0 0.9788923651381758
0 0 20.11270451263966 0
1 0 20.08729379616136 0
2 0 20.07414799344848 0
3 0 20.06722546019221 0

0 1 21.019581476614963 1
1 1 20.914191328002882 1
2 1 20.80356615680164 1
3 1 20.344997305014846 0

0 2 20.889256114854927 1
1 2 20.40999910265048 0
2 2 20.13729940034417 0
3 2 20.073439303550636 0

0 3 21.01153061002933 1
1 3 20.17856142996016 0
2 3 20.028757093435754 0
3 3 20.00988179428651 0


# 20.0 20.0 1.0195814766149631
0 0 20.121929653457947 0
1 0 20.096950684421497 0
2 0 20.082646685340627 0
3 0 20.069937071509553 0

0 1 21.059863579752925 1
1 1 20.95875469854226 1
2 1 20.843279358346063 1
3 1 20.342347287005097 0

0 2 20.941684077540213 1
1 2 20.4169147409999 0
2 2 20.147057715083637 0
3 2 20.07634629435801 0

0 3 21.04855845415828 1
1 3 20.18899261336496 0
2 3 20.031700480984274 0
3 3 20.010822610996303 0


# 20.0 20.0 1.0598635797529248
0 0 20.131421957103555 0
1 0 20.10695263576763 0
2 0 20.0914175533438 0
3 0 20.072624515019395 0

0 1 21.099731638201533 1
1 1 21.002337013492014 1
2 1 20.881799863972546 1
3 1 20.34033794903108 0

0 2 20.99291580428384 1
1 2 20.4248784711866 0
2 2 20.15697564608564 0
3 2 20.079237384468332 0

0 3 21.084993250820368 1
1 3 20.199553790039527 0
2 3 20.03477728534839 0
3 3 20.011801173038236 0


# 20.0 20.0 1.0997316382015327
0 0 20.141170977935456 0
1 0 20.117279731602643 0
2 0 20.100438465430493 0
3 0 20.075299349452237 0

0 1 21.139179994945604 1
1 1 21.044982493584886 1
2 1 20.91918628515145 1
3 1 20.33892843140064 0

0 2 21.04300196110735 1
1 2 20.43381847125945 0
2 2 20.16704504818826 0
3 2 20.082122710152188 0

0 3 21.120844162804598 1
1 3 20.210245809890814 0
2 3 20.037985743737167 0
3 3 20.012817632255533 0


# 20.0 20.0 1.1391799949456036
0 0 20.15116633944836 0
1 0 20.1279130304569 0
2 0 20.10968883386314 0
3 0 20.07797198005512 0

0 1 21.178204244687574 1
1 1 21.086732798271477 1
2 1 20.95549408480486 1
3 1 20.33808050258196 0

0 2 21.09199028128586 1
1 2 20.443667351890632 0
2 2 20.177258124562243 0
3 2 20.08501143143859 0

0 3 21.156120606037753 1
1 3 20.221068770295386 0
2 3 20.041324076825564 0
3 3 20.013872223593506 0


# 20.0 20.0 1.1782042446875742
0 0 20.16139775852995 0
1 0 20.138834515865685 0
2 0 20.119149509809596 0
3 0 20.080651748921834 0

0 1 21.216801116467742 1
1 1 21.127627188782792 1
2 1 20.990775752643067 1
3 1 20.33775838866956 0

0 2 21.13992575836461 1
1 2 20.454361877103942 0
2 2 20.18760741223939 0
3 2 20.0879118076122 0

0 3 21.190832198564312 1
1 3 20.232022099772905 0
2 3 20.04479048642616 0
3 3 20.0149652510726 0


# 20.0 20.0 1.2168011164677424
0 0 20.171855066810874 0
1 0 20.150027047384167 0
2 0 20.128802684984983 0
3 0 20.083347018844503 0

0 1 21.254968365743597 1
1 1 21.167702680235717 1
2 1 21.025080970509755 1
3 1 20.337928613909035 0

0 2 21.186850825810236 1
1 2 20.465842703219653 0
2 2 20.198085768065113 0
3 2 20.09083126728905 0

0 3 21.224988714522993 1
1 3 20.24310463443247 0
2 3 20.0483831538391 0
3 3 20.016097075087522 0


# 20.0 20.0 1.254968365743597
0 0 20.182528229363214 0
1 0 20.161474314529038 0
2 0 20.138631799862214 0
3 0 20.086065251131355 0

0 1 21.292704675207275 1
1 1 21.20699418354599 1
2 1 21.058456768309874 1
3 1 20.33855985156562 0

0 2 21.232805524241606 1
1 2 20.478054134788533 0
2 2 20.208686355088705 0
3 2 20.093776473443814 0

0 3 21.258600042704256 1
1 3 20.25431468776229 0
2 3 20.05210023879312 0
3 3 20.017268100931215 0


# 20.0 20.0 1.2927046752072755
0 0 20.193407360982974 0
1 0 20.173160793451512 0
2 0 20.148621458022713 0
3 0 20.088813077805685 0

0 1 21.330009563673816 1
1 1 21.24553463785847 1
2 1 21.090947671061425 1
3 1 20.339622784467593 0

0 2 21.277827657117456 1
1 2 20.490943896372606 0
2 2 20.2194026294005 0
3 2 20.096753383736765 0

0 3 21.29167614930546 1
1 3 20.265650114289926 0
2 3 20.055939878899267 0
3 3 20.018478768449324 0


# 20.0 20.0 1.3300095636738156
0 0 20.20448274027309 0
1 0 20.1850717061604 0
2 0 20.15875734624609 0
3 0 20.091596368573246 0

0 1 21.366883302422504 1
1 1 21.283355134153467 1
2 1 21.122595837581688 1
3 1 20.341089974598656 0

0 2 21.32195293569573 1
1 2 20.504462919109198 0
2 2 20.230228327421198 0
3 2 20.099767306465452 0

0 3 21.32422704453029 1
1 3 20.277108367600214 0
2 3 20.059900189547147 0
3 3 20.0197295427373 0


# 20.0 20.0 1.3668833024225044
0 0 20.215744821726254 0
1 0 20.197192982127174 0
2 0 20.169026159963142 0
3 0 20.09442029291935 0

0 1 21.403326838419666 1
1 1 21.320485030640953 1
2 1 21.153441191289254 1
3 1 20.3429357411536 0

0 2 21.36521511402122 1
1 2 20.51856514106816 0
2 2 20.24115745364542 0
3 2 20.10282295244434 0

0 3 21.356262752706655 1
1 3 20.28868655316087 0
2 3 20.06397926418069 0
3 3 20.021020905798256 0


# 20.0 20.0 1.403326838419666
0 0 20.22718424599067 0
1 0 20.20951122211697 0
2 0 20.179415533720597 0
3 0 20.09728937767274 0

0 1 21.439341723893875 1
1 1 21.356952060510604 1
2 1 21.183521543575733 1
3 1 20.345136046509463 0

0 2 21.40764611464435 1
1 2 20.53320732048042 0
2 2 20.252184268838615 0
3 2 20.105924483095432 0

0 3 21.387793285622877 1
1 3 20.30038147637152 0
2 3 20.068175174897203 0
3 3 20.02235334908543 0


# 20.0 20.0 1.4393417238938753
0 0 20.238791848487136 0
1 0 20.222013664100675 0
2 0 20.189913976328523 0
3 0 20.10020756035058 0

0 1 21.474930051774038 1
1 1 21.392782432565266 1
2 1 21.212872710175 1
3 1 20.34766838959952 0

0 2 21.449276145723815 1
1 2 20.548348860979353 0
2 2 20.263303278684127 0
3 2 20.109075555013852 0

0 3 21.4188286188056 1
1 3 20.3121896862201 0
2 3 20.072485973319395 0
3 3 20.023727366858356 0


# 20.0 20.0 1.474930051774038
0 0 20.250558666532097 0
1 0 20.23468815111356 0
2 0 20.200510810382394 0
3 0 20.10317823857774 0

0 1 21.510094396537383 1
1 1 21.428000925227796 1
2 1 21.241528620933323 1
3 1 20.35051170621064 0

0 2 21.490133810119282 1
1 2 20.563951648055358 0
2 2 20.274509222875153 0
3 2 20.1122793612546 0

0 3 21.44937867048467 1
1 3 20.32410751490117 0
2 3 20.076909691695597 0
3 3 20.02514345028686 0


# 20.0 20.0 1.510094396537383
0 0 20.262475945108754 0
1 0 20.247523100935418 0
2 0 20.21119611587169 0
3 0 20.10620431585393 0

0 1 21.54483776004828 1
1 1 21.46263097437653 1
2 1 21.269521423360533 1
3 1 20.35364627575542 0

0 2 21.530246207037333 1
1 2 20.579979895978983 0
2 2 20.285797064644623 0
3 2 20.11553866957015 0

0 3 21.479453283010482 1
1 3 20.33613111372354 0
2 3 20.08144434418824 0
3 3 20.02660208224163 0


# 20.0 20.0 1.5448377600482814
0 0 20.274535141416642 0
1 0 20.260507477476107 0
2 0 20.221960677605367 0
3 0 20.10928824392352 0

0 1 21.57916352200022 1
1 1 21.496694755432248 1
2 1 21.29688158032048 1
3 1 20.35705363409946 0

0 2 21.56963902675364 1
1 2 20.59640000449864 0
2 2 20.29716198072461 0
3 2 20.118855857812992 0

0 3 21.50906220650783 1
1 3 20.348256485609486 0
2 3 20.086087928315244 0
3 3 20.02810373271447 0


# 20.0 20.0 1.5791635220002185
0 0 20.28672792831936 0
1 0 20.273630763758394 0
2 0 20.23279593620197 0
3 0 20.11243206198589 0

0 1 21.613075394602273 1
1 1 21.530213260089656 1
2 1 21.323637962198486 1
3 1 20.360716492051253 0

0 2 21.608336638897292 1
1 2 20.61318042466656 0
2 2 20.308599351725746 0
3 2 20.122232946702745 0

0 3 21.538215084567632 1
1 3 20.36047951446448 0
2 3 20.09083842651286 0
3 3 20.029648854815335 0


# 20.0 20.0 1.613075394602273
0 0 20.29904619680019 0
1 0 20.286882936397642 0
2 0 20.243693942408473 0
3 0 20.11563743296791 0

0 1 21.646577381178425 1
1 1 21.563206368058648 1
2 1 21.34981793386389 1
3 1 20.364618659147514 0

0 2 21.646362174748557 1
1 2 20.630291533190533 0
2 2 20.320104752926152 0
3 2 20.1256716301439 0

0 3 21.566921441793752 1
1 3 20.372795991674938 0
2 3 20.09569380779232 0
3 3 20.03123788129722 0


# 20.0 20.0 1.6465773811784246
0 0 20.311482057526298 0
1 0 20.300254441484864 0
2 0 20.254647314527116 0
3 0 20.11890567706516 0

0 1 21.679673738372934 1
1 1 21.595692914154778 1
2 1 21.37544743672749 1
3 1 20.368744972390555 0

0 2 21.683737603969405 1
1 2 20.64770551475009 0
2 2 20.33167394545866 0
3 2 20.129173303267613 0

0 3 21.59519067303691 1
1 3 20.38520163997154 0
2 3 20.10065202946577 0
3 3 20.03287122156332 0


# 20.0 20.0 1.683737603969405
0 0 20.324027841613646 0
1 0 20.313736171786047 0
2 0 20.265649198743922 0
3 0 20.12223780274443 0

0 1 21.712368941678125 1
1 1 21.62769075105465 1
2 1 21.400551066176345 1
3 1 20.373081229616414 0

0 2 21.72048380615627 1
1 2 20.66539625175378 0
2 2 20.343302867884606 0
3 2 20.132739088359145 0

0 3 21.623032034161117 1
1 3 20.397692134877303 0
2 3 20.10571103892011 0
3 3 20.03454925911439 0


# 20.0 20.0 1.7204838061562704
0 0 20.336676100677124 0
1 0 20.32731944517674 0
2 0 20.276693232165847 0
3 0 20.125634535387018 0

0 1 21.7446676540223 1
1 1 21.659216808009578 1
2 1 21.425152144651996 1
3 1 20.3776141271933 0

0 2 21.756620637576955 1
1 2 20.68333922104978 0
2 2 20.354987628141917 0
3 2 20.136369858821457 0

0 3 21.650454634200766 1
1 3 20.410263123942503 0
2 3 20.11086877541985 0
3 3 20.036272349397166 0


# 20.0 20.0 1.7566206375769546
0 0 20.349419606243135 0
1 0 20.34099598423634 0
2 0 20.287773508386184 0
3 0 20.129096343740038 0

0 1 21.77657469717532 1
1 1 21.690287145790478 1
2 1 21.449272790622842 1
3 1 20.382331201769393 0

0 2 21.792166993427834 1
1 2 20.701511397135025 0
2 2 20.366724495855095 0
3 2 20.140066261315216 0

0 3 21.677467428777984 1
1 3 20.422910243952913 0
2 3 20.116123171922677 0
3 3 20.038040818017723 0


# 20.0 20.0 1.7921669934278341
0 0 20.362251348595322 0
1 0 20.354757896931677 0
2 0 20.2988845454095 0
3 0 20.132623464331544 0

0 1 21.808095025747722 1
1 1 21.720917008117784 1
2 1 21.47293398368677 1
3 1 20.38722077580708 0

0 2 21.827140865923795 1
1 2 20.71989116143874 0
2 2 20.378509894994412 0
3 2 20.14382873620581 0

0 3 21.704079214660496 1
1 3 20.435629136283154 0
2 3 20.121472156893468 0
3 3 20.039854959286277 0


# 20.0 20.0 1.8271408659237949
0 0 20.375164535118042 0
1 0 20.36859765832429 0
2 0 20.310021255778413 0
3 0 20.136215923994634 0

0 1 21.839233703576234 1
1 1 21.751120869812443 1
2 1 21.49615562602651 1
3 1 20.392271906657907 0

0 2 21.8615593985111 1
1 2 20.738458217284894 0
2 2 20.390340396871608 0
3 2 20.147657536438953 0

0 3 21.730298625350247 1
1 3 20.448415460553605 0
2 3 20.12691365610448 0
3 3 20.04171503506249 0


# 20.0 20.0 1.8615593985111012
0 0 20.3881525881966 0
1 0 20.38250809324012 0
2 0 20.321178918754853 0
3 0 20.13987356063578 0

0 1 21.869995882304273 1
1 1 21.780912481887714 1
2 1 21.518956600427302 1
3 1 20.3974743389483 0

0 2 21.895438936472907 1
1 2 20.757193510164647 0
2 2 20.402212713459395 0
3 2 20.15155274495816 0

0 3 21.756134127601957 1
1 3 20.461264906736808 0
2 3 20.132445594411198 0
3 3 20.043621273872674 0


# 20.0 20.0 1.8954389364729067
0 0 20.401209142728057 0
1 0 20.39648235984448 0
2 0 20.33235315441804 0
3 0 20.14359604237329 0

0 1 21.900386781980558 1
1 1 21.81030491378611 1
2 1 21.541354825054132 1
3 1 20.4028184600611 0

0 2 21.928795074178012 1
1 2 20.776079152974667 0
2 2 20.414123691022123 0
3 2 20.15551429076939 0

0 3 21.781594018779263 1
1 3 20.474173205847844 0
2 3 20.13806589749484 0
3 3 20.045573870272428 0


# 20.0 20.0 1.9287950741780122
0 0 20.414328043291746 0
1 0 20.410513934068963 0
2 0 20.34353989955044 0
3 0 20.14738288516319 0

0 1 21.930411673512445 1
1 1 21.839310592951698 1
2 1 21.56336730517456 1
3 1 20.408295258511817 0

0 2 21.961642699205733 1
1 2 20.795098355900212 0
2 2 20.42607030404513 0
3 2 20.15954196375103 0

0 3 21.806686424963853 1
1 3 20.487136139342542 0
2 3 20.14377249356398 0
3 3 20.0475729844304 0


# 20.0 20.0 1.9616426992057328
0 0 20.42750334102422 0
1 0 20.42459659484038 0
2 0 20.354735385191457 0
3 0 20.151233469021754 0

0 1 21.960075862823103 1
1 1 21.867941341914875 1
2 1 21.58501018200214 1
3 1 20.41389628503162 0

0 2 21.993996033563338 1
1 2 20.81423536064339 0
2 2 20.43804964945049 0
3 2 20.163635428300434 0

0 3 21.831419299740027 1
1 3 20.500149547337525 0
2 3 20.149563315008912 0
3 3 20.049618741910617 0


# 20.0 20.0 1.993996033563338
0 0 20.44072929023931 0
1 0 20.438724410065234 0
2 0 20.365936115746486 0
3 0 20.155147052946308 0

0 1 21.98938467657314 1
1 1 21.896208413054367 1
2 1 21.606298778825433 1
3 1 20.419613616181156 0

0 2 22.025868672197156 1
1 2 20.833475378716983 0
2 2 20.45005894108709 0
3 2 20.16779423590196 0

0 3 21.8558004235838 1
1 3 20.513209335757065 0
2 3 20.155436300003593 0
3 3 20.0517112336327 0


# 20.0 20.0 2.0258686721971557
0 0 20.454000344830355 0
1 0 20.45289172332607 0
2 0 20.377138849546306 0
3 0 20.15912278862897 0

0 1 22.018343449318053 1
1 1 21.924122521189997 1
2 1 21.627247644577867 1
3 1 20.425439820330855 0

0 2 22.0572736189843 1
1 2 20.852804533542788 0
2 2 20.462095504483223 0
3 2 20.172017836695442 0

0 3 21.87983740379168 1
1 3 20.526311482503324 0
2 3 20.16138939405087 0
3 3 20.05385051599088 0


# 20.0 20.0 2.0572736189843006
0 0 20.467311154488193 0
1 0 20.467093141249066 0
2 0 20.388340580758832 0
3 0 20.163159733051405 0

0 1 22.046957511982644 1
1 1 21.951693874149104 1
2 1 21.647870594994792 1
3 1 20.43136792585386 0

0 2 22.088223320378766 1
1 2 20.872209806110906 0
2 2 20.474156771850254 0
3 2 20.176305590118574 0

0 3 21.903537674889765 1
1 3 20.5394520427388 0
2 3 20.167420551467693 0
3 3 20.056036611114244 0


# 20.0 20.0 2.0882233203787663
0 0 20.4806565607654 0
1 0 20.481323521504684 0
2 0 20.39953852256157 0
3 0 20.16725686004254 0

0 1 22.07523218154289 1
1 1 21.978932201439786 1
2 1 21.66818075149551 1
3 1 20.437391391387877 0

0 2 22.11872969687338 1
1 2 20.891678983972408 0
2 2 20.486240277326093 0
3 2 20.18065677469153 0

0 3 21.92690849946908 1
1 3 20.552627153362682 0
2 3 20.173527736807685 0
3 3 20.05826950725212 0


# 20.0 20.0 2.1187296968733804
0 0 20.494031593014416 0
1 0 20.495577961405676 0
2 0 20.41073009148931 0
3 0 20.171413070875534 0

0 1 22.10317275181402 1
1 1 22.00584678115493 1
2 1 21.68819057792002 1
3 1 20.44350407803143 0

0 2 22.148804172427763 1
1 2 20.91120061335299 0
2 2 20.49834365244771 0
3 2 20.18507059700726 0

0 3 21.94995696939768 1
1 3 20.56583303675615 0
2 3 20.179708926219234 0
3 3 20.060549159269762 0


# 20.0 20.0 2.148804172427763
0 0 20.507431464224535 0
1 0 20.509851787069064 0
2 0 20.421912892877135 0
3 0 20.17562720397492 0

0 1 22.13078448525152 1
1 1 22.032446465222616 1
2 1 21.707911915242807 1
3 1 20.44970022334881 0

0 2 22.178457702001822 1
1 2 20.930763954189185 0
2 2 20.51046462184212 0
3 2 20.189546199986484 0

0 3 21.97269000736446 1
1 3 20.579066003865666 0
2 3 20.18596210873776 0
3 3 20.062875489240742 0


# 20.0 20.0 2.178457702001822
0 0 20.520851566780298 0
1 0 20.524140543110722 0
2 0 20.433084707324237 0
3 0 20.1798980437999 0

0 1 22.158072605679013 1
1 1 22.058739703110593 1
2 1 21.72735601437866 1
3 1 20.45597441706614 0

0 2 22.207700797324538 1
1 2 20.950358937901818 0
2 2 20.522600999125757 0
3 2 20.194082670452243 0

0 3 21.995114368713622 1
1 3 20.592322456687548 0
2 3 20.19228528751142 0
3 3 20.06524838712364 0


# 20.0 20.0 2.207700797324538
0 0 20.534287468161683 0
1 0 20.53843998284323 0
2 0 20.44424347810888 0
3 0 20.184224328965204 0

0 1 22.185042291863656 1
1 1 22.08473456408513 1
2 1 21.746533567189115 1
3 1 20.462321578348643 0

0 2 22.236543551018656 1
1 2 20.969976127733535 0
2 2 20.534750683002358 0
3 2 20.198679046074943 0

0 3 22.017236643532407 1
1 3 20.605598890212 0
2 3 20.198676480959996 0
3 3 20.067667711511607 0


# 20.0 20.0 2.2365435510186558
0 0 20.547734906604344 0
1 0 20.552746058949396 0
2 0 20.45538729948955 0
3 0 20.188604759656513 0

0 1 22.21169867186588 1
1 1 22.1104387581179 1
2 1 21.76545473579154 1
3 1 20.468736934556276 0

0 2 22.264995659193453 1
1 2 20.989606681488635 0
2 2 20.546911653550026 0
3 2 20.20333432173521 0

0 3 22.039063258958105 1
1 3 20.618891893879976 0
2 3 20.205133723866975 0
3 3 20.070133290444417 0


# 20.0 20.0 2.2649956591934526
0 0 20.56118978673637 0
1 0 20.567054914605645 0
2 0 20.466514405831635 0
3 0 20.193038004393532 0

0 1 22.238046818096084 1
1 1 22.135859655528026 1
2 1 21.784129180267136 1
3 1 20.475216001381664 0

0 2 22.29306644260984 1
1 2 21.009242316523995 0
2 2 20.559081968688346 0
3 2 20.208047455348503 0

0 3 22.06060048167349 1
1 3 20.63219815260179 0
2 3 20.211655068405378 0
3 3 20.072644922273465 0


# 20.0 20.0 2.2930664426098417
0 0 20.57464817520628 0
1 0 20.581362875031 0
2 0 20.477623161503008 0
3 0 20.197522706189982 0

0 1 22.264091743016177 1
1 1 22.16100430544074 1
2 1 21.80256608485848 1
3 1 20.481754564280397 0

0 2 22.320764866514793 1
1 2 21.028875276849792 0
2 2 20.57125976081685 0
3 2 20.212817373192316 0

0 3 22.081854420562642 1
1 3 20.64551444738233 0
2 3 20.218238585098025 0
3 3 20.075202376571106 0


# 20.0 20.0 2.320764866514793
0 0 20.58810629631542 0
1 0 20.59566643943881 0
2 0 20.488712051485727 0
3 0 20.202057488156335 0

0 1 22.28983839542875 1
1 1 22.185879453138497 1
2 1 21.820774182741932 1
3 1 20.488348661109708 0

0 2 22.348099559235266 1
1 2 21.04849830220788 0
2 2 20.583443233616524 0
3 2 20.217642974773806 0

0 3 22.102831029501797 1
1 3 20.658837655593963 0
2 3 20.224882363713288 0
3 3 20.077805395076393 0


# 20.0 20.0 2.3480995592352656
0 0 20.601560527666475 0
1 0 20.609962273369867 0
2 0 20.499779672654544 0
3 0 20.20664095858788 0

0 1 22.315291657301223 1
1 1 22.2104915563753 1
2 1 21.838761779455393 1
3 1 20.494994565896906 0

0 2 22.375078829615514 1
1 2 21.068104599004315 0
2 2 20.595630659006293 0
3 2 20.22252313727306 0

0 3 22.123536110262247 1
1 3 20.672164750934776 0
2 3 20.231584514097538 0
3 3 20.08045369267009 0


# 20.0 20.0 2.3750788296155143
0 0 20.615007395838536 0
1 0 20.62424720138675 0
2 0 20.510824725676212 0
3 0 20.211271715577592 0

0 1 22.340456341076525 1
1 1 22.234846800720362 1
2 1 21.85653677505713 1
3 1 20.501688773664128 0

0 2 22.40171068337578 1
1 2 21.087687812980555 0
2 2 20.60782037424689 0
3 2 20.227456719594567 0

0 3 22.143975315504534 1
1 3 20.685492803106506 0
2 3 20.23834316694572 0
3 3 20.08314695837245 0


# 20.0 20.0 2.4017106833757786
0 0 20.628443572097908 0
1 0 20.638518200110443 0
2 0 20.521846007486754 0
3 0 20.215948351190608 0

0 1 22.365337187425638 1
1 1 22.25895111399267 1
2 1 21.874106685087074 1
3 1 20.5084279862407 0

0 2 22.428002838464923 1
1 2 21.10724200351522 0
2 2 20.620010779184753 0
3 2 20.23244256605717 0

0 3 22.164154151845228 1
1 3 20.698818977243707 0
2 3 20.245156474511614 0
3 3 20.085884856357865 0


# 20.0 20.0 2.4280028384649235
0 0 20.641865868152816 0
1 0 20.65277239158139 0
2 0 20.53284240430662 0
3 0 20.220669455234315 0

0 1 22.389938863401085 1
1 1 22.282810179844038 1
2 1 21.89147866039781 1
3 1 20.515209098998863 0

0 2 22.453962739474534 1
1 2 21.126761619455454 0
2 2 20.632200333628948 0
3 2 20.237479509750596 0

0 3 22.184077982979417 1
1 3 20.71214053312283 0
2 3 20.25202261125944 0
3 3 20.088667026981103 0


# 20.0 20.0 2.453962739474534
0 0 20.655271231959105 0
1 0 20.66700703692829 0
2 0 20.543812885156466 0
3 0 20.225433618655742 0

0 1 22.41426596095357 1
1 1 22.306429450544346 1
2 1 21.908659505918656 1
3 1 20.522029188452812 0

0 2 22.479597571177266 1
1 2 21.146241476383274 0
2 2 20.6443875548545 0
3 2 20.24256637558453 0

0 3 22.20375203284376 1
1 3 20.72545482417751 0
2 3 20.258939774458703 0
3 3 20.091493087810303 0


# 20.0 20.0 2.4795975711772655
0 0 20.66865674358316 0
1 0 20.681219530328708 0
2 0 20.55475649583873 0
3 0 20.230239436595635 0

0 1 22.438322995777177 1
1 1 22.32981415901911 1
2 1 21.92565569841254 1
3 1 20.528885500664906 0

0 2 22.50491427124787 1
1 2 21.165676735228466 0
2 2 20.656571015225694 0
3 2 20.24770198305439 0

0 3 22.223181388806488 1
1 3 20.73875929634398 0
2 3 20.265906184724 0
3 3 20.094362634662474 0


# 20.0 20.0 2.50491427124787
0 0 20.682019611127437 0
1 0 20.695407393246725 0
2 0 20.565672353352564 0
3 0 20.235085511126403 0

0 1 22.46211440645127 1
1 1 22.352969330186262 1
2 1 21.94247340328189 1
3 1 20.535775440406532 0

0 2 22.529919542221293 1
1 2 21.185062882145225 0
2 2 20.668749339933328 0
3 2 20.252885148746135 0

0 3 22.242371004872236 1
1 3 20.75205148675843 0
2 3 20.27292008650184 0
3 3 20.0972752426376 0


# 20.0 20.0 2.5299195422212932
0 0 20.695357166723227 0
1 0 20.70956826893351 0
2 0 20.576559640711857 0
3 0 20.239970453699275 0

0 1 22.485644553849887 1
1 1 22.37589979163585 1
2 1 21.959118490476612 1
3 1 20.54269656102452 0

0 2 22.554619862738406 1
1 2 21.204395709575046 0
2 2 20.680921204840125 0
3 2 20.258114688600823 0

0 3 22.261325704890798 1
1 3 20.76532902232619 0
2 3 20.27997974850641 0
3 3 20.100230467147934 0


# 20.0 20.0 2.554619862738406
0 0 20.70866686259459 0
1 0 20.72369991717761 0
2 0 20.5874176021382 0
3 0 20.244892887324053 0

0 1 22.508917720791818 1
1 1 22.39861018369358 1
2 1 21.97559654955409 1
3 1 20.54964655496724 0

0 2 22.579021498126483 1
1 2 21.22367129842328 0
2 2 20.693085334428815 0
3 2 20.263389419958116 0

0 3 22.28005018576016 1
1 3 20.778589618180767 0
2 3 20.28708346410623 0
3 3 20.10322784493938 0


# 20.0 20.0 2.579021498126483
0 0 20.721946267196817 0
1 0 20.73780020929249 0
2 0 20.59824553860244 0
3 0 20.24985144850322 0

0 1 22.531938111906765 1
1 1 22.42110496890641 1
2 1 21.991912903938353 1
3 1 20.55662324492741 0

0 2 22.603130510358252 1
1 2 21.242886001281455 0
2 2 20.70524049984764 0
3 2 20.26870816339645 0

0 3 22.298549020615262 1
1 3 20.79183107604921 0
2 3 20.294229551663804 0
3 3 20.106266895102284 0


# 20.0 20.0 2.603130510358252
0 0 20.735193061432124 0
1 0 20.751867123329497 0
2 0 20.609042803690393 0
3 0 20.25484478894052 0

0 1 22.55470985369504 1
1 1 22.443388440985835 1
2 1 22.008072624422727 1
3 1 20.563624575561576 0

0 2 22.626952767430307 1
1 2 21.262036426631703 0
2 2 20.71738551704833 0
3 2 20.274069744386345 0

0 3 22.316826661994867 1
1 3 20.805051282538628 0
2 3 20.301416354830195 0
3 3 20.1093471200692 0


# 20.0 20.0 2.626952767430307
0 0 20.748405034944863 0
1 0 20.705898739505113 -1
2 0 20.619088799769816 0
3 0 20.259862937042637 0

0 1 22.57723699476018 1
1 1 22.46474473324235 1
2 1 22.024063261957902 1
3 1 20.570648294708633 0

0 2 22.650493952198875 1
1 2 21.28111078397372 0
2 2 20.72951893397179 0
3 2 20.279472987307113 0

0 3 22.334887444979902 1
1 3 20.818248103677412 0
2 3 20.30864223781995 0
3 3 20.112468006448232 0


# 20.0 20.0 2.6504939521988753
0 0 20.76086008249803 0
1 0 20.66238731583202 -1
2 0 20.628442832357475 0
3 0 20.264896964833895 0

0 1 22.599506226195526 1
1 1 22.48524179710223 1
2 1 22.039874447681605 1
3 1 20.577691999128742 0

0 2 22.673759259668312 1
1 2 21.30009868347602 0
2 2 20.74163908541656 0
3 2 20.284916710932137 0

0 3 22.352735585320776 1
1 3 20.83141940140236 0
2 3 20.315905581750716 0
3 3 20.11562902572829 0


# 20.0 20.0 2.673759259668312
0 0 20.772611842032433 0
1 0 20.621202606224983 -1
2 0 20.637159921623347 0
3 0 20.2699388971489 0

0 1 22.62150631948095 1
1 1 22.504942375523687 1
2 1 22.055497674773196 1
3 1 20.584753174559587 0

0 2 22.696753457821575 1
1 2 21.31899099851114 0
2 2 20.75374414090817 0
3 2 20.29039972516734 0

0 3 22.370375178559915 1
1 3 20.844563047649324 0
2 3 20.323204781888617 0
3 3 20.11882963488674 0


# 20.0 20.0 2.6967534578215755
0 0 20.783710322827737 0
1 0 20.582221848203233 -1
2 0 20.64529110595667 0
3 0 20.274981628217734 0

0 1 22.643227927936827 1
1 1 22.52390440289164 1
2 1 22.070926100275877 1
3 1 20.591829230672015 0

0 2 22.719480941853163 1
1 2 21.33777974098223 0
2 2 20.76583214632435 0
3 2 20.29592082885291 0

0 3 22.387810200005788 1
1 3 20.857676936322573 0
2 3 20.3305382456597 0
3 3 20.122069276924968 0


# 20.0 20.0 2.7194809418531634
0 0 20.79420214851962 0
1 0 20.545329302467113 -1
2 0 20.652883723878016 0
3 0 20.280018845056496 0

0 1 22.664663404882653 1
1 1 22.54218137413614 1
2 1 22.08615436516276 1
3 1 20.598917531452656 0

0 2 22.74194578244578 1
1 2 21.35645794828583 0
2 2 20.777901059956314 0
3 2 20.301478808461095 0

0 3 22.4050445054308 1
1 3 20.87075899338954 0
2 3 20.33790439130524 0
3 3 20.125347381352864 0


# 20.0 20.0 2.7419457824457787
0 0 20.804130783661112 0
1 0 20.5104158223436 -1
2 0 20.659981675865893 0
3 0 20.285044957122285 0

0 1 22.685806637160496 1
1 1 22.559822685453035 1
2 1 22.10117843106768 1
3 1 20.606015421491456 0

0 2 22.76415176867358 1
1 2 21.375019580857778 0
2 2 20.789948783618712 0
3 2 20.307072437543287 0

0 3 22.42208183238005 1
1 3 20.883807185321697 0
2 3 20.34530164707394 0
3 3 20.128663364639568 0


# 20.0 20.0 2.7641517686735817
0 0 20.81353674496336 0
1 0 20.477378451080554 -1
2 0 20.666625667550772 0
3 0 20.29005503173439 0

0 1 22.706652892788835 1
1 1 22.57687394882083 1
2 1 22.115995432234214 1
3 1 20.613120248606958 0

0 2 22.786102446061612 1
1 2 21.393459429342478 0
2 2 20.80197318935934 0
3 2 20.31270047679774 0

0 3 22.43892580199097 1
1 3 20.896819526079074 0
2 3 20.352728450857768 0
3 3 20.132016630644408 0


# 20.0 20.0 2.786102446061612
0 0 20.822457798271113 0
1 0 20.446120045110884 -1
2 0 20.672853435622592 0
3 0 20.295044734802705 0

0 1 22.727198681609547 1
1 1 22.593377282336995 1
2 1 22.130603541358084 1
3 1 20.620229383200968 0

0 2 22.80780115028234 1
1 2 21.411773030510734 0
2 2 20.813972142264383 0
3 2 20.31836167464555 0

0 3 22.455579921235632 1
1 3 20.909794082815004 0
2 3 20.360183250190428 0
3 3 20.13540657103924 0


# 20.0 20.0 2.807801150282341
0 0 20.830929142254 0
1 0 20.41654892153879 -1
2 0 20.67869995769884 0
3 0 20.300010276440606 0

0 1 22.627441627880426 -1
1 1 22.607931578240276 1
2 1 22.14498456810975 1
3 1 20.627340027336878 0

0 2 22.827811036926004 1
1 2 21.429922031129166 0
2 2 20.82594289772459 0
3 2 20.324054758263646 0

0 3 22.472030305508042 1
1 3 20.922728358378706 0
2 3 20.367664487608142 0
3 3 20.13883256543229 0


# 20.0 20.0 2.827811036926004
0 0 20.837543579725885 0
1 0 20.38854396822214 -1
2 0 20.68419702522876 0
3 0 20.30494835111953 0

0 1 22.532368513848155 -1
1 1 22.620700691460453 1
2 1 22.159123476541488 1
3 1 20.634449265219825 0

0 2 22.846254823580935 1
1 2 21.4478732948887 0
2 2 20.837882230841434 0
3 2 20.329778427154494 0

0 3 22.48826501269327 1
1 3 20.935619400869083 0
2 3 20.375170589494314 0
3 3 20.142293981276513 0


# 20.0 20.0 2.846254823580935
0 0 20.842442960640597 0
1 0 20.36199320968477 -1
2 0 20.6893735306173 0
3 0 20.309856084029274 0

0 1 22.441721817974717 -1
1 1 22.63183559985943 1
2 1 22.17300803718595 1
3 1 20.64155410666103 0

0 2 22.863246442497218 1
1 2 21.46559838082285 0
2 2 20.849786548976937 0
3 2 20.33553134885698 0

0 3 22.50427386235671 1
1 3 20.948463900024667 0
2 3 20.38269995789889 0
3 3 20.145790173631628 0


# 20.0 20.0 2.8632464424972177
0 0 20.84575959438945 0
1 0 20.336793119576402 -1
2 0 20.69425572922087 0
3 0 20.314730983034803 0

0 1 22.35525960126073 -1
1 1 22.64147540073233 1
2 1 22.12662851282812 0
3 1 20.647931524317904 0

0 2 22.87889167404562 1
1 2 21.48307306882871 0
2 2 20.860931989286996 0
3 2 20.341294876451823 0

0 3 22.52004827020071 1
1 3 20.96125827178677 0
2 3 20.3902423248836 0
3 3 20.149320173796916 0


# 20.0 20.0 2.8788916740456187
0 0 20.847616881641475 0
1 0 20.31284798469333 -1
2 0 20.69814747836027 0
3 0 20.319553615677687 0

0 1 22.272754505484812 -1
1 1 22.649028230359196 1
2 1 22.082822814880263 0
3 1 20.65364245598067 0

0 2 22.893288733869873 1
1 2 21.500259648228564 0
2 2 20.871382689774553 0
3 2 20.34705263547547 0

0 3 22.535581096541364 1
1 3 20.97399842120757 0
2 3 20.39778856265584 0
3 3 20.152882741917804 0


# 20.0 20.0 2.8932887338698734
0 0 20.84812990378452 0
1 0 20.29005203668626 -1
2 0 20.70113442587607 0
3 0 20.324307008095573 0

0 1 22.193984178670615 -1
1 1 22.654680299443545 1
2 1 22.041417398218908 0
3 1 20.658742797330962 0

0 2 22.906528506128627 1
1 2 21.517126264112246 0
2 2 20.881196938990925 0
3 2 20.35279029452438 0

0 3 22.55086650019391 1
1 3 20.986679863440393 0
2 3 20.405330557556486 0
3 3 20.156476413433733 0


# 20.0 20.0 2.906528506128627
0 0 20.84740566183256 0
1 0 20.268308495791263 -1
2 0 20.703295174814546 0
3 0 20.328976411469878 0

0 1 22.118740216775304 -1
1 1 22.658602753569028 1
2 1 22.002251415080867 0
3 1 20.663283817295962 0

0 2 22.9186951046442 1
1 2 21.533646299362594 0
2 2 20.890427708717652 0
3 2 20.358495357427724 0

0 3 22.565899805803944 1
1 3 20.999297829128572 0
2 3 20.412861097554472 0
3 3 20.160099540009906 0


# 20.0 20.0 2.9186951046442005
0 0 20.845543642557388 0
1 0 20.24752883781932 -1
2 0 20.704701857444775 0
3 0 20.333549088753852 0

0 1 22.046827225679987 -1
1 1 22.660952866733027 1
2 1 21.965175742159282 0
3 1 20.667312539229624 0

0 2 22.869866390219304 0
1 2 21.549077814530772 0
2 2 20.89911449883927 0
3 2 20.364156871352705 0

0 3 22.57995738342718 1
1 3 21.01183007585132 0
2 3 20.42037346083359 0
3 3 20.163750320555785 0


# 20.0 20.0 2.9186951046442005
0 0 20.842636344187312 0
1 0 20.22763211945129 -1
2 0 20.705420662836467 0
3 0 20.338014119983505 0

0 1 21.977341949415102 -1
1 1 22.66185786063652 1
2 1 21.93005177327414 0
3 1 20.670872085757303 0

0 2 22.822608527598568 0
1 2 21.563467010988404 0
2 2 20.907293592292373 0
3 2 20.36976527473916 0

0 3 22.5930921808652 1
1 3 21.024256404497812 0
2 3 20.427861379286732 0
3 3 20.167426828864087 0


# 20.0 20.0 2.9186951046442005
0 0 20.838761124622966 0
1 0 20.208544046211486 -1
2 0 20.705512314270965 0
3 0 20.342362224464438 0

0 1 21.910172317693963 -1
1 1 22.661435505103984 1
2 1 21.896750650126076 0
3 1 20.674001995947453 0

0 2 22.776859747554 0
1 2 21.576858737454337 0
2 2 20.914998332361613 0
3 2 20.375312259086193 0

0 3 22.605354256178675 1
1 3 21.036558527983942 0
2 3 20.435319005627203 0
3 3 20.17112703820154 0


# 20.0 20.0 2.9186951046442005
0 0 20.833990320503403 0
1 0 20.190196453949145 -1
2 0 20.70503250901406 0
3 0 20.346585598443255 0

0 1 21.84521250722875 -1
1 1 22.65979482104409 1
2 1 21.865152550820433 0
3 1 20.67673851701786 0

0 2 22.732560744167074 0
1 2 21.58929646716321 0
2 2 20.92225937580062 0
3 2 20.380790643376812 0

0 3 22.616790934222056 1
1 3 21.048719946692767 0
2 3 20.4427408837192 0
3 3 20.174848843151437 0


# 20.0 20.0 2.9186951046442005
0 0 20.828391576499417 0
1 0 20.17252682976197 -1
2 0 20.704032323383778 0
3 0 20.350677766984116 0

0 1 21.78236254762567 -1
1 1 22.65703673037843 1
2 1 21.83514603174002 0
3 1 20.67911487260832 0

0 2 22.689654592300187 0
1 2 21.60082228448144 0
2 2 20.929104923882 0
3 2 20.38619426003069 0

0 3 22.567446955057978 0
1 3 21.000005830410775 -1
2 3 20.449393281772323 0
3 3 20.178581335299622 0


# 20.0 20.0 2.9186951046442005
0 0 20.82202815227409 0
1 0 20.155477869384402 -1
2 0 20.702558585818963 0
3 0 20.354633448873816 0

0 1 21.721527954324824 -1
1 1 22.653254656999433 1
2 1 21.806627418688205 0
3 1 20.681161509489883 0

0 2 22.64736666574995 0
1 2 21.610739599750836 0
2 2 20.93554334225857 0
3 2 20.391517535353977 0

0 3 22.51878733462982 0
1 3 20.952952628127356 -1
2 3 20.45532369160611 0
3 3 20.182314501952355 0


# 20.0 20.0 2.9186951046442005
0 0 20.814959208676733 0
1 0 20.138997068288198 -1
2 0 20.70065422044477 0
3 0 20.358448433473576 0

0 1 21.662610746620295 -1
1 1 22.64852613146363 1
2 1 21.779499925035054 0
3 1 20.682906316817657 0

0 2 22.60568291796046 0
1 2 21.619136559200516 0
2 2 20.941582994364506 0
3 2 20.396755444626724 0

0 3 22.470814617136202 0
1 3 20.90747191616132 -1
2 3 20.460576529508394 0
3 3 20.186039163571692 0


# 20.0 20.0 2.9186951046442005
0 0 20.80723997094327 0
1 0 20.123036235294315 -1
2 0 20.698358558311725 0
3 0 20.36211946837008 0

0 1 21.60551848350665 -1
1 1 22.642923171589814 1
2 1 21.753673181126377 0
3 1 20.684374828640795 0

0 2 22.56458987132424 0
1 2 21.62609681980017 0
2 2 20.94723223433575 0
3 2 20.40190347067098 0

0 3 22.423530032369126 0
1 3 20.863480536262678 -1
2 3 20.465193338479082 0
3 3 20.189746915392913 0


# 20.0 20.0 2.9186951046442005
0 0 20.798921988614925 0
1 0 20.107551158034152 -1
2 0 20.695707624553 0
3 0 20.36564415694708 0

0 1 21.550163927577717 -1
1 1 22.636512680391963 1
2 1 21.72906279684737 0
3 1 20.685590410931468 0

0 2 22.524074586085586 0
1 2 21.631699772894674 0
2 2 20.95249939963434 0
3 2 20.406957565614302 0

0 3 22.376933612672016 0
1 3 20.820900274428194 -1
2 3 20.469212977336426 0
3 3 20.193430072954175 0


# 20.0 20.0 2.9186951046442005
0 0 20.79005337805213 0
1 0 20.092501293592683 -1
2 0 20.69273440329042 0
3 0 20.369020865067647 0

0 1 21.49646473035381 -1
1 1 22.62935681485741 1
2 1 21.70558995494326 0
3 1 20.68657443429985 0

0 2 22.484124630861036 0
1 2 21.6360207572331 0
2 2 20.957392803513418 0
3 2 20.41191411558771 0

0 3 22.331024301479292 0
1 3 20.779657559334794 -1
2 3 20.472671797517926 0
3 3 20.197081621285093 0


# 20.0 20.0 2.9186951046442005
0 0 20.78067904872961 0
1 0 20.07784948246432 -1
2 0 20.689469081981926 0
3 0 20.37224863612059 0

0 1 21.44434313761233 -1
1 1 22.62151332773129 1
2 1 21.683181032876302 0
3 1 20.68734643347427 0

0 2 22.44472805472077 0
1 2 21.639131261829515 0
2 2 20.96192072743851 0
3 2 20.4167699081194 0

0 3 22.285800053994706 0
1 3 20.73968317920284 -1
2 3 20.475603808357288 0
3 3 20.20069516751655 0


# 20.0 20.0 2.9186951046442005
0 0 20.770840914416265 0
1 0 20.063561684090374 -1
2 0 20.68593927677573 0
3 0 20.37532711374325 0

0 1 21.393725713395032 -1
1 1 22.61303588430648 1
2 1 21.66176725116218 0
3 1 20.68792425454465 0

0 2 22.40587336077313 0
1 2 21.64109911908235 0
2 2 20.966091413562115 0
3 2 20.421522102005863 0

0 3 22.241257930530608 0
1 3 20.700912015971962 -1
2 3 20.47804083157089 0
3 3 20.204264896688876 0


# 20.0 20.0 2.9186951046442005
0 0 20.760578090267103 0
1 0 20.04960673237477 -1
2 0 20.682170240318513 0
3 0 20.37825647158685 0

0 1 21.3445430814566 -1
1 1 22.60397435606868 1
2 1 21.641284346280322 0
3 1 20.688324190892253 0

0 2 22.367549481193493 0
1 2 21.641988688567952 0
2 2 20.969913057332235 0
3 2 20.426168199460577 0

0 3 22.197394182997492 0
1 3 20.663282795738777 -1
2 3 20.48001264564203 0
3 3 20.20778553054931 0


# 20.0 20.0 2.9186951046442005
0 0 20.749927076783464 0
1 0 20.03595610969308 -1
2 0 20.678185053355858 0
3 0 20.3810373495407 0

0 1 21.29672968300397 -1
1 1 22.594375092907928 1
2 1 21.621672266392725 0
3 1 20.688561108659506 0

0 2 22.3297457536382 0
1 2 21.641861031912097 0
2 2 20.973393800301178 0
3 2 20.430706020357352 0

0 3 22.154204335002106 0
1 3 20.626737854468423 -1
2 3 20.481547120748893 0
3 3 20.21125228914281 0


# 20.0 20.0 2.9186951046442005
0 0 20.738921931531625 0
1 0 20.022583738019513 -1
2 0 20.674004801362347 0
3 0 20.3836707958775 0

0 1 21.250223549654738 -1
1 1 22.584281175480097 1
2 1 21.60287488823551 0
3 1 20.688648562549453 0

0 2 22.292451898984222 0
1 2 21.640774079131123 0
2 2 20.976541723188397 0
3 2 20.435133678400913 0

0 3 22.11168325598346 0
1 3 20.591222918051113 -1
2 3 20.482670344842028 0
3 3 20.214660855012582 0


# 19.880000000000003 20.0 2.9186951046442005
0 0 20.72687442944858 0
1 0 20.009097145898185 -1
2 0 20.669284313665262 0
3 0 20.385433841740486 0

0 1 21.204597450616195 -1
1 1 22.573723801823625 1
2 1 21.584835274414928 0
3 1 20.688230156457053 0

0 2 22.255293576655653 0
1 2 21.638778307569456 0
2 2 20.979364731738084 0
3 2 20.439085132826566 0

0 3 22.069100856704537 0
1 3 20.556318149602358 -1
2 3 20.483042315194897 0
3 3 20.217278593608388 0


# 19.760000000000005 20.0 2.9186951046442005
0 0 20.713111285146603 0
1 0 19.995108498578087 -1
2 0 20.663678903868124 0
3 0 20.38562113216173 0

0 1 21.159429901653827 -1
1 1 22.56272288312269 1
2 1 21.567491141345243 0
3 1 20.686950858761858 0

0 2 22.21789895522725 0
1 2 21.635912605442407 0
2 2 20.981861598952364 0
3 2 20.44219664986372 0

0 3 22.02574383112113 0
1 3 20.52160917234016 -1
2 3 20.482323530335524 0
3 3 20.218390806400876 0


# 19.640000000000008 20.0 2.9186951046442005
0 0 20.69769373968411 0
1 0 19.980603087957906 -1
2 0 20.657208974243243 0
3 0 20.38426868939997 0

0 1 21.114673632720773 -1
1 1 22.551296350342394 1
2 1 21.55077937994827 0
3 1 20.684825859324402 0

0 2 22.180263159939116 0
1 2 21.63220916376006 0
2 2 20.984022346889542 0
3 2 20.444471258720824 0

0 3 21.98163952118812 0
1 3 20.487055653685278 -1
2 3 20.48053956774514 0
3 3 20.218028867288037 0


# 19.52000000000001 20.0 2.9186951046442005
0 0 20.680680085703624 0
1 0 19.965567983187146 -1
2 0 20.64989358995545 0
3 0 20.38141164997293 0

0 1 21.070284215298322 -1
1 1 22.539460214432285 1
2 1 21.534640393837975 0
3 1 20.681869452863157 0

0 2 22.142381702024633 0
1 2 21.627698162903958 0
2 2 20.98583746683734 0
3 2 20.445912295298413 0

0 3 21.93681374669387 0
1 3 20.452619933958612 -1
2 3 20.477714741116852 0
3 3 20.216223352502652 0


# 19.52000000000001 20.0 2.9186951046442005
0 0 20.66284582900012 0
1 0 19.95036052349394 -1
2 0 20.64211500998498 0
3 0 20.37780864412808 0

0 1 21.026588531201277 -1
1 1 22.527237575476782 1
2 1 21.5190223689957 0
3 1 20.67846385554397 0

0 2 22.10461487582919 0
1 2 21.622412369309792 0
2 2 20.987298009725794 0
3 2 20.44688780150915 0

0 3 21.892015269530344 0
1 3 20.418635605291833 -1
2 3 20.474236605600186 0
3 3 20.21373280469787 0


# 19.52000000000001 20.0 2.9186951046442005
0 0 20.644946767812456 0
1 0 19.935336973746487 -1
2 0 20.634252195408056 0
3 0 20.374200125550892 0

0 1 20.983913403520244 -1
1 1 22.51465839324076 1
2 1 21.50388536473093 0
3 1 20.674988053112614 0

0 2 22.067321143552686 0
1 2 21.616391533404656 0
2 2 20.988404520921897 0
3 2 20.447764018390554 0

0 3 21.847974200813386 0
1 3 20.385436137947394 -1
2 3 20.470489549727784 0
3 3 20.211297466546167 0


# 19.52000000000001 20.0 2.9186951046442005
0 0 20.626999688698408 0
1 0 19.9204837441773 -1
2 0 20.626316434014427 0
3 0 20.370584574876585 0

0 1 20.942216791278295 -1
1 1 22.5017505195683 1
2 1 21.489196381555253 0
3 1 20.671449094579753 0

0 2 22.03049264582943 0
1 2 21.609677745692437 0
2 2 20.989166636262038 0
3 2 20.448540887986805 0

0 3 21.804678274989428 0
1 3 20.35298596699852 -1
2 3 20.4664903894769 0
3 3 20.20891113308007 0


# 19.52000000000001 20.0 2.9186951046442005
0 0 20.609020106330732 0
1 0 19.905788471640815 -1
2 0 20.618317976922693 0
3 0 20.366960735039058 0

0 1 20.90145884530535 -1
1 1 22.48853995195935 1
2 1 21.474924639157287 0
3 1 20.667853347753603 0

0 2 21.994121733096442 0
1 2 21.602310985358997 0
2 2 20.98959384054522 0
3 2 20.449218470547905 0

0 3 21.76211514949095 0
1 3 20.321251554676504 -1
2 3 20.46225487145849 0
3 3 20.206568012393262 0


# 19.52000000000001 20.0 2.9186951046442005
0 0 20.59102235030618 0
1 0 19.89123991918216 -1
2 0 20.610266125412483 0
3 0 20.363327582255646 0

0 1 20.861601782226867 -1
1 1 22.475050962176404 1
2 1 21.46104142778839 0
3 1 20.664206556915055 0

0 2 21.958200955311312 0
1 2 21.594329225814278 0
2 2 20.989695464146358 0
3 2 20.44979693518635 0

0 3 21.72027243422913 0
1 3 20.290201267758114 -1
2 3 20.457797743788806 0
3 3 20.204262700094805 0


# 19.52000000000001 20.0 2.9186951046442005
0 0 20.573019646112066 0
1 0 19.87682788338092 -1
2 0 20.60216931086626 0
3 0 20.35968429970782 0

0 1 20.822609766136537 -1
1 1 22.461306215629378 1
2 1 21.447519969825233 0
3 1 20.660513895981254 0

0 2 21.9227230523024 0
1 2 21.585768534973226 0
2 2 20.989480680072617 0
3 2 20.450276551222306 0

0 3 21.67913771843761 0
1 3 20.259805262478668 -1
2 3 20.45313282226143 0
3 3 20.201990155373196 0


# 19.52000000000001 20.0 2.9186951046442005
0 0 20.55502419064624 0
1 0 19.862543108884623 -1
2 0 20.59403516835089 0
3 0 20.356030253690324 0

0 1 20.78444879746174 -1
1 1 22.447326882212906 1
2 1 21.434335290793033 0
3 1 20.65678001749851 0

0 2 21.88768094471617 0
1 2 21.576663170528278 0
2 2 20.988958501446792 0
3 2 20.45065768016279 0

0 3 21.638698595060195 0
1 3 20.230035376508763 -1
2 3 20.448273052126396 0
3 3 20.19974567856723 0


# 19.52000000000001 20.0 2.9186951046442005
0 0 20.537047222659133 0
1 0 19.848377209590144 -1
2 0 20.585870604329035 0
3 0 20.352364972019405 0

0 1 20.747086608563404 -1
1 1 22.433132739220383 1
2 1 21.421464099184906 0
3 1 20.653009097779975 0

0 2 21.853067725527914 0
1 2 21.567045670455368 0
2 2 20.9881377794005 0
3 2 20.45094076826493 0

0 3 21.598942682862468 0
1 3 20.200865027560727 -1
2 3 20.44323056576343 0
3 3 20.19752489014715 0


# 19.52000000000001 20.0 2.9186951046442005
0 0 20.519099088461246 0
1 0 19.834322595971486 -1
2 0 20.577681858953326 0
3 0 20.348688124507508 0

0 1 20.710492565642255 -1
1 1 22.418742266912854 1
2 1 21.40888467446059 0
3 1 20.649204878480013 0

0 2 21.81887665208326 0
1 2 21.556946938985 0
2 2 20.987027201358963 0
3 2 20.451126339637636 0

0 3 21.559857646435148 0
1 3 20.17226911821738 -1
2 3 20.438016736518048 0
3 3 20.19532371101572 0


# 19.52000000000001 20.0 2.9186951046442005
0 0 20.501189303216005 0
1 0 19.82037240808967 -1
2 0 20.56947456336198 0
3 0 20.34499950532734 0

0 1 20.674637576551827 -1
1 1 22.40417273727808 1
2 1 21.39657676265223 0
3 1 20.64537070487526 0

0 2 21.78510113863943 0
1 2 21.546396328259647 0
2 2 20.985635289698543 0
3 2 20.45121498983993 0

0 3 21.521431214245766 0
1 3 20.14422394660053 -1
2 3 20.432642228952066 0
3 3 20.19313834404466 0


# 19.52000000000001 20.0 2.9186951046442005
0 0 20.483326608115927 0
1 0 19.806520453854976 -1
2 0 20.56125379236279 0
3 0 20.34129901710241 0

0 1 20.639494004145053 -1
1 1 22.389440296475676 1
2 1 21.384521479045873 0
3 1 20.641509561102357 0

0 2 21.75173474937638 0
1 2 21.535421715888997 0
2 2 20.983970400757734 0
3 2 20.45120737993751 0

0 3 21.48365119488464 0
1 3 20.116707122520015 -1
2 3 20.427117045743948 0
3 3 20.190965256767228 0


# 19.52000000000001 20.0 2.9186951046442005
0 0 20.465519023719754 0
1 0 19.792761152143765 -1
2 0 20.55302411286306 0
3 0 20.33758665657431 0

0 1 20.605035584805822 -1
1 1 22.374560041427458 1
2 1 21.372701217445478 0
3 1 20.637624102583544 0

0 2 21.718771191849523 0
1 2 21.52404957860498 0
2 2 20.982040724182145 0
3 2 20.45110423098253 0

0 3 21.44650549164123 0
1 3 20.089697488766056 -1
2 3 20.42145057145929 0
3 3 20.18880116515291 0


# 19.52000000000001 20.0 2.9186951046442005
0 0 20.447773899709237 0
1 0 19.779089480401723 -1
2 0 20.54478962837587 0
3 0 20.33386250170915 0

0 1 20.571237351839812 -1
1 1 22.359546090978444 1
2 1 21.361099565561535 0
3 1 20.633716685854075 0

0 2 21.686204310856876 0
1 2 21.512305062209343 0
2 2 20.979854282583954 0
3 2 20.450906318884353 0

0 3 21.40998211553762 0
1 3 20.063175047228356 -1
2 3 20.415651613397582 0
3 3 20.18664301839479 0


# 19.640000000000008 20.0 2.9186951046442005
0 0 20.4308179613066 0
1 0 19.76586956639278 -1
2 0 20.536918443588046 0
3 0 20.330851073200925 0

0 1 20.538444203420244 -1
1 1 22.344420499382487 1
2 1 21.349705705351482 0
3 1 20.630158142217446 0

0 2 21.654392506374894 0
1 2 21.50021652725013 0
2 2 20.977419038998526 0
3 2 20.45097889588654 0

0 3 21.374793570021506 0
1 3 20.037489635772797 -1
2 3 20.410092865952876 0
3 3 20.18521673087465 0


# 19.760000000000005 20.0 2.9186951046442005
0 0 20.41536027993732 0
1 0 19.753463435279176 -1
2 0 20.529776111523326 0
3 0 20.32925964561058 0

0 1 20.506999626304932 -1
1 1 22.329212938942355 1
2 1 21.33851862627479 0
3 1 20.627316586257578 0

0 2 21.623692137790066 0
1 2 21.48781989896017 0
2 2 20.97475184857149 0
3 2 20.45168520424775 0

0 3 21.341635182783484 0
1 3 20.012989646442698 -1
2 3 20.40514446429352 0
3 3 20.185230884585657 0


# 19.880000000000003 20.0 2.9186951046442005
0 0 20.401372866598585 0
1 0 19.741862314002223 -1
2 0 20.523361201869996 0
3 0 20.32905443182613 0

0 1 20.476876977320096 -1
1 1 22.31395165167181 1
2 1 21.32754230767405 0
3 1 20.625188672959734 0

0 2 21.59409305271165 0
1 2 21.47515397820285 0
2 2 20.971878071293077 0
3 2 20.453021997215405 0

0 3 21.31046130859313 0
1 3 19.989653198305177 -1
2 3 20.4008095426434 0
3 3 20.18664855121888 0


# 20.0 20.0 2.9186951046442005
0 0 20.388828314896905 0
1 0 19.731057790835393 -1
2 0 20.517671885755483 0
3 0 20.33020279898497 0

0 1 20.448050620504016 -1
1 1 22.29866362875816 1
2 1 21.316781104010893 0
3 1 20.62377081949796 0

0 2 21.56558513538536 0
1 2 21.462255947654015 0
2 2 20.968822346969294 0
3 2 20.45498597394459 0

0 3 21.281227561488063 0
1 3 19.967459280597787 -1
2 3 20.397090703997808 0
3 3 20.18943412351031 0


# 20.119999999999997 20.0 2.9186951046442005
0 0 20.37769979649669 0
1 0 19.72104178735243 -1
2 0 20.51270597483793 0
3 0 20.33267321975354 0

0 1 20.42049587717053 -1
1 1 22.283374671172023 1
2 1 21.306239696768095 0
3 1 20.62305923176464 0

0 2 21.538158312334925 0
1 2 21.44916143749951 0
2 2 20.965608608061288 0
3 2 20.457573786598953 0

0 3 21.253890780389685 0
1 3 19.946387705875324 -1
2 3 20.393990059679265 0
3 3 20.19355326121928 0


# 20.239999999999995 20.0 2.9186951046442005
0 0 20.367961055797082 0
1 0 19.711806532705314 -1
2 0 20.50846095728546 0
3 0 20.336435226111014 0

0 1 20.394188978801015 -1
1 1 22.268109446705054 1
2 1 21.295923050249023 0
3 1 20.62304992878603 0

0 2 21.51180255757714 0
1 2 21.43590458831816 0
2 2 20.962260092692492 0
3 2 20.460782046954172 0

0 3 21.228408995457087 0
1 3 19.926419065950014 -1
2 3 20.391509266211077 0
3 3 20.19897283957337 0


# 20.359999999999992 20.0 2.9186951046442005
0 0 20.359586403926464 0
1 0 19.703344540026695 -1
2 0 20.50493403087611 0
3 0 20.341459365486962 0

0 1 20.369107022589876 -1
1 1 22.252891543677418 1
2 1 21.285836370989454 0
3 1 20.623738765178185 0

0 2 21.48650789743528 0
1 2 21.42251811127595 0
2 2 20.958799357788422 0
3 2 20.464607332532577 0

0 3 21.204741395181255 0
1 3 19.907534690452135 -1
2 3 20.389649559683978 0
3 3 20.205660900055324 0


# 20.47999999999999 20.0 2.9186951046442005
0 0 20.35255071213651 0
1 0 19.695648584785854 -1
2 0 20.50212213343446 0
3 0 20.347717159112783 0

0 1 20.345227929480092 -1
1 1 22.23774352153928 1
2 1 21.275985070517244 0
3 1 20.625121451786654 0

0 2 21.462264414974246 0
1 2 21.40903334575175 0
2 2 20.955248292316405 0
3 2 20.46904619229611 0

0 3 21.182848294219845 0
1 3 19.88971660784901 -1
2 3 20.388411787779898 0
3 3 20.213586603414246 0


# 20.599999999999987 20.0 2.9186951046442005
0 0 20.346829404670785 0
1 0 19.688711684940582 -1
2 0 20.50002197080506 0
3 0 20.355181062455824 0

0 1 20.322530404536142 -1
1 1 22.222686958574343 1
2 1 21.266374731214206 0
3 1 20.627193574643208 0

0 2 21.43906225407942 0
1 2 21.3954803145095 0
2 2 20.951628130594813 0
3 2 20.4740951519235 0

0 3 21.16269110197107 0
1 3 19.872947508770476 -1
2 3 20.387796439606497 0
3 3 20.222720184789694 0


# 20.719999999999985 20.0 2.9186951046442005
0 0 20.342398451176358 0
1 0 19.682527082739746 -1
2 0 20.498630042548164 0
3 0 20.36382442761371 0

0 1 20.300993899511585 -1
1 1 22.207742496898476 1
2 1 21.25701107505214 0
3 1 20.629950612363267 0

0 2 21.41689162319999 0
1 2 21.381887776526607 0
2 2 20.947959465643567 0
3 2 20.47975071869627 0

0 3 21.144232291883757 0
1 3 19.85721071149832 -1
2 3 20.387803673486204 0
3 3 20.233032910843455 0


# 20.839999999999982 20.0 2.9186951046442005
0 0 20.339234358721026 0
1 0 19.677088228042688 -1
2 0 20.497942665529642 0
3 0 20.373621467554333 0

0 1 20.28059857747793 -1
1 1 22.192929884932543 1
2 1 21.247899934991267 0
3 1 20.63338795209891 0

0 2 21.39574279877625 0
1 2 21.36828327758354 0
2 2 20.944262262549763 0
3 2 20.48600938601693 0

0 3 21.127435371499235 0
1 3 19.842490129486215 -1
2 3 20.388433342834336 0
3 3 20.244497038799306 0


# 20.95999999999998 20.0 2.9186951046442005
0 0 20.337314163473316 0
1 0 19.67238876303212 -1
2 0 20.49795599556433 0
3 0 20.384547222094337 0

0 1 20.261325279390043 -1
1 1 22.178268017515745 1
2 1 21.23904722884443 0
3 1 20.637500904154226 0

0 2 21.375606128369323 0
1 2 21.354693198714582 0
2 2 20.940555871824298 0
3 2 20.492867637581554 0

0 3 21.11226485321953 0
1 3 19.828770240785015 -1
2 3 20.389685020252198 0
3 3 20.257085777296535 0


# 21.079999999999977 20.0 2.9186951046442005
0 0 20.336615422097342 0
1 0 19.668422508206902 -1
2 0 20.498666047260375 0
3 0 20.396577525515916 0

0 1 20.24315549247145 -1
1 1 22.163774973813837 1
2 1 21.23045893542453 0
3 1 20.642284715362013 0

0 2 21.356472033510677 0
1 2 21.341142802615487 0
2 2 20.936859042727217 0
3 2 20.500321951227757 0

0 3 21.098686225795173 0
1 3 19.816036059256 -1
2 3 20.391558019952964 0
3 3 20.270773248968027 0


# 21.199999999999974 20.0 2.9186951046442005
0 0 20.33711620290998 0
1 0 19.66518344955002 -1
2 0 20.500068712201326 0
3 0 20.409688975728102 0

0 1 20.22607132031046 -1
1 1 22.149468053165577 1
2 1 21.222141072805627 0
3 1 20.647734581313948 0

0 2 21.33833101228788 0
1 2 21.327656278099184 0
2 2 20.933189936541336 0
3 2 20.50836880247807 0

0 3 21.08666592652507 0
1 3 19.804273107462173 -1
2 3 20.394051418630596 0
3 3 20.28553445465848 0


# 21.319999999999972 20.0 2.9186951046442005
0 0 20.338795076843546 0
1 0 19.662665726775444 -1
2 0 20.50215977559258 0
3 0 20.423858904884767 0

0 1 20.210055454564984 -1
1 1 22.135363809000573 1
2 1 21.21409967854034 0
3 1 20.6538456575296 0

0 2 21.321173641682062 0
1 2 21.314256782686655 0
2 2 20.92956613977538 0
3 2 20.517004667797554 0

0 3 21.0761713141599 0
1 3 19.793467391134488 -1
2 3 20.39716407487493 0
3 3 20.301345239202846 0


# 21.43999999999997 20.0 2.9186951046442005
0 0 20.341631108253264 0
1 0 19.66086362256503 -1
2 0 20.504934931489576 0
3 0 20.439065351377145 0

0 1 20.195091148180484 -1
1 1 22.121478080952215 1
2 1 21.206340791687364 0
3 1 20.660613069643702 0

0 2 21.30499057967174 0
1 2 21.3009664834161 0
2 2 20.926004677279472 0
3 2 20.52622602758357 0

0 3 21.067170642499818 0
1 3 19.78360537511633 -1
2 3 20.400894647229364 0
3 3 20.318182258689298 0


# 21.559999999999967 20.0 2.9186951046442005
0 0 20.34560384560509 0
1 0 19.659771552713863 -1
2 0 20.508389796716354 0
3 0 20.455287033123888 0

0 1 20.181162190031653 -1
1 1 22.107826025280698 1
2 1 21.198870436513413 0
3 1 20.668031922685316 0

0 2 21.289772567116895 0
1 2 21.28780659594965 0
2 2 20.92252202525737 0
3 2 20.536029368904643 0

0 3 21.059633034676622 0
1 3 19.77467396069571 -1
2 3 20.405241610981438 0
3 3 20.336022949135117 0


# 21.679999999999964 20.0 2.9186951046442005
0 0 20.350693312076253 0
1 0 19.65938405710876 -1
2 0 20.51251992357522 0
3 0 20.472503322086553 0

0 1 20.16825288090401 -1
1 1 22.094422143712933 1
2 1 21.19169460774354 0
3 1 20.67609730951735 0

0 2 21.27551042943635 0
1 2 21.274797422053297 0
2 2 20.91913412416121 0
3 2 20.546411188004413 0

0 3 21.05352845810985 0
1 3 19.766660464240225 -1
2 3 20.410203273770655 0
3 3 20.354845496507554 0


# 21.79999999999996 20.0 2.9186951046442005
0 0 20.35687999609766 0
1 0 19.65969579147082 -1
2 0 20.51732081144067 0
3 0 20.49069421994293 0

0 1 20.156348010737005 -1
1 1 22.081280310798768 1
2 1 21.184819257242864 0
3 1 20.684804318499904 0

0 2 21.262195078090823 0
1 2 21.26195838552223 0
2 2 20.915856391455954 0
3 2 20.55736799258579 0

0 3 21.048827700125866 0
1 3 19.75955259705516 -1
2 3 20.415777790092513 0
3 3 20.37462880802542 0


# 21.91999999999996 20.0 2.9186951046442005
0 0 20.36414484186464 0
1 0 19.660701519798295 -1
2 0 20.52278791732397 0
3 0 20.50984033485487 0

0 1 20.1454328370551 -1
1 1 22.06841379987585 1
2 1 21.178250282021075 0
3 1 20.69414804043645 0

0 2 21.249817511883446 0
1 2 21.249308066620408 0
2 2 20.912703734241905 0
3 2 20.56889630388963 0

0 3 21.0455023442286 0
1 3 19.75333844639014 -1
2 3 20.421963174772518 0
3 3 20.39535248468045 0


# 22.039999999999957 20.0 2.9186951046442005
0 0 20.372469239839752 0
1 0 19.66239610745124 -1
2 0 20.52891666548829 0
3 0 20.529922859271192 0

0 1 20.135493064517973 -1
1 1 22.055835307729136 1
2 1 21.171993513458812 0
3 1 20.704123574857555 0

0 2 21.238368818088745 0
1 2 21.23686423510003 0
2 2 20.909690561724947 0
3 2 20.580992658581422 0

0 3 21.043524747010114 0
1 3 19.748006457524344 -1
2 3 20.428757315479228 0
3 3 20.41699679492068 0


# 22.159999999999954 20.0 2.9186951046442005
0 0 20.38183501726915 0
1 0 19.664774514824128 -1
2 0 20.53570245618843 0
3 0 20.55092354870998 0

0 1 20.126514825525263 -1
1 1 22.043556978025038 1
2 1 21.16605470766234 0
3 1 20.714726035692983 0

0 2 21.227840173420642 0
1 2 21.224643881863567 0
2 2 20.90683079752519 0
3 2 20.59365361045867 0

0 3 21.042868015689088 0
1 3 19.743545416864706 -1
2 3 20.436157984340827 0
3 3 20.43954264944113 0


# 22.27999999999995 20.0 2.9186951046442005
0 0 20.39222442873165 0
1 0 19.667831791556857 -1
2 0 20.543140673603666 0
3 0 20.572824701467983 0

0 1 20.11848466181533 -1
1 1 22.03159042359461 1
2 1 21.160439536859545 0
3 1 20.725950556379313 0

0 2 21.21822284484939 0
1 2 21.212663249328124 0
2 2 20.904137891815825 0
3 2 20.606875731991042 0

0 3 21.04350598626485 0
1 3 19.739944435995593 -1
2 3 20.444162848725544 0
3 3 20.462971577029847 0


# 22.39999999999995 20.0 2.9186951046442005
0 0 20.40362014673778 0
1 0 19.6715630712387 -1
2 0 20.551226693027107 0
3 0 20.595609139208012 0

0 1 20.111389507001267 -1
1 1 22.019946747635203 1
2 1 21.155153581756576 0
3 1 20.737792294446848 0

0 2 21.209508190276846 0
1 2 21.200937860549054 0
2 2 20.90162483328493 0
3 2 20.620655615704557 0

0 3 21.045413202274585 0
1 3 19.737192936622368 -1
2 3 20.452769481242317 0
3 3 20.487265701420135 0


# 22.519999999999946 20.0 2.9186951046442005
0 0 20.416005252394097 0
1 0 19.675963566563354 -1
2 0 20.559955887370304 0
3 0 20.619260188378327 0

0 1 20.105216669990888 -1
1 1 22.00863656389503 1
2 1 21.150202324780224 0
3 1 20.750246435626437 0

0 2 21.201687659078992 0
1 2 21.189482547157276 0
2 2 20.899304160913868 0
3 2 20.63498987542049 0

0 3 21.048564894141116 0
1 3 19.735280636354716 -1
2 3 20.461975369014404 0
3 3 20.512407719102228 0


# 22.639999999999944 20.0 2.9186951046442005
0 0 20.42936322614656 0
1 0 19.681028564896636 -1
2 0 20.569323633037413 0
3 0 20.643761662420673 0

0 1 20.099953819240717 -1
1 1 21.99767001590097 1
2 1 21.145591144136517 0
3 1 20.763308197513858 0

0 2 21.19475279252414 0
1 2 21.17831147616205 0
2 2 20.897187975566805 0
3 2 20.649875147359026 0

0 3 21.05293695909858 0
1 3 19.73419753527912 -1
2 3 20.471777922275177 0
3 3 20.53838087805016 0


# 22.75999999999994 20.0 2.9186951046442005
0 0 20.443677938614933 0
1 0 19.686753424221617 -1
2 0 20.579325315219187 0
3 0 20.669097844726323 0

0 1 20.095588967797088 -1
1 1 21.98705679528553 1
2 1 21.14132530862099 0
3 1 20.77697283282675 0

0 2 21.18869522407482 0
1 2 21.16743817566875 0
2 2 20.895287951386685 0
3 2 20.665308091117108 0

0 3 21.05850594168328 0
1 3 19.733933903272924 -1
2 3 20.482174482332137 0
3 3 20.56516895732174 0


# 22.87999999999994 20.0 2.9186951046442005
0 0 20.45893364152902 0
1 0 19.693133569428714 -1
2 0 20.589956332653294 0
3 0 20.695253472301935 0

0 1 20.09211045908028 -1
1 1 21.976806159265408 1
2 1 21.137409973120768 0
3 1 20.791235632286504 0

0 2 21.183506679580866 0
1 2 21.15687555955872 0
2 2 20.89361534699367 0
3 2 20.68128539052941 0

0 3 21.065249014776924 0
1 3 19.734480268015474 -1
2 3 20.49316232894216 0
3 3 20.592756247491817 0


# 22.999999999999936 20.0 2.9186951046442005
0 0 20.475114958776082 0
1 0 19.700164488921043 -1
2 0 20.60121210189398 0
3 0 20.72221372010923 0

0 1 20.08950695337038 -1
1 1 21.96692694732032 1
2 1 21.133850174752904 0
3 1 20.80609192715517 0

0 2 21.179178977370942 0
1 2 21.146635951176307 0
2 2 20.892181016482784 0
3 2 20.697803754420733 0

0 3 21.07314396118959 0
1 3 19.735827403654522 -1
2 3 20.504738687138136 0
3 3 20.621127531880816 0


# 23.119999999999933 20.0 2.9186951046442005
0 0 20.49220687756764 0
1 0 19.70784173150774 -1
2 0 20.613088061130874 0
3 0 20.749964186044732 0

0 1 20.08776741495593 -1
1 1 21.95742759711766 1
2 1 21.130650829587402 0
3 1 20.821537091455287 0

0 2 21.175704028249225 0
1 2 21.136731106065895 0
2 2 20.890995420218157 0
3 2 20.714859917257712 0

0 3 21.08216915576961 0
1 3 19.737966320088717 -1
2 3 20.516900733544585 0
3 3 20.650268068542733 0


# 23.23999999999993 20.0 2.9186951046442005
0 0 20.510194739732768 0
1 0 19.71616090356019 -1
2 0 20.625579673593684 0
3 0 20.77849087652771 0

0 1 20.086881099908975 -1
1 1 21.948316159725483 1
2 1 21.127816729907117 0
3 1 20.837566543898475 0

0 2 21.17307383540369 0
1 2 21.127172233799964 0
2 2 20.890068635421798 0
3 2 20.732450639707245 0

0 3 21.09230354802781 0
1 3 19.740888252829457 -1
2 3 20.52964560221724 0
3 3 20.680163572978287 0


# 23.35999999999993 20.0 2.9186951046442005
0 0 20.529064233144016 0
1 0 19.72511766640822 -1
2 0 20.638682430576864 0
3 0 20.807780192666414 0

0 1 20.086837544452077 -1
1 1 21.93960031415347 1
2 1 21.125352541960183 0
3 1 20.854175749546744 0

0 2 21.171280494232093 0
1 2 21.117970018937207 0
2 2 20.889410366555413 0
3 2 20.750572709108507 0

0 3 21.103526645263546 0
1 3 19.744584653407635 -1
2 3 20.54297039003941 0
3 3 20.71080020154084 0


# 23.479999999999926 20.0 2.9186951046442005
0 0 20.548801383281155 0
1 0 19.73470773395521 -1
2 0 20.652391854115617 0
3 0 20.83781891697437 0

0 1 20.08762655388509 -1
1 1 21.931287381258954 1
2 1 21.123262804163815 0
3 1 20.87136022122874 0

0 2 21.170316192091374 0
1 2 21.109134641147982 0
2 2 20.88902995549427 0
3 2 20.769222939865116 0

0 3 21.115818496180047 0
1 3 19.749047180292923 -1
2 3 20.55687216170569 0
3 3 20.74216453550422 0


# 23.599999999999923 20.0 2.9186951046442005
0 0 20.569392544937116 0
1 0 19.864926870492834 1
2 0 20.66814349934233 0
3 0 20.868611480610145 0

0 1 20.089238192041368 -1
1 1 21.924824337052677 1
2 1 21.12158648572137 0
3 1 20.889116142811492 0

0 2 21.170173207975967 0
1 2 21.10069307454267 0
2 2 20.888937013572562 0
3 2 20.788398188693442 0

0 3 21.12915967497679 0
1 3 19.75426789765532 -1
2 3 20.571347964274835 0
3 3 20.774243566061685 0


# 23.71999999999992 20.0 2.9186951046442005
0 0 20.59226439406979 0
1 0 19.990782728697713 1
2 0 20.685813240710303 0
3 0 20.840160619910442 -1

0 1 20.21169733124481 1
1 1 21.921529884316627 1
2 1 21.120375089783675 0
3 1 20.90672047159406 0

0 2 21.172284534210146 0
1 2 21.092704038921678 0
2 2 20.889141940301162 0
3 2 20.8080867365038 0

0 3 21.14354855586001 0
1 3 19.760239852662476 -1
2 3 20.586394854083597 0
3 3 20.807024576770512 0


# 23.839999999999918 20.0 2.9186951046442005
0 0 20.618732636602587 0
1 0 20.112562763231963 1
2 0 20.70456626627558 0
3 0 20.8146102784481 -1

0 1 20.33003660799408 1
1 1 21.921164591868607 1
2 1 21.11965620471453 0
3 1 20.924226450423106 0

0 2 21.176524054206627 0
1 2 21.085219090321903 0
2 2 20.88965540979419 0
3 2 20.828277970814494 0

0 3 21.15898197473148 0
1 3 19.766956929880294 -1
2 3 20.602009913209425 0
3 3 20.84049514661506 0


# 23.959999999999916 20.0 2.9186951046442005
0 0 20.648569454139604 0
1 0 20.230526730923625 1
2 0 20.724352001661043 0
3 0 20.791867249848977 -1

0 1 20.444530167660908 1
1 1 21.923507877782367 1
2 1 21.11945360776416 0
3 1 20.941684125446468 0

0 2 21.18277481872252 0
1 2 21.078283314420606 0
2 2 20.890488247798572 0
3 2 20.848962306278604 0

0 3 21.17545540462438 0
1 3 19.774413722412373 -1
2 3 20.61819026225654 0
3 3 20.874643152159337 0


# 24.079999999999913 20.0 2.9186951046442005
0 0 20.68156163657359 0
1 0 20.344917666417036 1
2 0 20.74512407987964 0
3 0 20.771841727318325 -1

0 1 20.55543403261609 1
1 1 21.928356563103428 1
2 1 21.11978767078622 0
3 1 20.959140492630315 0

0 2 21.190928349356106 0
1 2 21.071935957920463 0
2 2 20.89165132627114 0
3 2 20.870131109067632 0

0 3 21.192963114919124 0
1 3 19.782605418092206 -1
2 3 20.634933070000038 0
3 3 20.909456768830413 0


# 24.19999999999991 20.0 2.9186951046442005
0 0 20.71750963804534 0
1 0 20.45596300779986 1
2 0 20.76683997739555 0
3 0 20.754447190775174 -1

0 1 20.66298733785227 1
1 1 21.81552353576677 -1
2 1 21.059235726573245 -1
3 1 20.975902360256832 0

0 2 21.200883995611452 0
1 2 21.06477100324918 0
2 2 20.89240091351681 0
3 2 20.89175872299804 0

0 3 21.21149831574648 0
1 3 19.791510419200282 -1
2 3 20.652226298278606 0
3 3 20.944924145407835 0


# 24.319999999999908 20.0 2.9186951046442005
0 0 20.756226695223532 0
1 0 20.562435643972893 1
2 0 20.78870612108079 0
3 0 20.739582393683317 -1

0 1 20.765973480381696 1
1 1 21.70980739630009 -1
2 1 21.000794213191583 -1
3 1 20.99206008508452 0

0 2 21.2125137813883 0
1 2 21.056936785218085 0
2 2 20.892786261904238 0
3 2 20.91382210254088 0

0 3 21.231052666786667 0
1 3 19.80110957059727 -1
2 3 20.670058633485816 0
3 3 20.981033445005473 0


# 24.439999999999905 20.0 2.9186951046442005
0 0 20.797503443687738 0
1 0 20.664645550458854 1
2 0 20.8107207298834 0
3 0 20.72715079729033 -1

0 1 20.86472048966218 1
1 1 21.610781805740054 -1
2 1 20.944432277549733 -1
3 1 21.007698423639543 0

0 2 21.225700721869995 0
1 2 21.048568359848954 0
2 2 20.89285509781394 0
3 2 20.93630061783167 0

0 3 21.25161649429195 0
1 3 19.811385890483702 -1
2 3 20.688419464079047 0
3 3 21.017772881968202 0


# 24.559999999999903 20.0 2.9186951046442005
0 0 20.84114571219643 0
1 0 20.76288221631342 1
2 0 20.83288404272214 0
3 0 20.71706035818422 -1

0 1 20.959533767974044 1
1 1 21.518049278524764 -1
2 1 20.890117370339752 -1
3 1 21.02289683000295 0

0 2 21.180337915016835 -1
1 2 20.979068616758276 -1
2 2 20.891924925946974 0
3 2 20.959167127537757 0

0 3 21.212458986163448 -1
1 3 19.820867047887397 -1
2 3 20.707272624857357 0
3 3 21.055130335246087 0


# 24.6799999999999 19.0 2.9186951046442005
0 0 20.886973458368807 0
1 0 20.857416044583648 1
2 0 20.8551980382051 0
3 0 20.709223323708084 -1

0 1 21.04997767754206 1
1 1 21.43050186966626 -1
2 1 20.8377979965293 -1
3 1 21.037729424516126 0

0 2 21.137381785951693 -1
1 2 20.911441430707306 -1
2 2 20.8901006796571 0
3 2 20.9823976334542 0

0 3 21.17574944866763 -1
1 3 19.949644193926915 1
2 3 20.66802567711931 -1
3 3 21.09239072290411 0


# 24.799999999999898 19.0 2.9186951046442005
0 0 20.93481113853304 0
1 0 20.948490703267986 1
2 0 20.877665864882548 0
3 0 20.703556027527377 -1

0 1 21.136350952615103 1
1 1 21.347846752919715 -1
2 1 20.787423805359598 -1
3 1 21.052265318282544 0

0 2 21.0967342529256 -1
1 2 20.847104152586507 -1
2 2 20.886795262255795 0
3 2 21.005954348490434 0

0 3 21.142859009877824 -1
1 3 20.072095003856987 1
2 3 20.6330239705485 -1
3 3 21.129612396708026 0


# 24.919999999999895 19.0 2.9186951046442005
0 0 20.984496037416445 0
1 0 21.036334197593355 1
2 0 20.900291666923245 0
3 0 20.699978694358858 -1

0 1 21.21893313712441 1
1 1 21.269827652291536 -1
2 1 20.738937621499375 -1
3 1 21.06656862288686 0

0 2 21.05833816989779 -1
1 2 20.78588782632198 -1
2 2 20.88219473486984 0
3 2 21.02980477490741 0

0 3 21.113601283607277 -1
1 3 20.188617170660727 1
2 3 20.602002055412324 -1
3 3 21.166848032390373 0


# 25.039999999999893 19.0 2.9186951046442005
0 0 21.035877388086064 0
1 0 21.121160121782044 1
2 0 20.92308033416415 0
3 0 20.69841524884655 -1

0 1 21.29798646388849 1
1 1 21.196203589383444 -1
2 1 20.692285183043055 -1
3 1 21.080698803207174 0

0 2 21.022137673647897 -1
1 2 20.727635048681268 -1
2 2 20.876470112340616 0
3 2 21.05392117773656 0

0 3 21.08780069552912 -1
1 3 20.299584503088447 1
2 3 20.57471280085884 -1
3 3 21.204145110967463 0


# 25.15999999999989 19.0 2.9186951046442005
0 0 21.08881556114301 0
1 0 21.203168590483486 1
2 0 20.946037388397734 0
3 0 20.698793134187333 -1

0 1 21.373756914295264 1
1 1 21.126747965931074 -1
2 1 20.647414945495505 -1
3 1 21.094711004561503 0

0 2 20.98807820325675 -1
1 2 20.67219913575997 -1
2 2 20.869778523666476 0
3 2 21.078280103941967 0

0 3 21.065291822966213 -1
1 3 20.405348399073752 1
2 3 20.55092612762726 -1
3 3 21.241546361751464 0


# 25.279999999999887 19.0 2.9186951046442005
0 0 21.143181306999207 0
1 0 21.282547109619117 1
2 0 20.96916888035665 0
3 0 20.701043139975607 -1

0 1 21.446475213609105 1
1 1 21.061247700420186 -1
2 1 20.604277901419778 -1
3 1 21.10865635611397 0

0 2 20.95610651278799 -1
1 2 20.619443350874874 -1
2 2 20.862264284336852 0
3 2 21.102861943602832 0

0 3 21.04591877628177 -1
1 3 20.50623922537006 1
2 3 20.530427828724417 -1
3 3 21.279090169996337 0


# 25.399999999999885 19.0 2.9186951046442005
0 0 21.198855047825973 0
1 0 21.359471390558348 1
2 0 20.992481296565117 0
3 0 20.705099238768632 -1

0 1 21.516357765769932 1
1 1 20.999502415703493 -1
2 1 20.562827414384262 -1
3 1 21.12258225231825 0

0 2 20.926170677966013 -1
1 2 20.569240189273398 -1
2 2 20.854059887200503 0
3 2 21.127650529685695 0

0 3 21.029534619175656 -1
1 3 20.602567609550597 1
2 3 20.51301847191896 -1
3 3 21.316810951895725 0


# 25.519999999999882 19.0 2.9186951046442005
0 0 21.255726215980175 0
1 0 21.434106111293882 1
2 0 21.015981475282743 0
3 0 20.710898430904173 -1

0 1 21.58360753132339 1
1 1 20.941323674705025 -1
2 1 20.523019065967897 -1
3 1 21.136532614039574 0

0 2 20.89822009756871 -1
1 2 20.521470715416573 -1
2 2 20.84528691801075 0
3 2 21.15263277324625 0

0 3 21.016000825370764 -1
1 3 20.694625650101948 1
2 3 20.498512378338464 -1
3 3 21.354739499446495 0


# 25.63999999999988 19.0 2.9186951046442005
0 0 21.313692635916293 0
1 0 21.506605628050387 1
2 0 21.039676530819936 0
3 0 20.718380597129936 -1

0 1 21.64841485190609 1
1 1 20.886534261455274 -1
2 1 20.484810514693343 -1
3 1 21.150548130870746 0

0 2 20.872205490183145 -1
1 2 20.47602394891359 -1
2 2 20.836056901328533 0
3 2 21.177798331149656 0

0 3 21.005186769340835 -1
1 3 20.78268804995678 1
2 3 20.48673667185703 -1
3 3 21.3929032975025 0


# 25.759999999999877 19.0 2.9186951046442005
0 0 21.372659946782782 0
1 0 21.577114640540966 1
2 0 21.063573785553867 0
3 0 20.727488358630353 -1

0 1 21.71095822450709 1
1 1 20.83496750484928 -1
2 1 20.448161365859292 -1
3 1 21.164666486041845 0

0 2 20.84807888690859 -1
1 2 20.432796295482255 -1
2 2 20.826472082036943 0
3 2 21.203139303628344 0

0 3 20.99696924888695 -1
1 3 20.86701317845331 1
2 3 20.47753039433495 -1
3 3 21.431326815167967 0


# 25.879999999999875 19.0 2.9186951046442005
0 0 21.432541063079178 0
1 0 21.645768813880032 1
2 0 21.08768070902104 0
3 0 20.738166944060413 -1

0 1 21.771405028535835 1
1 1 20.786466642661605 -1
2 1 20.413033051335184 -1
3 1 21.178922565216375 0

0 2 20.825793620533286 -1
1 2 20.39169101958333 -1
2 2 20.816626147325753 0
3 2 21.228649959208475 0

0 3 20.991232037514855 -1
1 3 20.947844066375467 1
2 3 20.47074368211931 -1
3 3 21.470031773517853 0


# 25.999999999999872 19.0 2.9186951046442005
0 0 21.493255670917318 0
1 0 21.71269535996827 1
2 0 21.11200486350652 0
3 0 20.75036406321891 -1

0 1 21.829912208546677 1
1 1 20.74088422348705 -1
2 1 20.379388718465524 -1
3 1 21.193348650368 0

0 2 20.805304311658627 -1
1 2 20.352617755629492 -1
2 2 20.80660489363919 0
3 2 21.25432648473202 0

0 3 20.98786546470073 -1
1 3 21.02540933841709 1
2 3 20.466236999537188 -1
3 3 21.50903739148244 0


# 26.11999999999987 19.0 2.9186951046442005
0 0 21.554729757586472 0
1 0 21.77801358098456 1
2 0 21.136553855591274 0
3 0 20.76402978701454 -1

0 1 21.8866269153005 1
1 1 20.698081544404232 -1
2 1 20.34719312730721 -1
3 1 21.20797459984119 0

0 2 20.786566852196533 -1
1 2 20.31549205490316 -1
2 2 20.79648684274226 0
3 2 21.280166758382062 0

0 3 20.986766022258866 -1
1 3 21.099924087123963 1
2 3 20.46388042541281 -1
3 3 21.54836061159461 0


# 26.239999999999867 19.0 2.9186951046442005
0 0 21.616895172268777 0
1 0 21.84183537745038 1
2 0 21.161335293157705 0
3 0 20.779116433398002 -1

0 1 21.941687107684313 1
1 1 20.65792812228097 -1
2 1 20.31641255549273 -1
3 1 21.222828015615132 0

0 2 20.769538386622433 -1
1 2 20.280234965533044 -1
2 2 20.78634381074848 0
3 2 21.306170143785515 0

0 3 20.9878359951425 -1
1 3 21.171590692097816 1
2 3 20.463552988918764 -1
3 3 21.588016307169653 0


# 26.359999999999864 19.0 2.941687107684313
0 0 21.679689215888715 0
1 0 21.904265723173392 1
2 0 21.18635674738985 0
3 0 20.79557845895173 -1

0 1 21.995222117859075 1
1 1 20.620301196756184 -1
2 1 20.287014710075194 -1
3 1 21.237934398713044 0

0 2 20.754177291326705 -1
1 2 20.246772643078607 -1
2 2 20.77624143366285 0
3 2 21.33233730342107 0

0 3 20.990983115118464 -1
1 3 21.240599587995096 1
2 3 20.465142051330105 -1
3 3 21.62801747236856 0


# 26.479999999999862 19.0 2.9952221178590754
0 0 21.74305425820911 0
1 0 21.96540310922837 1
2 0 21.21162571933854 0
3 0 20.813372355846084 -1

0 1 22.047353181864498 1
1 1 20.58508526304285 -1
2 1 20.25896864576867 -1
3 1 21.253317293627525 0

0 2 20.74044315237172 -1
1 2 20.215035989455703 -1
2 2 20.76623965272674 0
3 2 21.358670029702058 0

0 3 20.996120235858598 -1
1 3 21.307129984619035 1
2 3 20.46854273049081 -1
3 3 21.668375396485605 0


