# 20.0 20.0 0.0
0 0 20.0 0
1 0 20.0 0
2 0 20.0 0
3 0 20.0 0

0 1 20.0 0
1 1 20.0 0
2 1 20.0 0
3 1 20.0 0

0 2 20.0 0
1 2 20.0 0
2 2 20.0 0
3 2 20.0 0

0 3 20.0 0
1 3 20.0 0
2 3 20.0 0
3 3 20.0 0


# 20.0 20.0 0.0
0 0 20.0 0
1 0 20.0 0
2 0 20.0 0
3 0 20.0 0

0 1 20.0 0
1 1 20.0 0
2 1 20.0 0
3 1 20.0 0

0 2 20.0 0
1 2 20.0 0
2 2 20.0 0
3 2 20.0 0

0 3 20.0 0
1 3 20.0 0
2 3 20.0 0
3 3 20.0 0


# 20.0 20.0 0.0
0 0 20.0 0
1 0 20.06 1
2 0 20.00072 0
3 0 20.00000864 0

0 1 20.0 0
1 1 20.00072 0
2 1 20.00001728 0
3 1 20.00000031104 0

0 2 20.0 0
1 2 20.00000864 0
2 2 20.00000031104 0
3 2 20.00000000746496 0

0 3 20.0 0
1 3 20.00000010368 0
2 3 20.00000000497664 0
3 3 20.0000000001493 0


# 20.0 20.0 0.05999999999999872
0 0 20.00072 0
1 0 20.11750592 1
2 0 20.00210014208 0
3 0 20.000033534397442 0

0 1 20.00001728 0
1 1 20.00209602944 0
2 1 20.0000668120832 0
3 1 20.000001502223668 0

0 2 20.00000031104 0
1 2 20.000033386342402 0
2 2 20.000001498640486 0
3 2 20.000000043163592 0

0 3 20.00000000497664 0
1 3 20.00000050008099 0
2 3 20.000000028754073 0
3 3 20.000000001006935 0


# 20.0 20.0 0.11750591999999926
0 0 20.0021043584 0
1 0 20.17264627771904 1
2 0 20.004084895603036 0
3 0 20.000081363933056 0

0 1 20.000066962626562 0
1 1 20.004069181292135 0
2 1 20.00016149003632 0
3 1 20.00000435389587 0

0 2 20.000001502223668 0
1 2 20.000080655984814 0
2 2 20.00000433332101 0
3 2 20.000000145609405 0

0 3 20.000000028825138 0
1 3 20.000001447640358 0
2 3 20.000000096930023 0
3 3 20.00000000388116 0


# 20.0 20.0 0.17264627771903918
0 0 20.004101160381747 0
1 0 20.22554219690216 1
2 0 20.00662275059817 0
3 0 20.000157960085396 0

0 1 20.000162212323016 0
1 1 20.00658521925307 0
2 1 20.000312338399393 0
3 1 20.000009816361374 0

0 2 20.00000435389587 0
1 2 20.000155928746867 0
2 2 20.00000974743783 0
3 2 20.000000374305976 0

0 3 20.000000097405866 0
1 3 20.000003260316454 0
2 3 20.00000024899859 0
3 3 20.00000001122109 0


# 20.0 20.0 0.22554219690216115
0 0 20.006661971518707 0
1 0 20.27630786392871 1
2 0 20.009665933022006 0
3 0 20.00026838251492 0

0 1 20.00031441794146 0
1 1 20.00959421531712 0
2 1 20.00052870270188 0
3 1 20.000018973588467 0

0 2 20.000009816361374 0
1 2 20.000263848640213 0
2 2 20.000018797656573 0
3 2 20.00000081197472 0

0 3 20.00000025081939 0
1 3 20.00000629556466 0
2 3 20.000000539793955 0
3 3 20.000000027038354 0


# 20.0 20.0 0.2763078639287109
0 0 20.009741607926475 0
1 0 20.325050954718893 1
2 0 20.013170140314312 0
3 0 20.000416990111216 0

0 1 20.00053336006318 0
1 1 20.013050215375387 0
2 1 20.00081842249541 0
3 1 20.000033011392727 0

0 2 20.000018973588467 0
1 2 20.000408315291704 0
2 2 20.000032632443727 0
3 2 20.00000156592228 0

0 3 20.00000054501973 0
1 3 20.00001094395221 0
2 3 20.00000104036382 0
3 3 20.000000057340408 0


# 20.0 20.0 0.32505095471889334
0 0 20.013297921818506 0
1 0 20.3718730339508 1
2 0 20.0170942957798 0
3 0 20.000607506153283 0

0 1 20.060827364269915 1
1 1 20.017630930669462 0
2 1 20.00119662865906 0
3 1 20.00005329332305 0

0 2 20.000753011392728 0
1 2 20.0006098463792 0
2 2 20.00005277506232 0
3 2 20.000002773662253 0

0 3 20.00000969286316 0
1 3 20.00001793126149 0
2 3 20.00000184583251 0
3 3 20.00000011071009 0


# 20.0 20.0 0.3718730339507985
0 0 20.018011601411686 0
1 0 20.416887208459197 1
2 0 20.021400631476308 0
3 0 20.00084308302936 0

0 1 20.118709361492265 1
1 1 20.023233482537204 0
2 1 20.00167607267221 0
3 1 20.000081318155846 0

0 2 20.00215333172305 0
1 2 20.000886064000007 0
2 2 20.00008104293333 0
3 2 20.00000460683003 0

0 3 20.0000353990759 0
1 3 20.00002825785541 0
2 3 20.00000308124553 0
3 3 20.000000198981432 0


# 20.0 20.0 0.41688720845919747
0 0 20.023790342600282 0
1 0 20.460199039183276 1
2 0 20.02605442329292 0
3 0 20.001126360937686 0

0 1 20.174313694191916 1
1 1 20.029763173815986 0
2 1 20.002267380682323 0
3 1 20.0001186829747 0

0 2 20.004165713677896 0
1 2 20.0012519911874 0
2 2 20.060119477591876 1
3 2 20.000727273657745 0

0 3 20.00008445236757 0
1 3 20.000043145323087 0
2 3 20.000724905695975 0
3 3 20.000017617970347 0


# 20.0 20.0 0.4601990391832764
0 0 20.030548043067174 0
1 0 20.50190706721969 1
2 0 20.031023747220694 0
3 0 20.001459521106273 0

0 1 20.227766242202588 1
1 1 20.037132853648323 0
2 1 20.003699283546798 0
3 1 20.000184331229494 0

0 2 20.006739985932516 0
1 2 20.002440321160353 0
2 2 20.117324844076197 1
3 2 20.00210704968343 0

0 3 20.060162809657406 1
1 3 20.000801269657682 0
2 3 20.002112184437195 0
3 3 20.000067614532863 0


# 20.0 20.0 0.5019070672196904
0 0 20.038204393229822 0
1 0 20.54210330232565 1
2 0 20.03628789512117 0
3 0 20.001844645062654 0

0 1 20.279184986823807 1
1 1 20.045279611399483 0
2 1 20.00591063811847 0
3 1 20.00029493731223 0

0 2 20.010558363935047 0
1 2 20.004410754813478 0
2 2 20.171867739085172 1
3 2 20.004085317087892 0

0 3 20.118133264112853 1
1 3 20.00226349077242 0
2 3 20.00411385882352 0
3 3 20.000163570520616 0


# 20.0 20.0 0.5421033023256498
0 0 20.046684494543342 0
1 0 20.58087398764074 1
2 0 20.041827354775943 0
3 0 20.002283705345455 0

0 1 20.32868948701574 1
1 1 20.05414480846337 0
2 1 20.008844545564422 0
3 1 20.000465112761088 0

0 2 20.01552971472108 0
1 2 20.007124707618935 0
2 2 20.22390810875822 1
3 2 20.00660817527468 0

0 3 20.174093985070712 1
1 3 20.00439241477814 0
2 3 20.006682645881614 0
3 3 20.00031717183575 0


# 20.0 20.0 0.5808739876407394
0 0 20.055918614435658 0
1 0 20.61829996949193 1
2 0 20.047623744520177 0
3 0 20.002778558240394 0

0 1 20.37639164621252 1
1 1 20.063673788083783 0
2 1 20.01244805642681 0
3 1 20.000707595504423 0

0 2 20.02156879076962 0
1 2 20.010545238881903 0
2 2 20.273595928935407 1
3 2 20.00962608026845 0

0 3 20.22813813607474 1
1 3 20.007152325607514 0
2 3 20.00977475987113 0
3 3 20.00053856373134 0


# 20.0 20.0 0.6182999694919289
0 0 20.065841843704426 0
1 0 20.654457043288968 1
2 0 20.053659751145805 0
3 0 20.00333093830354 0

0 1 20.42239621014229 1
1 1 20.07381560484064 0
2 1 20.016671896283437 0
3 1 20.0010334234715 0

0 2 20.028595856578484 0
1 2 20.014636984007115 0
2 2 20.32107184099167 1
3 2 20.01309351083551 0

0 3 20.28035414136228 1
1 3 20.010509118554886 0
2 3 20.013349654235878 0
3 3 20.000836493417868 0


# 20.0 20.0 0.6544570432889678
0 0 20.076393776372242 0
1 0 20.689416277059134 1
2 0 20.059919070937433 0
3 0 20.003942454457523 0

0 1 20.466801232169807 1
1 1 20.084522772482522 0
2 1 20.02147021055643 0
3 1 20.00145209379589 0

0 2 20.03653633889266 0
1 2 20.019366089625834 0
2 2 20.366467746207114 1
3 2 20.01696865938147 0

0 3 20.330825937762608 1
1 3 20.01443023575507 0
2 3 20.01736978246253 0
3 3 20.001218440956954 0


# 20.0 20.0 0.6894162770591343
0 0 20.087518210533588 0
1 0 20.723244314070094 1
2 0 20.06638635370707 0
3 0 20.00461458746709 0

0 1 20.50969850828158 1
1 1 20.095751028873767 0
2 1 20.02680032712073 0
3 1 20.001971708744094 0

0 2 20.045320499087207 0
1 2 20.02470015144287 0
2 2 20.409907361434065 1
3 2 20.02121314582107 0

0 3 20.37963321282126 1
1 3 20.01888460361408 0
2 3 20.021800376471166 0
3 3 20.00169073935001 0


# 20.0 20.0 0.7232443140700937
0 0 20.0991628688226 0
1 0 20.75600365589599 1
2 0 20.073047149697178 0
3 0 20.00534868861957 0

0 1 20.551173983695158 1
1 1 20.107459116905684 0
2 1 20.032622535460305 0
3 1 20.00259910941565 0

0 2 20.054883126301057 0
1 2 20.030608154672674 0
2 2 20.451506738634333 1
3 2 20.025791752745384 0

0 3 20.426851629918676 1
1 3 20.02384257219504 0
2 3 20.02660924126153 0
3 3 20.00225868466149 0


# 20.0 20.0 0.7560036558959915
0 0 20.11127913722008 0
1 0 20.787752927194234 1
2 0 20.079887859225185 0
3 0 20.006145979452956 0

0 1 20.591308132945084 1
1 1 20.119608580297477 0
2 1 20.038899881209083 0
3 1 20.003339998181083 0

0 2 20.06516325000685 0
1 2 20.03706041694199 0
2 2 20.49137475068578 1
3 2 20.030672180332417 0

0 3 20.47255304110803 1
1 3 20.029275856554587 0
2 3 20.031766564631365 0
3 3 20.002926636953244 0


# 20.0 20.0 0.7877529271942336
0 0 20.12382182100183 0
1 0 20.81854712337837 1
2 0 20.08689568494621 0
3 0 20.007007552390178 0

0 1 20.630176315177064 1
1 1 20.132163573283677 0
2 1 20.04559797499621 0
3 1 20.004199050750103 0

0 2 20.07610387078529 0
1 2 20.044028533544488 0
2 2 20.529613545694914 1
3 2 20.035824819559235 0

0 3 20.516805688356218 1
1 3 20.03515748001768 0
2 3 20.03724474086884 0
3 3 20.003698112748065 0


# 20.0 20.0 0.8185471233783694
0 0 20.136748916708427 0
1 0 20.848437842295738 1
2 0 20.094058586614654 0
3 0 20.00793437215251 0

0 1 20.667849106268957 1
1 1 20.145090683251325 0
2 1 20.052684814592123 0
3 1 20.005180018694244 0

0 2 20.087651708150343 0
1 2 20.051485324939723 0
2 2 20.566318971901076 1
3 2 20.041222542377866 0

0 3 20.55967439383341 1
1 3 20.04146171937264 0
2 3 20.04301820740061 0
3 3 20.004575869686477 0


# 20.0 20.0 0.8484378422957377
0 0 20.1500213990897 0
1 0 20.877473500946785 1
2 0 20.101365238229135 0
3 0 20.008927277838097 0

0 1 20.704392609291556 1
1 1 20.158358765452505 0
2 1 20.060130619423024 0
3 1 20.006285823184754 0

0 2 20.099756964344806 0
1 2 20.05940478639547 0
2 2 20.60158097511699 1
3 2 20.046840507613854 0

0 3 20.60122073986002 1
1 3 20.048164051962864 0
2 3 20.04906329345098 0
3 3 20.005561983990543 0


# 20.0 20.0 0.8774735009467847
0 0 20.16360302204533 0
1 0 20.905699538215742 1
2 0 20.108804987449233 0
3 0 20.009986985563533 0

0 1 20.739868744723424 1
1 1 20.171938788975876 0
2 1 20.067907676587442 0
3 1 20.007518640648172 0

0 2 20.112373103094072 0
1 2 20.067762039678282 0
2 2 20.63548397051934 1
3 2 20.05265598143597 0

0 3 20.64150323908574 1
1 3 20.055241104647003 0
2 3 20.055358079835923 0
3 3 20.006657921302146 0


# 20.0 20.0 0.9056995382157425
0 0 20.177460132646967 0
1 0 20.933158604519548 1
2 0 20.11636781717641 0
3 0 20.01111409157714 0

0 1 20.774335521741644 1
1 1 20.185803693215355 0
2 1 20.075990197569958 0
3 1 20.008879980987945 0

0 2 20.12545664237019 0
1 2 20.076533286702748 0
2 2 20.668107190480946 1
3 2 20.05864817132891 0

0 3 20.680577495442858 1
1 3 20.062670604595606 0
2 3 20.06188226907936 0
3 3 20.007864601420167 0


# 20.0 20.0 0.9331586045195479
0 0 20.19156149738681 0
1 0 20.95989073922307 1
2 0 20.124044309195444 0
3 0 20.012309075762566 0

0 1 20.807847291824164 1
1 1 20.199928254124856 0
2 1 20.08435418490407 0
3 1 20.0103707589704 0

0 2 20.138966960278278 0
1 2 20.085695765054773 0
2 2 20.699525010022267 1
3 2 20.06479807257805 0

0 3 20.7184963563854 1
1 3 20.070431331888827 0
2 3 20.068617065098 0
3 3 20.009182457421154 0


# 20.0 20.0 0.95989073922307
0 0 20.205878139853453 0
1 0 20.985933536613786 1
2 0 20.1318256097766 0
3 0 20.013572305460077 0

0 1 20.840454985818628 1
1 1 20.214288959595557 0
2 1 20.09297730808905 0
3 1 20.01199135932717 0

0 2 20.152866113233696 0
1 2 20.09522770530903 0
2 2 20.72980725135409 1
3 2 20.071088326347002 0

0 3 20.755310056896995 1
1 3 20.078503073877144 0
2 3 20.07554506175571 0
3 3 20.010611489611225 0


# 20.0 20.0 0.9859335366137856
0 0 20.22038318908792 0
1 0 21.01132230117753 1
2 0 20.139703397142704 0
3 0 20.014904039541154 0

0 1 20.87220633555725 1
1 1 20.228863893336563 0
2 1 20.1018387881147 0
3 1 20.01374169608346 0

0 2 20.16711866565104 0
1 2 20.10510829006482 0
2 2 20.75901946888448 1
3 2 20.077503088495376 0

0 3 20.791066355723043 1
1 3 20.086866581264825 0
2 3 20.0826501396391 0
3 3 20.012151314722836 0


# 20.0 20.0 1.011322301177529
0 0 20.23505173792157 0
1 0 21.036090192868883 1
2 0 20.147669850709008 0
3 0 20.01630443267918 0

0 1 20.903146081026758 1
1 1 20.24363262668131 0
2 1 20.110919289993493 0
3 1 20.01562126658197 0

0 2 20.18169153041547 0
1 2 20.115317614628662 0
2 2 20.787223215971103 1
3 2 20.08402790834588 0

0 3 20.825810664257176 1
1 3 20.095503525874 0
2 3 20.089917370453072 0
3 3 20.0138012107384 0


# 20.0 20.0 1.0360901928688833
0 0 20.24986071064314 0
1 0 21.060268363024793 1
2 0 20.1557176220076 0
3 0 20.017773539765805 0

0 1 20.933316164036512 1
1 1 20.25857611778081 0
2 1 20.120200822741904 0
3 1 20.01762920063577 0

0 2 20.19655381945309 0
1 2 20.125836649275435 0
2 2 20.814476294614284 1
3 2 20.090649616667214 0

0 3 20.859586168487844 1
1 3 20.10439646004589 0
2 3 20.097332928478828 0
3 3 20.01556015769357 0


# 20.0 20.0 1.060268363024793
0 0 20.264788739384723 0
1 0 21.08388608152783 1
2 0 20.16383980721171 0
3 0 20.019311320428407 0

0 1 20.962755909266402 1
1 1 20.27367661768107 0
2 1 20.129666646292005 0
3 1 20.01976430520972 0

0 2 20.211676703760418 0
1 2 20.136647203023433 0
2 2 20.840832989206337 1
3 2 20.097356222192506 0

0 3 20.892433944387957 1
1 3 20.113528777634645 0
2 3 20.10488400857713 0
3 3 20.017426874785837 0


# 20.0 20.0 1.0838860815278295
0 0 20.279816048656404 0
1 0 21.10697085578625 1
2 0 20.172029921178897 0
3 0 20.02091764360965 0

0 1 20.99150219351839 1
1 1 20.28891758281582 0
2 1 20.13930118485092 0
3 1 20.022025104998747 0

0 2 20.227033282293636 0
1 2 20.147731888861713 0
2 2 20.86634428537822 1
3 2 20.104136816042374 0

0 3 20.92439306710913 1
1 3 20.122884676548566 0
2 3 20.112558750257442 0
3 3 20.019399854089144 0


# 20.0 20.0 1.1069708557862512
0 0 20.29492434749643 0
1 0 21.129548542061123 1
2 0 20.180281872935645 0
3 0 20.022592292174917 0

0 1 21.01958960394189 1
1 1 20.304283593477248 0
2 1 20.14908994625955 0
3 1 20.024409879242523 0

0 2 20.242598459156255 0
1 2 20.159074090371075 0
2 2 20.89105807491523 1
3 2 20.110981483467558 0

0 3 20.95550071432166 1
1 3 20.132449122792927 0
2 3 20.120346167368197 0
3 3 20.021477391151965 0


# 20.0 20.0 1.1295485420611229
0 0 20.310096728738593 0
1 0 21.151643449636374 1
2 0 20.188589942529198 0
3 0 20.02433496751788 0

0 1 21.047050585952793 1
1 1 20.31976027785698 0
2 1 20.15901944693362 0
3 1 20.026916695089366 0

0 2 20.258348828559438 0
1 2 20.170657929682758 0
2 2 20.915019347648723 1
3 2 20.117881222368602 0

0 3 20.985792264022308 1
1 3 20.142207815968504 0
2 3 20.12823608299596 0
3 3 20.02365761273487 0


# 20.0 20.0 1.1516434496363743
0 0 20.325317574931073 0
1 0 21.173278438295455 1
2 0 20.196948759175935 0
3 0 20.02614529413842 0

0 1 21.073915581518946 1
1 1 20.335334241277014 0
2 1 20.169077141999097 0
3 1 20.029543437797685 0

0 2 20.274262567062628 0
1 2 20.18246823672147 0
2 2 20.938270371170606 1
3 2 20.124827868089557 0

0 3 21.01530138711388 1
1 3 20.152147156179804 0
2 3 20.136219069191153 0
3 3 20.025938501923783 0


# 20.0 20.0 1.1732784382954549
0 0 20.34057247047133 0
1 0 21.194475009538138 1
2 0 20.205353280638654 0
3 0 20.028022824170673 0

0 1 21.100213158440884 1
1 1 20.35099300025611 0
2 1 20.179251360261496 0
3 1 20.032287838040443 0

0 2 20.290319332633313 0
1 2 20.194490519681718 0
2 2 20.960850859161106 1
3 2 20.1318140240193 0

0 3 21.044060135043537 1
1 3 20.16225421230725 0
2 3 20.14428639116583 0
3 3 20.02831792083675 0


# 20.0 20.0 1.194475009538138
0 0 20.35584811955011 0
1 0 21.215253391942873 1
2 0 20.213798773768332 0
3 0 20.029967041842234 0

0 1 21.12597013121564 1
1 1 20.366724921081037 0
2 1 20.189531243673557 0
3 1 20.035147496557165 0

0 2 20.306500170094004 0
1 2 20.206710936688715 0
2 2 20.98279812906794 1
3 2 20.13883299756803 0

0 3 21.072099022770786 1
1 3 20.17251669159785 0
2 3 20.152429955634897 0
3 3 20.03079363112506 0


# 20.0 20.0 1.2152533919428734
0 0 20.371132269524207 0
1 0 21.235632621053757 1
2 0 20.222280796148898 0
3 0 20.031977367848388 0

0 1 21.151211674032975 1
1 1 20.382519162574535 0
2 1 20.19990669098941 0
3 1 20.038119906378636 0

0 2 20.322787422551965 0
1 2 20.219116268597165 0
2 2 21.004147249826154 1
3 2 20.145878741118132 0

0 3 21.099447107320835 1
1 3 20.182922910529374 0
2 3 20.160642262996 0
3 3 20.03336331245393 0


# 20.0 20.0 1.2356326210537567
0 0 20.386413639362377 0
1 0 21.25563061414653 1
2 0 20.230795178786455 0
3 0 20.034053163627828 0

0 1 21.175961426417455 1
1 1 20.398365622772765 0
2 1 20.210368305315086 0
3 1 20.041202472831465 0

0 2 20.339164648432806 0
1 2 20.231693892883236 0
2 2 21.024931180262246 1
3 2 20.152945797577743 0

0 3 21.12613206216483 1
1 3 20.19346176690367 0
2 3 20.168916363065605 0
3 3 20.036024579133308 0


# 20.0 20.0 1.2556306141465292
0 0 20.4016818528321 0
1 0 21.275264240205072 1
2 0 20.2393380097872 0
3 0 20.03619373552865 0

0 1 21.200241591996374 1
1 1 20.414254889244468 0
2 1 20.220907345285468 0
3 1 20.044392531513246 0

0 2 20.355616543763162 0
1 2 20.244431758586924 0
2 2 21.045180898783848 1
3 2 20.160029250192643 0

0 3 21.1521802476549 1
1 3 20.204122713125404 0
2 3 20.177245814109362 0
3 3 20.038774995056134 0


# 20.0 20.0 1.2752642402050718
0 0 20.41692737611656 0
1 0 21.294549385418236 1
2 0 20.247905618970925 0
3 0 20.038398338855426 0

0 1 21.224073030842018 1
1 1 20.430178192802327 0
2 1 20.23151567961661 0
3 1 20.047687364413665 0

0 2 20.372128869370115 0
1 2 20.25731836226373 0
2 2 21.06492552491641 1
3 2 20.16712467629719 0

0 3 21.17761677772927 1
1 3 20.214895730623365 0
2 3 20.18562464492392 0
3 3 20.041612087088765 0


# 20.0 20.0 1.294549385418236
0 0 20.43214145957149 0
1 0 21.313501014486807 1
2 0 20.256494563369653 0
3 0 20.04066618179003 0

0 1 21.24747534580758 1
1 1 20.44612736437391 0
2 1 20.242185744799897 0
3 1 20.051084214342936 0

0 2 20.388688382686176 0
1 2 20.27034272490627 0
2 2 21.084192433211552 1
3 2 20.174228104708426 0

0 3 21.20246558309073 1
1 3 20.225771305372234 0
2 3 20.194047319745184 0
3 3 20.044533357047012 0


# 20.0 20.0 1.313501014486807
0 0 20.447316083350447 0
1 0 21.33213322801149 1
2 0 20.265101613563345 0
3 0 20.042996429180466 0

0 1 21.270466963248587 1
1 1 20.46209479481556 0
2 1 20.252910505720703 0
3 1 20.054580297815846 0

0 2 20.405282773868304 0
1 2 20.28349436979798 0
2 2 21.103007360017063 1
3 2 20.18133597648923 0

0 3 21.22674947105035 1
1 3 20.23674040447372 0
2 3 20.202508705774342 0
3 3 20.04753629238048 0


# 20.0 20.0 1.3321332280114895
0 0 20.462443906644953 0
1 0 21.350459316215293 1
2 0 20.273723740807082 0
3 0 20.045388206193444 0

0 1 21.293065208496092 1
1 1 20.478073397467174 0
2 1 20.263683418999396 0
3 1 20.058172816527765 0

0 2 20.42190060595797 0
1 2 20.29676330126267 0
2 2 21.121394503566552 1
3 2 20.18844510882638 0

0 3 21.250490182217717 1
1 3 20.24779445375688 0
2 3 20.211004043128266 0
3 3 20.05061837567824 0


# 20.0 20.0 1.350459316215293
0 0 20.477518220302272 0
1 0 21.36849180923717 1
2 0 20.282358104906343 0
3 0 20.04784060182769 0

0 1 21.315286376423984 1
1 1 20.49405657325983 0
2 1 20.27449839886655 0
3 1 20.061858967547845 0

0 2 20.438531258826586 0
1 2 20.31013998427498 0
2 2 21.139376617816513 1
3 2 20.19555266178818 0

0 3 21.273708444208882 1
1 3 20.25892531635844 0
2 3 20.219528917035117 0
3 3 20.053777093099704 0


# 20.0 20.0 1.3684918092371703
0 0 20.492532902599326 0
1 0 21.386242524218396 1
2 0 20.291002042799228 0
3 0 20.05035267228606 0

0 1 21.337145797430406 1
1 1 20.51003817820084 0
2 1 20.28534978539733 0
3 1 20.065635952344493 0

0 2 20.455164876666842 0
1 2 20.32361532489829 0
2 2 21.15697510043075 1
3 2 20.202656107743575 0

0 3 21.296424022533667 1
1 3 20.27012527224499 0
2 3 20.228079232108946 0
3 3 20.057009941826344 0


# 20.0 20.0 1.386242524218396
0 0 20.507482377965534 0
1 0 21.40372260938881 1
2 0 20.299653057806527 0
3 0 20.052923444205575 0

0 1 21.35865789913233 1
1 1 20.526012493073 0
2 1 20.296232314942117 0
3 1 20.06950098474872 0

0 2 20.471792318805605 0
1 2 20.337180651517826 0
2 2 21.174210075285824 1
3 2 20.209753203240677 0

0 3 21.318655768815063 1
1 3 20.281386998640002 0
2 3 20.2366511885494 0
3 3 20.060314436622075 0


# 20.0 20.0 1.4037226093888115
0 0 20.522361578461027 0
1 0 21.42094258534657 1
2 0 20.308308809512585 0
3 0 20.05555191774531 0

0 1 21.379836264052848 1
1 1 20.54197419519581 0
2 1 20.30714109260181 0
3 1 20.073451297952328 0

0 2 20.4884051136284 0
1 2 20.35082769683797 0
2 2 21.191100469846862 1
3 2 20.216841963157623 0

0 3 21.340421666484943 1
1 3 20.29270355131959 0
2 3 20.245241260123787 0
3 3 20.06368811558306 0


# 20.0 20.0 1.4209425853465696
0 0 20.537165907829223 0
1 0 21.437912383712465 1
2 0 20.316967104241773 0
3 0 20.058237069532808 0

0 1 21.40069368356247 1
1 1 20.557918332106986 0
2 1 20.318071566606697 0
3 1 20.077484150629896 0

0 2 20.50499541541863 0
1 2 20.364548580614052 0
2 2 21.207664087740238 1
3 2 20.223920636952442 0

0 3 21.361738874092342 1
1 3 20.30406834674213 0
2 3 20.253846173799374 0
3 3 20.06712854515109 0


# 20.0 20.0 1.4379123837124652
0 0 20.55189120795467 0
1 0 21.454641383328184 1
2 0 20.32562588609723 0
3 0 20.06097785547035 0

0 1 21.42124220831861 1
1 1 20.573840297032262 0
2 1 20.32901950446757 0
3 1 20.081596832266126 0

0 2 20.521555963927348 0
1 2 20.37833579308988 0
2 2 21.223917676828417 1
3 2 20.23098768685139 0

0 3 21.382623766353053 1
1 3 20.31547514497787 0
2 3 20.26246289090329 0
3 3 20.070633324458704 0


# 20.0 20.0 1.454641383328184
0 0 20.566533727568064 0
1 0 21.47113844415677 1
2 0 20.334283228530285 0
3 0 20.063773213402975 0

0 1 21.441493195431562 1
1 1 20.589735806020464 0
2 1 20.33998097077687 0
3 1 20.085786667763323 0

0 2 20.538080046500895 0
1 2 20.392182179113497 0
2 2 21.239876993072393 1
3 2 20.238041767827163 0

0 3 21.40309197306209 1
1 3 20.326918033405747 0
2 3 20.271088589696593 0
3 3 20.074200089068476 0


# 20.0 20.0 1.4711384441567716
0 0 20.581090093050673 0
1 0 21.487411939033404 1
2 0 20.342937326410574 0
3 0 20.066622065650556 0

0 1 21.4614573525703 1
1 1 20.60560087662941 0
2 1 20.35095230654609 0
3 1 20.09005102139755 0

0 2 20.55456146260481 0
1 2 20.406080922904597 0
2 2 21.25555686044861 1
3 2 20.245081709229396 0

0 3 21.42315841598398 1
1 3 20.33839141114573 0
2 3 20.27972064925729 0
3 3 20.077826514163853 0


# 20.0 20.0 1.4874119390334037
0 0 20.595557281200094 0
1 0 21.50346978340488 1
2 0 20.351586488568547 0
3 0 20.069523321406727 0

0 1 21.481144779207558 1
1 1 20.621431808055956 0
2 1 20.361930109973528 0
3 1 20.094387300186167 0

0 2 20.57099449059256 0
1 2 20.42002553344809 0
2 2 21.270971227169976 1
3 2 20.25210649794 0

0 3 21.442837343829417 1
1 3 20.349889974196024 0
2 3 20.288356634574843 0
3 3 20.08151031724413 0


# 20.0 20.0 1.5034697834048814
0 0 20.60993259382824 0
1 0 21.51931946318731 1
2 0 20.360229130783477 0
3 0 20.072475879007722 0

0 1 21.500565005190563 1
1 1 20.637225162610864 0
2 1 20.372911218543805 0
3 1 20.098792956724246 0

0 2 20.58737385657729 0
1 2 20.43400983048923 0
2 2 21.28613321844439 1
3 2 20.259115262935474 0

0 3 21.46214236542084 1
1 3 20.36140870124561 0
2 3 20.29699428276591 0
3 3 20.08524926037176 0


# 20.0 20.0 1.5193194631873084
0 0 20.62421363407096 0
1 0 21.534968060863026 1
2 0 20.368863769191545 0
3 0 20.075478628074436 0

0 1 21.51972702681167 1
1 1 20.652977748446034 0
2 1 20.38389269236738 0
3 1 20.103265491542356 0

0 2 20.603694705273703 0
1 2 20.448027931106665 0
2 2 21.301055185989167 1
3 2 20.266107261147024 0

0 3 21.48108648114392 1
1 3 20.372942840133494 0
2 3 20.305631490327674 0
3 3 20.089041152016073 0


# 20.0 20.0 1.5349680608630258
0 0 20.6383982842965 0
1 0 21.550422279929986 1
2 0 20.377489014089964 0
3 0 20.078530451531343 0

0 1 21.538639340541774 1
1 1 20.668686603447973 0
2 1 20.39487179867458 0
3 1 20.107802455033813 0

0 2 20.619952572685715 0
1 2 20.46207423684062 0
2 2 21.315748754505567 1
3 2 20.273081864517515 0

0 3 21.49968211277657 1
1 3 20.384487894927226 0
2 3 20.3142663013513 0
3 3 20.09288384853392 0


# 20.0 20.0 1.550422279929986
0 0 20.65248468550749 0
1 0 21.565688467809473 1
2 0 20.38610356411437 0
3 0 20.081630227505993 0

0 1 21.557309974578715 1
1 1 20.68434898021731 0
2 1 20.405845997384652 0
3 1 20.11240144899529 0

0 2 20.636143360523267 0
1 2 20.47614342135435 0
2 2 21.330224865304594 1
3 2 20.280038548161784 0

0 3 21.517941131782017 1
1 3 20.396039613594134 0
2 3 20.322896896623735 0
3 3 20.096775255324125 0


# 20.0 20.0 1.5656884678094727
0 0 20.666471218137875 0
1 0 21.58077263731111 1
2 0 20.39470620076799 0
3 0 20.084776831112936 0

0 1 21.57574651835295 1
1 1 20.699962332059716 0
2 1 20.41681292767572 0
3 1 20.117060127820892 0

0 2 20.65226331223916 0
1 2 20.490230418607712 0
2 2 21.3444938172628 1
3 2 20.286976879543882 0

0 3 21.535874886147862 1
1 3 20.40759397623973 0
2 3 20.33152158355146 0
3 3 20.1007133276896 0


# 20.0 20.0 1.5807726373111102
0 0 20.68035648415288 0
1 0 21.59568048674781 1
2 0 20.40329578328217 0
3 0 20.08796913612611 0

0 1 21.593956150123546 1
1 1 20.71552429991871 0
2 1 20.4277703954867 0
3 1 20.121776199386296 0

0 2 20.668308990583665 0
1 2 20.504330411522602 0
2 2 21.35856530527544 1
3 2 20.293896508591256 0

0 3 21.55349422584842 1
1 3 20.419147183888732 0
2 3 20.340138786844545 0
3 3 20.104696071438006 0


# 20.0 20.0 1.5956804867478098
0 0 20.694139290365833 0
1 0 21.610417418787204 1
2 0 20.411871243789122 0
3 0 20.091206016543673 0

0 1 21.611945662788777 1
1 1 20.731032700185633 0
2 1 20.438716361886975 0
3 1 20.126547425656334 0

0 2 20.68427725658107 0
1 2 20.51843882112069 0
2 2 21.372448456363543 1
3 2 20.30079715867192 0

0 3 21.570809527003515 1
1 3 20.43069564778503 0
2 3 20.34874703990411 0
3 3 20.10872154324915 0


# 20.0 20.0 1.6119456627887772
0 0 20.707818632891573 0
1 0 21.62498855812054 1
2 0 20.42043158278859 0
3 0 20.09448634804944 0

0 1 21.62972148802755 1
1 1 20.74648551332659 0
2 1 20.44964893225402 0
3 1 20.131371623046473 0

0 2 20.700165249838484 0
1 2 20.53255129611466 0
2 2 21.38615186358143 1
3 2 20.307678618366225 0

0 3 21.58783071480287 1
1 3 20.442235979187917 0
2 3 20.35734497686036 0
3 3 20.1127878508349 0


# 20.0 20.0 1.629721488027549
0 0 20.721393682661255 0
1 0 21.639398768024794 1
2 0 20.42897586489141 0
3 0 20.097809009374913 0

0 1 21.64728971888031 1
1 1 20.7618808732702 0
2 1 20.4605663462033 0
3 1 20.136246662565853 0

0 2 20.71597037010284 0
1 2 20.546663702934865 0
2 2 21.399683617861896 1
3 2 20.314540733969995 0

0 3 21.604567285261457 1
1 3 20.453764979642706 0
2 3 20.3659313252123 0
3 3 20.11689315291503 0


# 20.0 20.0 1.6472897188803088
0 0 20.73486377192831 0
1 0 21.65365266588883 1
2 0 20.437503214823575 0
3 0 20.10117288356609 0

0 1 21.664656130870952 1
1 1 20.777217057504007 0
2 1 20.471466968218607 0
3 1 20.141170469767143 0

0 2 20.731690259987328 0
1 2 20.560772116173943 0
2 2 21.413051337927424 1
3 2 20.32138340267057 0

0 3 21.621028325867606 1
1 3 20.46527963170476 0
2 3 20.37450489902395 0
3 3 20.121035659030422 0


# 20.0 20.0 1.6646561308709522
0 0 20.808228381700008 1
1 0 21.548474637769832 -1
2 0 20.44458145367564 0
3 0 20.104559682839025 0

0 1 21.68254620176467 1
1 1 20.79106975783094 0
2 1 20.48231502997453 0
3 1 20.14614040742273 0

0 2 20.747331428793537 0
1 2 20.574855840472676 0
2 2 21.426261583772607 1
3 2 20.328206551561117 0

0 3 21.63722263886235 1
1 3 20.476776887713466 0
2 3 20.383064582831143 0
3 3 20.125213628918033 0


# 20.0 20.0 1.6825462017646693
0 0 20.87790441003322 1
1 0 21.448801370441977 -1
2 0 20.450337145620328 0
3 0 20.107953264893336 0

0 1 21.700874928450446 1
1 1 20.80358057548713 0
2 1 20.493079745083385 0
3 1 20.15115338504943 0

0 2 20.762898949677634 0
1 2 20.588896976089796 0
2 2 21.439320002018306 1
3 2 20.33501012058738 0

0 3 21.653158733912 1
1 3 20.488253701943496 0
2 3 20.39160931834679 0
3 3 20.129425371544194 0


# 20.0 20.0 1.700874928450446
0 0 20.944095966858733 1
1 0 21.35432787713901 -1
2 0 20.454887316149662 0
3 0 20.111339435771566 0

0 1 21.719565087359808 1
1 1 20.81487914409181 0
2 1 20.503734795487095 0
3 1 20.156205955099505 0

0 2 20.778396643359514 0
1 2 20.602880115134443 0
2 2 21.452231454116095 1
3 2 20.341794048891828 0

0 3 21.668844823634807 1
1 3 20.499707057547262 0
2 3 20.400138093574718 0
3 3 20.133669243878202 0


# 20.0 20.0 1.7195650873598076
0 0 21.006995227625804 1
1 0 21.26476724655358 -1
2 0 20.458340146605124 0
3 0 20.114705769304244 0

0 1 21.61854660587162 -1
1 1 20.823644090331964 0
2 1 20.514240585057546 0
3 1 20.16129418982437 0

0 2 20.792387242874106 0
1 2 20.616757507746424 0
2 2 21.46499950714177 1
3 2 20.348558254128502 0

0 3 21.68427154158901 1
1 3 20.5111333668452 0
2 3 20.408649919058963 0
3 3 20.137943649176837 0


# 20.0 20.0 1.7195650873598076
0 0 21.065343165660376 1
1 0 21.1798149510295 -1
2 0 20.460794996112405 0
3 0 20.11804143184053 0

0 1 21.522744142411412 -1
1 1 20.830111860230968 0
2 1 20.524563443614497 0
3 1 20.16641379140675 0

0 2 20.804992256974355 0
1 2 20.630487991268904 0
2 2 21.477626646095814 1
3 2 20.35530261649526 0

0 3 21.69943127357764 1
1 3 20.52252859564457 0
2 3 20.417143809149493 0
3 3 20.142247034914206 0


# 20.0 20.0 1.7195650873598076
0 0 21.119421520817895 1
1 0 21.099186663612194 -1
2 0 20.46234310474449 0
3 0 20.12133702304809 0

0 1 21.43184319608641 -1
1 1 20.834499466474867 0
2 1 20.534674994425664 0
3 1 20.171560187775295 0

0 2 20.81632373171263 0
1 2 20.64403630896713 0
2 2 21.490114459831666 1
3 2 20.362026966792712 0

0 3 21.71431797565713 1
1 3 20.533888371752784 0
2 3 20.425618767563197 0
3 3 20.146577890469565 0


# 20.0 20.0 1.7195650873598076
0 0 21.169494704384835 1
1 0 21.02261687104773 -1
2 0 20.46306824100748 0
3 0 20.12458443136375 0

0 1 21.34554959668165 -1
1 1 20.83700602533754 0
2 1 20.544551581660656 0
3 1 20.17672861564654 0

0 2 20.82648498155637 0
1 2 20.657372492198448 0
2 2 21.502463803458326 1
3 2 20.36873107790231 0

0 3 21.728927008773184 1
1 3 20.545208079361586 0
2 3 20.43407377660502 0
3 3 20.15093474466675 0


# 20.0 20.0 1.7289270087731836
0 0 21.215810892639734 1
1 0 20.949857584371543 -1
2 0 20.46304729805392 0
3 0 20.12777670279906 0

0 1 21.263588136415425 -1
1 1 20.83781417365709 0
2 1 20.554173752430735 0
3 1 20.18191419218697 0

0 2 20.835571263979645 0
1 2 20.670471300418402 0
2 2 21.514674939780605 1
3 2 20.375414659150024 0

0 3 21.743254988577444 1
1 3 20.55648294081561 0
2 3 20.44250778949076 0
3 3 20.155316163242436 0


# 20.0 20.0 1.7432549885774442
0 0 21.258603049154146 1
1 0 20.88067714007832 -1
2 0 20.462350842679353 0
3 0 20.13090792191669 0

0 1 21.18570129652747 -1
1 1 20.83709137519501 0
2 1 20.563525788512163 0
3 1 20.187111976550064 0

0 2 20.84367040191878 0
1 2 20.683311713890838 0
2 2 21.52674766208366 1
3 2 20.38207735308824 0

0 3 21.75729964910147 1
1 3 20.56770808713115 0
2 3 20.450919725281636 0
3 3 20.159720746306146 0


# 20.0 20.0 1.7572996491014692
0 0 21.298089880623866 1
1 0 20.81485908537701 -1
2 0 20.46104362083649 0
3 0 20.133973103896327 0

0 1 21.111648061966168 -1
1 1 20.8349911249826 0
2 1 20.572595283277014 0
3 1 20.1923170224181 0

0 2 20.85086335813769 0
1 2 20.6958764744121 0
2 2 21.538681400336355 1
3 2 20.38871873428726 0

0 3 21.77105971907704 1
1 3 20.578878618496894 0
2 3 20.45930846600148 0
3 3 20.16414712584259 0


# 20.0 20.0 1.7710597190770407
0 0 21.334476730689524 1
1 0 20.75220114150928 -1
2 0 20.45918502310555 0
3 0 20.136968096702343 0

0 1 21.041202817929307 -1
1 1 20.831654059588967 0
2 1 20.581372759745104 0
3 1 20.197524422565355 0

0 2 20.857224765232928 0
1 2 20.70815166976418 0
2 2 21.490475312677788 0
3 2 20.394618309780224 0

0 3 21.784534809795026 1
1 3 20.589989655866752 0
2 3 20.466952855562063 0
3 3 20.168576683296365 0


# 20.0 20.0 1.7845348097950264
0 0 21.367956415897964 1
1 0 20.692514239549 -1
2 0 20.456829513287076 0
3 0 20.13988949245129 0

0 1 20.974154322464916 -1
1 1 20.827208980626974 0
2 1 20.589131326027225 0
3 1 20.202712066356714 0

0 2 20.862823414717436 0
1 2 20.71940635798217 0
2 2 21.444973803861473 0
3 2 20.39983949141163 0

0 3 21.737725313489417 0
1 3 20.60029910464475 0
2 3 20.473907030730086 0
3 3 20.172992880963395 0


# 20.0 20.0 1.7845348097950264
0 0 21.398710007669806 1
1 0 20.635621623506946 -1
2 0 20.454018383032846 0
3 0 20.142734236115718 0

0 1 20.91030474975756 -1
1 1 20.821756518244165 0
2 1 20.59593455163586 0
3 1 20.20786025891969 0

0 2 20.866994068354053 0
1 2 20.729683134740277 0
2 2 21.402007431778337 0
3 2 20.404440559632278 0

0 3 21.692774720279782 0
1 3 20.609842920878673 0
2 3 20.480221054242868 0
3 3 20.177381076615216 0


# 20.119999999999997 19.0 1.7845348097950264
0 0 21.426907563872867 1
1 0 20.581357704901453 -1
2 0 20.450789928857304 0
3 0 20.145499605868878 0

0 1 20.849459848073398 -1
1 1 20.815389428240657 0
2 1 20.60184225773089 0
3 1 20.212951517123848 0

0 2 20.869843329920304 0
1 2 20.73902334160256 0
2 2 21.36141740161148 0
3 2 20.40847505607193 0

0 3 21.6495910653593 0
1 3 20.618655543736224 0
2 3 20.485941218228223 0
3 3 20.18172835314867 0


# 20.239999999999995 19.0 2.6495910653592993
0 0 21.454148702209142 1
1 0 20.53030461800728 -1
2 0 20.447908509624583 0
3 0 20.14963194037858 0

0 1 20.792175111978757 -1
1 1 20.80821087963694 0
2 1 20.60691968905577 0
3 1 20.218707873630724 0

0 2 20.872199384290937 0
1 2 20.747476019716945 0
2 2 21.323055110131 0
3 2 20.41272099975983 0

0 3 21.60953604614269 0
1 3 20.627507450308357 0
2 3 20.491839178025696 0
3 3 20.187480854568744 0


# 20.359999999999992 19.0 2.6495910653592993
0 0 21.480549105689445 1
1 0 20.482311845990385 -1
2 0 20.445402713925446 0
3 0 20.155094517575623 0

0 1 20.738275269711057 -1
1 1 20.800316551308054 0
2 1 20.611237330969033 0
3 1 20.225110777117887 0

0 2 20.874150458177567 0
1 2 20.75509752560963 0
2 2 21.286799205257083 0
3 2 20.417219407813242 0

0 3 21.572492643383384 0
1 3 20.636425289559632 0
2 3 20.497950396741242 0
3 3 20.19459358145892 0


# 20.47999999999999 19.0 2.6495910653592993
0 0 21.506216383273042 1
1 0 20.437237976240866 -1
2 0 20.443298637838005 0
3 0 20.16185202792237 0

0 1 20.687595909096295 -1
1 1 20.79179538174826 0
2 1 20.614861987106053 0
3 1 20.232143325553036 0

0 2 20.87577837187118 0
1 2 20.761942423361603 0
2 2 21.25253653398501 0
3 2 20.42200747397705 0

0 3 21.538349352158754 0
1 3 20.645434333465268 0
2 3 20.50430725346502 0
3 3 20.203023989255705 0


# 20.599999999999987 19.0 2.6495910653592993
0 0 21.53125060009926 1
1 0 20.394950116674977 -1
2 0 20.441620064629248 0
3 0 20.169870515599353 0

0 1 20.639982773158874 -1
1 1 20.78273005102796 0
2 1 20.617856971427305 0
3 1 20.239790125411854 0

0 2 20.877158974836743 0
1 2 20.768063505760026 0
2 2 21.22016160280928 0
3 2 20.427118868679734 0

0 3 21.506999895180662 0
1 3 20.654558539312596 0
2 3 20.51093927839602 0
3 3 20.21273182340741 0


# 20.599999999999987 19.0 2.6495910653592993
0 0 21.555744773173693 1
1 0 20.3553233504406 -1
2 0 20.440388631964428 0
3 0 20.17911732212629 0

0 1 20.59529110227466 -1
1 1 20.77319742773745 0
2 1 20.62028229025387 0
3 1 20.248037161917274 0

0 2 20.878362551932184 0
1 2 20.773511818945043 0
2 2 21.18957607294973 0
3 2 20.432584016894477 0

0 3 21.478342952049097 0
1 3 20.66382060925415 0
2 3 20.517873370770722 0
3 3 20.223678966416724 0


# 20.599999999999987 19.0 2.6495910653592993
0 0 21.578345334772024 1
1 0 20.317502946455782 -1
2 0 20.438895140127954 0
3 0 20.188112286154286 0

0 1 20.552647739752427 -1
1 1 20.76325128875094 0
2 1 20.622185856286634 0
3 1 20.256134187028774 0

0 2 20.878725354879993 0
1 2 20.778327731545698 0
2 2 21.160688073154112 0
3 2 20.437701502904105 0

0 3 21.45083315734494 0
1 3 20.672504554781412 0
2 3 20.52440514833058 0
3 3 20.23437180344054 0


# 20.599999999999987 18.0 2.6495910653592993
0 0 21.59916671095473 1
1 0 20.28138358038264 -1
2 0 20.437161724916464 0
3 0 20.196859794796076 0

0 1 20.51193025493785 -1
1 1 20.752941155968728 0
2 1 20.623604036877694 0
3 1 20.2640745351885 0

0 2 20.878311983700975 0
1 2 20.782541349642766 0
2 2 21.133394070095775 0
3 2 20.44250012468683 0

0 3 21.42441296214231 0
1 3 20.68063567700198 0
2 3 20.530560950707155 0
3 3 20.244811151421406 0


# 20.599999999999987 18.0 3.59916671095473
0 0 21.618316475384205 1
1 0 20.246866502281804 -1
2 0 20.43520889647744 0
3 0 20.20536424336341 0

0 1 20.47302401961111 -1
1 1 20.74231241138319 0
2 1 20.624570922065303 0
3 1 20.27185262819197 0

0 2 20.877182620362287 0
1 2 20.786181662206033 0
2 2 21.10759691864716 0
3 2 20.44700624782911 0

0 3 21.399027915073557 0
1 3 20.68823822490374 0
2 3 20.536365146317124 0
3 3 20.25499840669999 0


# 20.719999999999985 18.0 3.618316475384205
0 0 21.63589576853309 1
1 0 20.213859114102693 -1
2 0 20.433055654179764 0
3 0 20.213630029990785 0

0 1 20.435821700390786 -1
1 1 20.731406616421975 0
2 1 20.625118459615457 0
3 1 20.27946387465713 0

0 2 20.875393325639116 0
1 2 20.789276563447487 0
2 2 21.083205463558606 0
3 2 20.451243998359274 0

0 3 21.374626488737423 0
1 3 20.695335437839805 0
2 3 20.541840281868986 0
3 3 20.264935475421527 0


# 20.839999999999982 18.0 3.6358957685330893
0 0 21.653439690639818 1
1 0 20.18301185484528 -1
2 0 20.43144844083763 0
3 0 20.223110296697055 0

0 1 20.400960064566785 -1
1 1 20.72027950214342 0
2 1 20.625285540928278 0
3 1 20.287642069953346 0

0 2 20.873725163363293 0
1 2 20.79186183520487 0
2 2 21.06013438118413 0
3 2 20.45596429354689 0

0 3 21.352608662357312 0
1 3 20.702687078803706 0
2 3 20.5477360732554 0
3 3 20.27608220270798 0


# 20.95999999999998 18.0 3.653439690639818
0 0 21.67100352480973 1
1 0 20.154238134555268 -1
2 0 20.43039921398862 0
3 0 20.233774821423264 0

0 1 20.368339840138777 -1
1 1 20.708982790250463 0
2 1 20.62511773642824 0
3 1 20.296379385232086 0

0 2 20.872222430554444 0
1 2 20.79398078728455 0
2 2 21.038321517573475 0
3 2 20.461183190484086 0

0 3 21.332893664624745 0
1 3 20.710309547795926 0
2 3 20.5540677173956 0
3 3 20.28840625430505 0


# 21.079999999999977 18.0 3.6710035248097306
0 0 21.688638333612907 1
1 0 20.127456376958172 -1
2 0 20.42991863421881 0
3 0 20.245594504085435 0

0 1 20.337867689505963 -1
1 1 20.697564687400565 0
2 1 20.624658295772786 0
3 1 20.305668682936446 0

0 2 20.87092599416814 0
1 2 20.79567517045815 0
2 2 21.017709097219274 0
3 2 20.466914904897283 0

0 3 21.31540431920182 0
1 3 20.718218313273166 0
2 3 20.560848877242556 0
3 3 20.301876794535744 0


# 21.199999999999974 18.0 3.688638333612907
0 0 21.70639124240041 1
1 0 20.102589703894164 -1
2 0 20.43001616162665 0
3 0 20.258541320073117 0

0 1 20.30945582963434 -1
1 1 20.686070130402452 0
2 1 20.62394826644191 0
3 1 20.31550345215006 0

0 2 20.86987352624461 0
1 2 20.796985215081833 0
2 2 20.998243427716712 0
3 2 20.473171962984427 0

0 3 21.300066865784768 0
1 3 20.726427955613 0
2 3 20.568091802532756 0
3 3 20.316464395118665 0


# 21.319999999999972 18.0 3.706391242400411
0 0 21.724305704076336 1
1 0 20.079565640283874 -1
2 0 20.430700145559918 0
3 0 20.272588275723006 0

0 1 20.28302167711838 -1
1 1 20.674541013730245 0
2 1 20.623026606122583 0
3 1 20.325877749297717 0

0 2 20.869099723238158 0
1 2 20.797949670201483 0
2 2 20.979874623688406 0
3 2 20.479965341756337 0

0 3 21.28681079076273 0
1 3 20.734952208639218 0
2 3 20.575807441555735 0
3 3 20.332140950294136 0


# 21.43999999999997 18.0 3.724305704076336
0 0 21.742421746538415 1
1 0 20.058315838261894 -1
2 0 20.431977908087692 0
3 0 20.287709365685604 0

0 1 20.25848751648149 -1
1 1 20.663016400644004 0
2 1 20.621930289209313 0
3 1 20.336786143787027 0

0 2 20.868636510591504 0
1 2 20.79860584295457 0
2 2 20.962556348737074 0
3 2 20.48730459871639 0

0 3 21.275568666926038 0
1 3 20.743803999293608 0
2 3 20.58400554459029 0
3 3 20.348879597803226 0


# 21.559999999999967 18.0 3.7424217465384153
0 0 21.760776203919953 1
1 0 20.038775819206712 -1
2 0 20.433855821637227 0
3 0 20.303879532106013 0

0 1 20.235780190171134 -1
1 1 20.651532719111593 0
2 1 20.620694407726543 0
3 1 20.348223668210558 0

0 2 20.868513233547283 0
1 2 20.798989638101023 0
2 2 20.946245574267305 0
3 2 20.495197991653672 0

0 3 21.26627600171079 0
1 3 20.7529954855361 0
2 3 20.59269475960878 0
3 3 20.36665464529746 0


# 21.679999999999964 18.0 3.760776203919953
0 0 21.77940293269137 1
1 0 20.020884732481314 -1
2 0 20.43633938119623 0
3 0 20.321074625543076 0

0 1 20.21483080880815 -1
1 1 20.64012394363964 0
2 1 20.619352266963432 0
3 1 20.360185772755635 0

0 2 20.868756835121737 0
1 2 20.799135597534953 0
2 2 20.930902354091604 0
3 2 20.503652589269954 0

0 3 21.258871093497095 0
1 3 20.762538092551274 0
2 3 20.601882720808494 0
3 3 20.385441501787692 0


# 21.679999999999964 18.0 3.7794029326913687
0 0 21.798333013609952 1
1 0 20.004585129778448 -1
2 0 20.439433271453407 0
3 0 20.339271367554034 0

0 1 20.19557448034666 -1
1 1 20.62882176404042 0
2 1 20.61793547609728 0
3 1 20.372668283494953 0

0 2 20.869392022103167 0
1 2 20.799076939646714 0
2 2 20.916489613805076 0
3 2 20.512674373309668 0

0 3 21.253294895507054 0
1 3 20.772442547335668 0
2 3 20.611576130489677 0
3 3 20.40521661376893 0


# 21.679999999999964 18.0 3.798333013609952
0 0 21.816154940441493 1
1 0 19.989085474038976 -1
2 0 20.442412581864648 0
3 0 20.356998568706402 0

0 1 20.17721277689112 -1
1 1 20.61763804736657 0
2 1 20.616465075562985 0
3 1 20.384929871799113 0

0 2 20.869712572519372 0
1 2 20.79883663991599 0
2 2 20.902972738973773 0
3 2 20.521539480325163 0

0 3 21.24804214070706 0
1 3 20.78198141928092 0
2 3 20.621051982273393 0
3 3 20.42449991322443 0


# 21.679999999999964 18.0 3.8161549404414927
0 0 21.83292894159676 1
1 0 19.974339638979274 -1
2 0 20.445284892825317 0
3 0 20.374269197408463 0

0 1 20.159693194999488 -1
1 1 20.606583435686467 0
2 1 20.614952003207378 0
3 1 20.396971945354842 0

0 2 20.869743508181028 0
1 2 20.79842785442549 0
2 2 20.89030170334581 0
3 2 20.530256104894608 0

0 3 21.24309332277115 0
1 3 20.79116907758476 0
2 3 20.63031944734777 0
3 3 20.443304822975257 0


# 21.679999999999964 18.0 3.8329289415967587
0 0 21.84871189370702 1
1 0 19.96030433680877 -1
2 0 20.44805723377575 0
3 0 20.391095856451326 0

0 1 20.142966546860404 -1
1 1 20.59566723966914 0
2 1 20.613406284519172 0
3 1 20.40879622260032 0

0 2 20.869508133526107 0
1 2 20.797863071262576 0
2 2 20.8784293604815 0
3 2 20.53883171336172 0

0 3 21.238430089684716 0
1 3 20.80001932762574 0
2 3 20.639387072692152 0
3 3 20.461644474780794 0


# 21.679999999999964 18.0 3.8487118937070193
0 0 21.863557516137597 1
1 0 19.94693893853779 -1
2 0 20.450736122911266 0
3 0 20.407490793765216 0

0 1 20.12698674656426 -1
1 1 20.584897552655626 0
2 1 20.611837093966038 0
3 1 20.42040469646422 0

0 2 20.86902815080815 0
1 2 20.797154136540826 0
2 2 20.86731127137712 0
3 2 20.547273106711994 0

0 3 21.23403517619727 0
1 3 20.80854543249062 0
2 3 20.648262829782865 0
3 3 20.47953170492662 0


# 21.679999999999964 18.0 3.863557516137597
0 0 21.877516553777866 1
1 0 19.93420530587134 -1
2 0 20.453327604072225 0
3 0 20.423465912796104 0

0 1 20.11171061029546 -1
1 1 20.57428135588824 0
2 1 20.61025281258929 0
3 1 20.43179960119789 0

0 2 20.86832376755061 0
1 2 20.796312279914545 0
2 2 20.856905542699003 0
3 2 20.55558647841597 0

0 3 21.229892340254665 0
1 3 20.81676013372544 0
2 3 20.6569541595082 0
3 3 20.496979051204352 0


# 21.679999999999964 18.0 3.877516553777866
0 0 21.890636948835866 1
1 0 19.9220676339303 -1
2 0 20.45583728101298 0
3 0 20.439032782521974 0

0 1 20.09709766953035 -1
1 1 20.563824615557177 0
2 1 20.60866108207061 0
3 1 20.442983382063684 0

0 2 20.86741379678988 0
1 2 20.795348139543904 0
2 2 20.847172674963915 0
3 2 20.563777467621286 0

0 3 21.22598630317168 0
1 3 20.824675671335658 0
2 3 20.665468013578902 0
3 3 20.513998751135397 0


# 21.679999999999964 18.0 3.8906369488358656
0 0 21.9029640023193 1
1 0 19.9104923040919 -1
2 0 20.45827034923465 0
3 0 20.454202647126763 0

0 1 20.08310999638607 -1
1 1 20.55353237227554 0
2 1 20.607068855473674 0
3 1 20.45395866765967 0

0 2 20.866315750593923 0
1 2 20.794271786475825 0
2 2 20.83807542004344 0
3 2 20.571851208047253 0

0 3 21.222302693320653 0
1 3 20.832303803060064 0
2 3 20.673810892699453 0
3 3 20.530602741303483 0


# 21.679999999999964 18.0 3.902964002319301
0 0 21.91454052584154 1
1 0 19.89944774628826 -1
2 0 20.460631625553457 0
3 0 20.468986435348757 0

0 1 20.069712040322386 -1
1 1 20.543408823549036 0
2 1 20.605482444852605 0
3 1 20.464728244676948 0

0 2 20.865045927310405 0
1 2 20.79309274841254 0
2 2 20.829578647409498 0
3 2 20.57981237290995 0

0 3 21.218827993125554 0
1 3 20.83965582294239 0
2 3 20.68198888174594 0
3 3 20.546802657672426 0


# 21.679999999999964 18.0 3.9145405258415416
0 0 21.925406984350573 1
1 0 19.88890431014559 -1
2 0 20.462925575564377 0
3 0 20.483394769519098 0

0 1 20.056870475451365 -1
1 1 20.533457399765027 0
2 1 20.60390756590867 0
3 1 20.47529503490057 0

0 2 20.863619492967242 0
1 2 20.79182003284575 0
2 2 20.821649218574766 0
3 2 20.587665216181502 0

0 3 21.215549489163948 0
1 3 20.84674257922388 0
2 3 20.690007682178265 0
3 3 20.562609836776534 0


# 21.679999999999964 18.0 3.9254069843505732
0 0 21.935601630341115 1
1 0 19.878834144387522 -1
2 0 20.465156339148457 0
3 0 20.497437974304997 0

0 1 20.04455405775929 -1
1 1 20.52368083418712 0
2 1 20.602349379866784 0
3 1 20.485662074278984 0

0 2 20.862050557219845 0
1 2 20.79046214953962 0
2 2 20.81425586921637 0
3 2 20.59541361046514 0

0 3 21.21245522519137 0
1 3 20.853574491579387 0
2 3 20.697872641897646 0
3 3 20.578035317680932 0


# 21.679999999999964 18.0 3.9356016303411145
0 0 21.945160630074596 1
1 0 19.869211083964167 -1
2 0 20.467327754161854 0
3 0 20.511126085171306 0

0 1 20.032733491591177 -1
1 1 20.51408122740568 0
2 1 20.600812532733933 0
3 1 20.495832493899712 0

0 2 20.86035224421248 0
1 2 20.789027132350686 0
2 2 20.807369098503354 0
3 2 20.603061081746613 0

0 3 21.209533957913983 0
1 3 20.860161567719 0
2 3 20.705588782744783 0
3 3 20.593089844618316 0


# 21.679999999999964 18.0 3.9451606300745965
0 0 21.954118182298576 1
1 0 19.860010544404066 -1
2 0 20.469443378434768 0
3 0 20.52446885657315 0

0 1 20.021381304791348 -1
1 1 20.504660106661568 0
2 1 20.599301192092696 0
3 1 20.505809502720872 0

0 2 20.858536758696225 0
1 2 20.787522560376814 0
2 2 20.800961065178726 0
3 2 20.61061084126347 0

0 3 21.206775115346062 0
1 3 20.866513419376414 0
2 3 20.713160825819585 0
3 3 20.60778387021705 0


# 21.679999999999964 18.0 3.9541181822985756
0 0 21.96250662992617 1
1 0 19.851209422919364 -1
2 0 20.47150651019953 0
3 0 20.53747576989156 0

0 1 20.010471731933517 -1
1 1 20.49541848042968 0
2 1 20.597819081574592 0
3 1 20.51559637191935 0

0 2 20.85661544772286 0
1 2 20.78595557843122 0
2 2 20.795005489975214 0
3 2 20.61806581471574 0

0 3 21.204168757598794 0
1 3 20.8726392777048 0
2 3 20.72059321478993 0
3 3 20.622127559243307 0


# 21.679999999999964 18.0 3.962506629926171
0 0 21.970356565107064 1
1 0 19.842786005825587 -1
2 0 20.473520207058648 0
3 0 20.5501560411232 0

0 1 19.999980605111425 -1
1 1 20.48635688862037 0
2 1 20.596369513149895 0
3 1 20.525196420726605 0

0 2 20.854598858212196 0
1 2 20.784332916840672 0
2 2 20.789477563970358 0
3 2 20.625428669024963 0

0 3 21.20170553995624 0
1 3 20.87854800810024 0
2 3 20.72789013734452 0
3 3 20.636130792786982 0


# 21.679999999999964 18.0 3.970356565107064
0 0 21.977696928094453 1
1 0 19.834719881866196 -1
2 0 20.475487303595855 0
3 0 20.562518628334633 0

0 1 19.98988525179587 -1
1 1 20.477475448730424 0
2 1 20.59495541736298 0
3 1 20.534613003632757 0

0 2 20.852496790670397 0
1 2 20.782660910569977 0
2 2 20.78435386251141 0
3 2 20.63270183683309 0

0 3 21.199376678103064 0
1 3 20.88424812447224 0
2 3 20.7350555449333 0
3 3 20.64980317282785 0


# 21.679999999999964 18.0 3.9776969280944527
0 0 21.984555100286997 1
1 0 19.826991861059174 -1
2 0 20.47741042772591 0
3 0 20.57457223889089 0

0 1 19.980164399296697 -1
1 1 20.46877389825083 0
2 1 20.593579371635006 0
3 1 20.543849498848488 0

0 2 20.850318349317877 0
1 2 20.780945517677246 0
2 2 20.779612264363806 0
3 2 20.639887538918583 0

0 3 21.197173915376833 0
1 3 20.889747802980253 0
2 3 20.742093170928165 0
3 3 20.663154027124207 0


# 21.679999999999964 18.0 3.9845551002869968
0 0 21.990956991800935 1
1 0 19.81958389870802 -1
2 0 20.47929201587223 0
3 0 20.586325336467468 0

0 1 19.97079808539867 -1
1 1 20.46025163361582 0
2 1 20.592243626748928 0
3 1 20.552909297922472 0

0 2 20.84807198886796 0
1 2 20.77919233710667 0
2 2 20.77523187575877 0
3 2 20.646987804693666 0

0 3 21.195089491925444 0
1 3 20.895054895254606 0
2 3 20.749006547326832 0
3 3 20.676192414371982 0


