# 20.0 20.0 0.0
0 0 20.0 0
1 0 20.0 0
2 0 20.0 0
3 0 20.0 0

0 1 20.0 0
1 1 20.0 0
2 1 20.0 0
3 1 20.0 0

0 2 20.0 0
1 2 20.0 0
2 2 20.0 0
3 2 20.0 0

0 3 20.0 0
1 3 20.0 0
2 3 20.0 0
3 3 20.0 0


# 20.0 20.0 0.0
0 0 20.0 0
1 0 20.0 0
2 0 20.0 0
3 0 20.0 0

0 1 20.0 0
1 1 20.0 0
2 1 20.0 0
3 1 20.0 0

0 2 20.0 0
1 2 20.0 0
2 2 20.0 0
3 2 20.0 0

0 3 20.0 0
1 3 20.0 0
2 3 20.0 0
3 3 20.0 0


# 20.0 20.0 0.0
0 0 20.0 0
1 0 20.0 0
2 0 20.0 0
3 0 20.0 0

0 1 20.0 0
1 1 20.0 0
2 1 20.0 0
3 1 20.0 0

0 2 20.0 0
1 2 20.0 0
2 2 20.0 0
3 2 20.0 0

0 3 20.0 0
1 3 20.0 0
2 3 20.0 0
3 3 20.0 0


# 20.0 20.0 0.0
0 0 20.0 0
1 0 20.0 0
2 0 20.0 0
3 0 20.0 0

0 1 20.0 0
1 1 20.0 0
2 1 20.0 0
3 1 20.0 0

0 2 20.0 0
1 2 20.0 0
2 2 20.0 0
3 2 20.0 0

0 3 20.0 0
1 3 20.0 0
2 3 20.0 0
3 3 20.0 0


# 20.0 20.0 0.0
0 0 20.0 0
1 0 20.0 0
2 0 20.0 0
3 0 20.0 0

0 1 20.0 0
1 1 20.0 0
2 1 20.0 0
3 1 20.0 0

0 2 20.0 0
1 2 20.0 0
2 2 20.0 0
3 2 20.0 0

0 3 20.0 0
1 3 20.0 0
2 3 20.0 0
3 3 20.0 0


# 20.0 20.0 0.0
0 0 20.0 0
1 0 20.0 0
2 0 20.0 0
3 0 20.0 0

0 1 20.0 0
1 1 20.0 0
2 1 20.0 0
3 1 20.0 0

0 2 20.0 0
1 2 20.0 0
2 2 20.0 0
3 2 20.0 0

0 3 20.0 0
1 3 20.0 0
2 3 20.0 0
3 3 20.0 0


# 20.0 20.0 0.0
0 0 20.0 0
1 0 20.0 0
2 0 20.0 0
3 0 20.0 0

0 1 20.0 0
1 1 20.0 0
2 1 20.0 0
3 1 20.0 0

0 2 20.0 0
1 2 20.0 0
2 2 20.0 0
3 2 20.0 0

0 3 20.0 0
1 3 20.0 0
2 3 20.0 0
3 3 20.0 0


# 20.0 20.0 0.0
0 0 20.0 0
1 0 20.0 0
2 0 20.0 0
3 0 20.0 0

0 1 20.0 0
1 1 20.0 0
2 1 20.0 0
3 1 20.0 0

0 2 20.0 0
1 2 20.0 0
2 2 20.0 0
3 2 20.0 0

0 3 20.0 0
1 3 20.0 0
2 3 20.0 0
3 3 20.0 0


# 20.0 20.0 0.0
0 0 20.0 0
1 0 20.0 0
2 0 20.0 0
3 0 20.0 0

0 1 20.0 0
1 1 20.0 0
2 1 20.0 0
3 1 20.0 0

0 2 20.0 0
1 2 20.0 0
2 2 20.0 0
3 2 20.0 0

0 3 20.0 0
1 3 20.0 0
2 3 20.0 0
3 3 20.0 0


# 20.0 20.0 0.0
0 0 20.0 0
1 0 20.0 0
2 0 20.0 0
3 0 20.0 0

0 1 20.0 0
1 1 20.0 0
2 1 20.0 0
3 1 20.0 0

0 2 20.0 0
1 2 20.0 0
2 2 20.0 0
3 2 20.0 0

0 3 20.0 0
1 3 20.0 0
2 3 20.0 0
3 3 20.0 0


# 20.0 20.0 0.0
0 0 20.0 0
1 0 20.0 0
2 0 20.0 0
3 0 20.0 0

0 1 20.0 0
1 1 20.0 0
2 1 20.0 0
3 1 20.0 0

0 2 20.0 0
1 2 20.0 0
2 2 20.0 0
3 2 20.0 0

0 3 20.0 0
1 3 20.0 0
2 3 20.0 0
3 3 20.0 0


# 20.0 20.0 0.0
0 0 20.0 0
1 0 20.0 0
2 0 20.0 0
3 0 20.0 0

0 1 20.0 0
1 1 20.0 0
2 1 20.0 0
3 1 20.0 0

0 2 20.0 0
1 2 20.0 0
2 2 20.0 0
3 2 20.0 0

0 3 20.0 0
1 3 20.0 0
2 3 20.0 0
3 3 20.0 0


# 20.0 20.0 0.0
0 0 20.0 0
1 0 20.0 0
2 0 20.06 1
3 0 20.00072 0

0 1 20.0 0
1 1 20.0 0
2 1 20.00072 0
3 1 20.00001728 0

0 2 20.0 0
1 2 20.0 0
2 2 20.00000864 0
3 2 20.00000031104 0

0 3 20.0 0
1 3 20.0 0
2 3 20.00000010368 0
3 3 20.00000000497664 0


# 20.0 20.0 0.05999999999999872
0 0 20.0 0
1 0 20.00072 0
2 0 20.11750592 1
3 0 20.0021043584 0

0 1 20.0 0
1 1 20.00001728 0
2 1 20.00209602944 0
3 1 20.000066962626562 0

0 2 20.0 0
1 2 20.00000031104 0
2 2 20.000033386342402 0
3 2 20.000001502223668 0

0 3 20.0 0
1 3 20.00000000497664 0
2 3 20.00000050008099 0
3 3 20.000000028825138 0


# 20.0 20.0 0.11750591999999926
0 0 20.00000864 0
1 0 20.00210014208 0
2 0 20.17264627771904 1
3 0 20.004101160381747 0

0 1 20.00000031104 0
1 1 20.0000668120832 0
2 1 20.004069181292135 0
3 1 20.000162212323016 0

0 2 20.00000000746496 0
1 2 20.000001498640486 0
2 2 20.000080655984814 0
3 2 20.00000435389587 0

0 3 20.0000000001493 0
1 3 20.000000028754073 0
2 3 20.000001447640358 0
3 3 20.000000097405866 0


# 20.0 20.0 0.17264627771903918
0 0 20.000033534397442 0
1 0 20.004084895603036 0
2 0 20.22554219690216 1
3 0 20.006661971518707 0

0 1 20.000001502223668 0
1 1 20.00016149003632 0
2 1 20.00658521925307 0
3 1 20.00031441794146 0

0 2 20.000000043163592 0
1 2 20.00000433332101 0
2 2 20.000155928746867 0
3 2 20.000009816361374 0

0 3 20.000000001006935 0
1 3 20.000000096930023 0
2 3 20.000003260316454 0
3 3 20.00000025081939 0


# 20.0 20.0 0.22554219690216115
0 0 20.000081363933056 0
1 0 20.00662275059817 0
2 0 20.27630786392871 1
3 0 20.009741607926475 0

0 1 20.00000435389587 0
1 1 20.000312338399393 0
2 1 20.00959421531712 0
3 1 20.00053336006318 0

0 2 20.000000145609405 0
1 2 20.00000974743783 0
2 2 20.000263848640213 0
3 2 20.000018973588467 0

0 3 20.00000000388116 0
1 3 20.00000024899859 0
2 3 20.00000629556466 0
3 3 20.00000054501973 0


# 20.0 20.0 0.2763078639287109
0 0 20.000157960085396 0
1 0 20.009665933022006 0
2 0 20.325050954718893 1
3 0 20.013297921818506 0

0 1 20.000009816361374 0
1 1 20.00052870270188 0
2 1 20.013050215375387 0
3 1 20.000827364269917 0

0 2 20.000000374305976 0
1 2 20.000018797656573 0
2 2 20.000408315291704 0
3 2 20.000033011392727 0

0 3 20.00000001122109 0
1 3 20.000000539793955 0
2 3 20.00001094395221 0
3 3 20.00000105286316 0


# 20.0 20.0 0.32505095471889334
0 0 20.00026838251492 0
1 0 20.013170140314312 0
2 0 20.3718730339508 1
3 0 20.01729160141169 0

0 1 20.000018973588467 0
1 1 20.00081842249541 0
2 1 20.01691093066946 0
3 1 20.001203441492265 0

0 2 20.00000081197472 0
1 2 20.000032632443727 0
2 2 20.0005925663792 0
3 2 20.000053189643047 0

0 3 20.000000027038354 0
1 3 20.00000104036382 0
2 3 20.000017620221488 0
3 3 20.00000186467846 0


# 20.0 20.0 0.3718730339507985
0 0 20.000416990111216 0
1 0 20.0170942957798 0
2 0 20.416869928459196 1
3 0 20.021685984200285 0

0 1 20.000033011392727 0
1 1 20.00118798865906 0
2 1 20.021137453097204 0
3 1 20.001667416472877 0

0 2 20.00000156592228 0
1 2 20.00005246402232 0
2 2 20.00081925191681 0
3 2 20.000080818074856 0

0 3 20.000000057340408 0
1 3 20.00000183836755 0
2 3 20.00002675563174 0
3 3 20.000003088434514 0


# 20.0 20.0 0.4168699284591959
0 0 20.000607506153283 0
1 0 20.021400320436307 0
2 0 20.460132076556715 1
3 0 20.02644688268543 0

0 1 20.000053189643047 0
1 1 20.00164268632981 0
2 1 20.025693992523852 0
3 1 20.002224045300427 0

0 2 20.00000276868561 0
1 2 20.00007954429285 0
2 2 20.001090501151083 0
3 2 20.000117235334343 0

0 3 20.00000011056079 0
1 3 20.000003038081935 0
2 3 20.00003879142722 0
3 3 20.00000484957201 0


# 20.0 20.0 0.4601320765567145
0 0 20.000843078052718 0
1 0 20.02605292106925 0
2 0 20.501744854896675 1
3 0 20.03154242171112 0

0 1 20.000080818074856 0
1 1 20.00218672469751 0
2 1 20.030547634395255 0
3 1 20.002877122895097 0

0 2 20.00000457807596 0
1 2 20.00011514427087 0
2 2 20.001407982760963 0
3 2 20.00016379091304 0

0 3 20.000000197974497 0
1 3 20.000004760086565 0
2 3 20.00005417329631 0
3 3 20.00000729055793 0


# 20.0 20.0 0.5017448548966748
0 0 20.00112633211255 0
1 0 20.031019393324822 0
2 0 20.54178888438419 1
3 0 20.03694288661687 0

0 1 20.000117235334343 0
1 1 20.002823354799933 0
2 1 20.035668116082366 0
3 1 20.00362958125685 0

0 2 20.000007176727724 0
1 2 20.00016053663837 0
2 2 20.001772958991598 0
3 2 20.00022182966437 0

0 3 20.000000334089187 0
1 3 20.000007140691217 0
2 3 20.000073346700752 0
3 3 20.00001057021423 0


# 20.0 20.0 0.5417888843841894
0 0 20.001459423700407 0
1 0 20.036269438759795 0
2 0 20.580340316537562 1
3 0 20.042620581472196 0

0 1 20.00016379091304 0
1 1 20.00355497635826 0
2 1 20.041027620508142 0
3 1 20.0044835792238 0

0 2 20.000010771244845 0
1 2 20.000216981047156 0
2 2 20.002186334295047 0
3 2 20.00029267862326 0

0 3 20.00000053700521 0
1 3 20.000010331159224 0
2 3 20.00009675296734 0
3 3 20.000014862865605 0


# 20.0 20.0 0.580340316537562
0 0 20.001844083203267 0
1 0 20.041774994845074 0
2 0 20.617471101604888 1
3 0 20.04854969670914 0

0 1 20.00022182966437 0
1 1 20.00438323460584 0
2 1 20.046600585720505 0
3 1 20.005440584429035 0

0 2 20.000015591025164 0
1 2 20.000285711849916 0
2 2 20.002648698998815 0
3 2 20.000377635876607 0

0 3 20.000000828739235 0
1 3 20.000014496773215 0
2 3 20.000124826046363 0
3 3 20.00002035734552 0


# 20.0 20.0 0.6174711016048882
0 0 20.002281658102063 0
1 0 20.047510076993333 0
2 0 20.65324923965056 1
3 0 20.05470618551657 0

0 1 20.00029267862326 0
1 1 20.005309107983003 0
2 1 20.052363529178656 0
3 1 20.006501448089878 0

0 2 20.000021886832656 0
1 2 20.00036792796817 0
2 2 20.003160368475708 0
3 2 20.000477961256724 0

0 3 20.000001235507895 0
1 3 20.00001981578301 0
2 3 20.000157989851665 0
3 3 20.00002725589438 0


# 20.0 20.0 0.6532492396505596
0 0 20.00277315147779 0
1 0 20.053450631748948 0
2 0 20.687739015742565 1
3 0 20.061067648403963 0

0 1 20.000377635876607 0
1 1 20.006332987497085 0
2 1 20.058294885615744 0
3 1 20.00766647321342 0

0 2 20.000029929177916 0
1 2 20.000464784636904 0
2 2 20.003721418245206 0
3 2 20.00059486865218 0

0 3 20.000001787969143 0
1 3 20.000026478269614 0
2 3 20.000196656106805 0
3 3 20.00003577297929 0


# 20.0 20.0 0.6877390157425651
0 0 20.003319257236097 0
1 0 20.0595744003412 0
2 0 20.721001220293708 1
3 0 20.067613225383507 0

0 1 20.000477961256724 0
1 1 20.007454748479432 0
2 1 20.06437485742897 0
3 1 20.008935476756033 0

0 2 20.000040006558798 0
1 2 20.00057738679297 0
2 2 20.004331715397207 0
3 2 20.00072951975038 0

0 3 20.000002521420196 0
1 3 20.00003468495413 0
2 3 20.000241222630287 0
3 3 20.000046134060604 0


# 20.0 20.0 0.721001220293708
0 0 20.00392039231477 0
1 0 20.065860791859926 0
2 0 20.75309335553744 1
3 0 20.07432349525722 0

0 1 20.00059486865218 0
1 1 20.008673815409228 0
2 1 20.07058527662958 0
3 1 20.010307846231925 0

0 2 20.000052423605712 0
1 2 20.0007067838993 0
2 2 20.004990946693056 0
3 2 20.00088301904469 0

0 3 20.000003475951786 0
1 3 20.000044645975834 0
2 3 20.00029207200057 0
3 3 20.000058574326964 0


# 20.0 20.0 0.7530933555374411
0 0 20.004576726117584 0
1 0 20.07229076536658 0
2 0 20.78406982905191 1
3 0 20.081180381531368 0

0 1 20.00072951975038 0
1 1 20.009989220417335 0
2 1 20.07690947746009 0
3 1 20.011782591226616 0

0 2 20.00006749916949 0
1 2 20.000853966019204 0
2 2 20.005698643666083 0
3 2 20.00105640995545 0

0 3 20.000004696559266 0
1 3 20.000056579659798 0
2 3 20.00034957054838 0
3 3 20.000073337417238 0


# 20.0 20.0 0.7840698290519086
0 0 20.005288207398756 0
1 0 20.078846720303602 0
2 0 20.81398213518327 1
3 0 20.088167064513158 0

0 1 20.00088301904469 0
1 1 20.011399656031234 0
2 1 20.083332178855294 0
3 1 20.013358390234984 0

0 2 20.00008556438385 0
1 2 20.001019860975173 0
2 2 20.006454205014123 0
3 2 20.001250671929316 0

0 3 20.000006233211657 0
1 3 20.00007071129091 0
2 3 20.000414067630015 0
3 3 20.00009067414493 0


# 20.0 20.0 0.8139821351832701
0 0 20.00605458880458 0
1 0 20.08551239461108 0
2 0 20.842879025161327 1
3 0 20.09526789917544 0

0 1 20.00105640995545 0
1 1 20.0129035226745 0
2 1 20.08983937598726 0
3 1 20.01503363321022 0

0 2 20.000106960729433 0
1 2 20.001205332444872 0
2 2 20.00725691654934 0
3 2 20.00146671839514 0

0 3 20.000008140880283 0
1 3 20.000087271908153 0
2 3 20.000485895140784 0
3 3 20.000110841238143 0


# 20.0 20.0 0.8428790251613272
0 0 20.006875449262413 0
1 0 20.092272770002594 0
2 0 20.870806666646534 1
3 0 20.102468338403405 0

0 1 20.001250671929316 0
1 1 20.01449897139049 0
2 1 20.15641824019343 1
3 1 20.017526460179294 0

0 2 20.00013203812185 0
1 2 20.001411178863158 0
2 2 20.008825968946084 0
3 2 20.001722675466905 0

0 3 20.000010479528953 0
1 3 20.000106497130407 0
2 3 20.000574007232647 0
3 3 20.000134411145964 0


# 20.0 20.0 0.8708066666465335
0 0 20.00775021439215 0
1 0 20.099113983891634 0
2 0 20.89852879339724 1
3 0 20.1097721412638 0

0 1 20.00146671839514 0
1 1 20.01690394221987 0
2 1 20.220211586641057 1
3 1 20.020770825692225 0

0 2 20.000161153042182 0
1 2 20.00165541301379 0
2 2 20.011092286624926 0
3 2 20.002034293378852 0

0 3 20.00001331406798 0
1 3 20.0001289370627 0
2 3 20.000686166546878 0
3 3 20.000162217863817 0


# 20.0 20.0 0.8985287933972401
0 0 20.008678175101473 0
1 0 20.10604052749681 0
2 0 20.926022875139378 1
3 0 20.117181868588283 0

0 1 20.001714035466907 0
1 1 20.020048011744738 0
2 1 20.2813766384727 1
3 1 20.02470556461843 0

0 2 20.000194977764995 0
1 2 20.001953523747495 0
2 2 20.01399246433268 0
3 2 20.00241517601872 0

0 3 20.000016721739467 0
1 3 20.000155398650474 0
2 3 20.000829068522073 0
3 3 20.00019530895521 0


# 20.0 20.0 0.9260228751393775
0 0 20.009658815553383 0
1 0 20.113055581771192 0
2 0 20.953269283449508 1
3 0 20.12469901949592 0

0 1 20.002000867638056 0
1 1 20.023866346520542 0
2 1 20.340060563733065 1
3 1 20.02927402801543 0

0 2 20.000234442056364 0
1 2 20.002318738426336 0
2 2 20.017468308605114 0
3 2 20.00287699037284 0

0 3 20.000020797845327 0
1 3 20.000186895164678 0
2 3 20.001008453796846 0
3 3 20.00023490316286 0


# 20.0 20.0 0.953269283449508
0 0 20.010691775586373 0
1 0 20.120161176203478 0
2 0 20.980251022657818 1
3 0 20.132324155402145 0

0 1 20.002334341967217 0
1 1 20.02829925973152 0
2 1 20.396401168101995 1
3 1 20.034423746605306 0

0 2 20.000280682028862 0
1 2 20.002762260728232 0
2 2 20.02146641626807 0
3 2 20.003429657569615 0

0 3 20.000025660049218 0
1 3 20.00022460206265 0
2 3 20.0012292097953 0
3 3 20.000282353057376 0


# 20.0 20.0 0.9802510226578178
0 0 20.011776817883312 0
1 0 20.127358332006203 0
2 0 21.006953483572314 1
3 0 20.140057012569798 0

0 1 20.002720580720318 0
1 1 20.03329180336309 0
2 1 20.450527537430805 1
3 1 20.040106119738727 0

0 2 20.000334995401623 0
1 2 20.00329348601842 0
2 2 20.02593778697697 0
3 2 20.00408152706897 0

0 3 20.000031451457016 0
1 3 20.00026981854327 0
2 3 20.00149546248683 0
3 3 20.00033911222198 0


# 20.0 20.0 1.006953483572314
0 0 20.01291379939223 0
1 0 20.134647191097873 0
2 0 21.03336421815546 1
3 0 20.147896604172015 0

0 1 20.003164803507946 0
1 1 20.03879339301832 0
2 1 20.5025606338488 1
3 1 20.046276127890778 0

0 2 20.000398802486554 0
1 2 20.003920196301838 0
2 2 20.030837467038555 0
3 2 20.004839535417887 0

0 3 20.00003834265692 0
1 3 20.0003239341818 0
2 3 20.00181065922369 0
3 3 20.000406706517687 0


# 20.0 20.0 1.0333642181554588
0 0 20.01410264654938 0
1 0 20.14202713216444 0
2 0 21.059472733435154 1
3 0 20.155841312757733 0

0 1 20.003671419865263 0
1 1 20.044757462739604 0
2 1 20.552613848917304 1
3 1 20.052892066884482 0

0 2 20.00047361228801 0
1 2 20.004648736594326 0
2 2 20.036124221982544 0
3 2 20.00570935087495 0

0 3 20.00004653287891 0
1 3 20.00038840009053 0
2 3 20.002177643479385 0
3 3 20.000486709015302 0


# 20.0 20.0 1.059472733435154
0 0 20.015343333897956 0
1 0 20.149496874974407 0
2 0 21.085270303070672 1
3 0 20.163888973937915 0

0 1 20.00424411313803 0
1 1 20.05114114741159 0
2 1 20.600793517041463 1
3 1 20.059915302177586 0

0 2 20.000560993163248 0
1 2 20.005484174389572 0
2 2 20.041760235556804 0
3 2 20.0066955050992 0

0 3 20.000056250414314 0
1 3 20.000464704106125 0
2 3 20.00259872223739 0
3 3 20.00058071821879 0


# 20.0 20.0 1.085270303070672
0 0 20.01663586573498 0
1 0 20.157054574020087 0
2 0 21.1107497951217 1
3 0 20.17203695204374 0

0 1 20.004885916461948 0
1 1 20.057904990518793 0
2 1 20.64719939210397 1
3 1 20.06731004167709 0

0 2 20.00066254754558 0
1 2 20.0064304437516 0
2 2 20.047710833008384 0
3 2 20.007801512999883 0

0 3 20.00006775241922 0
1 3 20.000554349554566 0
2 3 20.0030757267128 0
3 3 20.000690339239465 0


# 20.0 20.0 1.1107497951216985
0 0 20.017980260454305 0
1 0 20.164697902464383 0
2 0 21.13590551468593 1
3 0 20.18028220844652 0

0 1 20.00559928155277 0
1 1 20.065012675212362 0
2 1 20.691925090057985 1
3 1 20.075043125664703 0

0 2 20.00077989028135 0
1 2 20.007490475428202 0
2 2 20.05394422668637 0
3 2 20.009029981752974 0

0 3 20.000081324210157 0
1 3 20.000658837189487 0
2 3 20.003610067028248 0
3 3 20.00081716761222 0


# 20.0 20.0 1.1359055146859305
0 0 20.019376537286156 0
1 0 20.17242412728709 0
2 0 21.16073306017862 1
3 0 20.188621363172565 0

0 1 20.00638614096091 0
1 1 20.07243077680698 0
2 1 20.73505850000724 1
3 1 20.08308383252598 0

0 2 20.000914630176727 0
1 2 20.00866631425796 0
2 2 20.06043128216198 0
3 2 20.010382709906953 0

0 3 20.000097278146985 0
1 3 20.00077964994073 0
2 3 20.004202781409642 0
3 3 20.00096277547398 0


# 20.0 20.0 1.1607330601786217
0 0 20.02082470516283 0
1 0 20.180230176446813 0
2 0 21.185229192126638 1
3 0 20.197050750394183 0

0 1 20.00724796438631 0
1 1 20.080128534981423 0
2 1 20.776682166108447 1
3 1 20.091403699076803 0

0 2 20.0010683543908 0
1 2 20.009959225031277 0
2 2 20.06714530320768 0
3 2 20.011860777423962 0

0 3 20.00011595218567 0
1 3 20.00091824014674 0
2 3 20.004854580416378 0
3 3 20.001128699851 0


# 20.0 20.0 1.1852291921266378
0 0 20.022324753466965 0
1 0 20.188112698802946 0
2 0 21.209391713440986 1
3 0 20.205566468330208 0

0 1 20.008185809596153 0
1 1 20.08807764409678 0
2 1 20.816873642453107 1
3 1 20.099976354374064 0

0 2 20.001242615348144 0
1 2 20.071369787863368 1
2 2 20.074781834111594 0
3 2 20.013473267432197 0

0 3 20.000137708172925 0
1 3 20.00179601897801 0
2 3 20.005583166674178 0
3 3 20.00131674386564 0


# 20.0 20.0 1.2093917134409864
0 0 20.023876644442943 0
1 0 20.19606811747699 0
2 0 21.23321936021559 1
3 0 20.214164424045396 0

0 1 20.009200368439767 0
1 1 20.096972060174934 0
2 1 20.85572310292187 1
3 1 20.10877767702315 0

0 2 20.002158919877235 0
1 2 20.13005254404363 1
2 2 20.0832502910471 0
3 2 20.015227526743274 0

0 3 20.00018020994496 0
1 3 20.003350377228887 0
2 3 20.006403682619563 0
3 3 20.001528915598833 0


# 20.0 20.0 1.233219360215589
0 0 20.025480307073998 0
1 0 20.20410131727253 0
2 0 21.256712013217413 1
3 0 20.22284038106265 0

0 1 20.010309288410813 0
1 1 20.106719636318324 0
2 1 20.893313909392894 1
3 1 20.11778559639456 0

0 2 20.003754749751185 0
1 2 20.18617492258168 1
2 2 20.092467717572887 0
3 2 20.017129357374852 0

0 3 20.000258983910705 0
1 3 20.005523712454618 0
2 3 20.007328972097056 0
3 3 20.001767374590937 0


# 20.0 20.0 1.2567120132174132
0 0 20.027135943287533 0
1 0 20.212215873060963 0
2 0 21.27987055062448 1
3 0 20.23159000110862 0

0 1 20.011527622249844 0
1 1 20.11723588170247 0
2 1 20.92972315869757 1
3 1 20.126979911552162 0

0 2 20.005972588606543 0
1 2 20.2398929251018 1
2 2 20.162358160088644 1
3 2 20.01990318971989 0

0 3 20.000387616102653 0
1 3 20.008263030691143 0
2 3 20.00908981805343 0
3 3 20.002051665198945 0


# 20.0 20.0 1.27987055062448
0 0 20.028843971272913 0
1 0 20.2204142112356 0
2 0 21.302696715950752 1
3 0 20.240408880598746 0

0 1 20.012868091414333 0
1 1 20.128443340018144 0
2 1 20.965742184611404 1
3 1 20.136359406326132 0

0 2 20.008759523476492 0
1 2 20.292071953348206 1
2 2 20.230006654153183 1
3 2 20.023488268459793 0

0 3 20.00057793257297 0
1 3 20.011536859849812 0
2 3 20.01163118784561 0
3 3 20.00239923872745 0


# 20.0 20.0 1.302696715950752
0 0 20.030604975938886 0
1 0 20.228697754746598 0
2 0 21.3252016397203 1
3 0 20.24929289344975 0

0 1 20.014341325648132 0
1 1 20.140288298317525 0
2 1 21.00136883173226 1
3 1 20.145922111184138 0

0 2 20.01207551802931 0
1 2 20.34277938755169 1
2 2 20.295517546860903 1
3 2 20.027827827945753 0

0 3 20.000840475534893 0
1 3 20.015315324347306 0
2 3 20.014901463275322 0
3 3 20.002825617627913 0


# 20.0 20.0 1.3252016397203015
0 0 20.032419665769822 0
1 0 20.237067364292933 0
2 0 21.34739591992575 1
3 0 20.258238165658877 0

0 1 20.015956391756312 0
1 1 20.152720523702282 0
2 1 21.03660180102919 1
3 1 20.15566539605001 0

0 2 20.015883261330192 0
1 2 20.392079216824097 1
2 2 20.358989628320472 1
3 2 20.032868826876012 0

0 3 20.001184601443768 0
1 3 20.019570064103238 0
2 3 20.018852225538378 0
3 3 20.00334454802228 0


# 20.0 20.0 1.3473959199257486
0 0 20.034288842874698 0
1 0 20.245523398430663 0
2 0 21.369289651670293 1
3 0 20.267241052267803 0

0 1 20.01772093483743 0
1 1 20.165693042778027 0
2 1 21.071440567205613 1
3 1 20.165586054772103 0

0 2 20.020147981391588 0
1 2 20.44003222301566 1
2 2 20.420516452272718 1
3 2 20.038561700808025 0

0 3 20.00161857233773 0
1 3 20.024274157661605 0
2 3 20.023438053961247 0
3 3 20.00396814135071 0


# 20.0 20.0 1.369289651670293
0 0 20.036213376530426 0
1 0 20.25406576854832 0
2 0 21.3908924549564 1
3 0 20.276298116502904 0

0 1 20.01964130838266 0
1 1 20.17916193513051 0
2 1 21.105885302745325 1
3 1 20.17568038191235 0

0 2 20.024837271417972 0
1 2 20.486696154108703 1
2 2 20.480186637103106 1
3 2 20.04486013129848 0

0 3 20.002149640882525 0
1 3 20.029402049227247 0
2 3 20.028616337627046 0
3 3 20.00470700588919 0


# 20.0 20.0 1.3908924549564006
0 0 20.038194179898504 0
1 0 20.262693989109113 0
2 0 21.41221350074852 1
3 0 20.28540611090073 0

0 1 20.02172269406795 0
1 1 20.193086139924617 0
2 1 21.13993680812981 1
3 1 20.18594424247598 0

0 2 20.029920927887126 0
1 2 20.53212588776119 1
2 2 20.538084148499955 1
3 2 20.051720830546326 0

0 3 20.002784129536128 0
1 3 20.034929479418796 0
2 3 20.034347099052404 0
3 3 20.005570368832366 0


# 20.0 20.0 1.4122135007485213
0 0 20.040232189620284 0
1 0 20.27140722353005 0
2 0 21.43326153542781 1
3 0 20.29456196024315 0

0 1 20.023969212006282 0
1 1 20.207427274785363 0
2 1 21.173596447753848 1
3 1 20.19637313515451 0

0 2 20.03537079966751 0
1 2 20.576373585577112 1
2 2 20.594288564927112 1
3 2 20.05910334049035 0

0 3 20.003527504221864 0
1 3 20.040833419549422 0
2 3 20.04059282913191 0
3 3 20.00656618958987 0


# 20.0 20.0 1.4332615354278104
0 0 20.04232834802039 0
1 0 20.280204326040593 0
2 0 21.454044903748294 1
3 0 20.30376274614123 0

0 1 20.026384022171698 0
1 1 20.222149466174184 0
2 1 21.206866091101713 1
3 1 20.206962249610818 0

0 2 20.041160647425123 0
1 2 20.619488838646323 1
2 2 20.648875327003054 1
3 2 20.0669698453842 0

0 3 20.004384442873572 0
1 3 20.04709200925617 0
2 3 20.04731833261856 0
3 3 20.007701264900668 0


# 20.0 20.0 1.4540449037482936
0 0 20.044483587670204 0
1 0 20.289083879838 0
2 0 21.474571570395838 1
3 0 20.31300569312023 0

0 1 20.02896941765572 0
1 1 20.237219190524723 0
2 1 21.239748058779245 1
3 1 20.217706518294566 0

0 2 20.047266012623375 0
1 2 20.661518804864187 1
2 2 20.701915971806663 1
3 2 20.075284996938088 0

0 3 20.00535889919268 0
1 3 20.053684497307515 0
2 3 20.054490583456758 0
3 3 20.008981326328982 0


# 20.0 20.0 1.4745715703958382
0 0 20.046698818084 0
1 0 20.298044231832858 0
2 0 21.494849140244 1
3 0 20.322288156070364 0

0 1 20.031726910368963 0
1 1 20.25260512544968 0
2 1 21.27224507302738 1
3 1 20.228600663238623 0

0 2 20.053664095466303 0
1 2 20.702508338511066 1
2 2 20.753478353063144 1
3 2 20.084015751178256 0

0 3 20.00645416193503 0
1 3 20.060591185427434 0
2 3 20.06207858932941 0
3 3 20.01041113066723 0


# 20.0 20.0 1.4948491402439998
0 0 20.048974914339396 0
1 0 20.307083524256274 0
2 0 21.514884877394 1
3 0 20.33160760893942 0

0 1 20.034657309756533 0
1 1 20.26827801037471 0
2 1 21.304360212370913 1
3 1 20.239639238252465 0

0 2 20.06033364117915 0
1 2 20.74250011254307 1
2 2 20.803626848101175 1
3 2 20.09313121623302 0

0 3 20.007672910024645 0
1 3 20.067793374982248 0
2 3 20.070053264822583 0
3 3 20.011994543735877 0


# 20.0 20.0 1.5148848773939996
0 0 20.051312707431332 0
1 0 20.31619972337991 0
2 0 21.534685723079736 1
3 0 20.34096163455359 0

0 1 20.03776079505458 0
1 1 20.284210515996907 0
2 1 21.336096870082272 1
3 1 20.250816666896288 0

0 2 20.067254834061092 0
1 2 20.7815347340187 1
2 2 20.852422552414197 1
3 2 20.10260251030779 0

0 3 20.00901726377228 0
1 3 20.075273316384358 0
2 3 20.07838731265045 0
3 3 20.013734618036885 0


# 20.0 20.0 1.5346857230797362
0 0 20.053712976185018 0
1 0 20.325390645581095 0
2 0 21.554258312512992 1
3 0 20.35034791546257 0

0 1 20.041036981577204 0
1 1 20.300377122004168 0
2 1 21.367458716164254 1
3 1 20.262127276589858 0

0 2 20.074409198782945 0
1 2 20.81965085306083 1
2 2 20.899923462604516 1
3 2 20.11240262916164 0

0 3 20.010488832458485 0
1 3 20.083014161074253 0
2 3 20.08705511241972 0
3 3 20.015633664686533 0


# 20.0 20.0 1.5542583125129923
0 0 20.056176440568258 0
1 0 20.334653980967715 0
2 0 21.57360899073858 1
3 0 20.35976422571386 0

0 1 20.044484981487226 0
1 1 20.31675400252813 0
2 1 21.398449662577903 1
3 1 20.273565329182524 0

0 2 20.08177950843814 0
1 2 20.856885265729648 1
2 2 20.946184648438166 1
3 2 20.122506322444536 0

0 3 20.01208875852413 0
1 3 20.090999915949215 0
2 3 20.096032616446976 0
3 3 20.017693320024517 0


# 20.0 20.0 1.573608990738581
0 0 20.05870375625726 0
1 0 20.34398731476136 0
2 0 21.5927438275642 1
3 0 20.36920842346912 0

0 1 20.048103459471445 0
1 1 20.33331891883726 0
2 1 21.42907383146243 1
3 1 20.285125048285373 0

0 2 20.08934969888844 0
1 2 20.893273011159984 1
2 2 20.991258414691302 1
3 2 20.13288997829788 0

0 3 20.013817758595312 0
1 3 20.099215400113774 0
2 3 20.105297252174157 0
3 3 20.0199146072693 0


# 20.0 20.0 1.592743827564199
0 0 20.06129551032279 0
1 0 20.353388146622073 0
2 0 21.611668631625147 1
3 0 20.37867844438316 0

0 1 20.051890683710226 0
1 1 20.35005111880853 0
2 1 21.459335526113158 1
3 1 20.296800643642918 0

0 2 20.09710478897671 0
1 2 20.928847463295387 1
2 2 21.035194453424687 1
3 2 20.14353151566141 0

0 3 20.015676161554968 0
1 3 20.10764620383329 0
2 3 20.11482783075717 0
3 3 20.022297993564628 0


# 20.0 20.0 1.6116686316251467
0 0 20.06395221791516 0
1 0 20.362853908084134 0
2 0 21.630388963639856 1
3 0 20.388172295672756 0

0 1 20.055844572502803 0
1 1 20.366931242745665 0
2 1 21.489239204501164 1
3 1 20.30858633279994 0

0 2 20.105030806207928 0
1 2 20.963640417531746 1
2 2 21.07803998728172 1
3 2 20.154410283767387 0

0 3 20.017663943859482 0
1 3 20.116278649578074 0
2 3 20.124604461430465 0
3 3 20.024843442738675 0


# 20.0 20.0 1.6303889636398559
0 0 20.066674319837254 0
1 0 20.372381978259273 0
2 0 21.64891014890818 1
3 0 20.397688050809034 0

0 1 20.059962736883175 0
1 1 20.38394123513998 0
2 1 21.518789455134666 1
3 1 20.320476360298876 0

0 2 20.11311471752649 0
1 2 20.997682172564538 1
2 2 21.119839904366962 1
3 2 20.16550696833801 0

0 3 20.019780762285794 0
1 3 20.125099755051163 0
2 3 20.134608471276266 0
3 3 20.027550464075453 0


# 20.0 20.0 1.648910148908179
0 0 20.06946218090482 0
1 0 20.38196969795182 0
2 0 21.667237289100783 1
3 0 20.407223844772705 0

0 1 20.064242519536936 0
1 1 20.401064261995515 0
2 1 21.547990975077347 1
3 1 20.33246501462458 0

0 2 20.121344364843026 0
1 2 21.03100160771652 1
2 2 21.160636885226246 1
3 2 20.17680350403493 0

0 3 20.022025984282237 0
1 3 20.134097198098313 0
2 3 20.14482233005146 0
3 3 20.030418157377774 0


# 20.0 20.0 1.6672372891007825
0 0 20.07231608900211 0
1 0 20.391614382319023 0
2 0 21.68537527338458 1
3 0 20.416777869816997 0

0 1 20.06868103030647 0
1 1 20.418284633364763 0
2 1 21.576848549952835 1
3 1 20.344546643096006 0

0 2 20.12970840498728 0
1 2 21.063626256006245 1
2 2 21.20047152241593 1
3 2 20.188282992740138 0

0 3 20.024398716085106 0
1 3 20.143259283403896 0
2 3 20.155229579747672 0
3 3 20.033445254582027 0


# 20.0 20.0 1.6853752733845795
0 0 20.07523625474954 0
1 0 20.40131333219961 0
2 0 21.70332878892606 1
3 0 20.42634837168785 0

0 1 20.07327517855082 0
1 1 20.435587730763768 0
2 1 21.60536703577752 1
3 1 20.35671566488844 0

0 2 20.13819625378552 0
1 2 21.095582373202376 1
2 2 21.23938243311758 1
3 2 20.19992962727611 0

0 3 20.026897828752315 0
1 3 20.152574910881363 0
2 3 20.165814768581242 0
3 3 20.036630158167362 0


# 20.0 20.0 1.7033287889260613
0 0 20.078222811707562 0
1 0 20.411063844223996 0
2 0 21.72110233081144 1
3 0 20.43593364625549 0

0 1 20.078021702606765 0
1 1 20.452959939156834 0
2 1 21.63355134247589 1
3 1 20.368966582355217 0

0 2 20.146798033981266 0
1 2 21.126895003094308 1
2 2 21.277406365225065 1
3 2 20.211728620199484 0

0 3 20.029521982255584 0
1 3 20.16203354567152 0
2 3 20.176563389129598 0
3 3 20.039970976585288 0


# 20.0 20.0 1.7211023308114406
0 0 20.08127581704806 0
1 0 20.420863219810784 0
2 0 21.738700211419864 1
3 0 20.44553203651559 0

0 1 20.082917196579515 0
1 1 20.47038858322083 0
2 1 21.6614064189437 1
3 1 20.381293990804203 0

0 2 20.155504526737207 0
1 2 21.157588039196035 1
2 2 21.31457829730389 1
3 2 20.223666137327427 0

0 3 20.03226964776329 0
1 3 20.171625189666383 0
2 3 20.187461820348823 0
3 3 20.04346555692033 0


# 20.0 20.0 1.7387002114198644
0 0 20.084395252631012 0
1 0 20.43070877314599 0
2 0 21.756126569283495 1
3 0 20.455141929922082 0

0 1 20.087958134674246 0
1 1 20.487861867617752 0
2 1 21.688937239534514 1
3 1 20.393692586871833 0

0 2 20.164307126473847 0
1 2 21.187684283087368 1
2 2 21.35093153279688 1
3 2 20.235729235678743 0

0 3 20.035139128237493 0
1 3 20.18134035448048 0
2 3 20.198497273224543 0
3 3 20.047111514978038 0


# 20.0 20.0 1.756126569283495
0 0 20.08758102643014 0
1 0 20.440597838233835 0
2 0 21.773385377465875 1
3 0 20.46476175601694 0

0 1 20.093140893264188 0
1 1 20.505368821021538 0
2 1 21.71614879185473 1
3 1 20.40615717562582 0

0 2 20.173197798817014 0
1 2 21.217205499584566 1
2 2 21.38649778882674 1
3 2 20.247905805533403 0

0 3 20.038128577460512 0
1 3 20.191170035795533 0
2 3 20.209657739824316 0
3 3 20.050906262983123 0


# 20.0 20.0 1.7733853774658748
0 0 20.09083297425663 0
1 0 20.45052777510094 0
2 0 21.79048045148798 1
3 0 20.474389984325697 0

0 1 20.098461770876234 0
1 1 20.522899243661502 0
2 1 21.74304606576093 1
3 1 20.418682676516976 0

0 2 20.182169041441757 0
1 2 21.246172468921213 1
2 2 21.421307279923536 1
3 2 20.260184516334082 0

0 3 20.04123601759878 0
1 3 20.20110568900825 0
2 3 20.220931945534673 0
3 3 20.054847035058156 0


# 20.0 20.0 1.79048045148798
0 0 20.09415086173512 0
1 0 20.460495975229318 0
2 0 21.807415456829276 1
3 0 20.484025122490127 0

0 1 20.103917006261494 0
1 1 20.540443658159827 0
2 1 21.769634043461558 1
3 1 20.431264128290692 0

0 2 20.19121384761458 0
1 2 21.27460503610947 1
2 2 21.455388796984483 1
3 2 20.27255476617205 0

0 3 20.044459355404697 0
1 3 20.211139206114492 0
2 3 20.2323093042801 0
3 3 20.05893091064149 0


# 20.0 20.0 1.8074154568292755
0 0 20.097534386490544 0
1 0 20.470499866287444 0
2 0 21.824193916029316 1
3 0 20.493665714612323 0

0 1 20.10950279470569 0
1 1 20.557993263454925 0
2 1 21.795917690632518 1
3 1 20.443896692959488 0

0 2 20.200325672249406 0
1 2 21.302522157641857 1
2 2 21.488769781753945 1
3 2 20.285006634617083 0

0 3 20.047796397150496 0
1 3 20.221262893766554 0
2 3 20.24377987653428 0
3 3 20.06315483599221 0


# 20.0 20.0 1.8241939160293157
0 0 20.100983180508802 0
1 0 20.480536916223286 0
2 0 21.840819215413703 1
3 0 20.503310339786758 0

0 1 20.11521530272261 0
1 1 20.575539891615733 0
2 1 21.821901948463072 1
3 1 20.45657565892959 0

0 2 20.20949840030511 0
1 2 21.329941945684343 1
2 2 21.52147639709334 1
3 2 20.29753083866735 0

0 3 20.05124486238194 0
1 3 20.231469452443566 0
2 3 20.25533432994619 0
3 3 20.067515643919855 0


# 20.0 20.0 1.8408192154137026
0 0 20.104496812637837 0
1 0 20.490604636777917 0
2 0 21.85729461146666 1
3 0 20.51295761079919 0

0 1 20.121050681262965 0
1 1 20.593075967364438 0
2 1 21.847591726555095 1
3 1 20.469296443366808 0

0 2 20.218726317364247 0
1 2 21.35688170990268 1
2 2 21.553533593293718 1
3 2 20.310118691610285 0

0 3 20.054802396573884 0
1 3 20.24175195667801 0
2 3 20.26696390241515 0
3 3 20.072010071867044 0


# 20.0 20.0 1.85729461146666
0 0 20.108074791199364 0
1 0 20.50070058647361 0
2 0 21.873623236870994 1
3 0 20.522606172973273 0

0 1 20.127005077561055 0
1 1 20.610594470136853 0
2 1 21.87299189660447 1
3 1 20.48205459387966 0

0 2 20.2280040822434 0
1 2 21.383357997055576 1
2 2 21.584965170667846 1
3 2 20.322762064599626 0

0 3 20.058466582764282 0
1 3 20.252103836284352 0
2 3 20.278660367459544 0
3 3 20.07663477846454 0


# 20.0 20.0 1.8736232368709942
0 0 20.111716566684603 0
1 0 20.51082237312603 0
2 0 21.889808106234856 1
3 0 20.532254703147608 0

0 1 20.13307464573227 0
1 1 20.628088898520502 0
2 1 21.898107286799092 1
3 1 20.49484578959127 0

0 2 20.237326701495803 0
1 2 21.40938662848053 1
2 2 21.615793838643857 1
3 2 20.335453350766837 0

0 3 20.06223495223813 0
1 3 20.26251885853855 0
2 3 20.290416001734005 0
3 3 20.08138635866983 0


# 20.0 20.0 1.8981072867990925
0 0 20.115421534510258 0
1 0 20.520967655925922 0
2 0 21.905852121523463 1
3 0 20.54190190876767 0

0 1 20.13925555622583 0
1 1 20.645553236920694 0
2 1 21.922942676872886 1
3 1 20.507665841665325 0

0 2 20.246689505676315 0
1 2 21.43498273559082 1
2 2 21.646041271568524 1
3 2 20.348185431697473 0

0 3 20.066104994328136 0
1 3 20.272991111259767 0
2 3 20.302223554559156 0
3 3 20.086261357592793 0


# 20.0 20.0 1.9229426768728857
0 0 20.119189037813708 0
1 0 20.53113414713213 0
2 0 21.92175807721275 1
3 0 20.55154652707857 0

0 1 20.145544004229272 0
1 1 20.6629819243144 0
2 1 21.94750279376012 1
3 1 20.520510693345816 0

0 2 20.25608812724769 0
1 2 21.460160793495145 1
2 2 21.67572816141538 1
3 2 20.360951646114426 0

0 3 20.070074165394413 0
1 3 20.28351498674824 0
2 3 20.314076219336748 0
3 3 20.091256283104865 0


# 20.0 20.0 1.947502793760119
0 0 20.123018370268753 0
1 0 20.54131961341413 0
2 0 21.93752866518085 1
3 0 20.561187324406063 0

0 1 20.15193621711361 0
1 1 20.680369824960707 0
2 1 21.971792307798466 1
3 1 20.53337641956512 0

0 2 20.265518480015324 0
1 2 21.484934652845055 1
2 2 21.704874267580575 1
3 2 20.373745760620626 0

0 3 20.074139897041377 0
1 3 20.294085166535492 0
2 3 20.325967606731254 0
3 3 20.096367617321313 0


# 20.0 20.0 1.9717923077984665
0 0 20.12690877890541 0
1 0 20.551521876879303 0
2 0 21.95316647935226 1
3 0 20.570823095514452 0

0 1 20.158428461001417 0
1 1 20.697712200944885 0
2 1 21.995815829433454 1
3 1 20.546259226170207 0

0 2 20.274976739985334 0
1 2 21.50931757000905 1
2 2 21.73349846393824 1
3 2 20.386561942363716 0

0 3 20.07829960362614 0
1 3 20.3046966069054 0
2 3 20.33789171950652 0
3 3 20.10159182704019 0


# 20.0 20.0 1.9958158294334538
0 0 20.130859466919382 0
1 0 20.56173881581697 0
2 0 21.968674020108644 1
3 0 20.580452663031277 0

0 1 20.165017046533553 0
1 1 20.71500468644105 0
2 1 22.019577906380547 1
3 1 20.559155448812366 0

0 2 20.284459327547975 0
1 2 21.533322235666606 1
2 2 21.761618783316212 1
3 2 20.399394733494464 0

0 3 20.082550689109038 0
1 3 20.31534452514676 0
2 3 20.349842928913283 0
3 3 20.106925373215635 0


# 20.0 20.0 2.0195779063805475
0 0 20.13486959645849 0
1 0 20.571968365188756 0
2 0 21.984053698479286 1
3 0 20.590074876929652 0

0 1 20.171698333904512 0
1 1 20.732243263585563 0
2 1 22.043083021204602 1
3 1 20.57206155154179 0

0 2 20.29396289089512 0
1 2 21.556960801909934 1
2 2 21.789252459543302 1
3 2 20.412239027299307 0

0 3 20.086890553293614 0
1 3 20.3260243865 0
2 3 20.361815952530034 0
3 3 20.112364719537823 0


# 20.0 20.0 2.043083021204602
0 0 20.138938291375105 0
1 0 20.58220851689211 0
2 0 21.99930784012347 1
3 0 20.599688614060167 0

0 1 20.17846873723079 0
1 1 20.749424239860303 0
2 1 22.066335589279607 1
3 1 20.584974125144704 0

0 2 20.303484290586738 0
1 2 21.58024490793614 1
2 2 21.816415967209764 1
3 2 20.425090045895445 0

0 3 20.091316597500086 0
1 3 20.336731891762593 0
2 3 20.373805833465894 0
3 3 20.117906340186796 0


# 20.0 20.0 2.066335589279607
0 0 20.143064639935076 0
1 0 20.592457319821666 0
2 0 22.014438689116222 1
3 0 20.60929277772513 0

0 1 20.185324728311684 0
1 1 20.7665442268912 0
2 1 22.089339957094527 1
3 1 20.597889885257207 0

0 2 20.31302058518707 0
1 2 21.603185704407814 1
2 2 21.84312505927406 1
3 2 20.437943319384452 0

0 3 20.095826229713477 0
1 3 20.34746296551961 0
2 3 20.385807920840094 0
3 3 20.123546726822767 0


# 20.0 20.0 2.089339957094527
0 0 20.147247697475013 0
1 0 20.602712879750946 0
2 0 22.029448411548188 1
3 0 20.61888629728869 0

0 1 20.192262839837234 0
1 1 20.783600120573507 0
2 1 22.112100400873825 1
3 1 20.610805670286968 0

0 2 20.322569017896715 0
1 2 21.625793876555406 1
2 2 21.86939480264075 1
3 2 20.45079466636731 0

0 3 20.10041686924479 0
1 3 20.358213744967472 0
2 3 20.397817851457983 0
3 3 20.12928239487105 0


# 20.0 20.0 2.1121004008738247
0 0 20.15148648900097 0
1 0 20.612973359054877 0
2 0 22.044339098949774 1
3 0 20.628468127817136 0

0 1 20.199279668093723 0
1 1 20.80058908244091 0
2 1 22.1346211254837 1
3 1 20.623718439170933 0

0 2 20.33212700411178 0
1 2 21.648079666090677 1
2 2 21.89523961182679 1
3 2 20.46364017573031 0

0 3 20.10508595094093 0
1 3 20.368980569300714 0
2 3 20.40983153260873 0
3 3 20.13510988915576 0


# 20.0 20.0 2.134621125483701
0 0 20.15578001172272 0
1 0 20.62323697629193 0
2 0 22.059112771548996 1
3 0 20.638037249744357 0

0 1 20.20637187521309 0
1 1 20.8175085222007 0
2 1 22.156906263597453 1
3 1 20.636625268994617 0

0 2 20.34169211984602 0
1 2 21.670052891996416 1
2 2 21.920673280826296 1
3 2 20.476476189617355 0

0 3 20.109830928976816 0
1 3 20.379759969633067 0
2 3 20.421845125914547 0
3 3 20.141025788932534 0


# 20.0 20.0 2.1569062635974525
0 0 20.16012723751876 0
1 0 20.63350200566289 0
2 0 22.073771381371994 1
3 0 20.64759266855796 0

0 1 20.213536191008927 0
1 1 20.834356081362255 0
2 1 22.178959875095437 1
3 1 20.649523352496093 0

0 2 20.351262090956272 0
1 2 21.691722970253924 1
2 2 21.94570901327721 1
3 2 20.489299287509894 0

0 3 20.11464928026072 0
1 3 20.39054865942563 0
2 3 20.43385503216576 0
3 3 20.147026712367072 0


# 20.0 20.0 2.178959875095437
0 0 20.16452711532815 0
1 0 20.643766776361797 0
2 0 22.088316815194553 1
3 0 20.65713341450216 0

0 1 20.220769414438312 0
1 1 20.85112961789066 0
2 1 22.200785946677158 1
3 1 20.662409995475528 0

0 2 20.360834783115543 0
1 2 21.713098932566243 1
2 2 21.970359451026933 1
3 2 20.502106271340914 0

0 3 20.11953850748183 0
1 3 20.401343525396317 0
2 3 20.445857877080282 0
3 3 20.153109320502914 0


# 20.0 20.0 2.2007859466771578
0 0 20.168978573465935 0
1 0 20.654029671833214 0
2 0 22.102750897352532 1
3 0 20.66665854229402 0

0 1 20.22806841472557 0
1 1 20.867827191821533 0
2 1 22.222388391664772 1
3 1 20.675282614129152 0

0 2 20.370408192481975 0
1 2 21.734189444131786 1
2 2 21.994636701188252 1
3 2 20.51489415157444 0

0 3 20.124496141827024 0
1 3 20.412141618886142 0
2 3 20.457850497929837 0
3 3 20.15927032075886 0


# 20.0 20.0 2.222388391664772
0 0 20.17348052185987 0
1 0 20.664289128948628 0
2 0 22.117075392418617 1
3 0 20.676167130850008 0

0 1 20.235430132181058 0
1 1 20.884447051777215 0
2 1 22.24377104997902 1
3 1 20.68813873232457 0

0 2 20.37998043701541 0
1 2 21.755002820519866 1
2 2 22.018552361771253 1
3 2 20.52766013418657 0

0 3 20.12951974539207 0
1 3 20.422940147659027 0
2 3 20.469829930979053 0
3 3 20.165506469993527 0


# 20.0 20.0 2.2437710499790207
0 0 20.17803185420647 0
1 0 20.67454363711361 0
2 0 22.131292007752347 1
3 0 20.68565828302033 0

0 1 20.242851578745444 0
1 1 20.900987622328206 0
2 1 22.264937688270145 1
3 1 20.700975978832663 0

0 2 20.38954974839665 0
1 2 21.775547043696776 1
2 2 22.042117545971823 1
3 2 20.54040160848831 0

0 3 20.134606913310623 0
1 3 20.433736468113185 0
2 3 20.481793399686875 0
3 3 20.17181457717186 0


# 20.0 20.0 2.2649376882701446
0 0 20.182631450045346 0
1 0 20.68479173731635 0
2 0 22.14540239593003 1
3 0 20.69513112532875 0

0 1 20.250329838287378 0
1 1 20.9174474921473 0
2 1 22.285892000187758 1
3 1 20.71379208452975 0

0 2 20.399114464507527 0
1 2 21.79582977724821 1
2 2 22.06534290519251 1
3 2 20.55311613573453 0

0 3 20.13975527562289 0
1 3 20.444528077883128 0
2 3 20.493738303622997 0
3 3 20.178191505665964 0


# 20.0 20.0 2.285892000187758
0 0 20.187278176750958 0
1 0 20.695032021127002 0
2 0 22.159408157060692 1
3 0 20.704584807716 0

0 1 20.25786206668018 0
1 1 20.933825402907146 0
2 1 22.306637606775027 1
3 1 20.72658487958221 0

0 2 20.408673022432826 0
1 2 21.81585838084128 1
2 2 22.088238650866955 1
3 2 20.565801438467062 0

0 3 20.144962498904256 0
1 3 20.45531260881246 0
2 3 20.505662208054975 0
3 3 20.184634175220253 0


# 20.0 20.0 2.306637606775027
0 0 20.19197089144161 0
1 0 20.705263129656583 0
2 0 22.173310840993913 1
3 0 20.714018503285136 0

0 1 20.26544549168099 0
1 1 20.95012023887505 0
2 1 22.327178056973644 1
3 1 20.739352290624467 0

0 2 20.418223951947766 0
1 2 21.835639923966927 1
2 2 22.110814575154894 1
3 2 20.57845539054344 0

0 3 20.150226287672826 0
1 3 20.466087820278673 0
2 3 20.51756283416451 0
3 3 20.191139563608818 0


# 20.0 20.0 2.3271780569736435
0 0 20.19670844280576 0
1 0 20.715483752483102 0
2 0 22.18711194942507 1
3 0 20.723431408047464 0

0 1 20.27307741263393 0
1 1 20.96633101716174 0
2 1 22.347516828227302 1
3 1 20.75209233794006 0

0 2 20.427765869457243 0
1 2 21.855181199001144 1
2 2 22.133080070570696 1
3 2 20.59107600780605 0

0 3 20.155544385593434 0
1 3 20.47685159285208 0
2 3 20.52943804985398 0
3 3 20.19770470801082 0


# 20.0 20.0 2.3475168282273025
0 0 20.201489672846158 0
1 0 20.725692626552007 0
2 0 22.200812937903137 1
3 0 20.732822740667874 0

0 1 20.280755200016888 0
1 1 20.982456878583545 0
2 1 22.36765732717236 1
3 1 20.764803132654333 0

0 2 20.437297472355375 0
1 2 21.87448873362143 1
2 2 22.15504414860475 1
3 2 20.603661439349434 0

0 3 20.16091457649456 0
1 3 20.48760192227193 0
2 3 20.54128586110676 0
3 3 20.204326706127905 0


# 20.0 20.0 2.3676573271723598
0 0 20.20631341854252 0
1 0 20.735888535057175 0
2 0 22.214415217745973 1
3 0 20.742191742208636 0

0 1 20.288476294849957 0
1 1 20.998497079099945 0
2 1 22.387602890405347 1
3 1 20.77748287394641 0

0 2 20.44681753377604 0
1 2 21.893568802612634 1
2 2 22.17671545739341 1
3 2 20.61620995934637 0

0 3 20.16633468521333 0
1 3 20.4983369137237 0
2 3 20.553104403867216 0
3 3 20.211002717065863 0


# 20.0 20.0 2.387602890405347
0 0 20.211178513433875 0
1 0 20.74607030630813 0
2 0 22.227920157867707 1
3 0 20.751537675870896 0

0 1 20.29623820798198 0
1 1 21.014450981790844 0
2 1 22.40735678531787 1
3 1 20.790129846287083 0

0 2 20.456324897707145 0
1 2 21.91242743909461 1
2 2 22.19810229849004 1
3 2 20.62871995939594 0

0 3 20.17180257828282 0
1 3 20.50905477640224 0
2 3 20.56489193640829 0
3 3 20.217729962001144 0


# 20.0 20.0 2.4073567853178695
0 0 20.27608378912174 1
1 0 20.75695681258855 0
2 0 22.24133772652259 1
3 0 20.76085993041326 0

0 1 20.304758519270173 0
1 1 21.030335329340136 0
2 1 22.42692252203029 1
3 1 20.8027424216851 0

0 2 20.465827114443215 0
1 2 21.93107075624218 1
2 2 22.219212650251436 1
3 2 20.641189941508564 0

0 3 20.177316268154783 0
1 3 20.51975382332301 0
2 3 20.57664683230605 0
3 3 20.22450572465488 0


# 20.0 20.0 2.4269225220302886
0 0 20.33888535669566 1
1 0 20.768491327410533 0
2 0 22.25467682736689 1
3 0 20.770158003907007 0

0 1 20.313979235066576 0
1 1 21.046164799620804 0
2 1 22.446303801359925 1
3 1 20.815319060935632 0

0 2 20.475330770750162 0
1 2 21.949504904469897 1
2 2 22.2400541887951 1
3 2 20.653618511657832 0

0 3 20.18287389763009 0
1 3 20.530432470356317 0
2 3 20.588367573954873 0
3 3 20.231327351594654 0


# 20.0 20.0 2.4463038013599245
0 0 20.39967513060434 1
1 0 20.780620892750395 0
2 0 22.26794539299369 1
3 0 20.779431489213508 0

0 1 20.323846155605484 0
1 1 21.061952198289234 0
2 1 22.46550446898681 1
3 1 20.827858314014634 0

0 2 20.48484157787112 0
1 2 21.967736034279085 1
2 2 22.260634306799478 1
3 2 20.666004373837108 0

0 3 20.188473725894134 0
1 3 20.54108923461089 0
2 3 20.600052746564828 0
3 3 20.23819225238207 0


# 20.0 20.0 2.4655044689868113
0 0 20.458540430482856 1
1 0 20.793296071516068 0
2 0 22.28115047084455 1
3 0 20.78868006102013 0

0 1 20.33430862754977 0
1 1 21.077708635199333 0
2 1 22.48452847519774 1
3 1 20.84035881974668 0

0 2 20.49436445225321 0
1 2 21.985770264180044 1
2 2 22.280960130390458 1
3 2 20.67834632456618 0

0 3 20.194114116004314 0
1 3 20.551722732278222 0
2 3 20.611701032589714 0
3 3 20.245097899582188 0


# 20.0 20.0 2.4845284751977417
0 0 20.515564231374263 1
1 0 20.80647071656141 0
2 0 22.29429830210243 1
3 0 20.797903464285596 0

0 1 20.345319313018603 0
1 1 21.09344368593726 0
2 1 22.50337983964637 1
3 1 20.852819304859295 0

0 2 20.50390358957701 0
1 2 22.003613653157597 1
2 2 22.301038534331234 1
3 2 20.690643247799674 0

0 3 20.19979352369042 0
1 3 20.56233167603579 0
2 3 20.623311206540336 0
3 3 20.252041828649308 0


# 20.0 20.0 2.503379839646371
0 0 20.57082539939975 1
1 0 20.820101755115104 0
2 0 22.307394394122692 1
3 0 20.8071015039591 0

0 1 20.35683397397079 0
1 1 21.10916553967495 0
2 1 22.522062620619202 1
3 1 20.86523858252374 0

0 2 20.5134625326246 0
1 2 22.021272177198032 1
2 2 22.32087615570922 1
3 2 20.702894110194674 0

0 3 20.20551048734149 0
1 3 20.572914872095243 0
2 3 20.634882130143087 0
3 3 20.259021637701984 0


# 20.0 20.0 2.5220626206192023
0 0 20.624398913770392 1
1 0 20.834148987571087 0
2 0 22.32044358691533 1
3 0 20.81627403584984 0

0 1 20.368811270896856 0
1 1 21.124881134445975 0
2 1 22.54058088834461 1
3 1 20.877615550470413 0

0 2 20.523044233479606 0
1 2 22.038751709441286 1
2 2 22.340479406292662 1
3 2 20.715097956700077 0

0 3 20.21126361906409 0
1 3 20.583471216971024 0
2 3 20.646412747808665 0
3 3 20.266034987198818 0


# 20.0 20.0 2.5405808883446106
0 0 20.676356075976273 1
1 0 20.848574899661152 0
2 0 22.333450114151155 1
3 0 20.825420958534703 0

0 1 20.38121257484601 0
1 1 21.140596280860084 0
2 1 22.55893870192536 1
3 1 20.889949188756578 0

0 2 20.53265111051368 0
1 2 22.056058003563752 1
2 2 22.35985448371059 1
3 2 20.727253906434665 0

0 3 20.217051596707602 0
1 3 20.5939996940352 0
2 3 20.657902082380037 0
3 3 20.27307959952544 0


# 20.0 20.0 2.55893870192536
0 0 20.726764706935214 1
1 0 20.86334448709874 0
2 0 22.346417659127514 1
3 0 20.834542206202062 0

0 1 20.394001791882186 0
1 1 21.15631577519244 0
2 1 22.577140089514387 1
3 1 20.902238557254616 0

0 2 20.54228510057795 0
1 2 22.073196680034886 1
2 2 22.37900738159285 1
3 2 20.739361148824884 0

0 3 20.222873156761487 0
1 3 20.60449936991584 0
2 3 20.669349231132486 0
3 3 20.28015325850201 0


# 20.0 20.0 2.577140089514387
0 0 20.775689332833316 1
1 0 20.87842509184643 0
2 0 22.359349406094914 1
3 0 20.843637742338984 0

0 1 20.40714519912638 0
1 1 21.172043502709467 0
2 1 22.59518903138952 1
3 1 20.914482792920563 0

0 2 20.55194770678475 0
1 2 22.090173214925247 1
2 2 22.39794389879166 1
3 2 20.75141893997681 0

0 3 20.228727088038482 0
1 3 20.614969390788527 0
2 3 20.68075336200191 0
3 3 20.287253808819685 0


# 20.0 20.0 2.59518903138952
0 0 20.823191360342992 1
1 0 20.89378624921865 0
2 0 22.372248087314293 1
3 0 20.8527075541776 0

0 1 20.42061129160112 0
1 1 21.18778253202503 0
2 1 22.61308944561544 1
3 1 20.92668110689514 0

0 2 20.56164004223457 0
1 2 22.10699293097491 1
2 2 22.41666964779249 1
3 2 20.76342659925987 0

0 3 20.234612226065373 0
1 3 20.625408978603915 0
2 3 20.692113710020422 0
3 3 20.29437915541354 0


# 20.0 20.0 2.61308944561544
0 0 20.86932924186048 1
1 0 20.909399545085865 0
2 0 22.38511602618564 1
3 0 20.861751647824175 0

0 1 20.434370639147314 0
1 1 21.20353520121771 0
2 1 22.57084517601099 0
3 1 20.938112781482683 0

0 2 20.57136287001497 0
1 2 22.123660990659666 1
2 2 22.43447006240986 1
3 2 20.775366226082628 0

0 3 20.240527448110445 0
1 3 20.635817427288035 0
2 3 20.7034209339409 0
3 3 20.301526951738936 0


# 20.0 20.0 2.61308944561544
0 0 20.9141586313643 1
1 0 20.92523848249747 0
2 0 22.397235176761832 1
3 0 20.870752764001438 0

0 1 20.448395752734292 0
1 1 21.21858319638209 0
2 1 22.531305422166902 0
3 1 20.948841137607424 0

0 2 20.581116639772393 0
1 2 22.14016511101823 1
2 2 22.451418591732693 1
3 2 20.787222284760105 0

0 3 20.246471668783194 0
1 3 20.646193787906846 0
2 3 20.714666926691926 0
3 3 20.30869465201376 0


# 20.0 20.0 2.61308944561544
0 0 20.957732531457967 1
1 0 20.9412610770878 0
2 0 22.40867113049691 1
3 0 20.879695811714637 0

0 1 20.4626523195308 0
1 1 21.232995810113398 0
2 1 22.494305881942296 0
3 1 20.958924497568916 0

0 2 20.59090121009394 0
1 2 22.156495298487517 1
2 2 22.467582784032107 1
3 2 20.798981372003556 0

0 3 20.25244382868301 0
1 3 20.656536921461107 0
2 3 20.72584468806095 0
3 3 20.31587955726204 0


# 20.0 20.0 2.61308944561544
0 0 21.000101121084903 1
1 0 20.957429328590454 0
2 0 22.41948411528301 1
3 0 20.888567665847134 0

0 1 20.477108899806012 0
1 1 21.24683608413387 0
2 1 22.459693129381282 0
3 1 20.968416574677804 0

0 2 20.600715935593712 0
1 2 22.052643584862764 -1
2 2 22.361584763690267 -1
3 2 20.80917472512697 0

0 3 20.25844288513508 0
1 3 20.665405544656448 0
2 3 20.735473649549693 0
3 3 20.323043673696727 0


# 20.0 20.0 2.61308944561544
0 0 21.041311939466603 1
1 0 20.973708882456258 0
2 0 22.429729418573338 1
3 0 20.89735698179565 0

0 1 20.49173669352449 0
1 1 21.258721339578145 0
2 1 22.425849284329214 0
3 1 20.97733165043636 0

0 2 20.609119744261044 0
1 2 21.952854669495583 -1
2 2 22.25930892297515 -1
3 2 20.817905597636933 0

0 3 20.264433244737226 0
1 3 20.672891650546266 0
2 3 20.743646687235223 0
3 3 20.33015272886211 0


# 20.0 20.0 2.61308944561544
0 0 21.081410056557573 1
1 0 20.990051439169605 0
2 0 22.43943987545679 1
3 0 20.906053388761723 0

0 1 20.506474766081222 0
1 1 21.2688054771873 0
2 1 22.39274714979408 0
3 1 20.985684194752345 0

0 2 20.616221867165848 0
1 2 21.856924380374288 -1
2 2 22.16059678045283 -1
3 2 20.82527076698499 0

0 3 20.27038301013923 0
1 3 20.679081650156306 0
2 3 20.750451500285 0
3 3 20.337175897830313 0


# 20.0 20.0 2.61308944561544
0 0 21.12043760898451 1
1 0 21.006413474264026 0
2 0 22.448645968841443 1
3 0 20.914647428729428 0

0 1 20.521268405345864 0
1 1 21.27723105519965 0
2 1 22.360361182594918 0
3 1 20.99348881111246 0

0 2 20.622123458295196 0
1 2 21.76466040544557 -1
2 2 22.06529706125482 -1
3 2 20.83136093601399 0

0 3 20.276263683075637 0
1 3 20.684056727915415 0
2 3 20.755970893517034 0
3 3 20.344085547462793 0


# 19.880000000000003 20.0 2.61308944561544
0 0 21.157714037616387 1
1 0 21.022387201084825 0
2 0 22.457011587899014 1
3 0 20.922406126083306 0

0 1 20.535699954934675 0
1 1 21.284121269478785 0
2 1 22.3286628705873 0
3 1 21.00039144023795 0

0 2 20.626553761568267 0
1 2 21.67587705182679 -1
2 2 21.973265263337932 -1
3 2 20.835896683713866 0

0 3 20.28132551635872 0
1 3 20.6875244268834 0
2 3 20.759918618841528 0
3 3 20.3501282513848 0


# 19.760000000000005 20.0 2.61308944561544
0 0 21.19257337813443 1
1 0 21.03757141346541 0
2 0 22.464200786128888 1
3 0 20.92861461226071 0

0 1 20.549359537737597 0
1 1 21.28958109902721 0
2 1 22.297616315863895 0
3 1 21.00604053109002 0

0 2 20.629237248853478 0
1 2 21.59039024979633 -1
2 2 21.8843543931163 -1
3 2 20.838595301104977 0

0 3 20.28483893787865 0
1 3 20.689190174632493 0
2 3 20.76200611067979 0
3 3 20.354570851276364 0


# 19.640000000000008 20.0 2.61308944561544
0 0 21.22508390793603 1
1 0 21.051939803616968 0
2 0 22.470242401892374 1
3 0 20.933299881415113 0

0 1 20.562213264222418 0
1 1 21.293707121875897 0
2 1 22.267182866078123 0
3 1 21.010455765367418 0

0 2 20.6302585938244 0
1 2 21.508021641207495 -1
2 2 21.798415053275562 -1
3 2 20.8395355984976 0

0 3 20.286818121336502 0
1 3 20.689126337776614 0
2 3 20.76230720093918 0
3 3 20.357428414223655 0


# 19.52000000000001 20.0 2.61308944561544
0 0 21.255310724064405 1
1 0 21.065469454839047 0
2 0 22.475163647440883 1
3 0 20.93648851863787 0

0 1 20.574231624402252 0
1 1 21.296588047064176 0
2 1 22.23732555866415 0
3 1 21.013656819331583 0

0 2 20.629696589527132 0
1 2 21.42860251476126 -1
2 2 21.71530438119268 -1
3 2 20.838791778737676 0

0 3 20.287278544096033 0
1 3 20.687401290707555 0
2 3 20.76089190753322 0
3 3 20.358717195546856 0


# 19.400000000000013 20.0 2.61308944561544
0 0 21.28331595094898 1
1 0 21.078140549481255 0
2 0 22.478990229769767 1
3 0 20.938206696556122 0

0 1 20.58538910322784 0
1 1 21.29830531351871 0
2 1 22.208009012774024 0
3 1 21.015663322776472 0

0 2 20.627624574712016 0
1 2 21.35197322077429 -1
2 2 21.634885761933262 -1
3 2 20.83643371939377 0

0 3 20.28623682689361 0
1 3 20.68407965996025 0
2 3 20.75782663882611 0
3 3 20.358454500805806 0


# 19.280000000000015 20.0 2.61308944561544
0 0 21.309158932547327 1
1 0 21.08993610011307 0
2 0 22.481746461832756 1
3 0 20.938480172895414 0

0 1 20.595663826741607 0
1 1 21.298933644394648 0
2 1 22.179199330452118 0
3 1 21.016494821892756 0

0 2 20.624110829067025 0
1 2 21.277982624921385 -1
2 2 21.557028553123587 -1
3 2 20.8325272376891 0

0 3 20.283710586993767 0
1 3 20.679222552450817 0
2 3 20.753174387271976 0
3 3 20.35665855827633 0


# 19.160000000000018 20.0 2.61308944561544
0 0 21.33289641009788 1
1 0 21.100841702104226 0
2 0 22.4834553649012 1
3 0 20.937334288912705 0

0 1 20.605037236621175 0
1 1 21.29854156019289 0
2 1 22.150864006191743 0
3 1 21.016170745766782 0

0 2 20.619218939628645 0
1 2 21.20648759818991 -1
2 2 21.481607821325767 -1
3 2 20.827134339210584 0

0 3 20.279718303766945 0
1 3 20.672887768718628 0
2 3 20.746994912786402 0
3 3 20.353348401202346 0


# 19.04000000000002 20.0 2.61308944561544
0 0 21.354582686599063 1
1 0 21.11084530595617 0
2 0 22.484138762788078 1
3 0 20.934793968614507 0

0 1 20.613493790920135 0
1 1 21.29719185371873 0
2 1 22.12297184409773 0
3 1 21.01471037626765 0

0 2 20.613008140478765 0
1 2 21.137352540487697 -1
2 2 21.40850408954112 -1
3 2 20.820313451367873 0

0 3 20.274279195741705 0
1 3 20.665130002220636 0
2 3 20.739344916364942 0
3 3 20.348543759171857 0


# 18.920000000000023 20.0 2.61308944561544
0 0 21.374269779044013 1
1 0 21.11993700785262 0
2 0 22.483817368597755 1
3 0 20.930883718682768 0

0 1 20.621020688980387 0
1 1 21.29494202971725 0
2 1 22.095492881950523 0
3 1 21.012132821088425 0

0 2 20.605533627681176 0
1 2 21.07044893553421 -1
2 2 21.337603095465756 -1
3 2 20.812119642519136 0

0 3 20.267413108253827 0
1 3 20.656001025649203 0
2 3 20.730278204441056 0
3 3 20.34226495800519 0


# 18.800000000000026 20.0 2.61308944561544
0 0 21.392007559360426 1
1 0 21.128108857014915 0
2 0 22.48251086460843 1
3 0 20.92562762903855 0

0 1 20.627607618644316 0
1 1 21.29184471180855 0
2 1 22.068398321532552 0
3 1 21.008456989719793 0

0 2 20.596846851267756 0
1 2 21.005654934838862 -1
2 2 21.26879556012338 -1
3 2 20.802604827627512 0

0 3 20.25914041087969 0
1 3 20.64554986517385 0
2 3 20.719845844454163 0
3 3 20.334532827581985 0


# 18.680000000000028 20.0 2.61308944561544
0 0 21.407843884931363 1
1 0 21.135354678556467 0
2 0 22.480237975844407 1
3 0 20.919049373979934 0

0 1 20.633246524037347 0
1 1 21.287948019149322 0
2 1 22.041660464637033 0
3 1 21.003701572146497 0

0 2 20.586995785951583 0
1 2 20.942854968731375 -1
2 2 21.20197696650286 -1
3 2 20.791817961261934 0

0 3 20.24948190390153 0
1 3 20.633822963441595 0
2 3 20.708096312077405 0
3 3 20.325368617069106 0


# 18.56000000000003 20.0 2.61308944561544
0 0 21.42182471950496 1
1 0 21.14166991063108 0
2 0 22.47701653784992 1
3 0 20.911172213836615 0

0 1 20.637931392323047 0
1 1 21.283295915066024 0
2 1 22.01525265423324 0
3 1 20.997885020068324 0

0 2 20.57602518212109 0
1 2 20.881939382557846 -1
2 2 21.137047347832286 -1
3 2 20.77980521870857 0

0 3 20.238458733107827 0
1 3 20.620864332109964 0
2 3 20.69507563053429 0
3 3 20.314793917045534 0


# 18.440000000000033 20.0 2.61308944561544
0 0 21.43399424523823 1
1 0 21.147051454762426 0
2 0 22.47286355913421 1
3 0 20.902018997088927 0

0 1 20.641658057954583 0
1 1 21.27792852973695 0
2 1 21.989149220311305 0
3 1 20.99102553045876 0

0 2 20.563976798555448 0
1 2 20.822804096293886 -1
2 2 21.073911085126515 -1
3 2 20.76661016591438 0

0 3 20.22609231228393 0
1 3 20.60671569463069 0
2 3 20.680827502413482 0
3 3 20.30283058805183 0


# 18.320000000000036 20.0 2.61308944561544
0 0 21.44439496656226 1
1 0 21.151497538327604 0
2 0 22.467795278719308 1
3 0 20.89161216290386 0

0 1 20.644424023058747 0
1 1 21.271882458845475 0
2 1 21.963325429974162 0
3 1 20.983141031285 0

0 2 20.550889618195757 0
1 2 20.76535028595336 -1
2 2 21.012476713651505 -1
3 2 20.752273918941835 0

0 3 20.21240425279563 0
1 3 20.591416619950152 0
2 3 20.665393434371957 0
3 3 20.28950069512173 0


# 18.20000000000004 20.0 2.61308944561544
0 0 21.453067806502656 1
1 0 21.155007588246654 0
2 0 22.461827219186592 1
3 0 20.87997374404498 0

0 1 20.646228292692808 0
1 1 21.265191039983296 0
2 1 21.93775744138468 0
3 1 20.97424916922349 0

0 2 20.53680004820884 0
1 2 20.709484085289123 -1
2 2 20.952656737956083 -1
3 2 20.736835293573893 0

0 3 20.197416299712895 0
1 3 20.575004647744734 0
2 3 20.648812855098207 0
3 3 20.274826447881413 0


# 18.08000000000004 20.0 2.61308944561544
0 0 21.460052196039832 1
1 0 21.15758211500281 0
2 0 22.454974235585944 1
3 0 20.867125370117076 0

0 1 20.647071223810492 0
1 1 21.25788460844994 0
2 1 21.9124222612128 0
3 1 20.96436729921495 0

0 2 20.521742105489817 0
1 2 20.655116306390934 -1
2 2 20.8943674551295 -1
3 2 20.7203309456705 0

0 3 20.181150273962047 0
1 3 20.55751540576487 0
2 3 20.631123226889393 0
3 3 20.2588301458284 0


# 17.960000000000043 20.0 2.61308944561544
0 0 21.465386157048158 1
1 0 21.1592226061857 0
2 0 22.447250560541523 1
3 0 20.85308827110994 0

0 1 20.64695438686231 0
1 1 21.249990733972165 0
2 1 21.887297705260885 0
3 1 20.95351247571242 0

0 2 20.50574758866583 0
1 2 20.60216217788656 -1
2 2 20.837528785951772 -1
3 2 20.70279550284225 0

0 3 20.163628020032583 0
1 3 20.53898271982045 0
2 3 20.612360151179246 0
3 3 20.24153412842684 0


# 17.840000000000046 20.0 2.61308944561544
0 0 21.469106379311 1
1 0 21.1599314288118 0
2 0 22.43866984586097 1
3 0 20.837883281208864 0

0 1 20.64588043903748 0
1 1 21.241534439753462 0
2 1 21.862362361975705 0
3 1 20.94170144548482 0

0 2 20.488846237585346 0
1 2 20.550541099545335 -1
2 2 20.7820641136126 -1
3 2 20.684261687973166 0

0 3 20.14487135880028 0
1 3 20.51943871690229 0
2 3 20.59255746833702 0
3 3 20.222960729679194 0


# 17.72000000000005 20.0 2.61308944561544
0 0 21.471248292069998 1
1 0 21.15971173973392 0
2 0 22.429245200929834 1
3 0 20.82153084284232 0

0 1 20.643853008230813 0
1 1 21.232538405159126 0
2 1 21.837595558583107 0
3 1 20.92895064184724 0

0 2 20.47106588120568 0
1 2 20.500176412169715 -1
2 2 20.72790012968395 -1
3 2 20.664760435092816 0

0 3 20.124902045060768 0
1 3 20.498913921899202 0
2 3 20.571747352042014 0
3 3 20.203132236856362 0


# 17.60000000000005 20.0 2.61308944561544
0 0 21.471846130531056 1
1 0 21.158567403504534 0
2 0 22.41898922814994 1
3 0 20.804051010939965 0

0 1 20.64087658688787 0
1 1 21.22302315324523 0
2 1 21.812977329606234 0
3 1 20.915276180197324 0

0 2 20.45243257472446 0
1 2 20.450995181740204 -1
2 2 20.674966687040893 -1
3 2 20.644320998068054 0

0 3 20.103741729398067 0
1 3 20.4774373483376 0
2 3 20.54996039852307 0
3 3 20.18207085308863 0


# 17.480000000000054 20.0 2.61308944561544
0 0 21.47093299771665 1
1 0 21.156502917106685 0
2 0 22.40791405565948 1
3 0 20.78546345737641 0

0 1 20.636956434946818 0
1 1 21.21300722425026 0
2 1 21.78848838755091 0
3 1 20.900693854744983 0

0 2 20.432970726739057 0
1 2 20.402927996853087 -1
2 2 20.62319665943487 -1
3 2 20.622971052556416 0

0 3 20.08141192404066 0
1 3 20.455036583540423 0
2 3 20.527225710937866 0
3 3 20.15979866353937 0


# 17.360000000000056 20.0 2.61308944561544
0 0 21.468540922023493 1
1 0 21.153523341011404 0
2 0 22.396031367553046 1
3 0 20.765787475578435 0

0 1 20.632098491155205 0
1 1 21.202507336085095 0
2 1 21.76411009556228 0
3 1 20.885219136330058 0

0 2 20.412703217160605 0
1 2 20.355908778558792 -1
2 2 20.572525807433383 -1
3 2 20.60073679163668 0

0 3 20.05793397238361 0
1 3 20.431737868574288 0
2 3 20.50357097915304 0
3 3 20.13633760490143 0


# 17.24000000000006 20.0 2.61308944561544
0 0 21.464700910816646 1
1 0 21.149634236062383 0
2 0 22.383352431802255 1
3 0 20.7450419852752 0

0 1 20.626309292095435 0
1 1 21.191538532780356 0
2 1 21.739824441875445 0
3 1 20.868867171229642 0

0 2 20.391651506556315 0
1 2 20.3098746017721 -1
2 2 20.522892650449826 -1
3 2 20.57764301550691 0

0 3 20.033329021879368 0
1 3 20.407566173327822 0
2 3 20.47902255517276 0
3 3 20.111709437973136 0


# 17.12000000000006 20.0 2.61308944561544
0 0 21.45944300036514 1
1 0 21.144841605727137 0
2 0 22.369888126061095 1
3 0 20.723245537372783 0

0 1 20.61959589830385 0
1 1 21.18011432177904 0
2 1 21.71561401589966 0
3 1 20.85165278086335 0

0 2 20.369835737544413 0
1 2 20.264765527484254 -1
2 2 20.474238344596998 -1
3 2 20.553713215616824 0

0 3 20.007618000022177 0
1 3 20.382545267040204 0
2 3 20.45360552445083 0
3 3 20.085935723086916 0


# 17.000000000000064 20.0 2.61308944561544
0 0 21.45279630240037 1
1 0 21.139151843289483 0
2 0 22.355648961525272 1
3 0 20.70041631893603 0

0 1 20.611965826915775 0
1 1 21.168246800896718 0
2 1 21.691461985791065 0
3 1 20.833590462311218 0

0 2 20.347274828820616 0
1 2 20.220524445061265 -1
2 2 20.42650656610738 -1
3 2 20.528969653578983 0

0 3 19.980821593171708 0
1 3 20.35669778457672 0
2 3 20.427343773309147 0
3 3 20.059037798178444 0


# 16.880000000000067 20.0 2.61308944561544
0 0 21.44478904755642 1
1 0 21.132571683591067 0
2 0 22.34064510500103 1
3 0 20.67657215826208 0

0 1 20.6034269903126 0
1 1 21.155946775710746 0
2 1 21.66735207738266 0
3 1 20.81469438956483 0

0 2 20.323986562352697 0
1 2 20.177096923963294 -1
2 2 20.379643400073036 -1
3 2 20.503433435182462 0

0 3 19.95296022798068 0
1 3 20.330045288727536 0
2 3 20.40026005267391 0
3 3 20.0310367592983 0


# 16.76000000000007 20.0 2.61308944561544
0 0 21.435448625931233 1
1 0 21.125108158959957 0
2 0 22.324886399326243 1
3 0 20.651730530031337 0

0 1 20.593987640287406 0
1 1 21.143223868083748 0
2 1 21.643268554352865 0
3 1 20.79497841543791 0

0 2 20.29998766424066 0
1 2 20.134431074266555 -1
2 2 20.33359723426724 -1
3 2 20.47712457981284 0

0 3 19.924054055208995 0
1 3 20.302608328786775 0
2 3 20.372376038329836 0
3 3 20.001953443381275 0


# 16.64000000000007 20.0 2.61308944561544
0 0 21.424801624988678 1
1 0 21.116768558992423 0
2 0 22.30838238227506 1
3 0 20.625908560522767 0

0 1 20.583656317283094 0
1 1 21.13008661647447 0
2 1 21.619196199525383 0
3 1 20.77445607406785 0

0 2 20.275293879703657 0
1 2 20.092477415412546 -1
2 2 20.28831865781938 -1
3 2 20.450062085563925 0

0 3 19.894122935723356 0
1 3 20.27440649565132 0
2 3 20.343712387882206 0
3 3 19.971808413100902 0


# 16.520000000000074 20.0 2.61308944561544
0 0 21.412873865004393 1
1 0 21.107560393879787 0
2 0 22.291142304066643 1
3 0 20.59912303288156 0

0 1 20.572441804291394 0
1 1 21.116542568641 0
2 1 21.595120297203305 0
3 1 20.753140583944784 0

0 2 20.24992004262123 0
1 2 20.051188752649537 -1
2 2 20.243760364523638 -1
3 2 20.422263990309073 0

0 3 19.863186428496586 0
1 3 20.245458473662303 0
2 3 20.314288794606597 0
3 3 19.94062194364826 0


# 16.400000000000077 20.0 2.61308944561544
0 0 21.39969043224229 1
1 0 21.097491360996237 0
2 0 22.27317514358882 1
3 0 20.571390392428228 0

0 1 20.56035308503321 0
1 1 21.10259836729682 0
2 1 21.571026616449796 0
3 1 20.731044851409347 0

0 2 20.22388014002529 0
1 2 20.010520060668455 -1
2 2 20.19987706057091 -1
3 2 20.393747428983634 0

0 3 19.831263780434963 0
1 3 20.215782089397006 0
2 3 20.284124038356513 0
3 3 19.908414011285004 0


# 16.28000000000008 20.0 2.61308944561544
0 0 21.385275710033923 1
1 0 21.08656931448543 0
2 0 22.254489623438452 1
3 0 20.542726751998988 0

0 1 20.547399306070087 0
1 1 21.08825982923866 0
2 1 21.546901395236095 0
3 1 20.70818147456478 0

0 2 20.19718737191031 0
1 2 19.97042837396977 -1
2 2 20.156625376502056 -1
3 2 20.364528687314543 0

0 3 19.798373917874994 0
1 3 20.185394357604746 0
2 3 20.253236033690243 0
3 3 19.875204283530802 0


# 16.160000000000082 20.0 2.61308944561544
0 0 21.36965340791937 1
1 0 21.0748022376042 0
2 0 22.23509422387211 1
3 0 20.51314789730827 0

0 1 20.533589742523965 0
1 1 21.073532018427212 0
2 1 21.522731325385156 0
3 1 20.684562747553155 0

0 2 20.169854206702503 0
1 2 19.93087268353006 -1
2 2 20.113963783188996 -1
3 2 20.33462325221861 0

0 3 19.764535439603183 0
1 3 20.15431152446723 0
2 3 20.221641875369496 0
3 3 19.841012110854752 0


# 16.040000000000084 20.0 2.61308944561544
0 0 21.35284658899581 1
1 0 21.062198217600365 0
2 0 22.214997195753007 1
3 0 20.482669292324847 0

0 1 20.518933767107466 0
1 1 21.05841931346618 0
2 1 21.498503538246204 0
3 1 20.6602006651494 0

0 2 20.141892432703887 0
1 2 19.89181383936653 -1
2 2 20.071852511658335 -1
3 2 20.304045859077377 0

0 3 19.72976661126352 0
1 3 20.1225491083516 0
2 3 20.189357881374352 0
3 3 19.8058565197494 0


# 15.920000000000083 20.0 2.61308944561544
0 0 21.334877695608455 1
1 0 21.048765422919082 0
2 0 22.19420657257326 1
3 0 20.451306084653826 0

0 1 20.503440822190296 0
1 1 21.04292546989247 0
2 1 21.474205591041667 0
3 1 20.6351069276304 0

0 2 20.113313205804168 0
1 2 19.853214458625416 -1
2 2 20.03025347658016 -1
3 2 20.272810536083647 0

0 3 19.694085361027906 0
1 3 20.090121938213166 0
2 3 20.156399633571144 0
3 3 19.76975620707428 0


# 15.800000000000082 20.0 2.61308944561544
0 0 21.315768573507864 1
1 0 21.034512082548165 0
2 0 22.172730181624107 1
3 0 20.419073110917342 0

0 1 20.48712039464876 0
1 1 21.02705367766 0
2 1 21.449825453833604 0
3 1 20.60929294587994 0

0 2 20.084127093732018 0
1 2 19.81503883884562 -1
2 2 19.98913020325232 -1
3 2 20.240930645842614 0

0 3 19.657509276414245 0
1 3 20.057044189794187 0
2 3 20.122782016162606 0
3 3 19.73272953556367 0


# 15.800000000000082 20.0 2.61308944561544
0 0 21.296260494587944 1
1 0 21.019815107327606 0
2 0 22.150940078060838 1
3 0 20.386709275211608 0

0 1 20.470350633265273 0
1 1 21.010815461531585 0
2 1 21.425355976314286 0
3 1 20.583138592921404 0

0 2 20.054708540777575 0
1 2 19.777257355325297 -1
2 2 19.948447865419947 -1
3 2 20.208783350644083 0

0 3 19.620779975230196 0
1 3 20.023698165983447 0
2 3 20.08888367828738 0
3 3 19.695523276630556 0


# 15.800000000000082 20.0 2.61308944561544
0 0 21.277077105669893 1
1 0 21.005048864562994 0
2 0 22.129205964175352 1
3 0 20.354935875989153 0

0 1 20.45350711996388 0
1 1 20.994230351172067 0
2 1 21.400799162735467 0
3 1 20.55702099269113 0

0 2 20.02542931547115 0
1 2 19.73985067064624 -1
2 2 19.908182170227548 -1
3 2 20.176743167191624 0

0 3 19.584621425899364 0
1 3 19.990463112310138 0
2 3 20.05508058650933 0
3 3 19.658866323716268 0


# 15.800000000000082 20.0 2.61308944561544
0 0 21.2582050016801 1
1 0 20.990216508055678 0
2 0 22.10753073224135 1
3 0 20.323732805152734 0

0 1 20.43659419694528 0
1 1 20.9773168207764 0
2 1 21.3761614115154 0
3 1 20.530945759604418 0

0 2 19.996294079743254 0
1 2 19.70280491265191 -1
2 2 19.868318906991046 -1
3 2 20.144817526053316 0

0 3 19.54901614087163 0
1 3 19.957346481273508 0
2 3 20.021381582419707 0
3 3 19.62274152536416 0


# 15.800000000000082 20.0 2.61308944561544
0 0 21.23963135007963 1
1 0 20.975321161554508 0
2 0 22.085917026025886 1
3 0 20.2930807775948 0

0 1 20.41961614768077 0
1 1 20.960092456979964 0
2 1 21.351448953557878 0
3 1 20.504918204787504 0

0 2 19.96730697480849 0
1 2 19.666107054685256 -1
2 2 19.82884466085607 -1
3 2 20.11301324265117 0

0 3 19.513947401273235 0
1 3 19.92435516152056 0
2 3 19.987794852130968 0
3 3 19.587132527588437 0


