# 20.0 20.0 0.0
0 0 20.0 0
1 0 20.06 1
2 0 20.06072 1
3 0 20.00072864 0

0 1 20.0 0
1 1 20.00072 0
2 1 20.00073728 0
3 1 20.06001759104 1

0 2 20.0 0
1 2 20.06000864 1
2 2 20.06072895104 1
3 2 20.00144895850496 0

0 3 20.0 0
1 3 20.00072010368 0
2 3 20.00073738865664 0
3 3 20.00002623616594 0


# 20.0 20.0 0.06072895104000153
0 0 20.00072 0
1 0 20.11822592 1
2 0 20.11960606208 1
3 0 20.00285789279744 0

0 1 20.00001728 0
1 1 20.00283330944 0
2 1 20.0036201215232 0
3 1 20.117591975890228 1

0 2 20.00072031104 0
1 2 20.1179082573824 1
2 2 20.11929853810289 1
3 2 20.00423110324966 0

0 3 20.00001728497664 0
1 3 20.002113814497626 0
2 3 20.002163681398258 0
3 3 20.00010202907974 0


# 20.0 20.0 0.11960606207999902
0 0 20.0021129984 0
1 0 20.17475505979904 1
2 0 20.176757404362075 1
3 0 20.00628720121976 0

0 1 20.00008455366656 0
1 1 20.006253726495334 0
2 1 20.00848517542829 0
3 1 20.17288115466161 1

0 2 20.002106179128624 0
1 2 20.17380592812674 1
2 2 20.175836438932386 1
3 2 20.008239232385257 0

0 3 20.000067302640996 0
1 3 20.004137477234718 0
2 3 20.004233718122492 0
3 3 20.000248031438964 0


# 20.0 20.0 0.17675740436207477
0 0 20.004135005819187 0
1 0 20.2296611009276 1
2 0 20.232266795109776 1
3 0 20.010922637373106 0

0 1 20.000230941349884 0
1 1 20.01089974537355 0
2 1 20.01518049661666 0
3 1 20.226032254562323 1

0 2 20.004106969670634 0
1 2 20.22780301115119 1
2 2 20.23046176736294 1
3 2 20.013374089265447 0

0 3 20.000163813108784 0
1 3 20.00675010969945 0
2 3 20.006905420863365 0
3 3 20.000482456428706 0


# 20.0 20.0 0.23226679510977633
0 0 20.006744850117027 0
1 0 20.283014271375844 1
2 0 20.28622099857955 1
3 0 20.016676461465376 0

0 1 20.000482260595124 0
1 1 20.016694318072485 0
2 1 20.02356474484199 0
3 1 20.27718228341758 1

0 2 20.006675865962727 0
1 2 20.279995451349105 1
2 2 20.283285679005356 1
3 2 20.019543782542517 0

0 3 20.000319027544815 0
1 3 20.00991324388916 0
2 3 20.010139569738982 0
3 3 20.00082128822465 0


# 20.0 20.0 0.28622099857955163
0 0 20.009903993896465 0
1 0 20.33488150370464 1
2 0 20.338701189159355 1
3 0 20.023466710523547 0

0 1 20.00086129578531 0
1 1 20.023564626753178 0
2 1 20.0335064424296 0
3 1 20.32645883073999 1

0 2 20.009769588888442 0
1 2 20.33047406734678 1
2 2 20.334411932757792 1
3 2 20.0266632482964 0

0 3 20.000543736546533 0
1 3 20.0135907761294 0
2 3 20.013899595775285 0
3 3 20.001278475977422 0


# 20.0 20.0 0.3387011891593552
0 0 20.013576363710072 0
1 0 20.385326586704515 1
2 0 20.389783336090556 1
3 0 20.031216814946667 0

0 1 20.001388048314546 0
1 1 20.03144186640657 0
2 1 20.04488328478492 0
3 1 20.373980720025248 1

0 2 20.013348136381623 0
1 2 20.37932482465424 1
2 2 20.38393741142755 1
3 2 20.034653751157116 0

0 3 20.00084742898099 0
1 3 20.017748825724894 0
2 3 20.018151389310283 0
3 3 20.001866112527843 0


# 20.0 20.0 0.3897833360905558
0 0 20.01772819023674 0
1 0 20.434410310775732 1
2 0 20.43953856090084 1
3 0 20.0398552409797 0

0 1 20.002079968601635 0
1 1 20.040261037484854 0
2 1 20.057581499873304 0
3 1 20.41985861568831 1

0 2 20.017374541320436 0
1 2 20.426629094862328 1
2 2 20.431952604501465 1
3 2 20.043442421601128 0

0 3 20.001238401942217 0
1 3 20.022355601677827 0
2 3 20.022863122783736 0
3 3 20.00259459900946 0


# 20.0 20.0 0.4395385609008393
0 0 20.022327858740745 0
1 0 20.48219060720867 1
2 0 20.488033469519745 1
3 0 20.04931515732693 0

0 1 20.002952171170918 0
1 1 20.049960748162963 0
2 1 20.071495253133854 0
3 1 20.464195587814142 1

0 2 20.02181464660068 0
1 2 20.47246390152025 1
2 2 20.478542055873863 1
3 2 20.05296182680625 0

0 3 20.00172386245164 0
1 3 20.027381277048427 0
2 3 20.02800508681 0
3 3 20.003472796408513 0


# 20.0 20.0 0.48803346951974547
0 0 20.027345769166633 0
1 0 20.528722681548096 1
2 0 20.535330460904024 1
3 0 20.05953412424778 0

0 1 20.0040176339489 0
1 1 20.060483025892953 0
2 1 20.08652609454925 0
3 1 20.507087637673187 1

0 2 20.026636896218502 0
1 2 20.516902153307683 1
2 2 20.523784779129596 1
3 2 20.063149572638924 0

0 3 20.002310021482586 0
1 3 20.032797870551597 0
2 3 20.033549538517057 0
3 3 20.004508165071677 0


# 20.0 20.0 0.5353304609040244
0 0 20.0327542052626 0
1 0 20.574059141227792 1
2 0 20.581488013866352 1
3 0 20.070453803593335 0

0 1 20.005287382851538 0
1 1 20.071773137913326 0
2 1 20.102582444833875 0
3 1 20.54862418674371 1

0 2 20.031812141269025 0
1 2 20.560012865095278 1
2 2 20.567754642784397 1
3 2 20.073947934523286 0

0 3 20.00300218085106 0
1 3 20.038579135001992 0
2 3 20.039470561213637 0
3 3 20.00570689307794 0


# 20.0 20.0 0.5814880138663518
0 0 20.038527212162098 0
1 0 20.618250117663525 1
2 0 20.626560953677053 1
3 0 20.082019688349025 0

0 1 20.006770662667908 0
1 1 20.08377942037661 0
2 1 20.11957911792483 0
3 1 20.58888853179004 1

0 2 20.037313459839098 0
1 2 20.60186136746673 1
2 2 20.610520727704287 1
3 2 20.085303515104176 0

0 3 20.003804813478514 0
1 3 20.044700452237816 0
2 3 20.045743934518903 0
3 3 20.00707401432261 0


# 20.0 20.0 0.6265609536770533
0 0 20.04464048188824 0
1 0 20.66134338299296 1
2 0 20.670600699893818 1
3 0 20.094180850348668 0

0 1 20.008475095181105 0
1 1 20.09645311576132 0
2 1 20.13743687716623 0
3 1 20.62795826836629 1

0 2 20.04311598983937 0
1 2 20.64250950525484 1
2 2 20.652147658759013 1
3 2 20.097166926767176 0

0 3 20.004721637498214 0
1 3 20.05113873417109 0
2 3 20.05234701415614 0
3 3 20.008613517098073 0


# 20.0 20.0 0.6706006998938179
0 0 20.051071246278354 0
1 0 20.703384461650458 1
2 0 20.71365549676826 1
3 0 20.10688970491773 0

0 1 20.010406825406047 0
1 1 20.109748218238508 0
2 1 20.156082022767837 0
3 1 20.66590568494834 1

0 2 20.049196773884027 0
1 2 20.68201582562324 1
2 2 20.692695912610354 1
3 2 20.109492497218834 0

0 3 20.00575568464494 0
1 3 20.057872329628996 0
2 3 20.05925862067363 0
3 3 20.01032844389725 0


# 20.0 20.0 0.7136554967682613
0 0 20.057798176857013 0
1 0 20.744416736963505 1
2 0 20.755770627479784 1
3 0 20.12010179128983 0

0 1 20.012570656766748 0
1 1 20.123621326668516 0
2 1 20.175446008295463 0
3 1 20.702798129742156 1

0 2 20.055534615385316 0
1 2 20.720435756204843 1
2 2 20.73222210339377 1
3 2 20.12223799646004 0

0 3 20.006909363337893 0
1 3 20.064880936667173 0
2 3 20.066458936412836 0
3 3 20.012220983111423 0


# 20.119999999999997 20.0 0.7557706274797837
0 0 20.065521291214925 0
1 0 20.784850192955396 1
2 0 20.79735303703612 1
3 0 20.134499940804737 0

0 1 20.01533881598177 0
1 1 20.138040352269677 0
2 1 20.195469563366583 0
3 1 20.739067098300563 1

0 2 20.062474368765425 0
1 2 20.757826253040164 1
2 2 20.770779355422224 1
3 2 20.13572880985073 0

0 3 20.00890888992292 0
1 3 20.07251426627966 0
2 3 20.07429383634126 0
3 3 20.015021299473716 0


# 20.239999999999995 20.0 0.797353037036121
0 0 20.074924792838434 0
1 0 20.825090303037 1
2 0 20.838804927167104 1
3 0 20.150752407241377 0

0 1 20.019079859877017 0
1 1 20.152984007112583 0
2 1 20.216106648981018 0
3 1 20.775137334564818 1

0 2 20.070360225311358 0
1 2 20.794250247143747 1
2 2 20.808426500869757 1
3 2 20.1502912214559 0

0 3 20.012462663784788 0
1 3 20.081120748063153 0
2 3 20.083108317795805 0
3 3 20.019441327163683 0


# 20.359999999999992 20.0 0.8388049271671036
0 0 20.08595754225122 0
1 0 20.86516946802782 1
2 0 20.88015946251709 1
3 0 20.16878888214567 0

0 1 20.023790127058284 0
1 1 20.168432572665708 0
2 1 20.237319400277336 0
3 1 20.81105836055964 1

0 2 20.079171132304122 0
1 2 20.82977204672768 1
2 2 20.84522792066309 1
3 2 20.165887721455388 0

0 3 20.017537510452943 0
1 3 20.090678691144216 0
2 3 20.092881943716034 0
3 3 20.02544667536785 0


# 20.47999999999999 20.0 0.8801594625170885
0 0 20.098570585871208 0
1 0 20.905118301823297 1
2 0 20.921447484102327 1
3 0 20.188542552524368 0

0 1 20.029465033211928 0
1 1 20.184367906562237 0
2 1 20.259073289126672 0
3 1 20.846875952173413 1

0 2 20.088887239832058 0
1 2 20.86445292958317 1
2 2 20.881244531077837 1
3 2 20.18248324305769 0

0 3 20.024100951248354 0
1 3 20.10116741601073 0
2 3 20.103595205549436 0
3 3 20.033003536437892 0


# 20.599999999999987 20.0 0.9214474841023268
0 0 20.112717044800267 0
1 0 20.944965722372295 1
2 0 20.962697668538308 1
3 0 20.20994990408203 0

0 1 20.03609916811136 0
1 1 20.20077334035757 0
2 1 20.28133686915436 0
3 1 20.88263240237766 1

0 2 20.099489812346427 0
1 2 20.898351290160686 1
2 2 20.916533992881167 1
3 2 20.200044986029628 0

0 3 20.0321212037437 0
1 3 20.112567196931725 0
2 3 20.11522946363137 0
3 3 20.04207870252206 0


# 20.719999999999985 20.0 0.9626976685383077
0 0 20.12835200987326 0
1 0 20.98473903825789 1
2 0 21.00393667619763 1
3 0 20.23295053647798 0

0 1 20.04368638500161 0
1 1 20.217633583011303 0
2 1 20.304081539288564 0
3 1 20.91836676621935 1

0 2 20.11096114677475 0
1 2 20.93152277926816 1
2 2 20.951150906441484 1
3 2 20.218542253118578 0

0 3 20.041567180533402 0
1 3 20.12485920774179 0
2 3 20.127766891959315 0
3 3 20.052639578972197 0


# 20.839999999999982 20.0 1.003936676197629
0 0 20.145432442596938 0
1 0 21.02446403107273 1
2 0 21.0451892890794 1
3 0 20.257486989828358 0

0 1 20.05221988290014 0
1 1 20.234934629817115 0
2 1 20.327281324501403 0
3 1 20.954115088847516 1

0 2 20.12328449672263 0
1 2 20.964020436751966 1
2 2 20.985146993808268 1
3 2 20.237946298427133 0

0 3 20.05240848648777 0
1 3 20.138025470799022 0
2 3 20.14119042701998 0
3 3 20.064654194834564 0


# 20.839999999999982 20.0 1.0451892890793992
0 0 20.16319708163112 0
1 0 21.063796393774005 1
2 0 21.086114115435308 1
3 0 20.28278020864593 0

0 1 20.061323642316385 0
1 1 20.252654829154018 0
2 1 20.350908193252277 0
3 1 20.989541871519823 1

0 2 20.136079578646953 0
1 2 20.99589033825677 1
2 2 21.018571161188945 1
3 2 20.257865760623712 0

0 3 20.06389104156756 0
1 3 20.151680062707594 0
2 3 20.155119294109912 0
3 3 20.07736246447732 0


# 20.839999999999982 20.0 1.0861141154353078
0 0 20.180903427125486 0
1 0 21.102393013696076 1
2 0 21.126370299574155 1
3 0 20.308071067187804 0

0 1 20.070623703358216 0
1 1 20.270765180337385 0
2 1 20.37492758212761 0
3 1 21.02431148583526 1

0 2 20.148969097341972 0
1 2 21.027167428039355 1
2 2 21.05146070623068 1
3 2 20.277913014556034 0

0 3 20.075278753991725 0
1 3 20.165440285787568 0
2 3 20.169175445235243 0
3 3 20.09002247727363 0


# 20.839999999999982 20.0 1.1263702995741554
0 0 20.19854710435362 0
1 0 21.140280698132024 1
2 0 21.16598209916141 1
3 0 20.333344031789004 0

0 1 20.080116884401566 0
1 1 20.289238362793597 0
2 1 20.399302970033737 0
3 1 21.058457123626724 1

0 2 20.1619431520508 0
1 2 21.057880381575817 1
2 2 21.083841854068417 1
3 2 20.298068525404307 0

0 3 20.086577320102084 0
1 3 20.17929539154745 0
2 3 20.183347993210038 0
3 3 20.10263866631515 0


# 20.839999999999982 20.0 1.1659820991614112
0 0 20.21612417958729 0
1 0 21.177485044508987 1
2 0 21.204972435552612 1
3 0 20.358584801354752 0

0 1 20.08979964358988 0
1 1 20.308048537856006 0
2 1 20.424000266885365 0
3 1 21.092009767558135 1

0 2 20.174992627807878 0
1 2 21.088056264195536 1
2 2 21.115739121669478 1
3 2 20.31831429800384 0

0 3 20.097791992810674 0
1 3 20.19323534010505 0
2 3 20.197626735032294 0
3 3 20.11521496672424 0


# 20.839999999999982 20.0 1.2049724355526124
0 0 20.233631125379333 0
1 0 21.214030497825064 1
2 0 21.243362980052186 1
3 0 20.383780221477306 0

0 1 20.099668126051625 0
1 1 20.327171269898408 0
2 1 20.448987651745007 0
3 1 21.124998343375406 1

0 2 20.18810913403664 0
1 2 21.117720621902667 1
2 2 21.14717543550955 1
3 2 20.33863376243499 0

0 3 20.10892761475919 0
1 3 20.20725075548097 0
2 3 20.212002106053514 0
3 3 20.127754858344026 0


# 20.719999999999985 20.0 1.2433629800521864
0 0 20.250344788352198 0
1 0 21.249571765376043 1
2 0 21.280809810553176 1
3 0 20.408193831351266 0

0 1 20.109349567064903 0
1 1 20.346574604216347 0
2 1 20.474230942785102 0
3 1 21.157081115392494 1

0 2 20.200920524051824 0
1 2 21.146893087882443 1
2 2 21.178172133394963 1
3 2 20.3586472416983 0

0 3 20.11926427598225 0
1 3 20.22096413738979 0
2 3 20.226100711148813 0
3 3 20.13953265887781 0


# 20.599999999999987 19.0 1.2808098105531762
0 0 20.26555943196081 0
1 0 21.283765077391013 1
2 0 21.31697007672827 1
3 0 20.43110746772807 0

0 1 20.118473539970925 0
1 1 20.366219374990315 0
2 1 20.49968916993749 0
3 1 21.187917035098376 1

0 2 20.213057432887673 0
1 2 21.17558317660804 1
2 2 21.208740114584717 1
3 2 20.3779783352497 0

0 3 20.128099020890218 0
1 3 20.234001038523182 0
2 3 20.23955176702439 0
3 3 20.149839844385497 0


# 20.47999999999999 19.0 2.3169700767282713
0 0 20.279306155818563 0
1 0 21.31663689143104 1
2 0 21.351866535854843 1
3 0 20.452545001741296 0

0 1 20.127040646856504 0
1 1 20.386068243608776 0
2 1 20.52531919293025 0
3 1 21.217534629983298 1

0 2 20.22451769483865 0
1 2 21.203795109229517 1
2 2 21.238880321937856 1
3 2 20.396618302724892 0

0 3 20.135469680938513 0
1 3 20.24635879359152 0
2 3 20.252351540328345 0
3 3 20.158713248104256 0


# 20.359999999999992 19.0 2.3518665358548425
0 0 20.291615264668547 0
1 0 21.34821274252052 1
2 0 21.385521064595245 1
3 0 20.472530050013553 0

0 1 20.13505135412592 0
1 1 20.406085508701228 0
2 1 20.55108012997221 0
3 1 21.245960917316527 1

0 2 20.235299745386953 0
1 2 21.23153243642191 1
2 2 21.268593055398206 1
3 2 20.414559540660274 0

0 3 20.141412674892468 0
1 3 20.25803528408039 0
2 3 20.26449687468555 0
3 3 20.16618824815665 0


# 20.239999999999995 19.0 2.3855210645952454
0 0 20.302516284300236 0
1 0 21.378517281625818 1
2 0 21.417954709421583 1
3 0 20.491085955733922 0

0 1 20.14250601571329 0
1 1 20.426237034648366 0
2 1 20.57693323233496 0
3 1 21.273221503533982 1

0 2 20.245402569605034 0
1 2 21.258798094798443 1
2 2 21.297878041648843 1
3 2 20.431795493472617 0

0 3 20.145963072840566 0
1 3 20.269028898656906 0
2 3 20.275985148210303 0
3 3 20.172298838923208 0


# 20.239999999999995 19.0 2.4179547094215827
0 0 20.312757977633495 0
1 0 21.407942952457976 1
2 0 21.449552157312198 1
3 0 20.508960145257657 0

0 1 20.149773534035976 0
1 1 20.44649903074877 0
2 1 20.602846245981805 0
3 1 21.2997094230021 1

0 2 20.255190078101723 0
1 2 21.285598938837992 1
2 2 21.326734605567733 1
3 2 20.448684997156683 0

0 3 20.14987902993941 0
1 3 20.27970724231717 0
2 3 20.287178660227166 0
3 3 20.177806444610578 0


# 20.239999999999995 18.0 2.4495521573121977
0 0 20.323071288276616 0
1 0 21.436878818170793 1
2 0 21.480695189218007 1
3 0 20.526882435375022 0

0 1 20.15722017037199 0
1 1 20.46685760735318 0
2 1 20.62879758807637 0
3 1 21.32581400748331 1

0 2 20.265024472491245 0
1 2 21.31195007690652 1
2 2 21.355170680368882 1
3 2 20.465585720865654 0

0 3 20.153900165439293 0
1 3 20.290435884970723 0
2 3 20.298438112617028 0
3 3 20.18345369860639 0


# 20.239999999999995 18.0 3.4806951892180074
0 0 20.33344990976117 0
1 0 21.465341940283608 1
2 0 21.511398254835672 1
3 0 20.54484121484935 0

0 1 20.164840907091634 0
1 1 20.487299608348525 0
2 1 20.65477149446114 0
3 1 21.351552200331124 1

0 2 20.274901738439862 0
1 2 21.337870168160542 1
2 2 21.38320247366443 1
3 2 20.48248962106052 0

0 3 20.158023810964405 0
1 3 20.301209562902855 0
2 3 20.309758100709196 0
3 3 20.189236338117794 0


# 20.239999999999995 18.0 3.5113982548356724
0 0 20.34388790717827 0
1 0 21.493348608036047 1
2 0 21.541675063940733 1
3 0 20.562825658286034 0

0 1 20.172630660041385 0
1 1 20.507812678316185 0
2 1 20.680753371722037 0
3 1 21.37693983173004 1

0 2 20.284818161095384 0
1 2 21.363376914600583 1
2 2 21.410845291025645 1
3 2 20.49938931450646 0

0 3 20.162247286457664 0
1 3 20.312023348882143 0
2 3 20.321133520215717 0
3 3 20.19515010396222 0


# 20.239999999999995 18.0 3.5416750639407333
0 0 20.35437969373678 0
1 0 21.52091437573046 1
2 0 21.571538632124085 1
3 0 20.580825676153985 0

0 1 20.180584298717427 0
1 1 20.528385217286253 0
2 1 20.70672971754537 0
3 1 21.401991695295848 1

0 2 20.294770300326686 0
1 2 21.388487112590003 1
2 2 21.438113593034704 1
3 2 20.516278028004702 0

0 3 20.166567907935693 0
1 3 20.32287263071799 0
2 3 20.332559548299237 0
3 3 20.20119075113523 0


# 20.239999999999995 18.0 3.571538632124085
0 0 20.36492000885563 0
1 0 21.548054098248972 1
2 0 21.601001323478254 1
3 0 20.59883186803773 0

0 1 20.18869666448892 0
1 1 20.549006337970994 0
2 1 20.732688046500552 0
3 1 21.42672161940394 1

0 2 20.30475496793314 0
1 2 21.413216701541565 1
2 2 21.46502104846119 1
3 2 20.53314955185651 0

0 3 20.17098299443382 0
1 3 20.333753091159128 0
2 3 20.344031625959737 0
3 3 20.207354058228155 0


# 20.239999999999995 18.0 3.601001323478254
0 0 20.375503897689683 0
1 0 21.574781964832184 1
2 0 21.630074890444615 1
3 0 20.616835478906555 0

0 1 20.19696258702351 0
1 1 20.56966582534716 0
2 1 20.75861682087241 0
3 1 21.4511425336086 1

0 2 20.314769206675933 0
1 2 21.43758080992729 1
2 2 21.49158058383844 1
3 2 20.54999819678664 0

0 3 20.175489874208225 0
1 3 20.344660689051587 0
2 3 20.355545441642846 0
3 3 20.213635835793095 0


# 20.239999999999995 18.0 3.6300748904446145
0 0 20.386126691995123 0
1 0 21.601111531202676 1
2 0 21.65877051101772 1
3 0 20.634828358201435 0

0 1 20.20537689905674 0
1 1 20.590354098463205 0
2 1 20.78450538619367 0
3 1 21.47526653049122 1

0 2 20.32481027099385 0
1 2 21.461593798758944 1
2 2 21.51780442969478 1
3 2 20.56681875407335 0

0 3 20.180085890257274 0
1 3 20.35559164167933 0
2 3 20.367096915979854 0
3 3 20.220031933745183 0


# 20.239999999999995 18.0 3.658770511017721
0 0 20.396783992246412 0
1 0 21.62705575011289 1
2 0 21.687098823489073 1
3 0 20.652802921553945 0

0 1 20.2139344496368 0
1 1 20.6110621743534 0
2 1 20.810343911152714 0
3 1 21.49910492325195 1

0 2 20.334875609275944 0
1 2 21.485269302678557 1
2 2 21.543704163676047 1
3 2 20.583606458650348 0

0 3 20.184768405219476 0
1 3 20.36654240821533 0
2 3 20.378682187576338 0
3 3 20.226538247885077 0


# 20.239999999999995 18.0 3.687098823489073
0 0 20.347471650922536 -1
1 0 21.65190700039333 1
2 0 21.715061318899732 1
3 0 20.670752011283824 0

0 1 20.221910115966676 0
1 1 20.631764353946732 0
2 1 20.83612302053468 0
3 1 21.522668294360994 1

0 2 20.34495420757273 0
1 2 21.508619957750916 1
2 2 21.569290743313744 1
3 2 20.60035695481375 0

0 3 20.18953470202103 0
1 3 20.377509669238467 0
2 3 20.39029759962338 0
3 3 20.23315072561446 0


# 20.239999999999995 18.0 3.715061318899732
0 0 20.300328476885646 -1
1 0 21.675732756173595 1
2 0 21.742660036961848 1
3 0 20.68866887885348 0

0 1 20.229354455556937 0
1 1 20.652437627237482 0
2 1 20.861833795971503 0
3 1 21.545966541553497 1

0 2 20.355036240238622 0
1 2 21.531657491139214 1
2 2 21.59457453773326 1
3 2 20.61706626437039 0

0 3 20.194382003662 0
1 3 20.388490308263545 0
2 3 20.401939687298533 0
3 3 20.23986537091237 0


# 20.239999999999995 18.0 3.7426600369618477
0 0 20.25525769825853 -1
1 0 21.578596244763798 -1
2 0 21.768457502444516 1
3 0 20.706529887742732 0

0 1 20.23631434721236 0
1 1 20.671621443679125 0
2 1 20.887433214069794 0
3 1 21.569008299202444 1

0 2 20.365112964252763 0
1 2 21.554375522611675 1
2 2 21.619564736182266 1
3 2 20.633730742142397 0

0 3 20.199307490800365 0
1 3 20.399481187725005 0
2 3 20.41360515596983 0
3 3 20.24667824833687 0


# 20.239999999999995 18.0 3.768457502444516
0 0 20.210727348224935 -1
1 0 21.4855448780159 -1
2 0 21.79257638309979 1
3 0 20.72431382797162 0

0 1 20.242798685703324 0
1 1 20.689425441987336 0
2 1 20.912883318120105 0
3 1 21.59180108529475 1

0 2 20.375176000143533 0
1 2 21.576769265918774 1
2 2 21.64426949063133 1
3 2 20.65034703686357 0

0 3 20.204308307385975 0
1 3 20.41047917059185 0
2 3 20.425290862333817 0
3 3 20.253585486187113 0


# 20.239999999999995 18.0 3.7925763830997887
0 0 20.166761286453468 -1
1 0 21.39637715047772 -1
2 0 21.695131066568432 -1
3 0 20.680561715987 -1

0 1 20.188817493646795 -1
1 1 20.705231187509906 0
2 1 20.936702112810394 0
3 1 21.613596770100305 1

0 2 20.384497348940922 0
1 2 21.59881806752676 1
2 2 21.66867845203544 1
3 2 20.666902789815175 0

0 3 20.209372926554472 0
1 3 20.42148082770397 0
2 3 20.436993583306915 0
3 3 20.26058316516184 0


# 20.239999999999995 18.0 3.7925763830997887
0 0 20.12266021587064 -1
1 0 21.309445579797043 -1
2 0 21.600496074675693 -1
3 0 20.63751060834878 -1

0 1 20.136875823941487 -1
1 1 20.71916218951834 0
2 1 20.958963613231454 0
3 1 21.63442622989284 1

0 2 20.393129262101677 0
1 2 21.62050420906179 1
2 2 21.692782256682722 1
3 2 20.683386372463787 0

0 3 20.21449082227618 0
1 3 20.43248249631614 0
2 3 20.448710027825953 0
3 3 20.267667328019492 0


# 20.239999999999995 18.0 3.7925763830997887
0 0 20.078480304944158 -1
1 0 21.224666528275225 -1
2 0 21.508568928537578 -1
3 0 20.59515616834939 -1

0 1 20.086856300414716 -1
1 1 20.731334292233257 0
2 1 20.9797387002845 0
3 1 21.65431970313051 1

0 2 20.40112004907444 0
1 2 21.6418126361585 1
2 2 21.716572481202746 1
3 2 20.69978685896854 0

0 3 20.219652383218925 0
1 3 20.443480332037304 0
2 3 20.460436848352376 0
3 3 20.274833988698642 0


# 20.239999999999995 18.0 3.7925763830997887
0 0 20.034273287910448 -1
1 0 21.14196065219184 -1
2 0 21.419251299788908 -1
3 0 20.553493398323845 -1

0 1 20.038649067347915 -1
1 1 20.681856178877855 -1
2 1 20.998375238626846 0
3 1 21.67329814155006 1

0 2 20.40851437605402 0
1 2 21.662010710040956 1
2 2 21.74002431797688 1
3 2 20.71609368827057 0

0 3 20.224848833920138 0
1 3 20.4544617147995 0
2 3 20.472170340979275 0
3 3 20.282079133456488 0


# 20.239999999999995 18.0 3.7925763830997887
0 0 19.99008676618015 -1
1 0 21.060532635737946 -1
2 0 21.332431560470038 -1
3 0 20.51251639240843 -1

0 1 19.991431294372646 -1
1 1 20.633675280837057 -1
2 1 21.015006378782765 0
3 1 21.691383017118497 1

0 2 20.415336262319755 0
1 2 21.68115616687019 1
2 2 21.763116269612823 1
3 2 20.73229669440546 0

0 3 20.230071851624444 0
1 3 20.46541510309161 0
2 3 20.483906512732077 0
3 3 20.289398723137705 0


# 20.239999999999995 18.0 3.7925763830997887
0 0 19.94594720975899 -1
1 0 20.980374913649744 -1
2 0 21.248004207148387 -1
3 0 20.472218448972928 -1

0 1 19.945170685043983 -1
1 1 20.58671936508904 -1
2 1 20.969756746908818 -1
3 1 21.707876193082967 1

0 2 20.421608923744788 0
1 2 21.69930298679888 1
2 2 21.78510984396155 1
3 2 20.748368850362617 0

0 3 20.235313553288 0
1 3 20.476329945395587 0
2 3 20.495632501347266 0
3 3 20.296788385325264 0


# 20.239999999999995 18.0 3.7925763830997887
0 0 19.90187965739199 -1
1 0 20.90147840603201 -1
2 0 21.16514947367112 -1
3 0 20.43257489281095 -1

0 1 19.899836011626846 -1
1 1 20.54020132538116 -1
2 1 20.925588465090357 -1
3 1 21.72286377947265 1

0 2 20.427354779568073 0
1 2 21.716484394164212 1
2 2 21.80605746198297 1
3 2 20.764285874168756 0

0 3 20.240566482069198 0
1 3 20.48719628821994 0
2 3 20.50733644191702 0
3 3 20.304243471246583 0


# 20.239999999999995 18.0 3.80605746198297
0 0 19.857907762737785 -1
1 0 20.823815415720144 -1
2 0 21.08383694106039 -1
3 0 20.393562605316152 -1

0 1 19.855388465550764 -1
1 1 20.49412698264917 -1
2 1 20.882442840748002 -1
3 1 21.736426996577595 1

0 2 20.432595150927625 0
1 2 21.732732853849686 1
2 2 21.82600827993599 1
3 2 20.78002601242679 0

0 3 20.24582358598448 0
1 3 20.498004758695718 0
2 3 20.519007389475043 0
3 3 20.31175910710453 0


# 20.239999999999995 18.0 3.8260082799359907
0 0 19.814053529854476 -1
1 0 20.747359377702665 -1
2 0 21.004036167421056 -1
3 0 20.355159909492755 -1

0 1 19.811791457958808 -1
1 1 20.44850080584512 -1
2 1 20.840265251389454 -1
3 1 21.628642476801044 -1

0 2 20.37735032936218 -1
1 2 21.74736004695097 1
2 2 21.84499978690197 1
3 2 20.794129736354556 0

0 3 20.250358197945733 0
1 3 20.50872926644296 0
2 3 20.530634937042485 0
3 3 20.31931295532953 0


# 20.239999999999995 18.0 3.844999786901969
0 0 19.770337412807653 -1
1 0 20.67208477647204 -1
2 0 20.925716767637624 -1
3 0 20.31590646368428 -1

0 1 19.768290479300717 -1
1 1 20.403308773813915 -1
2 1 20.797564532984616 -1
3 1 21.524570701571683 -1

0 2 20.324133720219336 -1
1 2 21.760460823265863 1
2 2 21.863033277486444 1
3 2 20.806699290640317 0

0 3 20.254219658659633 0
1 3 20.51934642227997 0
2 3 20.542208581547854 0
3 3 20.326884583403924 0


# 20.239999999999995 18.0 3.863033277486444
0 0 19.72676976901585 -1
1 0 20.597966759585823 -1
2 0 20.8488139164719 -1
3 0 20.275894446408167 -1

0 1 19.724912826326676 -1
1 1 20.358520811976803 -1
2 1 20.754420699891437 -1
3 1 21.424022905348952 -1

0 2 20.27283522366915 -1
1 2 21.65212353257405 -1
2 2 21.75867310542294 -1
3 2 20.816372887563535 0

0 3 20.257453930699274 0
1 3 20.468395305082066 -1
2 3 20.49152325704975 -1
3 3 20.27369149213674 -1


# 20.239999999999995 18.0 3.863033277486444
0 0 19.68336061236223 -1
1 0 20.52498049977295 -1
2 0 20.773267279732952 -1
3 0 20.235209728558456 -1

0 1 19.681683087397055 -1
1 1 20.312670306837543 -1
2 1 20.709432109464757 -1
3 1 21.326786120031336 -1

0 2 20.22191127088309 -1
1 2 21.545961402869203 -1
2 2 21.657016272246004 -1
3 2 20.762615152898835 -1

0 3 20.19934926810568 -1
1 3 20.417004709404914 -1
2 3 20.440491829939113 -1
3 3 20.221155882213875 -1


# 20.119999999999997 17.0 3.863033277486444
0 0 19.63939959336323 -1
1 0 20.452715364941692 -1
2 0 20.69863834041975 -1
3 0 20.193207271855766 -1

0 1 19.638220171779384 -1
1 1 20.265818080698 -1
2 1 20.66275847397119 -1
3 1 21.23156407377473 -1

0 2 20.170273367619053 -1
1 2 21.441876604691096 -1
2 2 21.557172395916197 -1
3 2 20.70778402469994 -1

0 3 20.141380031378166 -1
1 3 20.364855493202008 -1
2 3 20.388789378337655 -1
3 3 20.168513151290625 -1


