# 20.0 20.0 0.0
0 0 20.0 0
1 0 20.06 1
2 0 20.06072 1
3 0 20.00072864 0

0 1 20.06 1
1 1 20.00144 0
2 1 20.00074592 0
3 1 20.06001769472 1

0 2 20.00072 0
1 2 20.06002592 1
2 2 20.06072926208 1
3 2 20.0014489634816 0

0 3 20.00000864 0
1 3 20.06072041472 1
2 3 20.0014573961216 0
3 3 20.06003487631524 1


# 20.0 20.0 0.06072926207999885
0 0 20.00144 0
1 0 20.1182432 1
2 0 20.11960637312 1
3 0 20.002857897774078 0

0 1 20.117523199999997 1
1 1 20.00492933888 0
2 1 20.0036535078656 0
3 1 20.117592475971215 1

0 2 20.002820453120002 0
1 2 20.118695069465602 1
2 2 20.119317316743373 1
3 2 20.00495144304373 0

0 3 20.000770819374083 0
1 3 20.119621236721294 1
2 3 20.004983866641854 0
3 3 20.117992844484117 1


# 20.0 20.0 0.11962123672129366
0 0 20.004217356799998 0
1 0 20.174822022425598 1
2 0 20.176758906585743 1
3 0 20.006287230044894 0

0 1 20.172730831385596 1
1 1 20.01033154778747 0
2 1 20.008566142453105 0
3 1 20.172891249766923 1

0 2 20.006208354731665 0
1 2 20.17606344760306 1
2 2 20.175924864336594 1
3 2 20.010345189938946 0

0 3 20.002253024974053 0
1 3 20.176796748849625 1
2 3 20.01042311773494 0
3 3 20.173994321774774 1


# 20.0 20.0 0.17679674884962537
0 0 20.008236166200934 0
1 0 20.229823416930614 1
2 0 20.232271153982285 1
3 0 20.01092283860827 0

0 1 20.225773449292042 1
1 1 20.017518350969016 0
2 1 20.015338235044013 0
3 1 20.226069092439808 1

0 2 20.010796682895364 0
1 2 20.23218484188272 1
2 2 20.230699967463643 1
3 2 20.017479852541648 0

0 3 20.004423037255926 0
1 3 20.232335657360423 1
2 3 20.01762970614926 0
3 3 20.228151840895173 1


# 20.0 20.0 0.23233565736042294
0 0 20.01340682661237 0
1 0 20.28332918939829 1
2 0 20.286230848671636 1
3 0 20.01667721571171 0

0 1 20.276791626747496 1
1 1 20.026369196839372 0
2 1 20.023834429026873 0
3 1 20.2772700885247 1

0 2 20.016504016284394 0
1 2 20.287110875527723 1
2 2 20.283779027384334 1
3 2 20.02621611021655 0

0 3 20.00724988399845 0
1 3 20.28632144533939 1
2 3 20.02646828625442 0
3 3 20.2805705873806 1


# 20.0 20.0 0.2871108755277234
0 0 20.019645630648075 0
1 0 20.335416311557474 1
2 0 20.33872028850298 1
3 0 20.02346872047042 0

0 1 20.325916604549363 1
1 1 20.03677081403902 0
2 1 20.033928859054996 0
3 1 20.326628109083565 1

0 2 20.023254175969356 0
1 2 20.340891059055178 1
2 2 20.33528768584486 1
3 2 20.03642487017516 0

0 3 20.010703795630214 0
1 3 20.338832702326414 1
2 3 20.03681290993836 0
3 3 20.33134889959626 1


# 20.0 20.0 0.3408910590551777
0 0 20.026874382938026 0
1 0 20.38615721229782 1
2 0 20.389816693887735 1
3 0 20.03122118416914 0

0 1 20.373270899633646 1
1 1 20.048616791325646 0
2 1 20.045504465182056 0
3 1 20.374267534736372 1

0 2 20.030975889630472 0
1 2 20.39357284505006 1
2 2 20.385341658008457 1
3 2 20.047986522735897 0

0 3 20.014756162091007 0
1 3 20.389943431833657 1
2 3 20.04854637559421 0
3 3 20.380578733990756 1


# 20.0 20.0 0.3935728450500591
0 0 20.035020042495436 0
1 0 20.43562005171382 1
2 0 20.43959254115723 1
3 0 20.039863542449776 0

0 1 20.41896887453045 1
1 1 20.06180718017973 0
2 1 20.058452357822297 0
3 1 20.42030392735354 1

0 2 20.03960247684605 0
1 2 20.445201685450073 1
2 2 20.43404750172328 1
3 2 20.0607902507378 0

0 3 20.01937949115989 0
1 3 20.439723338323095 1
2 3 20.061559622707698 0
3 3 20.428346098048436 1


# 20.0 20.0 0.44520168545007266
0 0 20.04401438808053 0
1 0 20.483868978854847 1
2 0 20.48811587297815 1
3 0 20.049329492525565 0

0 1 20.463117270341446 1
1 1 20.076248119040727 0
2 1 20.072671229699974 0
3 1 20.464844654080252 1

0 2 20.049071554181932 0
1 2 20.495821090707697 1
2 2 20.481503327966802 1
3 2 20.074733389167957 0

0 3 20.02454736818819 0
1 3 20.48823809509277 1
2 3 20.07575116880727 0
3 3 20.474731453214396 1


# 20.0 20.0 0.49582109070769675
0 0 20.053793705099988 0
1 0 20.53096437410837 1
2 0 20.535450587469075 1
3 0 20.059557173693236 0

0 1 20.505815705526977 1
1 1 20.09185147812729 0
2 1 20.088066811246097 0
3 1 20.50798946709817 1

0 2 20.059324758879367 0
1 2 20.545472690274522 1
2 2 20.527799456938347 1
3 2 20.089720831349915 0

0 3 20.03023441718108 0
1 3 20.535549594414025 1
2 3 20.091026585772166 0
3 3 20.519810089904144 1


# 20.0 20.0 0.5454726902745222
0 0 20.064298492672012 0
1 0 20.576963077095037 1
2 0 20.581656707539786 1
3 0 20.070488869535936 0

0 1 20.54715714265099 1
1 1 20.10853452383238 0
2 1 20.10455136617119 0
3 1 20.549831042284733 1

0 2 20.070307490007714 0
1 2 20.594196293923655 1
2 2 20.57301902393191 1
3 2 20.105664478306668 0

0 3 20.036416263175624 0
1 3 20.58171618116309 1
2 3 20.107298012709723 0
3 3 20.563652476559792 1


# 20.0 20.0 0.5941962939236554
0 0 20.075473189572772 0
1 0 20.621918600908383 1
2 0 20.6267906318625 1
3 0 20.08207073032241 0

0 1 20.5872283251006 1
1 1 20.126219601721672 0
2 1 20.122043224192584 0
3 1 20.590455479702634 1

0 2 20.08196866601379 0
1 2 20.642029953489285 1
2 2 20.617238538807555 1
3 2 20.122482728158626 0

0 3 20.043069495867424 0
1 3 20.62679287109904 1
2 3 20.12448370281351 0
3 3 20.606324584575304 1


# 20.0 20.0 0.6420299534892848
0 0 20.08726591786026 0
1 0 20.665881333487565 1
2 0 20.670905368780307 1
3 0 20.0942525142126 0

0 1 20.626110185673525 1
1 1 20.144833837201148 0
2 1 20.14046634812524 0
3 1 20.62994276864108 1

0 2 20.094260497661573 0
1 2 20.68901002465903 1
2 2 20.66052840258987 1
3 2 20.14010000264564 0

0 3 20.050171634441323 0
1 3 20.670831554855845 1
2 3 20.142507601799593 0
3 3 20.647888190783938 1


# 20.0 20.0 0.68901002465903
0 0 20.099628243047224 0
1 0 20.708898726869432 1
2 0 20.71405075436202 1
3 0 20.106987345976982 0

0 1 20.663878228810155 1
1 1 20.16430885295706 0
2 1 20.15974993275783 0
3 1 20.66836721973472 1

0 2 20.107138275414712 0
1 2 20.735171228505205 1
2 2 20.702953384454055 1
3 2 20.158446308074193 0

0 3 20.05770109356468 0
1 3 20.713881188638332 1
2 3 20.161298955690526 0
3 3 20.688401159080893 1


# 20.0 20.0 0.7351712285052052
0 0 20.11251494976568 0
1 0 20.751015475025934 1
2 0 20.756273655723945 1
3 0 20.120231492027315 0

0 1 20.700602888137777 1
1 1 20.184580502308243 0
2 1 20.179828033132104 0
3 1 20.705797866504664 1

0 2 20.120560170369785 0
1 2 20.7805467124862 1
2 2 20.744573062112856 1
3 2 20.17745682818746 0

0 3 20.06563715050445 0
1 3 20.755987972539696 1
2 3 20.180791945876326 0
3 3 20.727917702642745 1


# 20.119999999999997 20.0 0.7805467124861991
0 0 20.12588383193208 0
1 0 20.792273680954416 1
2 0 20.797618160656906 1
3 0 20.13394415064027 0

0 1 20.736349860891313 1
1 1 20.205588617647017 0
2 1 20.20063922002482 0
3 1 20.7422988384977 1

0 2 20.134487047900837 0
1 2 20.825168110689265 1
2 2 20.785442228388774 1
3 2 20.197071546637936 0

0 3 20.073959913331578 0
1 3 20.797195517331794 1
2 3 20.20092534952988 0
3 3 20.76648862810162 1


# 20.239999999999995 20.0 0.8251681106892654
0 0 20.141135496484672 0
1 0 20.773450293651795 0
2 0 20.77813460188112 0
3 0 20.148807362501767 0

0 1 20.77191770067827 1
1 1 20.22657446790049 0
2 1 20.221397939103646 0
3 1 20.778649609459716 1

0 2 20.149611140585392 0
1 2 20.869065921626657 1
2 2 20.825602530508892 1
3 2 20.217963430895985 0

0 3 20.084099036346647 0
1 3 20.838282389293898 1
2 3 20.222370967424478 0
3 3 20.805619050269808 1


# 20.359999999999992 20.0 0.8690659216266567
0 0 20.157479034543186 0
1 0 20.756351638570315 0
2 0 20.76041163188422 0
3 0 20.16479903234783 0

0 1 20.80734113296613 1
1 1 20.24754877302847 0
2 1 20.242117388565248 0
3 1 20.814884884084115 1

0 2 20.16589354577208 0
1 2 20.912278684251817 1
2 2 20.865110374698116 1
3 2 20.240076338506977 0

0 3 20.09600158225896 0
1 3 20.879282343750777 1
2 3 20.245071528017274 0
3 3 20.845318538858386 1


# 20.47999999999999 20.0 0.9122786842518167
0 0 20.17489410255807 0
1 0 20.74093912384001 0
2 0 20.74440860988212 0
3 0 20.181897789110902 0

0 1 20.842652842437857 1
1 1 20.26852228839224 0
2 1 20.262810867798795 0
3 1 20.85103713889758 1

0 2 20.183297214157037 0
1 2 20.954843854059707 1
2 2 20.9040187077732 1
3 2 20.263357624916033 0

0 3 20.109616479992532 0
1 3 20.92022686765808 1
2 3 20.268973293212024 0
3 3 20.88559504247702 1


# 20.599999999999987 20.0 0.9548438540597068
0 0 20.193361018461314 0
1 0 20.72717518363956 0
2 0 20.730086054353663 0
3 0 20.200082947021926 0

0 1 20.877883589307594 1
1 1 20.28950578048708 0
2 1 20.28349171832259 0
3 1 20.88713676654701 1

0 2 20.20178685824276 0
1 2 20.996797807634774 1
2 2 20.942377255129113 1
3 2 20.287757913439396 0

0 3 20.12489445142361 0
1 3 20.961145325843685 1
2 3 20.294025826378515 0
3 3 20.926455025825664 1


# 20.719999999999985 20.0 0.9967978076347741
0 0 20.212860727072073 0
1 0 20.715023256669653 0
2 0 20.71740561513498 0
3 0 20.21933446950932 0

0 1 20.9130623189463 1
1 1 20.31051000424258 0
2 1 20.30417327153575 0
3 1 20.923212210205847 1

0 2 20.22132886513262 0
1 2 21.03817585027248 1
2 2 20.98023274122243 1
3 2 20.31323088080199 0

0 3 20.141787941464077 0
1 3 21.00206509757563 1
2 3 20.320181776046102 0
3 3 20.967903596778118 1


# 20.839999999999982 20.0 1.0381758502724807
0 0 20.233374767804868 0
1 0 20.70444776453572 0
2 0 20.70633004536628 0
3 0 20.23963293567385 0

0 1 20.888216265196714 0
1 1 20.330825681857423 0
2 1 20.324860162645855 0
3 1 20.959289985126663 1

0 2 20.24117121348025 0
1 2 21.07899494626903 1
2 2 21.017628782832908 1
3 2 20.339733052185156 0

0 3 20.16024241130404 0
1 3 21.043011393080885 1
2 3 20.347396666724467 0
3 3 21.009944623921022 1


# 20.839999999999982 20.0 1.078994946269031
0 0 20.25416524452068 0
1 0 20.69539681008615 0
2 0 20.696822862361767 0
3 0 20.26095950415945 0

0 1 20.865865127736754 0
1 1 20.35052745368912 0
2 1 20.34555810384698 0
3 1 20.99539481367364 1

0 2 20.2613432523378 0
1 2 21.119273319431407 1
2 2 21.054606134963183 1
3 2 20.367223610864073 0

0 3 20.180205940242118 0
1 3 21.084007425688263 1
2 3 20.375628704936908 0
3 3 21.052580845249476 1


# 20.839999999999982 20.0 1.1192733194314073
0 0 20.27383043897181 0
1 0 20.687084313122806 0
2 0 20.688119525196125 0
3 0 20.28184713407615 0

0 1 20.845167206111796 0
1 1 20.3696671312222 0
2 1 20.366264766122985 0
3 1 21.030812257632107 1

0 2 20.281142593329037 0
1 2 21.15902127952113 1
2 2 21.091202700822294 1
3 2 20.394935368852227 0

0 3 20.20018032662161 0
1 3 21.12433707754231 1
2 3 20.404109746812928 0
3 3 21.09435647620848 1


# 20.839999999999982 20.0 1.1590212795211308
0 0 20.29243956139964 0
1 0 20.679469486585464 0
2 0 20.6801894817793 0
3 0 20.302312658122343 0

0 1 20.82602917488651 0
1 1 20.38829252540893 0
2 1 20.386970020936793 0
3 1 21.005568759386495 0

0 2 20.300597373781567 0
1 2 21.19824141423478 1
2 2 21.127436049792863 1
3 2 20.422116418785087 0

0 3 20.22015304827912 0
1 3 21.164024970797456 1
2 3 20.43280694740837 0
3 3 21.135298723459293 1


# 20.839999999999982 20.0 1.1982414142347793
0 0 20.310057721126917 0
1 0 20.672514244888657 0
2 0 20.673003086631944 0
3 0 20.32165226458216 0

0 1 20.808363320985087 0
1 1 20.406447552201843 0
2 1 20.406944925307986 0
3 1 20.982183434796365 0

0 2 20.31973337748473 0
1 2 21.17693752975483 0
2 2 21.10258478925788 0
3 2 20.448068332566276 0

0 3 20.240112638720458 0
1 3 21.142374207414566 0
2 3 20.4602321482588 0
3 3 21.17540757518466 1


# 20.839999999999982 20.0 1.1982414142347793
0 0 20.32674617395683 0
1 0 20.66618300835682 0
2 0 20.666514319372364 0
3 0 20.339937156107226 0

0 1 20.792087186747434 0
1 1 20.42344390149816 0
2 1 20.4255082862323 0
3 1 20.960533895833787 0

0 2 20.337854223893046 0
1 2 21.156519613791364 0
2 2 21.079544659943686 0
3 2 20.472875296170038 0

0 3 20.259311324902214 0
1 3 21.121947247746583 0
2 3 20.48646519182643 0
3 3 21.15468498833397 0


# 20.719999999999985 20.0 1.1982414142347793
0 0 20.342562554035638 0
1 0 20.660433571304708 0
2 0 20.660671266122456 0
3 0 20.35723388043084 0

0 1 20.777105853057165 0
1 1 20.439353402118876 0
2 1 20.442765127181374 0
3 1 20.940505963854154 0

0 2 20.355019587990547 0
1 2 21.136957051102975 0
2 2 21.05819526826176 0
3 2 20.495895168376293 0

0 3 20.27777971923458 0
1 3 21.102679886887195 0
2 3 20.510860375491514 0
3 3 21.135277395280358 0


# 20.599999999999987 19.0 1.1982414142347793
0 0 20.356120775182696 0
1 0 20.654489106630997 0
2 0 20.65469693031623 0
3 0 20.372155895465376 0

0 1 20.76259333241227 0
1 1 20.454226094225103 0
2 1 20.458803892156556 0
3 1 20.92124697284426 0

0 2 20.37055672652794 0
1 2 21.118211008360856 0
2 2 21.038407140717815 0
3 2 20.5165267494106 0

0 3 20.294098488703117 0
1 3 21.083765370108598 0
2 3 20.532813638594153 0
3 3 21.115639493706322 0


# 20.47999999999999 19.0 2.1182110083608556
0 0 20.36750541654464 0
1 0 20.64831770544553 0
2 0 20.64855098915976 0
3 0 20.38479585877267 0

0 1 20.748471871298527 0
1 1 20.468108895429435 0
2 1 20.473697073310856 0
3 1 20.90265483616273 0

0 2 20.384522720434116 0
1 2 21.100234529479813 0
2 2 21.020042861852904 0
3 2 20.534892672236015 0

0 3 20.30833040019632 0
1 3 21.06514376738328 0
2 3 20.552445379248507 0
3 3 21.095724528550708 0


# 20.359999999999992 19.0 2.1182110083608556
0 0 20.37679669646996 0
1 0 20.641889840789524 0
2 0 20.642196440889524 0
3 0 20.39524142318148 0

0 1 20.734669192451992 0
1 1 20.48104555608121 0
2 1 20.48751089013177 0
3 1 20.884635072870484 0

0 2 20.39697157564142 0
1 2 21.082981717196287 0
2 2 21.002974772389717 0
3 2 20.551107192487834 0

0 3 20.320535889905546 0
1 3 21.046759284989385 0
2 3 20.56986817635123 0
3 3 21.07549014994895 0


# 20.239999999999995 19.0 2.1182110083608556
0 0 20.38407072379594 0
1 0 20.635178220125564 0
2 0 20.63559935677343 0
3 0 20.403575545102676 0

0 1 20.72111814063523 0
1 1 20.493076837006377 0
2 1 20.500305799873924 0
3 1 20.8671002622595 0

0 2 20.407954398437326 0
1 2 21.066407778284738 0
2 2 20.987084250678983 0
3 2 20.565276786357995 0

0 3 20.330773162070066 0
1 3 21.0285599844203 0
2 3 20.585187325565055 0
3 3 21.054898073893867 0


# 20.239999999999995 19.0 2.1182110083608556
0 0 20.389399734068416 0
1 0 20.62815764601447 0
2 0 20.628728651680838 0
3 0 20.409876772446264 0

0 1 20.707756350362697 0
1 1 20.5042406797245 0
2 1 20.5121369676121 0
3 1 20.849969537561595 0

0 2 20.41751956119157 0
1 2 21.050469058639255 0
2 2 20.972261048304485 0
3 2 20.577500705248077 0

0 3 20.339098282782885 0
1 3 21.010497521078495 0
2 3 20.598501337610646 0
3 3 21.033913767747993 0


# 20.239999999999995 18.0 2.1182110083608556
0 0 20.39429231159848 0
1 0 20.621542164597905 0
2 0 20.622284719166117 0
3 0 20.41566825971893 0

0 1 20.695263214277638 0
1 1 20.514590063959247 0
2 1 20.523063657594616 0
3 1 20.833905608454746 0

0 2 20.42644170628992 0
1 2 21.035132027900158 0
2 2 20.958402890726113 0
3 2 20.588600342830805 0

0 3 20.347014015331123 0
1 3 20.9932643937633 0
2 3 20.610631254057846 0
3 3 21.01396365127173 0


# 20.239999999999995 18.0 3.0351320279001577
0 0 20.398779452927442 0
1 0 20.615305244517426 0
2 0 20.61623720690311 0
3 0 20.420985916153345 0

0 1 20.683579893956097 0
1 1 20.524174710776823 0
2 1 20.533149247032405 0
3 1 20.818834398971845 0

0 2 20.434759865871992 0
1 2 21.020372912894608 0
2 2 20.94543259705305 0
3 2 20.59865789619947 0

0 3 20.354537801894825 0
1 3 20.97681379285141 0
2 3 20.621659261881533 0
3 3 20.99498476572292 0


# 20.239999999999995 18.0 3.0351320279001577
0 0 20.402890014283738 0
1 0 20.60942204743126 0
2 0 20.610557930740583 0
3 0 20.425863131128374 0

0 1 20.67265143350113 0
1 1 20.533041472349847 0
2 1 20.542452479964233 0
3 1 20.804687036302532 0

0 2 20.442510697284856 0
1 2 21.006168595790136 0
2 2 20.93327909120053 0
3 2 20.6077496752778 0

0 3 20.361686334908246 0
1 3 20.96110178386261 0
2 3 20.63166196057194 0
3 3 20.97691825378709 0


# 20.239999999999995 18.0 3.0351320279001577
0 0 20.40665085554071 0
1 0 20.60386932454272 0
2 0 20.605220716877103 0
3 0 20.430330951445907 0

0 1 20.662426509596187 0
1 1 20.541234484595773 0
2 1 20.55102781687366 0
3 1 20.791399482100996 0

0 2 20.449728625282425 0
1 2 20.992496631011505 0
2 2 20.92187692782772 0
3 2 20.615946524880723 0

0 3 20.36847559176129 0
1 3 20.94608711914052 0
2 3 20.640710745836984 0
3 3 20.959709083899366 0


# 20.239999999999995 18.0 3.0351320279001577
0 0 20.41008697475091 0
1 0 20.598625319026613 0
2 0 20.60020125581642 0
3 0 20.434418246048864 0

0 1 20.652857197208697 0
1 1 20.54879531290462 0
2 1 20.558925757407522 0
3 1 20.7789121901928 0

0 2 20.45644597606034 0
1 2 20.97933525675415 0
2 2 20.911165854710543 0
3 2 20.623314216381367 0

0 3 20.37492086760029 0
1 3 20.931731062578912 0
2 3 20.648872166526097 0
3 3 20.94330579347388 0


# 20.239999999999995 18.0 3.0351320279001577
0 0 20.4132216338547 0
1 0 20.593669674058404 0
2 0 20.595476967202305 0
3 0 20.438151859079845 0

0 1 20.643898749999767 0
1 1 20.555763091143834 0
2 1 20.566193138290956 0
3 1 20.767169788769728 0

0 2 20.462693103558056 0
1 2 20.966663401773847 0
2 2 20.901090408760105 0
3 2 20.629913811185393 0

0 3 20.381036806360324 0
1 3 20.91799722644652 0
2 3 20.656208256676166 0
3 3 20.927660249723157 0


# 20.239999999999995 18.0 3.0351320279001577
0 0 20.41607647612463 0
1 0 20.5889833461616 0
2 0 20.591026874702198 0
3 0 20.441556752114632 0

0 1 20.635509394549697 0
1 1 20.562174654138243 0
2 1 20.572873408369432 0
3 1 20.756120785301434 0

0 2 20.468498508440824 0
1 2 20.95446068806213 0
2 2 20.891599543111138 0
3 2 20.635801998053235 0

0 3 20.38683743015 0
1 3 20.904851419434426 0
2 3 20.66277684444299 0
3 3 20.912727426843077 0


# 20.239999999999995 18.0 3.0351320279001577
0 0 20.418671635872677 0
1 0 20.58454852359937 0
2 0 20.586831490173708 0
3 0 20.444656136344207 0

0 1 20.627650137560032 0
1 1 20.5680646638307 0
2 1 20.579006882556705 0
3 1 20.745717292522222 0

0 2 20.473888950155576 0
1 2 20.94270742995353 0
2 2 20.88264628290188 0
3 2 20.641031406162206 0

0 3 20.39233616709968 0
1 3 20.892261505116135 0
2 3 20.668631839554717 0
3 3 20.898465198425328 0


# 20.239999999999995 18.0 3.0351320279001577
0 0 20.421025840915174 0
1 0 20.58034854954723 0
2 0 20.58287270640779 0
3 0 20.447471595422975 0

0 1 20.62028458524133 0
1 1 20.573465729334412 0
2 1 20.58463097632798 0
3 1 20.735914773971245 0

0 2 20.478889552436577 0
1 2 20.93138463015323 0
2 2 20.87418740754897 0
3 2 20.64565089566274 0

0 3 20.39754587777472 0
1 3 20.88019727007105 0
2 3 20.673823500805963 0
3 3 20.88483414403964 0


# 20.239999999999995 18.0 3.0351320279001577
0 0 20.42315650825969 0
1 0 20.57636784979427 0
2 0 20.579133697797207 0
3 0 20.45002319964897 0

0 1 20.613378774141562 0
1 1 20.578408521091365 0
2 1 20.58978042226914 0
3 1 20.726671807675423 0

0 2 20.483523902619076 0
1 2 20.92047397312184 0
2 2 20.866183157488937 0
3 2 20.649705827355355 0

0 3 20.402478880247113 0
1 3 20.868630300978165 0
2 3 20.678398685002193 0
3 3 20.871797369002504 0


# 20.239999999999995 18.0 3.0351320279001577
0 0 20.425079833449573 0
1 0 20.572591864730967 0
2 0 20.575598828329515 0
3 0 20.452329612093667 0

0 1 20.606901012713536 0
1 1 20.582921879353005 0
2 1 20.594487470074384 0
3 1 20.717949866667336 0

0 2 20.487814145102064 0
1 2 20.909957816207058 0
2 2 20.858596963513136 0
3 2 20.653238312996624 0

0 3 20.40714697391118 0
1 3 20.857533870038527 0
2 3 20.68240107866275 0
3 3 20.859320336418325 0


# 20.239999999999995 18.0 3.0351320279001577
0 0 20.426810873974723 0
1 0 20.569006985392154 0
2 0 20.572253566350398 0
3 0 20.454408187254508 0

0 1 20.600821732960725 0
1 1 20.58703291719967 0
2 1 20.59878207127558 0
3 1 20.709713115125627 0

0 2 20.491781069284723 0
1 2 20.899819178869553 0
2 2 20.85139519696616 0
3 2 20.656287447632888 0

0 3 20.411561462122254 0
1 3 20.846882828132763 0
2 3 20.68587141369712 0
3 3 20.847370710643226 0


# 20.239999999999995 18.0 3.0351320279001577
0 0 20.42836362713187 0
1 0 20.565600493333868 0
2 0 20.569084405586047 0
3 0 20.456275062761886 0

0 1 20.59511335153977 0
1 1 20.59076711831431 0
2 1 20.602692049886258 0
3 1 20.701928219013723 0

0 2 20.495444192285145 0
1 2 20.890041730312195 0
2 2 20.844546939210126 0
3 2 20.65888952525871 0

0 3 20.415733173730867 0
1 3 20.83665350516407 0
2 3 20.688847668182053 0
3 3 20.835918211381358 0


# 20.239999999999995 18.0 3.0351320279001577
0 0 20.429751102693604 0
1 0 20.562360504132972 0
2 0 20.566078791952805 0
3 0 20.457945244634058 0

0 1 20.589750139734615 0
1 1 20.594148429724015 0
2 1 20.606243260050526 0
3 1 20.694564170174466 0

0 2 20.4988218367345 0
1 2 20.880609775787203 0
2 2 20.83802376887938 0
3 2 20.661078239003068 0

0 3 20.41967248357934 0
1 3 20.82682361707776 0
2 3 20.69136525328647 0
3 3 20.824934477679104 0


# 20.239999999999995 18.0 3.0351320279001577
0 0 20.430985390723045 0
1 0 20.559275914308184 0
2 0 20.5632250557187 0
3 0 20.459432686537948 0

0 1 20.58470810175194 0
1 1 20.597199349720036 0
2 1 20.60945973170201 0
3 1 20.687592122914054 0

0 2 20.50193120392507 0
1 2 20.871508241824646 0
2 2 20.831799565562964 0
3 2 20.662884866958812 0

0 3 20.423389332022516 0
1 3 20.8173721790861 0
2 3 20.693457187316376 0
3 3 20.81439294113396 0


# 20.239999999999995 18.0 3.0351320279001577
0 0 20.432077724849737 0
1 0 20.5563363514707 0
2 0 20.560512348615042 0
3 0 20.46075036348093 0

0 1 20.579964860820297 0
1 1 20.599941011163285 0
2 1 20.61236380515938 0
3 1 20.680985242178853 0

0 2 20.504788442576228 0
1 2 20.862722660597726 0
2 2 20.82585032865633 0
3 2 20.664338444690173 0

0 3 20.426893243529655 0
1 3 20.80827942466181 0
2 3 20.695154257782512 0
3 3 20.80426870768281 0


# 20.239999999999995 18.0 3.0351320279001577
0 0 20.43303854130264 0
1 0 20.553532127521905 0
2 0 20.557930585527156 0
3 0 20.46191034032809 0

0 1 20.57549955260635 0
1 1 20.602393260378072 0
2 1 20.614976255512612 0
3 1 20.674718562493712 0

0 2 20.50740871346883 0
1 2 20.854239153615016 0
2 2 20.82015401022003 0
3 2 20.665465925377944 0

0 3 20.430193344420154 0
1 3 20.799526729895824 0
2 3 20.69648517232923 0
3 3 20.794538447378713 0


# 20.239999999999995 18.0 3.0351320279001577
0 0 20.433877533977284 0
1 0 20.550854194724575 0
2 0 20.5554703904218 0
3 0 20.462923835511265 0

0 1 20.57129272549077 0
1 1 20.60457473183204 0
2 1 20.61731640758762 0
3 1 20.668768856890697 0

0 2 20.509806250185452 0
1 2 20.846044414907094 0
2 2 20.81469036077189 0
3 2 20.666292328492567 0

0 3 20.433298379782002 0
1 3 20.791096542844418 0
2 3 20.69747669930334 0
3 3 20.78518029160663 0


# 20.239999999999995 18.0 3.0351320279001577
0 0 20.434603705796686 0
1 0 20.54829410448275 0
2 0 20.553123046195065 0
3 0 20.463801280269887 0

0 1 20.56732624727393 0
1 1 20.60650291879512 0
2 1 20.619402242215248 0
3 1 20.66311451511302 0

0 2 20.51199441618122 0
1 2 20.838125693854664 0
2 2 20.80944078702123 0
3 2 20.66684087782077 0

0 3 20.436216729618156 0
1 3 20.782972317518265 0
2 3 20.698153798686352 0
3 3 20.776173737226877 0


# 20.239999999999995 18.0 3.0351320279001577
0 0 20.435225416609086 0
1 0 20.545843968673665 0
2 0 20.550880448148778 0
3 0 20.464552373739313 0

0 1 20.56358321790745 0
1 1 20.608194240164767 0
2 1 20.62125049447429 0
3 1 20.657735430430684 0

0 2 20.51398575839817 0
1 2 20.830470777786868 0
2 2 20.80438822062943 0
3 2 20.66713312961174 0

0 3 20.438956424262898 0
1 3 20.77513845219133 0
2 3 20.698539744062096 0
3 3 20.767499557170794 0


# 20.239999999999995 18.0 3.0351320279001577
0 0 20.43575042785013 0
1 0 20.543496423383335 0
2 0 20.548735060825692 0
3 0 20.465186134179774 0

0 1 20.560047887872294 0
1 1 20.60966410363906 0
2 1 20.622876744525822 0
3 1 20.652612894452403 0

0 2 20.515792057624513 0
1 2 20.82306797446211 0
2 2 20.79951699715116 0
3 2 20.66718909155334 0

0 3 20.441525159107222 0
1 3 20.76758023173087 0
2 3 20.698656236244123 0
3 3 20.759139717046214 0


# 20.239999999999995 18.0 3.0351320279001577
0 0 20.436185944182593 0
1 0 20.541244594905002 0
2 0 20.54667987795434 0
3 0 20.465710946618184 0

0 1 20.556705581847012 0
1 1 20.610926965413263 0
2 1 20.624295501608238 0
3 1 20.64772949936276 0

0 2 20.51742437578928 0
1 2 20.81590609452894 0
2 2 20.79481274437512 0
3 2 20.66702733323751 0

0 3 20.443930308669604 0
1 3 20.760283773671485 0
2 3 20.698523509142984 0
3 3 20.751077297341116 0


# 20.239999999999995 18.0 3.0351320279001577
0 0 20.436538652313043 0
1 0 20.53908206786716 0
2 0 20.54470838527338 0
3 0 20.466134607155563 0

0 1 20.553542627331623 0
1 1 20.61199638656946 0
2 1 20.62552028171801 0
3 1 20.64306904705486 0

0 2 20.51889310037249 0
1 2 20.808974434051414 0
2 2 20.79026227934291 0
3 2 20.6666650887264 0

0 3 20.446178940046025 0
1 3 20.753235977776168 0
2 3 20.6981604284125 0
3 3 20.7432964208425 0


# 20.239999999999995 18.0 3.0351320279001577
0 0 20.436814757172158 0
1 0 20.537002855364918 0
2 0 20.54281452602276 0
3 0 20.466464364174893 0

0 1 20.550546287913065 0
1 1 20.612885086322695 0
2 1 20.626563679460464 0
3 1 20.638616464666896 0

0 2 20.52020798610097 0
1 2 20.80226275717146 0
2 2 20.785853513379703 0
3 2 20.66611835178656 0

0 3 20.448277825770894 0
1 3 20.746424478845828 0
2 3 20.697584583375992 0
3 3 20.73578218491412 0


# 20.119999999999997 17.0 3.0351320279001577
0 0 20.437020015633294 0
1 0 20.535001370975337 0
2 0 20.540992668905133 0
3 0 20.466706956667462 0

0 1 20.5477047008774 0
1 1 20.613604992281022 0
2 1 20.627437434517155 0
3 1 20.63435772606654 0

0 2 20.521378194090566 0
1 2 20.795761278970396 0
2 2 20.781575364521277 0
3 2 20.66540196431755 0

0 3 20.45023345611838 0
1 3 20.73983760255588 0
2 3 20.696812372698094 0
3 3 20.7285205983014 0


