# 20.0 20.0 0.0
0 0 20.0 0
1 0 20.06 1
2 0 20.00072 0
3 0 20.00000864 0

0 1 20.06 1
1 1 20.00144 0
2 1 20.00002592 0
3 1 20.00000041472 0

0 2 20.00072 0
1 2 20.00002592 0
2 2 20.00000062208 0
3 2 20.0000000124416 0

0 3 20.00000864 0
1 3 20.06000041472 1
2 3 20.0007200124416 0
3 3 20.0000086402986 0


# 20.0 20.0 0.06000041472000106
0 0 20.00144 0
1 0 20.117523199999997 1
2 0 20.00210045312 0
3 0 20.00003353937408 0

0 1 20.117523199999997 1
1 1 20.004192058879998 0
2 1 20.0001001984256 0
3 1 20.000002002304655 0

0 2 20.00210045312 0
1 2 20.0008201984256 0
2 2 20.000020277280974 0
3 2 20.000000382957662 0

0 3 20.00075353937408 0
1 3 20.117507922304657 1
2 3 20.002100213997664 0
3 3 20.000033536411312 0


# 20.0 20.0 0.11752319999999727
0 0 20.004208716799997 0
1 0 20.172713240345598 1
2 0 20.004086397826704 0
3 0 20.00008139275819 0

0 1 20.172713240345598 1
1 1 20.008147002584266 0
2 1 20.00024245706113 0
3 1 20.000005809001184 0

0 2 20.004103677826706 0
1 2 20.00233817546113 0
2 2 20.00007547872522 0
3 2 20.000001744763093 0

0 3 20.00218575115819 0
1 3 20.172652079255265 1
2 3 20.004085138142464 0
3 3 20.000081371695373 0


# 20.0 20.0 0.17271324034559754
0 0 20.00820232076349 0
1 0 20.225704512905175 1
2 0 20.006627109470678 0
3 0 20.000158057640558 0

0 1 20.225704720265178 1
1 1 20.01320382484853 0
2 1 20.000469765786743 0
3 1 20.00001311984142 0

0 2 20.0066940671206 0
1 2 20.00453744843839 0
2 2 20.000180984911974 0
3 2 20.00000497720043 0

0 3 20.004259217873006 0
1 3 20.22555527357999 1
2 3 20.00662337390273 0
3 3 20.00015798252758 0


# 20.0 20.0 0.22570472026517763
0 0 20.01332394801405 0
1 0 20.276622781951158 1
2 0 20.00967577813745 0
3 0 20.000268634341243 0

0 1 20.27662378409384 1
1 1 20.019269086619044 0
2 1 20.0007968846631 0
3 1 20.000025414762536 0

0 2 20.009837961706396 0
1 2 20.007377770595156 0
2 2 20.00034993371254 0
3 2 20.000011168130044 0

0 3 20.006930604853014 0
1 3 20.27633313308184 1
2 3 20.00966728479068 0
3 3 20.000268436591636 0


# 20.0 20.0 0.2766237840938395
0 0 20.019483244678085 0
1 0 20.325585762422424 1
2 0 20.0131892108328 0
3 0 20.0004175390121 0

0 1 20.32558866867794 1
1 1 20.026256359497633 0
2 1 20.001236485224936 0
3 1 20.000044329650915 0

0 2 20.01350353184424 0
1 2 20.010820953104222 0
2 2 20.000593967589335 0
3 2 20.000021579874566 0

0 3 20.010159143057418 0
1 3 20.325094910063832 1
2 3 20.01317274660041 0
3 3 20.000417104792035 0


# 20.0 20.0 0.32558866867794123
0 0 20.026595941042878 0
1 0 20.372703658537162 1
2 0 20.01712755617111 0
3 0 20.00060857023753 0

0 1 20.372710214582085 1
1 1 20.034085709979127 0
2 1 20.001799352694825 0
3 1 20.00007162183926 0

0 2 20.017660667235706 0
1 2 20.014830770413635 0
2 2 20.00092335054005 0
3 2 20.00003761844589 0

0 3 20.013906480834944 0
1 3 20.371943843815338 1
2 3 20.017098902832963 0
3 3 20.00060772727487 0


# 20.0 20.0 0.3727102145820851
0 0 20.034583453642764 0
1 0 20.418079665516117 1
2 0 20.021454049873306 0
3 0 20.00084496976953 0

0 1 20.41809234353993 1
1 1 20.042683221486104 0
2 1 20.002494570690338 0
3 1 20.000109139628883 0

0 2 20.022280874349267 0
1 2 20.01937286891607 0
2 2 20.00134707724475 0
3 2 20.000060805800945 0

0 3 20.018136544142862 0
1 3 20.416977502165796 1
2 3 20.021407936594205 0
3 3 20.000843474001716 0


# 20.0 20.0 0.41809234353992863
0 0 20.043372513420298 0
1 0 20.461810436981796 1
2 0 20.026134779507927 0
3 0 20.00112947788747 0

0 1 20.46183250442232 1
1 1 20.051980551426897 0
2 1 20.003329689870903 0
3 1 20.00015879544718 0

0 2 20.027337180636373 0
1 2 20.02441467894578 0
2 2 20.001872974871542 0
3 2 20.000092754889153 0

0 3 20.022815404747345 0
1 3 20.46028810331828 1
2 3 20.026064857883547 0
3 3 20.001127000290925 0


# 20.0 20.0 0.4618325044223184
0 0 20.052894818234016 0
1 0 20.503986520418586 1
2 0 20.031138467026718 0
3 0 20.00146438383321 0

0 1 20.50402208984015 1
1 1 20.06191452070731 0
2 1 20.004310881853733 0
3 1 20.00022254228531 0

0 2 20.032804045132043 0
1 2 20.029925330084733 0
2 2 20.002507797974243 0
3 2 20.000135147270413 0

0 3 20.027911155957845 0
1 3 20.501962819106026 1
2 3 20.03103730526089 0
3 3 20.001460497710827 0


# 20.0 20.0 0.5040220898401486
0 0 20.063086708100695 0
1 0 20.544692762911023 1
2 0 20.036436267754773 0
3 0 20.001851571735696 0

0 1 20.544746825354142 1
1 1 20.072426733315805 0
2 1 20.005443079620715 0
3 1 20.00030235309285 0

0 2 20.038657274973257 0
1 2 20.035875569745098 0
2 2 20.003257316894246 0
3 2 20.00018971309743 0

0 3 20.033393795472314 0
1 3 20.542084060749314 1
2 3 20.036295360944187 0
3 3 20.001845740681738 0


# 20.0 20.0 0.5447468253541423
0 0 20.07388886166825 0
1 0 20.584008689221626 1
2 0 20.042001584596008 0
3 0 20.002292562405476 0

0 1 20.584087133128754 1
1 1 20.08346322377724 0
2 1 20.006730105539244 0
3 1 20.000400202835454 0

0 2 20.044873947404536 0
1 2 20.042237684983238 0
2 2 20.00412640005809 0
3 2 20.000258213270243 0

0 3 20.039235114933156 0
1 3 20.58072974812817 1
2 3 20.041811378450948 0
3 3 20.00228412911785 0


# 20.0 20.0 0.5840871331287545
0 0 20.0852460125164 0
1 0 20.622008854124992 1
2 0 20.04780989630781 0
3 0 20.002788551348598 0

0 1 20.622118471741725 1
1 1 20.094974130432604 0
2 1 20.008174788028967 0
3 1 20.000518052948138 0

0 2 20.051432336873443 0
1 2 20.04898542748995 0
2 2 20.005119090542184 0
3 2 20.00034242358419 0

0 3 20.04540859581558 0
1 3 20.617973563527865 1
2 3 20.047559821954263 0
3 3 20.00277672741607 0


# 20.0 20.0 0.6221184717417252
0 0 20.09710668397621 0
1 0 20.658763170780343 1
2 0 20.05383859878478 0
3 0 20.003340443320845 0

0 1 20.65891165374396 1
1 1 20.10691339265236 0
2 1 20.009779067822706 0
3 1 20.00065783794105 0

0 2 20.058311846849353 0
1 2 20.056093941693295 0
2 2 20.006238677256814 0
3 2 20.000444120705023 0

0 3 20.051889311290747 0
1 3 20.653885190758956 1
2 3 20.053517116577364 0
3 3 20.00332430007648 0


# 20.0 20.0 0.6589116537439601
0 0 20.10942294124736 0
1 0 20.694337216799784 1
2 0 20.060066858371137 0
3 0 20.00394888371704 0

0 1 20.694533142455704 1
1 1 20.119238470230304 0
2 1 20.01154409469281 0
3 1 20.000821453936904 0

0 2 20.065492946026957 0
1 2 20.063539695903295 0
2 2 20.007487761083027 0
3 2 20.00056506981657 0

0 3 20.05865383372571 0
1 3 20.688530540501556 1
2 3 20.059661508901048 0
3 3 20.003927344218337 0


# 20.0 20.0 0.694533142455704
0 0 20.12215015967352 0
1 0 20.728792519553494 1
2 0 20.06647547629511 0
3 0 20.004614287066012 0

0 1 20.729045329383734 1
1 1 20.13191008333365 0
2 1 20.01347031544334 0
3 1 20.001010748939464 0

0 2 20.072957108601976 0
1 2 20.07130041642218 0
2 2 20.00886831627804 0
3 2 20.000707013797506 0

0 3 20.065680147500828 0
1 3 20.72197196267438 1
2 3 20.065972937005252 0
3 3 20.00458611923611 0


# 20.0 20.0 0.7290453293837338
0 0 20.13524680811252 0
1 0 20.762186822145143 1
2 0 20.07304676338657 0
3 0 20.00533686287955 0

0 1 20.762506793550195 1
1 1 20.144891971504364 0
2 1 20.01555755390336 0
3 1 20.00122751465097 0

0 2 20.080686758330373 0
1 2 20.07935502453936 0
2 2 20.01038174744764 0
3 2 20.000871663794026 0

0 3 20.072947566842856 0
1 3 20.754268446582707 1
2 3 20.072432909410228 0
3 3 20.00530067382206 0


# 20.0 20.0 0.7625067935501946
0 0 20.148674246408813 0
1 0 20.794574331390645 1
2 0 20.079764424302418 0
3 0 20.006116639083327 0

0 1 20.79497254393601 1
1 1 20.158150670317386 0
2 1 20.01780508359662 0
3 1 20.00147347967332 0

0 2 20.088665216104317 0
1 2 20.087683576326896 0
2 2 20.012028942367685 0
3 2 20.001060691065035 0

0 3 20.08043665838876 0
1 3 20.785475809555745 1
2 3 20.079024392323944 0
3 3 20.006070870565132 0


# 20.0 20.0 0.7949725439360087
0 0 20.162396536042017 0
1 0 20.82600594904018 1
2 0 20.08661345054236 0
3 0 20.006953483238917 0

0 1 20.826494246160262 1
1 1 20.17165530440364 0
2 1 20.020211693707825 0
3 1 20.00175030394318 0

0 2 20.096876650798446 0
1 2 20.09626720514871 0
2 2 20.01381032092098 0
3 2 20.001275719985454 0

0 3 20.088129168211015 0
1 3 20.815646874742608 1
2 3 20.085731704641084 0
3 3 20.006896408320305 0


# 20.0 20.0 0.8264942461602622
0 0 20.17638026308691 0
1 0 20.856529487396887 1
2 0 20.093580021591702 0
3 0 20.007847121748735 0

0 1 20.857120434441 1
1 1 20.185377395640597 0
2 1 20.022775748915006 0
3 1 20.002059574265356 0

0 2 20.10530603315852 0
1 2 20.105088066795123 0
2 2 20.015725880400815 0
3 2 20.0015183221019 0

0 3 20.096007953050233 0
1 3 20.844831638697254 1
2 3 20.09254042017518 0
3 3 20.0077768425281 0


# 20.0 20.0 0.8571204344410006
0 0 20.190594372677836 0
1 0 20.88618987040514 1
2 0 20.100651413577676 0
3 0 20.0087971572199 0

0 1 20.886896709812202 1
1 1 20.199290685400978 0
2 1 20.025495243610823 0
3 1 20.002402800821404 0

0 2 20.113939092521754 0
1 2 20.114129287153208 0
2 2 20.017775237418068 0
3 2 20.001790011142834 0

0 3 20.104056915515052 0
1 3 20.87307742934609 1
2 3 20.09943727663933 0
3 3 20.00871160365047 0


# 20.0 20.0 0.886896709812202
0 0 20.205010014224044 0
1 0 20.915029321206557 1
2 0 20.10781591487186 0
3 0 20.009803084148302 0

0 1 20.91586592550585 1
1 1 20.21337096983145 0
2 1 20.02836785099282 0
3 1 20.002781414542312 0

0 2 20.12276227617393 0
1 2 20.12337491232309 0
2 2 20.01995766663518 0
3 2 20.00209223889277 0

0 3 20.11226094302275 0
1 3 20.900429054897376 1
2 3 20.106410090922672 0
3 3 20.00970001387684 0


# 20.0 20.0 0.9158659255058517
0 0 20.219600396672526 0
1 0 20.943087537092392 1
2 0 20.115062748114045 0
3 0 20.01086430307084 0

0 1 20.94406836034674 1
1 1 20.2275959472086 0
2 1 20.031390967463164 0
3 1 20.003196765244656 0

0 2 20.131762711162935 0
1 2 20.13280986109043 0
2 2 20.02227213653712 0
3 2 20.00242639184718 0

0 3 20.120605850266656 0
1 3 20.926928944219043 1
2 3 20.113447680239517 0
3 3 20.010741302242316 0


# 20.0 20.0 0.9440683603467406
0 0 20.234340653161585 0
1 0 20.97040185271632 1
2 0 20.12238199817226 0
3 0 20.01198013332129 0

0 1 20.971541880950575 1
1 1 20.24194507648923 0
2 1 20.034561752742253 0
3 1 20.00365012043931 0

0 2 20.140928168401782 0
1 2 20.142419879665855 0
2 2 20.024717342437274 0
3 2 20.002793788571026 0

0 3 20.129078325008507 0
1 3 20.95261727918081 1
2 3 20.12053978875578 0
3 3 20.011834618289516 0


# 20.0 20.0 0.9715418809505749
0 0 20.24920771445177 0
1 0 20.997007392371597 1
2 0 20.129764545590245 0
3 0 20.01314982451408 0

0 1 20.998322093462765 1
1 1 20.256399446236657 0
2 1 20.037877166067066 0
3 1 20.004142664730686 0

0 2 20.150247028906552 0
1 2 20.15219149860303 0
2 2 20.027291736904246 0
3 2 20.003195677690137 0

0 3 20.13766587700525 0
1 3 20.977532119427586 1
2 3 20.127677019323496 0
3 3 20.01297904439526 0


# 20.0 20.0 0.9983220934627646
0 0 20.264180190561518 0
1 0 21.02293721208065 1
2 0 20.137202005107397 0
3 0 20.014372566869632 0

0 1 21.024442485525785 1
1 1 20.270941653164616 0
2 1 20.04133399881473 0
3 1 20.004675499732492 0

0 2 20.159708252026086 0
1 2 20.162111991808356 0
2 2 20.029993557784483 0
3 2 20.0036332364501 0

0 3 20.146356789890504 0
1 3 21.001709520023894 1
2 3 20.134850769978353 0
3 3 20.01417360687417 0


# 20.0 20.0 1.0244424855257854
0 0 20.27923826007258 0
1 0 21.0482224321934 1
2 0 20.14468666886742 0
3 0 20.015647500485525 0

0 1 21.049934559116863 1
1 1 20.285555689595913 0
2 1 20.044928903863386 0
3 1 20.005249644433317 0

0 2 20.16930134553078 0
1 2 20.172169337556774 0
2 2 20.03282085398501 0
3 2 20.004107569782704 0

0 3 20.155140075841103 0
1 3 21.025183642383407 1
2 3 20.142053174878175 0
3 3 20.01541728596263 0


# 20.0 20.0 1.0499345591168634
0 0 20.294363566605693 0
1 0 21.072892361142102 1
2 0 20.15221145396088 0
3 0 20.016973723648775 0

0 1 21.074827954854744 1
1 1 20.300226839184315 0
2 1 20.048658421976707 0
3 1 20.005866035952014 0

0 2 20.179016337437517 0
1 2 20.18235218142993 0
2 2 20.03577150917054 0
3 2 20.00461970982485 0

0 3 20.164005432868674 0
1 3 21.047986858873426 1
2 3 20.14927704938137 0
3 3 20.01670902477845 0


# 20.0 20.0 1.0748279548547437
0 0 20.30953912199985 0
1 0 21.096974610955876 1
2 0 20.1597698539735 0
3 0 20.018350300276524 0

0 1 21.099150568334306 1
1 1 20.31494158029583 0
2 1 20.05251900547453 0
3 1 20.00652553062894 0

0 2 20.188843749456737 0
1 2 20.192649801094852 0
2 2 20.038843263519663 0
3 2 20.005170615839333 0

0 3 20.172943204585362 0
1 3 21.07014985146148 1
2 3 20.15651583898447 0
3 3 20.01804773734431 0


# 20.0 20.0 1.0991505683343057
0 0 20.32474921575934 0
1 0 21.120495205096073 1
2 0 20.167355894236778 0
3 0 20.019776266564957 0

0 1 21.12292865901041 1
1 1 20.32968749648974 0
2 1 20.056507039430254 0
3 1 20.007228905404542 0

0 2 20.19877457195584 0
1 2 20.20305207284342 0
2 2 20.04203373367589 0
3 2 20.005761174491177 0

0 3 20.181944342301296 0
1 3 21.09170170474965 1
2 3 20.163763571856357 0
3 3 20.019432315756088 0


# 20.0 20.0 1.1229286590104088
0 0 20.33997933036128 0
1 0 21.143478679135093 1
2 0 20.174964090500396 0
3 0 20.02125063691948 0

0 1 21.146186952117652 1
1 1 20.34445319358055 0
2 1 20.060618860615538 0
3 1 20.007976859441865 0

0 2 20.208800240340846 0
1 2 20.2135494398151 0
2 2 20.045340431020787 0
3 2 20.006392200437173 0

0 3 20.191000369319536 0
1 3 21.112669993722054 1
2 3 20.171014814724376 0
3 3 20.020861636570807 0


# 20.0 20.0 1.1461869521176524
0 0 20.355216062043308 0
1 0 21.16594817476491 1
2 0 20.18258941076698 0
3 0 20.022772409232886 0

0 1 21.16894873408029 1
1 1 20.35922822279999 0
2 1 20.064850774394348 0
3 1 20.008770015954077 0

0 2 20.21891261276511 0
1 2 20.22413288182767 0
2 2 20.04876077838839 0
3 2 20.007064437189772 0

0 3 20.20010334730188 0
1 3 21.133080866511975 1
2 3 20.178264631883607 0
3 3 20.02233456648314 0


# 20.0 20.0 1.1689487340802884
0 0 20.370447046715892 0
1 0 21.187925527588177 1
2 0 20.190227240049353 0
3 0 20.024340569572544 0

0 1 21.19123594183629 1
1 1 20.37400300961335 0
2 1 20.06919906975148 0
3 1 20.009608924202173 0

0 2 20.229103949080564 0
1 2 20.234793886743073 0
2 2 20.052292125332563 0
3 2 20.007778558220018 0

0 3 20.20924584458612 0
1 3 21.152959122477025 1
2 3 20.185508547116008 0
3 3 20.02384996735378 0


# 20.0 20.0 1.1912359418362897
0 0 20.385660890667214 0
1 0 21.209431349113434 1
2 0 20.19787334782853 0
3 0 20.025954096332303 0

0 1 21.2130692464715 1
1 1 20.388768787776865 0
2 1 20.073660032625092 0
3 1 20.01049406163181 0

0 2 20.239366890952788 0
1 2 20.245524423297876 0
2 2 20.05593176205171 0
3 2 20.008535168267226 0

0 3 20.21842090634218 0
1 3 21.172328285854064 1
2 3 20.19274250832025 0
3 3 20.025406700648094 0


# 20.0 20.0 1.2130692464714983
0 0 20.400847105750213 0
1 0 21.230485103346936 1
2 0 20.205523858007382 0
3 0 20.02761196390001 0

0 1 21.234468131533454 1
1 1 20.403517538253215 0
2 1 20.07822995769842 0
3 1 20.011425836121663 0

0 2 20.249694443066854 0
1 2 20.256316915330288 0
2 2 20.059676932068623 0
3 2 20.009334804826064 0

0 3 20.22762202646091 0
1 3 21.191210675249533 1
2 3 20.199962854666396 0
3 3 20.027003631338673 0


# 20.0 20.0 1.234468131533454
0 0 20.41599604876177 0
1 0 21.251105178346634 1
2 0 20.213175221170413 0
3 0 20.029313145887116 0

0 1 21.25545096637003 1
1 1 20.418241932630007 0
2 1 20.082905158792784 0
3 1 20.012404588318624 0

0 2 20.26007995535598 0
1 2 20.267164217338085 0
2 2 20.06352484375681 0
3 2 20.010177939784338 0

0 3 20.236843121075584 0
1 3 21.209627469206012 1
2 3 20.207166286102026 0
3 3 20.028639631321116 0


# 20.0 20.0 1.2554509663700308
0 0 20.431098864742946 0
1 0 21.271308953078595 1
2 0 20.22082418897436 0
3 0 20.031056617962694 0

0 1 21.276035074815237 1
1 1 20.432935280712062 0
2 1 20.08768197799187 0
3 1 20.01343059403811 0

0 2 20.270517106189775 0
1 2 20.27805959130423 0
2 2 20.067472680798673 0
3 2 20.01106498118729 0

0 3 20.24607850362161 0
1 3 21.227598768071694 1
2 3 20.21434983504804 0
3 3 20.03031358238838 0


# 20.0 20.0 1.276035074815237
0 0 20.446147433946926 0
1 0 21.291112859892895 1
2 0 20.228467790507604 0
3 0 20.032841360330586 0

0 1 21.296236799523182 1
1 1 20.44759148198243 0
2 1 20.092556793616183 0
3 1 20.014504066710117 0

0 2 20.280999886463192 0
1 2 20.28899668472942 0
2 2 20.07151761165531 0
3 2 20.01199627510647 0

0 3 20.25532286134565 0
1 3 21.24514365238616 1
2 3 20.22151084013318 0
3 3 20.032024378805275 0


# 20.0 20.0 1.2962367995231823
0 0 20.46113432223783 0
1 0 21.310532442914127 1
2 0 20.236103310468614 0
3 0 20.03466635988483 0

0 1 21.31607156223141 1
1 1 20.462204980649165 0
2 1 20.097526027156405 0
3 1 20.015625159854064 0

0 2 20.291522584531418 0
1 2 20.29996950981307 0
2 2 20.075656798122363 0
3 2 20.012972107593377 0

0 3 20.264571233180217 0
1 3 21.26228023798346 1
2 3 20.22864692182652 0
3 3 20.033770929521324 0


# 20.0 20.0 1.3160715622314108
0 0 20.476052734699014 0
1 0 21.329582412621534 1
2 0 20.243728269024885 0
3 0 20.036530612075524 0

0 1 21.335553920216245 1
1 1 20.476770724015694 0
2 1 20.1025861492651 0
3 1 20.016793969567402 0

0 2 20.302079771939614 0
1 2 20.310972423726778 0
2 2 20.079887403041432 0
3 2 20.013992706700016 0

0 3 20.273818988904807 0
1 3 21.279025728001653 1
2 3 20.23575595983658 0
3 3 20.035552160056994 0


# 20.0 20.0 1.3355539202162454
0 0 20.490896472243904 0
1 0 21.348276696874844 1
2 0 20.251340403224425 0
3 0 20.038433122514306 0

0 1 21.354697619185554 1
1 1 20.491284123931568 0
2 1 20.107733684897553 0
3 1 20.018010537014913 0

0 2 20.312666289899955 0
1 2 20.32200010992639 0
2 2 20.08420659723177 0
3 2 20.01505824455026 0

0 3 20.283061809519054 0
1 3 21.295396461976967 1
2 3 20.242836072154635 0
3 3 20.037367014095402 0


# 20.0 20.0 1.3546976191855542
0 0 20.505659891035847 0
1 0 21.366628488624404 1
2 0 20.258937649841435 0
3 0 20.040372908346068 0

0 1 21.373515642838168 1
1 1 20.50574102109829 0
2 1 20.112965217684707 0
3 1 20.01927485090726 0

0 2 20.32327723647156 0
1 2 20.333047560451266 0
2 2 20.088611565702735 0
3 2 20.016168839447616 0

0 3 20.292295668757752 0
1 3 21.311407962190298 1
2 3 20.249885595628 0
3 3 20.039214454808874 0


# 20.0 20.0 1.3735156428381678
0 0 20.520337864536106 0
1 0 21.38465029052789 1
2 0 20.2665181295468 0
3 0 20.042348999411058 0

0 1 21.392020259304235 1
1 1 20.52013765202119 0
2 1 20.118277393613976 0
3 1 20.020586849958825 0

0 2 20.333907954401916 0
1 2 20.344110059161398 0
2 2 20.093099513203214 0
3 2 20.017324558006468 0

0 3 20.30151681568158 0
1 3 21.32707497742396 1
2 3 20.25690306795686 0
3 3 20.041093465947316 0


# 20.0 20.0 1.3920202593042355
0 0 20.534925748010792 0
1 0 21.402353956680663 1
2 0 20.274080132302302 0
3 0 20.044360439219393 0

0 1 21.410223064666663 1
1 1 20.534470618413646 0
2 1 20.12366692408704 0
3 1 20.021946425316308 0

0 2 20.34455401959115 0
1 2 20.355183165865235 0
2 2 20.097667669160447 0
3 2 20.018525417295287 0

0 3 20.310721758281225 0
1 3 21.34241152427739 1
2 3 20.263887211015295 0
3 3 20.04300305271294 0


# 20.0 20.0 1.4102230646666634
0 0 20.54941934533857 0
1 0 21.41975073165273 1
2 0 20.281622103885116 0
3 0 20.04640628575791 0

0 1 21.428135023750784 1
1 1 20.54873685887406 0
2 1 20.12913058841769 0
3 1 20.023353422950674 0

0 2 20.355211230143087 0
1 2 20.366262701293163 0
2 2 20.102313292057005 0
3 2 20.01977138698153 0

0 3 20.31990724803615 0
1 3 21.357430926181877 1
2 3 20.270836915404075 0
3 3 20.044942242443902 0


# 20.0 20.0 1.4281350237507837
0 0 20.563814877971225 0
1 0 21.43685128701208 1
2 0 20.289142633456194 0
3 0 20.04848561214751 0

0 1 21.44576650835711 1
1 1 20.562933622669068 0
2 1 20.13466523582724 0
3 1 20.02480764600622 0

0 2 20.365875595969314 0
1 2 20.377344732873617 0
2 2 20.107033673291305 0
3 2 20.021062391469204 0

0 3 20.32907026537266 0
1 3 21.372145850246042 1
2 3 20.27775122614888 0
3 3 20.04691008512734 0


# 20.0 20.0 1.44576650835711
0 0 20.578108955908693 0
1 0 21.45366575550198 1
2 0 20.296640442092755 0
3 0 20.050597507167385 0

0 1 21.463127333100676 1
1 1 20.577058445468595 0
2 1 20.14026778698984 0
3 1 20.026308857101476 0

0 2 20.376543328914767 0
1 2 20.388425561270733 0
2 2 20.111826140563867 0
3 2 20.02239831202101 0

0 3 20.338208005969175 0
1 3 21.386568342056375 1
2 3 20.2846293294636 0
3 3 20.04890565376057 0


# 20.0 20.0 1.463127333100676
0 0 20.59229855055921 0
1 0 21.470203763028344 1
2 0 20.304114372211085 0
3 0 20.05274107566111 0

0 1 21.48022678900976 1
1 1 20.591109126889688 0
2 1 20.145935235175518 0
3 1 20.027856780577505 0

0 2 20.38721083337534 0
1 2 20.39950170764436 0
2 2 20.116688060828455 0
3 2 20.023778988858126 0

0 3 20.347317867859466 0
1 3 21.400709858549614 1
2 3 20.29147054050379 0
3 3 20.05092804457753 0


# 20.0 20.0 1.480226789009759
0 0 20.606380969363535 0
1 0 21.486474458602725 1
2 0 20.311563377811492 0
3 0 20.054915438837977 0

0 1 21.497073675026893 1
1 1 20.605083709716375 0
2 1 20.1516646470343 0
3 1 20.029451104690015 0

0 2 20.397874697379947 0
1 2 20.410569901595125 0
2 2 20.121616842844585 0
3 2 20.02520422323143 0

0 3 20.35639743928768 0
1 3 21.41458129906717 1
2 3 20.298274292040503 0
3 3 20.052976377156003 0


# 20.0 20.0 1.4970736750268934
0 0 20.620353832070002 0
1 0 21.502486542376584 1
2 0 20.318986515482397 0
3 0 20.05711973448188 0

0 1 21.51367632754576 1
1 1 20.61898046067261 0
2 1 20.15745316306093 0
3 1 20.031091483742326 0

0 2 20.408531684111132 0
1 2 20.421627069758905 0
2 2 20.126609939365146 0
3 2 20.02667377945887 0

0 3 20.365444487271464 0
1 3 21.428193034695198 1
2 3 20.305040123989397 0
3 3 20.055049794419766 0


# 20.0 20.0 1.5136763275457596
0 0 20.63421504855455 0
1 0 21.518248291893283 1
2 0 20.326382936105368 0
3 0 20.059353117078704 0

0 1 21.530042648108896 1
1 1 20.632797852634187 0
2 1 20.16329799777617 0
3 1 20.032777540156914 0

0 2 20.419178723840137 0
1 2 20.432670325016893 0
2 2 20.131664848990514 0
3 2 20.028187386924404 0

0 3 20.374456946832115 0
1 3 21.441554935988062 1
2 3 20.31176767373462 0
3 3 20.057147462548564 0


# 20.0 20.0 1.5300426481088962
0 0 20.647962798086613 0
1 0 21.53376758667568 1
2 0 20.33375187720731 0
3 0 20.061614757872242 0

0 1 21.546180129383053 1
1 1 20.646534548173967 0
2 1 20.169196439657256 0
3 1 20.03450886648377 0

0 2 20.429812906253634 0
1 2 20.443696956288957 0
2 2 20.136779117718234 0
3 2 20.029744742034588 0

0 3 20.38343291085306 0
1 3 21.454676399167084 1
2 3 20.318456667190976 0
3 3 20.05926857080752 0


# 20.0 20.0 1.5461801293830533
0 0 20.6615955099482 0
1 0 21.549051931259253 1
2 0 20.341092655910067 0
3 0 20.063903844857567 0

0 1 21.562095879521475 1
1 1 20.660189384342342 0
2 1 20.175145850847162 0
3 1 20.036285027344324 0

0 2 20.440431473150944 0
1 2 20.45470441887963 0
2 2 20.141950340215185 0
3 2 20.03134551012954 0

0 3 20.392370620530166 0
1 3 21.467566370881276 1
2 3 20.325106910551803 0
3 3 20.061412331306627 0


# 20.0 20.0 1.5620958795214754
0 0 20.67511184531943 0
1 0 21.564108476773228 1
2 0 20.34840466243158 0
3 0 20.066219582720006 0

0 1 21.577796645015326 1
1 1 20.673761358592092 0
2 1 20.181143666669495 0
3 1 20.03810556131009 0

0 2 20.451031811491706 0
1 2 20.46569032534757 0
2 2 20.147176160837237 0
3 2 20.032989327345547 0

0 3 20.401268456379555 0
1 3 21.480233371611607 1
2 3 20.33171828267369 0
3 3 20.06357797869982 0


# 20.0 20.0 1.5777966450153258
0 0 20.688510680349395 0
1 0 21.57894404116523 1
2 0 20.355687354096112 0
3 0 20.06856119272696 0

0 1 21.59328883212988 1
1 1 20.687249615763417 0
2 1 20.187187394973442 0
3 1 20.03996998271562 0

0 2 20.46161144677534 0
1 2 20.476652436870737 0
2 2 20.152454274419412 0
3 2 20.034675802427053 0

0 3 20.410124929770532 0
1 3 21.4926855177957 1
2 3 20.338290728052375 0
3 3 20.065764769832377 0


# 20.0 20.0 1.593288832129879
0 0 20.701791090336357 0
1 0 21.59356512815864 1
2 0 20.362940249814383 0
3 0 20.07092791257915 0

0 1 21.608578527014924 1
1 1 20.700653436050985 0
2 1 20.193274615330722 0
3 1 20.041877783405607 0

0 2 20.47216803673465 0
1 2 20.487588655080952 0
2 2 20.157782426857974 0
3 2 20.03640451848627 0

0 3 20.418938674953157 0
1 3 21.504930542745317 1
2 3 20.344824250347404 0
3 3 20.067971983344414 0


# 20.0 20.0 1.6085785270149238
0 0 20.65495233494633 -1
1 0 21.60725794502572 1
2 0 20.370154284997405 0
3 0 20.07331889254714 0

0 1 21.62295151457308 1
1 1 20.713954943880662 0
2 1 20.199402667064547 0
3 1 20.043828429439746 0

0 2 20.482690725327082 0
1 2 20.4984967033028 0
2 2 20.1631584080392 0
3 2 20.038175034559725 0

0 3 20.427708337871714 0
1 3 21.516975811448276 1
2 3 20.351318906266798 0
3 3 20.070198919233935 0


# 20.0 20.0 1.6229515145730815
0 0 20.610136564403447 -1
1 0 21.620084060854015 1
2 0 20.377321472473103 0
3 0 20.075733211238397 0

0 1 21.636468937764345 1
1 1 20.72713853500222 0
2 1 20.205568701184898 0
3 1 20.04582135876707 0

0 2 20.49316980261061 0
1 2 20.509374172229467 0
2 2 20.16858004622421 0
3 2 20.039986886998918 0

0 3 20.43643258507704 0
1 3 21.528828335330328 1
2 3 20.357774799813054 0
3 3 20.072444898383257 0


# 20.0 20.0 1.636468937764345
0 0 20.567250284068344 -1
1 0 21.51210105379667 -1
2 0 20.382994806223873 0
3 0 20.078152609613706 0

0 1 21.649187945838417 1
1 1 20.738750667798705 0
2 1 20.21173516607619 0
3 1 20.04785535765112 0

0 2 20.503596607338704 0
1 2 20.520201279842755 0
2 2 20.17404458159822 0
3 2 20.041839575796555 0

0 3 20.445110111326294 0
1 3 21.54049457953824 1
2 3 20.364192066935143 0
3 3 20.07470926175424 0


# 20.0 20.0 1.6491879458384169
0 0 20.524764741837505 -1
1 0 21.40835093212753 -1
2 0 20.38728788885628 0
3 0 20.140560834625703 1

0 1 21.661127396316903 1
1 1 20.748907613036728 0
2 1 20.21786902339824 0
3 1 20.05064866583562 0

0 2 20.51396281528031 0
1 2 20.530960533483746 0
2 2 20.17954877607687 0
3 2 20.0437411940571 0

0 3 20.45373963605637 0
1 3 21.551980514035336 1
2 3 20.370570862746263 0
3 3 20.07699147301273 0


# 20.0 20.0 1.6611273963169033
0 0 20.482706951072686 -1
1 0 21.308627022413763 -1
2 0 20.39102648008957 0
3 0 20.20080074633028 1

0 1 21.55230697422427 -1
1 1 20.756277210253206 0
2 1 20.22394132386219 0
3 1 20.054143221041517 0

0 2 20.522820462763708 0
1 2 20.541601951434075 0
2 2 20.185088698810375 0
3 2 20.045698744621077 0

0 3 20.462302620879928 0
1 3 21.563291037666573 1
2 3 20.376911341024798 0
3 3 20.07929110101202 0


# 20.0 20.0 1.6611273963169033
0 0 20.439660708793724 -1
1 0 21.212708260262023 -1
2 0 20.394252771891264 0
3 0 20.258952671377585 1

0 1 21.44773518188858 -1
1 1 20.761087744770414 0
2 1 20.229927009554967 0
3 1 20.058284146864416 0

0 2 20.530281680378064 0
1 2 20.552082047704744 0
2 2 20.190659870982344 0
3 2 20.047718218773298 0

0 3 20.470782599144787 0
1 3 21.57443012593907 1
2 3 20.383213637876956 0
3 3 20.08160780365539 0


# 20.0 20.0 1.6611273963169033
0 0 20.395758244582957 -1
1 0 21.120387698465954 -1
2 0 20.39700536402461 0
3 0 20.31509384933866 1

0 1 21.347175836286034 -1
1 1 20.763550404125574 0
2 1 20.23580451052829 0
3 1 20.063019611639795 0

0 2 20.536450335599813 0
1 2 20.562363198254676 0
2 2 20.19625739196039 0
3 2 20.049804671271886 0

0 3 20.47916499111404 0
1 3 21.58540096257658 1
2 3 20.38947785898443 0
3 3 20.08394131308687 0


# 20.0 20.0 1.6611273963169033
0 0 20.351121710194995 -1
1 0 21.031471544870527 -1
2 0 20.39931957759243 0
3 0 20.369298541033253 1

0 1 21.250407920561067 -1
1 1 20.763860550818123 0
2 1 20.24155537960706 0
3 1 20.06830069105387 0

0 2 20.54142265482378 0
1 2 20.572413063460598 0
2 2 20.20187604882618 0
3 2 20.05196229171407 0

0 3 20.487436934842737 0
1 3 21.596206056435815 1
2 3 20.395704069927273 0
3 3 20.08629142215544 0


# 20.0 20.0 1.6611273963169033
0 0 20.305863882213156 -1
1 0 20.94577826811345 -1
2 0 20.401227741598593 0
3 0 20.421638134747884 1

0 1 21.157224552951764 -1
1 1 20.762198899548448 0
2 1 20.247163961958247 0
3 1 20.074081234690652 0

0 2 20.545287797936243 0
1 2 20.58220406204745 0
2 2 20.207510411110288 0
3 2 20.054194472277555 0

0 3 20.495587131440864 0
1 3 21.606847345226498 1
2 3 20.401892289132235 0
3 3 20.08865797209476 0


# 20.0 20.0 1.6611273963169033
0 0 20.260088816306265 -1
1 0 20.863137766342124 -1
2 0 20.40275945480803 0
3 0 20.472181250170944 1

0 1 21.067432027893283 -1
1 1 20.758732606189014 0
2 1 20.252617096265826 0
3 1 20.080317736658216 0

0 2 20.5481283890795 0
1 2 20.591712892088434 0
2 2 20.21315491237416 0
3 2 20.056503871895423 0

0 3 20.503605703520666 0
1 3 21.617326287343882 1
2 3 20.408042483050433 0
3 3 20.0910408413587 0


# 20.0 20.0 1.6611273963169033
0 0 20.213892456450065 -1
1 0 20.78339059436512 -1
2 0 20.403941824995716 0
3 0 20.520993839904637 1

0 1 20.98084892414239 -1
1 1 20.75361627517428 0
2 1 20.257903844635496 0
3 1 20.086969210395797 0

0 2 20.55002100697518 0
1 2 20.6009200950506 0
2 2 20.218803920115786 0
3 2 20.058892476938258 0

0 3 20.51148406572575 0
1 3 21.62764394300136 1
2 3 20.414154563216027 0
3 3 20.09343993555164 0


# 20.0 20.0 1.6611273963169033
0 0 20.16736320223995 -1
1 0 20.706387245030704 -1
2 0 20.404799687500745 0
3 0 20.56813928844283 1

0 1 20.897305275141083 -1
1 1 20.74699289148421 0
2 1 20.26301524860695 0
3 1 20.09399706772703 0

0 2 20.55103663791323 0
1 2 20.609809659198348 0
2 2 20.22445179532574 0
3 2 20.061361658490103 0

0 3 20.5192148063306 0
1 3 21.637801045740243 1
2 3 20.420228384880364 0
3 3 20.095855178392227 0


# 20.0 20.0 1.6611273963169033
0 0 20.120582437201374 -1
1 0 20.631987480933653 -1
2 0 20.405355804841516 0
3 0 20.61367850852971 1

0 1 20.816641797184342 -1
1 1 20.738994682924048 0
2 1 20.267944108883636 0
3 1 20.101365002193337 0

0 2 20.551241094273436 0
1 2 20.61836865897599 0
2 2 20.230092942884866 0
3 2 20.063912226315164 0

0 3 20.526791578982863 0
1 3 21.647798065293223 1
2 3 20.426263746954234 0
3 3 20.09828650364934 0


# 20.0 20.0 1.6611273963169033
0 0 20.07362502079954 -1
1 0 20.56005971283722 -1
2 0 20.40563104900118 0
3 0 20.657670034836976 1

0 1 20.738709171278565 -1
1 1 20.729743917967397 0
2 1 20.272684786601783 0
3 1 20.109038876674262 0

0 2 20.5506954012248 0
1 2 20.626586927273586 0
2 2 20.23572185387213 0
3 2 20.066544479620276 0

0 3 20.534209003737697 0
1 3 21.657635262686494 1
2 3 20.432260393024652 0
3 3 20.100733847989705 0


# 20.0 20.0 1.6611273963169033
0 0 20.026559746660144 -1
1 0 20.4904804214616 -1
2 0 20.405644567857934 0
3 0 20.70017011491723 1

0 1 20.663367374875094 -1
1 1 20.719353644027507 0
2 1 20.27723302415408 0
3 1 20.116986615278243 0

0 2 20.549456154043995 0
1 2 20.634456757740015 0
2 2 20.241333140740736 0
3 2 20.06925825472433 0

0 3 20.541462576603905 0
1 3 21.667312738382083 1
2 3 20.438218013242967 0
3 3 20.103197144677683 0


# 20.0 20.0 1.6673127383820834
0 0 19.97944976933642 -1
1 0 20.423133619534877 -1
2 0 20.405413937111174 0
3 0 20.741232797408884 1

0 1 20.590485059939233 -1
1 1 20.707928370650606 0
2 1 20.28158578376005 0
3 1 20.125178099467277 0

0 2 20.547575848305545 0
1 2 20.641972634545443 0
2 2 20.246921566220454 0
3 2 20.072052969750292 0

0 3 20.548548586886415 0
1 3 21.676830474186133 1
2 3 20.444136246907775 0
3 3 20.105676318069182 0


# 20.0 20.0 1.6768304741861328
0 0 19.932353001794 -1
1 0 20.35791035122908 -1
2 0 20.40495529894128 0
3 0 20.780910017483066 1

0 1 20.519938974070786 -1
1 1 20.69556470178264 0
2 1 20.28574110213651 0
3 1 20.13358506836209 0

0 2 20.545103185022743 0
1 2 20.649130987213805 0
2 2 20.252482066713974 0
3 2 20.07492766645852 0

0 3 20.555464041669012 0
1 3 21.686188369579803 1
2 3 20.450014685590002 0
3 3 20.108171278843272 0


# 20.0 20.0 1.6861883695798028
0 0 19.88532248563301 -1
1 0 20.29470822631374 -1
2 0 20.404283488536947 0
3 0 20.819251679536464 1

0 1 20.451613421629073 -1
1 1 20.68235192094459 0
2 1 20.28969795976865 0
3 1 20.142181023160045 0

0 2 20.54208335265793 0
1 2 20.6559299683463 0
2 2 20.258009770873663 0
3 2 20.077881049341787 0

0 3 20.56220659683578 0
1 3 21.695386273066717 1
2 3 20.455852876668626 0
3 3 20.110681919917038 0


# 20.0 20.0 1.6953862730667169
0 0 19.83840673592554 -1
1 0 20.233430986553447 -1
2 0 20.403412149528698 0
3 0 20.856305737145416 1

0 1 20.38539976203499 -1
1 1 20.668372532859692 0
2 1 20.29345616341682 0
3 1 20.150941135586173 0

0 2 20.5385582877729 0
1 2 20.662369252240552 0
2 2 20.26350001397174 0
3 2 20.080911522103133 0

0 3 20.568774494079765 0
1 3 21.704424009073783 1
2 3 20.461650327164094 0
3 3 20.11320811299123 0


# 20.0 20.0 1.704424009073783
0 0 19.79165006241528 -1
1 0 20.173988102055848 -1
2 0 20.40235383927991 0
3 0 20.892118270306575 1

0 1 20.321195942626094 -1
1 1 20.6537027648065 0
2 1 20.297016240616546 0
3 1 20.15984216028787 0

0 2 20.534566915953796 0
1 2 20.668449852578675 0
2 2 20.268948348610646 0
3 2 20.084017221637477 0

0 3 20.575166503393223 0
1 3 21.713301400890316 1
2 3 20.46740650777311 0
3 3 20.115749705676475 0


# 20.0 20.0 1.713301400890316
0 0 19.74509286870451 -1
1 0 20.116294395442992 -1
2 0 20.401120124906548 0
3 0 20.92673355999787 1

0 1 20.258906063629375 -1
1 1 20.638413030722997 0
2 1 20.30037934504129 0
3 1 20.168862351075898 0

0 2 20.530145374518952 0
1 2 20.674173957511815 0
2 2 20.2743505522609 0
3 2 20.087196049636862 0

0 3 20.581381870575978 0
1 3 21.722018290083252 1
2 3 20.473120857022888 0
3 3 20.11830651915204 0


# 20.0 20.0 1.722018290083252
0 0 19.698771930940016 -1
1 0 20.06026969187322 -1
2 0 20.39972167082342 0
3 0 20.960194160100738 1

0 1 20.198439972991125 -1
1 1 20.622568360857304 0
2 1 20.303547171699517 0
3 1 20.177981380907955 0

0 2 20.525327218402104 0
1 2 20.67954478061049 0
2 2 20.279702632060012 0
3 2 20.090445701937554 0

0 3 20.587420269337066 0
1 3 21.730574552783402 1
2 3 20.47879278547587 0
3 3 20.120878346311528 0


# 20.0 20.0 1.730574552783402
0 0 19.652720657404547 -1
1 0 20.00583849308357 -1
2 0 20.398168318547444 0
3 0 20.992540966730576 1

0 1 20.139712888965466 -1
1 1 20.60622879954846 0
2 1 20.306521881030708 0
3 1 20.187180265506207 0

0 2 20.520143610496174 0
1 2 20.684566426279844 0
2 2 20.285000827257818 0
3 2 20.093763695725084 0

0 3 20.593281757600288 0
1 3 21.73897011319877 1
2 3 20.484421679927102 0
3 3 20.12346495035214 0


# 20.0 20.0 1.7389701131987714
0 0 19.60696933032257 -1
1 0 19.95292967375508 -1
2 0 20.396469159426648 0
3 0 21.02381328502747 1

0 1 20.082645048513324 -1
1 1 20.589449773525082 0
2 1 20.30930603104982 0
3 1 20.196441290496576 0

0 2 20.514623497644056 0
1 2 20.68924376835792 0
2 2 20.290241609650163 0
3 2 20.097147394710618 0

0 3 20.59896673765679 0
1 3 21.747204954675723 1
2 3 20.4900069075463 0
3 3 20.126066063766547 0


# 20.0 20.0 1.7472049546757233
0 0 19.561545331098177 -1
1 0 19.901476198625964 -1
2 0 20.39463260090717 0
3 0 21.054048893463325 1

0 1 20.02716137970297 -1
1 1 20.57228243292872 0
2 1 20.311902516767223 0
3 1 20.205747941955014 0

0 2 20.508793773371618 0
1 2 20.693582340724255 0
2 2 20.295421682303935 0
3 2 20.10059403238908 0

0 3 20.604475919837714 0
1 3 21.75527912859664 1
2 3 20.49554781992536 0
3 3 20.128681387698727 0


# 20.0 20.0 1.7552791285966407
0 0 19.51647335011859 -1
1 0 19.85141485889113 -1
2 0 20.39266642689853 0
3 0 21.083284105724886 1

0 1 19.973191196432474 -1
1 1 20.554773967101923 0
2 1 20.314314516181508 0
3 1 20.21508484024445 0

0 2 20.502679428373945 0
1 2 20.69758823884601 0
2 2 20.30053797684145 0
3 2 20.104100733486153 0

0 3 20.609810289407203 0
1 3 21.763192761373723 1
2 3 20.50104375699946 0
3 3 20.1313105916274 0


# 20.0 20.0 1.7631927613737233
0 0 19.471775582178207 -1
1 0 19.802686026531845 -1
2 0 20.39057785275005 0
3 0 21.111553830234723 1

0 1 19.92066791391416 -1
1 1 20.536967897026713 0
2 1 20.316545442207147 0
3 1 20.22443767702532 0

0 2 20.496303689688247 0
1 2 20.701268031280563 0
2 2 20.305587649520742 0
3 2 20.107664533697815 0

0 3 20.61497107640129 0
1 3 21.770946059772204 1
2 3 20.506494050816528 0
3 3 20.133953313342985 0


# 20.0 20.0 1.7709460597722035
0 0 19.427471908505144 -1
1 0 19.75523342531689 -1
2 0 20.388373575307654 0
3 0 21.138891627374267 1

0 1 19.869528783472404 -1
1 1 20.518904346156756 0
2 1 20.31859889995733 0
3 1 20.233793155322612 0

0 2 20.48968814941519 0
1 2 20.704628680237473 0
2 2 20.310568076320255 0
3 2 20.111282397822336 0

0 3 20.619959728161092 0
1 3 21.778539314772352 1
2 3 20.511898029135462 0
3 3 20.136609159186133 0


# 20.0 20.0 1.7785393147723525
0 0 19.38358006630443 -1
1 0 19.70900391730681 -1
2 0 20.386059818480394 0
3 0 21.16532976447443 1

0 1 19.81971464530908 -1
1 1 20.50062029125496 0
2 1 20.320478648855918 0
3 1 20.243138932532894 0

0 2 20.482852883784243 0
1 2 20.707677470379657 0
2 2 20.315476847211205 0
3 2 20.11495123638096 0

0 3 20.624777884329973 0
1 3 21.785972904158054 1
2 3 20.517255018838437 0
3 3 20.139277704518065 0


# 20.0 20.0 1.7859729041580543
0 0 19.34011580666886 -1
1 0 19.663947303776773 -1
2 0 20.383642374709503 0
3 0 21.19089926864026 1

0 1 19.771169697986597 -1
1 1 20.48214979472671 0
2 1 20.322188569100998 0
3 1 20.25246356625598 0

0 2 20.47581656329766 0
1 2 20.710421945114156 0
2 2 20.32031175977828 0
3 2 20.11866792081959 0

0 3 20.629427354103562 0
1 3 21.79324729400009 1
2 3 20.52256434914678 0
3 3 20.141958494395013 0


# 20.0 20.0 1.7932472940000892
0 0 19.29709304164994 -1
1 0 19.620016139551183 -1
2 0 20.38112664269921 0
3 0 21.21562997747667 1

0 1 19.72384128346725 -1
1 1 20.46352421982663 0
2 1 20.32373263204687 0
3 1 20.261756462837347 0

0 2 20.46859655463138 0
1 2 20.712869849687515 0
2 2 20.325070812329333 0
3 2 20.122429297379906 0

0 3 20.633910095539413 0
1 3 21.80036303918457 1
2 3 20.52782535463352 0
3 3 20.144651044420954 0


# 20.0 20.0 1.800363039184571
0 0 19.254523981226765 -1
1 0 19.577165559815064 -1
2 0 20.37851766173791 0
3 0 21.239550587782414 1

0 1 19.677679686629844 -1
1 1 20.444772430013103 0
2 1 20.325114874111634 0
3 1 20.271007828509465 0

0 2 20.46120901491914 0
1 2 20.715029080459868 0
2 2 20.329752196616543 0
3 2 20.126232199724512 0

0 3 20.63822819674924 0
1 3 21.807320783120932 1
2 3 20.533037378028816 0
3 3 20.14735484175484 0


# 20.0 20.0 1.8073207831209324
0 0 19.21241926085994 -1
1 0 19.535353118534164 -1
2 0 20.375820142910054 0
3 0 21.26268870227928 1

0 1 19.632637948260896 -1
1 1 20.425920973628873 0
2 1 20.326339373854253 0
3 1 20.280208623022364 0

0 2 20.453668978998177 0
1 2 20.716907639786168 0
2 2 20.334354290275673 0
3 2 20.130073460396716 0

0 3 20.642383858811694 0
1 3 21.814121256749374 1
2 3 20.538199772816963 0
3 3 20.15006934625023 0


# 20.0 20.0 1.8141212567493739
0 0 19.17078806027052 -1
1 0 19.494538637677444 -1
2 0 20.373038497473566 0
3 0 21.28507087444318 1

0 1 19.58867169058871 -1
1 1 20.406994254997567 0
2 1 20.32741023189848 0
3 1 20.289350515656285 0

0 2 20.445990440150492 0
1 2 20.718513595982508 0
2 2 20.338875649075575 0
3 2 20.13394992119184 0

0 3 20.646379380257272 0
1 3 21.82076527695458 1
2 3 20.543311905626016 0
3 3 20.152793991707036 0


# 20.0 20.0 1.8207652769545817
0 0 19.129638214039975 -1
1 0 19.454684066493126 -1
2 0 20.370176862653693 0
3 0 21.306722651502945 1

0 1 19.54573895449424 -1
1 1 20.388014692944104 0
2 1 20.32833155341131 0
3 1 20.298425843511993 0

0 2 20.43818642483298 0
1 2 20.719855047901035 0
2 2 20.34331499905751 0
3 2 20.1378584425131 0

0 3 20.65021714298946 0
1 3 21.827253744480686 1
2 3 20.548373158412666 0
3 3 20.155528187216692 0


# 20.0 20.0 1.8272537444806858
0 0 19.088976314586386 -1
1 0 19.415753350142626 -1
2 0 20.36723912508292 0
3 0 21.32766861567198 1

0 1 19.503800047593845 -1
1 1 20.369002867671373 0
2 1 20.329107432871453 0
3 1 20.30742757197717 0

0 2 20.430269061851806 0
1 2 20.72094009367852 0
2 2 20.34767122863246 0
3 2 20.141795911781465 0

0 3 20.653899599517832 0
1 3 21.833587641431805 1
2 3 20.553382930446706 0
3 3 20.15827131858363 0


# 20.0 20.0 1.833587641431805
0 0 19.048807808034113 -1
1 0 19.377712307046096 -1
2 0 20.364228942096513 0
3 0 21.34793242367667 1

0 1 19.46281740244559 -1
1 1 20.349977656855646 0
2 1 20.329741940888365 0
3 1 20.316349257270286 0

0 2 20.422249646401735 0
1 2 20.72177680326181 0
2 2 20.351943380694642 0
3 2 20.145759250965227 0

0 3 20.657429261389193 0
1 3 21.839768028432843 1
2 3 20.55834064010048 0
3 3 20.161022749807408 0


# 20.0 20.0 1.839768028432843
0 0 19.009137083458786 -1
1 0 19.34052851433909 -1
2 0 20.36114976107531 0
3 0 21.36753684464446 1

0 1 19.42275544418347 -1
1 1 20.33095636175865 0
2 1 20.33023911285531 0
3 1 20.325185010966514 0

0 2 20.414138699358876 0
1 2 20.722373194348183 0
2 2 20.35613064480053 0
3 2 20.14974542329158 0

0 3 20.660808688712684 0
1 3 21.8457960415166 1
2 3 20.563245726449754 0
3 3 20.163781824611238 0


# 20.0 20.0 1.8457960415166
0 0 18.96996755595654 -1
1 0 19.304171200882337 -1
2 0 20.358004837010732 0
3 0 21.386503796412985 1

0 1 19.383580466932653 -1
1 1 20.311954824094457 0
2 1 20.330602939240723 0
3 1 20.333929466413263 0

0 2 20.405946022185727 0
1 2 20.72273721141064 0
2 2 20.360232349454815 0
3 2 20.153751439199088 0

0 3 20.664040480683457 0
1 3 21.851672888795427 1
2 3 20.5680976506932 0
3 3 20.166547868003942 0


# 20.0 20.0 1.8516728887954272
0 0 18.931301743955885 -1
1 0 19.26861114730601 -1
2 0 20.3547972484518 0
3 0 21.404854380320497 1

0 1 19.345260518404313 -1
1 1 20.292987534334262 0
2 1 20.330837357341018 0
3 1 20.342577746946233 0

0 2 20.39768074777991 0
1 2 20.7228767075073 0
2 2 20.36424795453787 0
3 2 20.157774361586583 0

0 3 20.667127267017758 0
1 3 21.85739984696864 1
2 3 20.57289589739821 0
3 3 20.16932018786362 0


# 20.0 20.0 1.8573998469686401
0 0 18.893141341161996 -1
1 0 19.233820592606534 -1
2 0 20.35152991198004 0
3 0 21.422608914536074 1

0 1 19.307765292110645 -1
1 1 20.274067732081004 0
2 1 20.33094624433519 0
3 1 20.351125435819984 0

0 2 20.38935138757278 0
1 2 20.722799428600872 0
2 2 20.368177043903103 0
3 2 20.161811310410986 0

0 3 20.670071700219616 0
1 3 21.86297825771058 1
2 3 20.577639975581214 0
3 3 20.172098076532436 0


# 20.0 20.0 1.86297825771058
0 0 18.85548728349677 -1
1 0 19.199773146847754 -1
2 0 20.348205595345508 0
3 0 21.439786965986762 1

0 1 19.271066026679804 -1
1 1 20.25520749909868 0
2 1 20.33093341149711 0
3 1 20.359568547770284 0

0 2 20.380965875160726 0
1 2 20.72251300013851 0
2 2 20.372019318167286 0
3 2 20.165859466683365 0

0 3 20.672876448606164 0
1 3 21.868409523978645 1
2 3 20.582329419630945 0
3 3 20.17488081241304 0


# 20.0 20.0 1.8684095239786451
0 0 18.818339811373217 -1
1 0 19.166443709549956 -1
2 0 20.344826929385402 0
3 0 21.456407380937108 1

0 1 19.235135411786842 -1
1 1 20.236417845537613 0
2 1 20.330802599435575 0
3 1 20.367903502128605 0

0 2 20.372531606730355 0
1 2 20.72202491566483 0
2 2 20.375774587712232 0
3 2 20.16991607590971 0

0 3 20.67554419002485 0
1 3 21.873695106275388 1
2 3 20.586963790083253 0
3 3 20.177667661558086 0


# 20.0 20.0 1.8736951062753882
0 0 18.781698527619824 -1
1 0 19.133808393379372 -1
2 0 20.34139641883624 0
3 0 21.47248831427495 1

0 1 19.19994750025045 -1
1 1 20.21770878985657 0
2 1 20.330557474245072 0
3 1 20.37612709741236 0

0 2 20.364055478518964 0
1 2 20.721342527261275 0
2 2 20.37944276591204 0
3 2 20.173978451020094 0

0 3 20.678077606201487 0
1 3 21.878836518894374 1
2 3 20.59154267425613 0
3 3 20.18045787924531 0


# 20.0 20.0 1.8788365188943743
0 0 18.74556245134907 -1
1 0 19.10184445277794 -1
2 0 20.337916452140693 0
3 0 21.48804725755569 1

0 1 19.165477625876626 -1
1 1 20.199089432905385 0
2 1 20.330201624461754 0
3 1 20.38423648731749 0

0 2 20.35554392153324 0
1 2 20.720473037623673 0
2 2 20.383023862596602 0
3 2 20.178043974827162 0

0 3 20.680479377663364 0
1 3 21.88383532617533 1
2 3 20.59606568675358 0
3 3 20.183250711531446 0


# 20.0 20.0 1.8838353261753298
0 0 18.709930068044358 -1
1 0 19.07053021719835 -1
2 0 20.334389310341372 0
3 0 21.50310106585559 1

0 1 19.131702326659603 -1
1 1 20.180568026597246 0
2 1 20.329738558729822 0
3 1 20.392229158043108 0

0 2 20.347002933732202 0
1 2 20.719423493606953 0
2 2 20.386517977758974 0
3 2 20.182110102052423 0

0 3 20.682752179186373 0
1 3 21.88869313879053 1
2 3 20.6005324698469 0
3 3 20.186045396779107 0


# 20.0 20.0 1.8886931387905292
0 0 18.674799376121054 -1
1 0 19.039845028632737 -1
2 0 20.33081717514565 0
3 0 21.517665983483052 1

0 1 19.098599272977307 -1
1 1 20.16215203756794 0
2 1 20.32917170409298 0
3 1 20.40010290688084 0

0 2 20.338438109864697 0
1 2 20.718200781081606 0
2 2 20.38992529551143 0
3 2 20.18617436095628 0

0 3 20.684898675719527 0
1 3 21.893411610081102 1
2 3 20.60494269374179 0
3 3 20.188841167151438 0


# 20.0 20.0 1.8934116100811025
0 0 18.64016793020002 -1
1 0 19.009769183145124 -1
2 0 20.32720213623819 0
3 0 21.53175766859509 1

0 1 19.06614720044385 -1
1 1 20.14384820618984 0
2 1 20.32850440483436 0
3 1 20.40785582200447 0

0 2 20.32985466913732 0
1 2 20.716811620960726 0
2 2 20.393246078292798 0
3 2 20.1902343546055 0

0 3 20.686921518744246 0
1 3 21.897992432459056 1
2 3 20.609296056739474 0
3 3 20.191637250070126 0


# 20.0 20.0 1.8979924324590556
0 0 18.606032881315887 -1
1 0 18.980283876137957 -1
2 0 20.323546197910993 0
3 0 21.545391216764653 1

0 1 19.034325847104924 -1
1 1 20.125662601281185 0
2 1 20.327739921796184 0
3 1 20.41548626339828 0

0 2 20.32125748087527 0
1 2 20.715262566269512 0
2 2 20.396480661327672 0
3 2 20.194287761809623 0

0 3 20.688823343029465 0
1 3 21.902437333888237 1
2 3 20.61359228529985 0
3 3 20.194432869632916 0


# 20.0 20.0 1.902437333888237
0 0 18.572391014267428 -1
1 0 18.95137115110168 -1
2 0 20.31985128507468 0
3 0 21.558581183542803 1

0 1 19.003115894683603 -1
1 1 20.1076006708259 0
2 1 20.326881432117485 0
3 1 20.42299284486519 0

0 2 20.3126510883263 0
1 2 20.713560000140994 0
2 2 20.39962944733636 0
3 2 20.19833233775563 0

0 3 20.690606763746977 0
1 3 21.906748074455184 1
2 3 20.61783113401435 0
3 3 20.19722724798737 0


# 20.0 20.0 1.9067480744551837
0 0 18.539238782303222 -1
1 0 18.923013851613852 -1
2 0 20.316119248708834 0
3 0 21.57134160605815 1

0 1 18.97249891360436 -1
1 1 20.089667288995976 0
2 1 20.325932029334723 0
3 1 20.430374417058633 0

0 2 20.304039730746506 0
1 2 20.711710134632636 0
2 2 20.40269290149306 0
3 2 20.20236591436836 0

0 3 20.692274373914508 0
1 3 21.910926443038804 1
2 3 20.622012385495978 0
3 3 20.2000196066582 0


# 20.0 20.0 1.9109264430388038
0 0 18.506572339322926 -1
1 0 18.895195576370405 -1
2 0 20.31235187080422 0
3 0 21.583686023694412 1

0 1 18.94245731154176 -1
1 1 20.071866799746722 0
2 1 20.32489472379589 0
3 1 20.437630051484476 0

0 2 20.29542736389622 0
1 2 20.709719010268365 0
2 2 20.405671546628536 0
3 2 20.206386400422144 0

0 3 20.693828742136805 0
1 3 21.914974254085987 1
2 3 20.62613585019362 0
3 3 20.202809167825894 0


# 20.0 20.0 1.9149742540859869
0 0 18.474387569762246 -1
1 0 18.867900637046606 -1
2 0 20.308550868844886 0
3 0 21.595627497885367 1

0 1 18.912974285257867 -1
1 1 20.054203057235306 0
2 1 20.323772443344005 0
3 1 20.444759025421945 0

0 2 20.286817679064534 0
1 2 20.707592496219657 0
2 2 20.40856595867252 0
3 2 20.210391781427457 0

0 3 20.695272410617687 0
1 3 21.91889334449875 1
2 3 20.630201366137452 0
3 3 20.205595155554942 0


# 20.0 20.0 1.9188933444987484
0 0 18.44268011631846 -1
1 0 18.841114018799434 -1
2 0 20.304717899873747 0
3 0 21.607178631065043 1

0 1 18.884033775508456 -1
1 1 20.03667946329447 0
2 1 20.322568034230645 0
3 1 20.4517608077149 0

0 2 20.278214120731974 0
1 2 20.705336291047487 0
2 2 20.411376762330356 0
3 2 20.214380119314708 0

0 3 20.696607893418218 0
1 3 21.92268557063704 1
2 3 20.63420879862195 0
3 3 20.208376796970203 0


# 20.0 20.0 1.9226855706370394
0 0 18.41144540566269 -1
1 0 18.814821343235828 -1
2 0 20.300854564181428 0
3 0 21.618351584809457 1

0 1 18.85562042481337 -1
1 1 20.01929900217626 0
2 1 20.32128426222441 0
3 1 20.45863504538706 0

0 2 20.26961990297258 0
1 2 20.702955923934603 0
2 2 20.414104626987648 0
3 2 20.218349551935628 0

0 3 20.697837674938476 0
1 3 21.926352805440224 1
2 3 20.638158039832604 0
3 3 20.211153323380493 0


# 20.0 20.0 1.9263528054402244
0 0 18.380678672275423 -1
1 0 18.78900883368352 -1
2 0 20.296962408654416 0
3 0 21.629158097204815 1

0 1 18.8277195379003 -1
1 1 20.002064272764713 0
2 1 20.319923813883165 0
3 1 20.465381551037087 0

0 2 20.26103802468901 0
1 2 20.70045675634432 0
2 2 20.41675026283619 0
3 2 20.222298292401376 0

0 3 20.69896420860224 0
1 3 21.929896935669085 1
2 3 20.642049008422262 0
3 3 20.21392397134868 0


# 20.0 20.0 1.9298969356690847
0 0 18.350374980532514 -1
1 0 18.76366328261223 -1
2 0 20.293042929815332 0
3 0 21.63960949947567 1

0 1 18.800317044644324 -1
1 1 19.984977518441816 0
2 1 20.318489297962337 0
3 1 20.4720002909716 0

0 2 20.252471283767164 0
1 2 20.69784398404836 0
2 2 20.419314417214064 0
3 2 20.22622462827493 0

0 3 20.699989915725794 0
1 3 21.93331985926934 1
2 3 20.64588164904251 0
3 3 20.21668798370794 0


# 20.0 20.0 1.9333198592693392
0 0 18.320529245160422 -1
1 0 18.73877202106353 -1
2 0 20.289097576585107 0
3 0 21.64971673190523 1

0 1 18.773399465337693 -1
1 1 19.968040654777553 0
2 1 20.316983246934726 0
3 1 20.47849137403617 0

0 2 20.243922290230287 0
1 2 20.695122639471936 0
2 2 20.421797871152478 0
3 2 20.23012692063414 0

0 3 20.70091718455366 0
1 3 21.936623482856845 1
2 3 20.649655931835333 0
3 3 20.219444610524086 0


# 20.0 20.0 1.9366234828568452
0 0 18.291136250171462 -1
1 0 18.71432288995727 -1
2 0 20.2851277527941 0
3 0 21.659490359078603 1

0 1 18.746953878135663 -1
1 1 19.951255295202227 0
2 1 20.31540811860008 0
3 1 20.484855041106407 0

0 2 20.235393478466552 0
1 2 20.69229759430942 0
2 2 20.424201436121706 0
3 2 20.234003603020533 0

0 3 20.70174836944561 0
1 3 21.939809719323943 1
2 3 20.653371851889887 0
3 3 20.222193110004145 0


# 20.0 20.0 1.939809719323943
0 0 18.322190666382404 0
1 0 18.69102421315161 -1
2 0 20.281143459466712 0
3 0 21.66894068815865 1

0 1 18.72168788853458 -1
1 1 19.93464005480767 0
2 1 20.313766608805306 0
3 1 20.49109166017975 0

0 2 20.22689575859843 0
1 2 20.689373873408787 0
2 2 20.42652595843336 0
3 2 20.237853180437078 0

0 3 20.702485893880638 0
1 3 21.94288049054249 1
2 3 20.657029428818273 0
3 3 20.22493274935506 0


# 20.0 20.0 1.942880490542489
0 0 18.351544347612872 0
1 0 18.72880913054189 0
2 0 20.27787363129918 0
3 0 21.678086406882684 1

0 1 18.697533959148355 -1
1 1 19.918931135039752 0
2 1 20.312078880202076 0
3 1 20.497202032062464 0

0 2 20.21843886145455 0
1 2 20.686365244830807 0
2 2 20.428772633240015 0
3 2 20.241674235834612 0

0 3 20.7031322339249 0
1 3 21.94583783283059 1
2 3 20.660628711393013 0
3 3 20.22766280574501 0


# 20.0 20.0 1.9458378328305912
0 0 18.380004868175092 0
1 0 18.7651208626733 0
2 0 20.27526637258171 0
3 0 21.68694491709064 1

0 1 18.67444603124016 -1
1 1 19.9040785727852 0
2 1 20.31036292928041 0
3 1 20.50318733170231 0

0 2 20.21003175139341 0
1 2 20.683284362561917 0
2 2 20.430942949713334 0
3 2 20.245465434975486 0

0 3 20.703689908514292 0
1 3 21.948683879641337 1
2 3 20.6641697811357 0
3 3 20.230382567331525 0


# 20.0 20.0 1.9486838796413366
0 0 18.40759949564775 0
1 0 18.800029119733196 0
2 0 20.27327322852653 0
3 0 21.69553242679812 1

0 1 18.65237981576599 -1
1 1 19.89003547601961 0
2 1 20.30863477650649 0
3 1 20.509049055430175 0

0 2 20.20168266687699 0
1 2 20.68014285282596 0
2 2 20.433038642272418 0
3 2 20.249225529886925 0

0 3 20.704161470365996 0
1 3 21.95142084594833 1
2 3 20.66765275499463 0
3 3 20.23309133432617 0


# 20.0 20.0 1.9514208459483307
0 0 18.43435482103042 0
1 0 18.833599859011322 0
2 0 20.27184895767621 0
3 0 21.703864035590666 1

0 1 18.631292739070943 -1
1 1 19.876757815899644 0
2 1 20.30690864088952 0
3 1 20.514788973578515 0

0 2 20.19339915961531 0
1 2 20.67695139345514 0
2 2 20.435061647274058 0
3 2 20.25295336109382 0

0 3 20.704549497499585 0
1 3 21.95405101416989 1
2 3 20.671077787234097 0
3 3 20.23578842007036 0


# 20.0 20.0 1.9540510141698917
0 0 18.460296758650312 0
1 0 18.86589550731956 0
2 0 20.270951319659407 0
3 0 21.651953813828257 0

0 1 18.611143888839948 -1
1 1 19.864204233902512 0
2 1 20.305197100219797 0
3 1 20.51968908798992 0

0 2 20.185188132269005 0
1 2 20.67371978690068 0
2 2 20.437014064630283 0
3 2 20.256639218800167 0

0 3 20.704856585346867 0
1 3 21.956576721488535 1
2 3 20.674445070644534 0
3 3 20.238473048421163 0


# 20.0 20.0 1.9565767214885348
0 0 18.485450548092814 0
1 0 18.896975169231997 0
2 0 20.269820877233073 0
3 0 21.601957596113117 0

0 1 18.71189396047984 1
1 1 19.85377586287718 0
2 1 20.303511238122013 0
3 1 20.523807442930767 0

0 2 20.178495874706435 0
1 2 20.670491587413878 0
2 2 20.438898434907795 0
3 2 20.260274518725677 0

0 3 20.705102619428718 0
1 3 21.959000970515863 1
2 3 20.6777548471236 0
3 3 20.24114437106819 0


# 20.0 20.0 1.9590009705158629
0 0 18.511280757918016 0
1 0 18.92692074210059 0
2 0 20.268477075305313 0
3 0 21.553794536871877 0

0 1 18.808517044085708 1
1 1 19.84530790879974 0
2 1 20.30186058903548 0
3 1 20.527198686063272 0

0 2 20.173208382979904 0
1 2 20.66730497958445 0
2 2 20.44071764924585 0
3 2 20.263851717415726 0

0 3 20.705305437371234 0
1 3 21.96132731292315 1
2 3 20.681007415543256 0
3 3 20.243801483305244 0


# 20.0 20.0 1.9613273129231494
0 0 18.537699904067203 0
1 0 18.955807889590435 0
2 0 20.26693859432846 0
3 0 21.50738758090919 0

0 1 18.90123392258427 1
1 1 19.838647617746886 0
2 1 20.30025331133039 0
3 1 20.46991425256448 -1

0 2 20.169219762969227 0
1 2 20.66419328867902 0
2 2 20.44247487087767 0
3 2 20.266644232565234 0

0 3 20.705481006536576 0
1 3 21.963559746309482 1
2 3 20.684203137296347 0
3 3 20.246434798344595 0


# 20.0 20.0 1.9635597463094818
0 0 18.56462720926688 0
1 0 18.983706519283743 0
2 0 20.265223342304946 0
3 0 21.461943279134893 0

0 1 18.990252032915528 1
1 1 19.83365339392154 0
2 1 20.297976342702555 0
3 1 20.414496620209604 -1

0 2 20.166431648862094 0
1 2 20.661185446742074 0
2 2 20.444156186987218 0
3 2 20.26870622606399 0

0 3 20.70564358704332 0
1 3 21.965702623017464 1
2 3 20.687342128830092 0
3 3 20.249035725862917 0


# 20.0 20.0 1.9657026230174637
0 0 18.591988132359663 0
1 0 19.01068122389686 0
2 0 20.26333117207695 0
3 0 21.417447254593476 0

0 1 19.075766325634795 1
1 1 19.830185343081023 0
2 1 20.29509951012109 0
3 1 20.360862798050142 -1

0 2 20.16475266392293 0
1 2 20.59830610710256 -1
2 2 20.445030137677243 0
3 2 20.270079708508387 0

0 3 20.705805881353044 0
1 3 21.96704056225816 1
2 3 20.690407036528807 0
3 3 20.2515962806723 0


# 20.0 20.0 1.967040562258159
0 0 18.619713930189096 0
1 0 19.036791377837357 0
2 0 20.26126332056034 0
3 0 21.37388466685144 0

0 1 19.15795996320445 1
1 1 19.82739433011232 0
2 1 20.29166934067208 0
3 1 20.30893416512442 -1

0 2 20.163377915458085 0
1 2 20.538421529307705 -1
2 2 20.44515562244894 0
3 2 20.270804593569984 0

0 3 20.705961891356928 0
1 3 21.967642344129636 1
2 3 20.693382671961608 0
3 3 20.254109061754477 0


# 20.0 20.0 1.9676423441296365
0 0 18.64774124479479 0
1 0 19.062082926713796 0
2 0 20.25902190430765 0
3 0 21.33124029167797 0

0 1 19.236987806634247 1
1 1 19.825229341506862 0
2 1 20.287729304720475 0
3 1 20.258636220468816 -1

0 2 20.16229249773643 0
1 2 20.481381133570796 -1
2 2 20.444587725017264 0
3 2 20.27091879672693 0

0 3 20.706106481370472 0
1 3 21.967571809119026 -1
2 3 20.69625582288991 0
3 3 20.256567230966716 0


# 20.0 20.0 1.9676423441296365
0 0 18.676011408782355 0
1 0 19.08659859564698 0
2 0 20.256609802631274 0
3 0 21.289498593454766 0

0 1 19.312996717731917 1
1 1 19.823642802134575 0
2 1 20.283320016696916 0
3 1 20.20989834809167 -1

0 2 20.161482024823577 0
1 2 20.42704225149253 -1
2 2 20.443377956870112 0
3 2 20.270458329695543 0

0 3 20.706235294048447 0
1 3 21.8468881935572 -1
2 3 20.697575078905263 0
3 3 20.258947211555125 0


# 20.0 20.0 1.9676423441296365
0 0 18.704470141826736 0
1 0 19.110378127588916 0
2 0 20.25403055177365 0
3 0 21.248643790888778 0

0 1 19.386125995212595 1
1 1 19.822590344324006 0
2 1 20.278479422308177 0
3 1 20.16265359598653 -1

0 2 20.16093262227003 0
1 2 20.373829692825144 -1
2 2 20.441539925225158 0
3 2 20.269456768641533 0

0 3 20.70490467325263 0
1 3 21.730634602767594 -1
2 3 20.697450386465817 0
3 3 20.26122799780043 0


# 20.0 20.0 1.9676423441296365
0 0 18.733067266194592 0
1 0 19.13345850417769 0
2 0 20.25128824920765 0
3 0 21.208659916559114 0

0 1 19.45650778620713 1
1 1 19.822013312662673 0
2 1 20.27324235103437 0
3 1 20.116838453389917 -1

0 2 20.160596357962106 0
1 2 20.321743277952947 -1
2 2 20.439088722223484 0
3 2 20.267945446439555 0

0 3 20.702222876544294 0
1 3 21.618604947942913 -1
2 3 20.695984530249856 0
3 3 20.263390949599888 0


# 20.0 20.0 1.9676423441296365
0 0 18.761756440096203 0
1 0 19.155873943025824 0
2 0 20.24838745726836 0
3 0 21.169530870490885 0

0 1 19.524266852515083 1
1 1 19.821858190749204 0
2 1 20.267640792068292 0
3 1 20.072392643655526 -1

0 2 20.160430107011845 0
1 2 20.270779384226337 -1
2 2 20.436040665392564 0
3 2 20.265953628792868 0

0 3 20.698291273648156 0
1 3 21.5106042023868 -1
2 3 20.693273609787912 0
3 3 20.265419602277262 0


# 20.0 20.0 1.9676423441296365
0 0 18.79049489779923 0
1 0 19.177656123968543 0
2 0 20.245333117501424 0
3 0 21.131240468287096 0

0 1 19.589521043056173 1
1 1 19.822076165713074 0
2 1 20.261704145156166 0
3 1 20.029258931528826 -1

0 2 20.160395142928515 0
1 2 20.220931367900523 -1
2 2 20.43241306647337 0
3 2 20.26350867558692 0

0 3 20.693204779940608 0
1 3 21.406447742978106 -1
2 3 20.689407483117566 0
3 3 20.267299490499735 0


# 20.0 20.0 1.9676423441296365
0 0 18.819243207482756 0
1 0 19.19883439665023 0
2 0 20.242130474687485 0
3 0 21.093772484303358 0

0 1 19.652381733441306 1
1 1 19.822622729476624 0
2 1 20.255459448614666 0
3 1 19.987382943706674 -1

0 2 20.160456761500907 0
1 2 20.172189945846444 -1
2 2 20.428224025920635 0
3 2 20.260636188733795 0

0 3 20.687052261916495 0
1 3 21.305960734063593 -1
2 3 20.684470179832438 0
3 3 20.26901798526454 0


# 20.0 20.0 1.9676423441296365
0 0 18.847965045574476 0
1 0 19.219435970987785 0
2 0 20.238785009597482 0
3 0 21.057110690308086 0

0 1 19.712954235075394 1
1 1 19.823457313668037 0
2 1 20.248931586595877 0
3 1 19.946713001658647 -1

0 2 20.16058393483193 0
1 2 20.124543540547624 -1
2 2 20.42349225062496 0
3 2 20.257360147657554 0

0 3 20.679916916514248 0
1 3 21.208977550875655 -1
2 3 20.678540285720658 0
3 3 20.270564142995553 0


# 20.0 20.0 1.9676423441296365
0 0 18.876626986406553 0
1 0 19.239486091922362 0
2 0 20.235302379620304 0
3 0 21.021238890032343 0

0 1 19.771338176021107 1
1 1 19.824542955353014 0
2 1 20.24214347748636 0
3 1 19.9071999657711 -1

0 2 20.160748993165985 0
1 2 20.077978591601575 -1
2 2 20.418236892624556 0
3 2 20.253703033472632 0

0 3 20.671876626048235 0
1 3 21.115341239779323 -1
2 3 20.671691301025184 0
3 3 20.27192856586169 0


# 20.0 20.0 1.9676423441296365
0 0 18.905198306111238 0
1 0 19.25900819975464 0
2 0 20.23168836648353 0
3 0 20.986140949978235 0

0 1 19.827627855683783 1
1 1 19.825845990990384 0
2 1 20.23511624515745 0
3 1 19.86879708995201 -1

0 2 20.160927332333017 0
1 2 20.032479836673428 -1
2 2 20.41247740677452 0
3 2 20.24968594281784 0

0 3 20.663004290375845 0
1 3 21.024903012845485 -1
2 3 20.663991974207907 0
3 3 20.27310327249498 0


# 20.0 20.0 1.9676423441296365
0 0 18.933650799756496 0
1 0 19.278024077251708 0
2 0 20.22794883035987 0
3 0 20.951800826822762 0

0 1 19.881912575222024 1
1 1 19.827335776234502 0
2 1 20.227869374629744 0
3 1 19.83145988590527 -1

0 2 20.161097144802287 0
1 2 19.988030564600983 -1
2 2 20.406233425524423 0
3 2 20.245328692226586 0

0 3 20.653368137814088 0
1 3 20.93752177442545 -1
2 3 20.65550661296051 0
3 3 20.274081578347403 0


# 20.0 20.0 1.9676423441296365
0 0 18.961958610794948 0
1 0 19.29655398461581 0
2 0 20.224089669717575 0
3 0 20.918202591724615 0

0 1 19.93427694544468 1
1 1 19.82898442940674 0
2 1 20.220420853574165 0
3 1 19.795145996347554 -1

0 2 20.16123917249491 0
1 2 19.944612843122353 -1
2 2 20.399524649121854 0
3 2 20.240649913838872 0

0 3 20.643032016215823 0
1 3 20.853063677567164 -1
2 3 20.646295374076608 0
3 3 20.27485798498188 0


# 20.0 20.0 1.9676423441296365
0 0 18.990098071967054 0
1 0 19.314616783315042 0
2 0 20.220116786332802 0
3 0 20.885330451814692 0

0 1 19.984801173822426 1
1 1 19.830766596641226 0
2 1 20.212787300943926 0
3 1 19.759815076500125 -1

0 2 20.16133647964805 0
1 2 19.90220772348822 -1
2 2 20.39237074971218 0
3 2 20.23566714319197 0

0 3 20.632055665518635 0
1 3 20.771401708266346 -1
2 3 20.636414533680917 0
3 3 20.27542807764501 0


# 20.0 20.0 1.9676423441296365
0 0 19.01804755686189 0
1 0 19.33223004969384 0
2 0 20.216036054936254 0
3 0 20.8531687691266 0

0 1 20.0335613321197 1
1 1 19.832659236877394 0
2 1 20.20498408391493 0
3 1 19.725428683241923 -1

0 2 20.16137424415635 0
1 2 19.860795424028932 -1
2 2 20.384791287943795 0
3 2 20.23039689976388 0

0 3 20.620494972989036 0
1 3 20.692415295687546 -1
2 3 20.625916739201635 0
3 3 20.275788430517377 0


# 20.0 20.0 1.9676423441296365
0 0 19.045787341396625 0
1 0 19.349410179205222 0
2 0 20.211853297015892 0
3 0 20.821702077201138 0

0 1 20.080629606039835 1
1 1 19.834641425025545 0
2 1 20.197025424205737 0
3 1 19.69195017135981 -1

0 2 20.161339565938476 0
1 2 19.820355494570688 -1
2 2 20.376805640815395 0
3 2 20.224854760886107 0

0 3 20.60840221230094 0
1 3 20.61598994662155 -1
2 3 20.61485124437062 0
3 3 20.27593651908183 0


# 20.0 20.0 1.9676423441296365
0 0 19.07329947452929 0
1 0 19.366172482037452 0
2 0 20.207574258342557 0
3 0 20.790915095578324 0

0 1 20.126074528172083 1
1 1 19.83669417177215 0
2 1 20.18892449475134 0
3 1 19.659344596377288 -1

0 2 20.161221290989584 0
1 2 19.780866963433677 -1
2 2 20.368432939617556 0
3 2 20.21905542958981 0

0 3 20.59582626750944 0
1 3 20.54201690256721 -1
2 3 20.60326412844225 0
3 3 20.27587063909127 0


# 20.0 20.0 1.9676423441296365
0 0 19.10056765756875 0
1 0 19.38253127084408 0
2 0 20.203204589826253 0
3 0 20.760792742371947 0

0 1 20.169961195432823 1
1 1 19.83880025862063 0
2 1 20.180693507616578 0
3 1 19.627578623484382 -1

0 2 20.161009849884532 0
1 2 19.74230846859714 -1
2 2 20.35969201692686 0
3 2 20.21301279690107 0

0 3 20.58281284290852 0
1 3 20.470392817938762 -1
2 3 20.59119850073516 0
3 3 20.27558983165562 0


# 20.0 20.0 1.9676423441296365
0 0 19.1275771314916 0
1 0 19.39849994122789 0
2 0 20.19874983134815 0
3 0 20.731320145104547 0

0 1 20.212351472104604 1
1 1 19.840944086881393 0
2 1 20.17234379395467 0
3 1 19.596620442129563 -1

0 2 20.160697109592704 0
1 2 19.704658374480555 -1
2 2 20.35060136170723 0
3 2 20.20673999905713 0

0 3 20.56940465969419 0
1 3 20.401019458004253 -1
2 3 20.57869469152069 0
3 3 20.27509381400295 0


# 20.0 20.0 1.9676423441296365
0 0 19.15431457171789 0
1 0 19.414091045575688 0
2 0 20.194215398247145 0
3 0 20.702482649965305 0

0 1 20.253304179494513 1
1 1 19.843111539433153 0
2 1 20.163885876743052 0
3 1 19.56643968586931 -1

0 2 20.16027623755384 0
1 2 19.66789487566587 -1
2 2 20.341179081661124 0
3 2 20.200249470075132 0

0 3 20.555641640291896 0
1 3 20.333803415257815 -1
2 3 20.565790430207883 0
3 3 20.27438291550224 0


# 20.0 20.0 1.9676423441296365
0 0 19.180767989836887 0
1 0 19.429316360791717 0
2 0 20.189606570170767 0
3 0 20.674265829639033 0

0 1 20.29287527315763 1
1 1 19.84528985417666 0
2 1 20.15532953696192 0
3 1 19.53700735710291 -1

0 2 20.159741577045963 0
1 2 19.631996088771608 -1
2 2 20.33144287205359 0
3 2 20.193552990067882 0

0 3 20.541561081149034 0
1 3 20.26865584301853 -1
2 3 20.552521011706045 0
3 3 20.273458018565446 0


# 20.0 20.0 1.9676423441296365
0 0 19.206926641810153 0
1 0 19.444186950432357 0
2 0 20.184928482027995 0
3 0 20.6466554898416 0

0 1 20.331118008561404 1
1 1 19.847467508192906 0
2 1 20.146683873820276 0
3 1 19.508295756349348 -1

0 2 20.159088532951817 0
1 2 19.59694013358517 -1
2 2 20.32140999030517 0
3 2 20.18666172966767 0

0 3 20.527197814739313 0
1 3 20.205492205132117 -1
2 3 20.538919451782423 0
3 3 20.27232050407449 0


# 20.0 20.0 1.9676423441296365
0 0 19.232780942212912 0
1 0 19.458713221703405 0
2 0 20.180186116807203 0
3 0 20.61963767468518 0

0 1 20.368083096002117 1
1 1 19.84963411170098 0
2 1 20.137957359578856 0
3 1 19.480278415749854 -1

0 2 20.15831346709976 0
1 2 19.56270520446394 -1
2 2 20.31109723571644 0
3 2 20.179586290888118 0

0 3 20.51258436147548 0
1 3 20.14423204072923 -1
2 3 20.525016632173802 0
3 3 20.27097220100455 0


# 20.0 20.0 1.9676423441296365
0 0 19.258322384105714 0
1 0 19.47290497774323 0
2 0 20.175384300045387 0
3 0 20.593198670986055 0

0 1 20.403818845524906 1
1 1 19.851780310987063 0
2 1 20.129157889469056 0
3 1 19.45293003650448 -1

0 2 20.15741360241914 0
1 2 19.529269632927893 -1
2 2 20.300520933747556 0
3 2 20.172336744725897 0

0 3 20.497751072180144 0
1 3 20.08479874306598 -1
2 3 20.51084143615632 0
3 3 20.269415339938973 0


# 20.0 20.0 1.9676423441296365
0 0 19.283543464157127 0
1 0 19.48677146558029 0
2 0 20.170527695755904 0
3 0 20.567325011617683 0

0 1 20.43837130254362 1
1 1 19.853897699545936 0
2 1 20.120292827161187 0
3 1 19.426226429973347 -1

0 2 20.156386935209355 0
1 2 19.49661194228618 -1
2 2 20.28969692433163 0
3 2 20.164922665778338 0

0 3 20.482726261720963 0
1 3 20.02711935153917 -1
2 3 20.49642087522747 0
3 3 20.26765251019324 0


# 20.0 20.0 1.9676423441296365
0 0 19.308437612664957 0
1 0 19.50032142012152 0
2 0 20.165620803640962 0
3 0 20.54200347800282 0

0 1 20.47178437480583 1
1 1 19.855978736740227 0
2 1 20.111369046193683 0
3 1 19.400144462194167 -1

0 2 20.155232154876316 0
1 2 19.46471089506629 -1
2 2 20.2786405537509 0
3 2 20.157353164129308 0

0 3 20.467536334375993 0
1 3 19.97112435603056 -1
2 3 20.481780207507615 0
3 3 20.265686620285926 0


# 20.0 20.0 1.9676423441296365
0 0 19.332999128148145 0
1 0 19.51356310449877 0
2 0 20.160667957432384 0
3 0 20.517221101830238 0

0 1 20.50409995130116 1
1 1 19.858016673341414 0
2 1 20.102392967737014 0
3 1 19.37466200158637 -1

0 2 20.153948570540432 0
1 2 19.43354553394707 -1
2 2 20.26736666965071 0
3 2 20.149636914734153 0

0 3 20.452205901457308 0
1 3 19.91674751279222 -1
2 3 20.46694304842504 0
3 3 20.263520861513545 0


# 20.0 20.0 1.9676423441296365
0 0 19.357223116204413 0
1 0 19.52650434707356 0
2 0 20.155673324219915 0
3 0 20.492965166074026 0

0 1 20.535358013667548 1
1 1 19.860005483370127 0
2 1 20.093370595031562 0
3 1 19.34975786962982 -1

0 2 20.1525360439666 0
1 2 19.403095216834966 -1
2 2 20.255889618807785 0
3 2 20.14178218451473 0

0 3 20.43675789168595 0
1 3 19.863925671138297 -1
2 3 20.451931474208703 0
3 3 20.261158674403738 0


# 20.0 20.0 1.9676423441296365
0 0 19.381105432349948 0
1 0 19.53915257537575 0
2 0 20.150640904640454 0
3 0 20.469223205386605 0

0 1 20.56559674060975 1
1 1 19.861939801702587 0
2 1 20.084307544807416 0
3 1 19.325411794321873 -1

0 2 20.15099492830957 0
1 2 19.373339646666388 -1
2 2 20.244223247307378 0
3 2 20.13379685735751 0

0 3 20.42121365477863 0
1 3 19.812598610258334 -1
2 3 20.43676611867557 0
3 3 20.2586037178376 0


# 20.0 20.0 1.9676423441296365
0 0 19.404642628577175 0
1 0 19.551514847229008 0
2 0 20.14557453381463 0
3 0 20.445983005930326 0

0 1 20.594852605807212 1
1 1 19.863814866954982 0
2 1 20.075209075965446 0
3 1 19.301604366231395 -1

0 2 20.149326012207595 0
1 2 19.344258896467142 -1
2 2 20.23238090281821 0
3 2 20.125688457191142 0

0 3 20.40559305867619 0
1 3 19.762708885513312 -1
2 3 20.421466263765225 0
3 3 20.255859840646924 0


# 20.0 20.0 1.9676423441296365
0 0 19.42783190338483 0
1 0 19.563597879295244 0
2 0 20.14047788292871 0
3 0 20.423232604706755 0

0 1 20.623160469753877 1
1 1 19.865626469198922 0
2 1 20.066080115773232 0
3 1 19.27831699698173 -1

0 2 20.147530468793644 0
1 2 19.31583343015261 -1
2 2 20.220375438685522 0
3 2 20.117464169304885 0

0 3 20.389914580815528 0
1 3 19.714201683618555 -1
2 3 20.4060499242425 0
3 3 20.252931055506203 0


# 20.0 20.0 1.9676423441296365
0 0 19.45067105505157 0
1 0 19.575408073250994 0
2 0 20.135354461370476 0
3 0 20.40096028843754 0

0 1 20.650553665940745 1
1 1 19.867370902098784 0
2 1 20.056925283805754 0
3 1 19.255531880007076 -1

0 2 20.145609809227217 0
1 2 19.288044119508843 -1
2 2 20.208219219590962 0
3 2 20.10913086005533 0

0 3 20.37419539382032 0
1 3 19.667024686157436 -1
2 3 20.390533926959368 0
3 3 20.249821514952156 0


# 20.0 20.0 1.9676423441296365
0 0 19.47315843794001 0
1 0 19.586951539791364 0
2 0 20.13020761933733 0
3 0 20.37915459204592 0

0 1 20.677064081762424 1
1 1 19.869044919096464 0
2 1 20.04774891383946 0
3 1 19.233231953438068 -1

0 2 20.143565840380774 0
1 2 19.260872257755125 -1
2 2 20.19592412855391 0
3 2 20.100695095096338 0

0 3 20.358451445961247 0
1 3 19.621127940906934 -1
2 3 20.37493398504003 0
3 3 20.246535489375514 0


# 20.0 20.0 1.9676423441296365
0 0 19.495292921632817 0
1 0 19.598234120640928 0
2 0 20.12504055084348 0
3 0 20.357804296783648 0

0 1 20.702722234501724 1
1 1 19.87064569330068 0
2 1 20.038555073888798 0
3 1 19.211400864982895 -1

0 2 20.141400626343398 0
1 2 19.234299570052137 -1
2 2 20.18350157507225 0
3 2 20.09216315625546 0

0 3 20.342697536713647 0
1 3 19.576463740490514 -1
2 3 20.35926476732761 0
3 3 20.24307734684099 0


# 20.0 20.0 1.9676423441296365
0 0 19.517073852715747 0
1 0 19.609261408736327 0
2 0 20.11985629706096 0
3 0 20.336898428043963 0

0 1 20.72755734272097 1
1 1 19.872170780767025 0
2 1 20.02934758455673 0
3 1 19.19002293867989 -1

0 2 20.139116453430816 0
1 2 19.20830822128676 -1
2 2 20.1709625042219 0
3 2 20.083541057169644 0

0 3 20.326947387719013 0
1 3 19.532986507905914 -1
2 3 20.343539963407476 0
3 3 20.239451534601642 0


# 20.0 20.0 1.9676423441296365
0 0 19.53850101903547 0
1 0 19.620038766731764 0
2 0 20.114657749936388 0
3 0 20.316426252897774 0

0 1 20.75159739336549 1
1 1 19.873618086881496 0
2 1 20.020130035854645 0
3 1 19.169083143406397 -1

0 2 20.136715798415178 0
1 2 19.18288082143409 -1
2 2 20.15831740655364 0
3 2 20.07483455778326 0

0 3 20.31121370943698 0
1 3 19.490652688505207 -1
2 3 20.32777234450029 0
3 3 20.235662562183386 0


# 20.0 20.0 1.9676423441296365
0 0 19.55957461627136 0
1 0 19.6305713439661 0
2 0 20.109447656031683 0
3 0 20.29637727738671 0

0 1 20.774869204862956 1
1 1 19.8749858355846 0
2 1 20.01090580263254 0
3 1 19.148567063036957 -1

0 2 20.13420129971055 0
1 2 19.1580004287695 -1
2 2 20.14557632864329 0
3 2 20.066049177802725 0

0 3 20.29550826375584 0
1 3 19.449420648032298 -1
2 3 20.311973820497585 0
3 3 20.231714985924388 0


# 20.0 20.0 1.9676423441296365
0 0 19.580295216671537 0
1 0 19.640864092018976 0
2 0 20.104228620542813 0
3 0 20.276741243603745 0

0 1 20.79739848648231 1
1 1 19.87627254119538 0
2 1 20.0016780587472 0
3 1 19.128460868151247 -1

0 2 20.1315757312708 0
1 2 19.133650551178267 -1
2 2 20.13274888416712 0
3 2 20.057190209193923 0

0 3 20.279841922812267 0
1 3 19.4092505763488 -1
2 3 20.296155493393968 0
3 3 20.227613394862164 0


# 20.0 20.0 1.9676423441296365
0 0 19.600663739813378 0
1 0 19.650921778972798 0
2 0 20.0990031114559 0
3 0 20.257508126589297 0

0 1 20.81920989419741 1
1 1 19.87747698261515 0
2 1 19.992449790084006 0
3 1 19.1087512891993 -1

0 2 20.128841978975682 0
1 2 19.109815145786992 -1
2 2 20.119844265388608 0
3 2 20.04826272780118 0

0 3 20.26422472425492 0
1 3 19.370104396503383 -1
2 3 20.28032770735247 0
3 3 20.22336239786897 0


# 20.0 20.0 1.9676423441296365
0 0 19.620681425258137 0
1 0 19.66074900248789 0
2 0 20.093773463804688 0
3 0 20.23866813106813 0

0 1 20.840327083283306 1
1 1 19.87859817970933 0
2 1 19.983223806537197 0
3 1 19.08942559103781 -1

0 2 20.126003019298608 0
1 2 19.086478617120015 -1
2 2 20.106871254955685 0
3 2 20.03927160415988 0

0 3 20.248665923171366 0
1 3 19.331945678821967 -1
2 3 20.264500095623426 0
3 3 20.218966611943088 0


# 20.0 20.0 1.9676423441296365
0 0 19.640349806978097 0
1 0 19.670350201789304 0
2 0 20.088541883997625 0
3 0 20.220211688050103 0

0 1 20.86077275785724 1
1 1 19.879635371682927 0
2 1 19.9740027530435 0
3 1 19.07047154875726 -1

0 2 20.12306190006585 0
1 2 19.06362581396457 -1
2 2 20.093838237919307 0
3 2 20.0302215135686 0

0 3 20.23317404088385 0
1 3 19.294739559717108 -1
2 3 20.248681624522195 0
3 3 20.214430651570225 0


# 20.0 20.0 1.9676423441296365
0 0 19.659670689442645 0
1 0 19.679729668655632 0
2 0 20.083310454186716 0
3 0 20.202129451315628 0

0 1 20.880568717561534 1
1 1 19.88058799728085 0
2 1 19.964789119755142 0
3 1 19.051877424725127 -1

0 2 20.120021723132 0
1 2 19.04124202511086 -1
2 2 20.080753213894663 0
3 2 20.021116945480998 0

0 3 20.21775691080622 0
1 3 19.25845266493426 -1
2 3 20.232880634657054 0
3 3 20.209759119075354 0


# 20.0 20.0 1.9676423441296365
0 0 19.678646125257316 0
1 0 19.688891557492795 0
2 0 20.078081136653637 0
3 0 20.18441229380481 0

0 1 20.89973590157199 1
1 1 19.881455676658536 0
2 1 19.95558525143008 0
3 1 19.033631946775262 -1

0 2 20.116885628810326 0
1 2 19.019312974117113 -1
2 2 20.06762380929594 0
3 2 20.011962212272554 0

0 3 20.20242172154213 0
1 3 19.223053036970818 -1
2 3 20.217104879585563 0
3 3 20.204956595890938 0


# 20.0 20.0 1.9676423441296365
0 0 19.69727839425683 0
1 0 19.697839894568926 0
2 0 20.07285577819183 0
3 0 20.167051303927444 0

0 1 20.918294430102677 1
1 1 19.882238194781554 0
2 1 19.946393356109972 0
3 1 19.01572428747842 -1

0 2 20.113656781909437 0
1 2 18.997824813234985 -1
2 2 20.054457289584175 0
3 2 20.00276145743255 0

0 3 20.187175057393176 0
1 3 19.18851006642061 -1
2 3 20.201361562065717 0
3 3 20.200027634672843 0


# 20.0 20.0 1.9676423441296365
0 0 19.715569983959643 0
1 0 19.706578586480227 0
2 0 20.067636114465984 0
3 0 20.150037781809388 0

0 1 20.93626364356617 1
1 1 19.882935486224735 0
2 1 19.937215513149734 0
3 1 18.998144044433026 -1

0 2 20.110338359239574 0
1 2 18.976764116617336 -1
2 2 20.04126057147532 0
3 2 19.993518663227356 0

0 3 20.172022936434946 0
1 3 19.15479442701236 -1
2 3 20.185657368056884 0
3 3 20.19497675220003 0


# 20.0 20.0 1.9676423441296365
0 0 19.733523571297653 0
1 0 19.715111427911918 0
2 0 20.062423774332864 0
3 0 20.13336323548944 0

0 1 20.953662139537535 1
1 1 19.883547621252546 0
2 1 19.928053680656472 0
3 1 18.98088122151932 -1

0 2 20.106933538462588 0
1 2 18.95611787291814 -1
2 2 20.02804023506281 0
3 2 19.98423765787719 0

0 3 20.156970846308987 0
1 3 19.121878014125247 -1
2 3 20.16999849861515 0
3 3 20.189808422998738 0


# 20.0 20.0 1.9676423441296365
0 0 19.75114200554033 0
1 0 19.723442108753126 0
2 0 20.057220284109672 0
3 0 20.11701937707937 0

0 1 20.970507807660024 1
1 1 19.884074793072276 0
2 1 19.91890970239013 0
3 1 18.96392621106367 -1

0 2 20.103445488169804 0
1 2 18.93587347738323 -1
2 2 20.014802535814983 0
3 2 19.974922122284877 0

0 3 20.142023777869404 0
1 3 19.0897338865784 -1
2 3 20.15439069981802 0
3 3 20.18452707363602 0


# 20.0 20.0 1.9676423441296365
0 0 19.768428292337838 0
1 0 19.73157422061973 0
2 0 20.052027071778138 0
3 0 20.100998118898612 0

0 1 20.986817862621262 1
1 1 19.88451730616098 0
2 1 19.909785314173217 0
3 1 18.947269776863276 -1

0 2 20.09987735908116 0
1 2 18.91601872352046 -1
2 2 20.001553416413422 0
3 2 19.965575596351865 0

0 3 20.12718625681402 0
1 3 19.05833621150394 -1
2 3 20.138839290844302 0
3 3 20.179137077631477 0


# 20.0 20.0 1.9676423441296365
0 0 19.785385578812566 0
1 0 19.73951126283472 0
2 0 20.046845471114334 0
3 0 20.085291569593995 0

0 1 21.002608875319826 1
1 1 19.88487556557543 0
2 1 19.9006821498525 0
3 1 18.9309030380246 -1

0 2 20.096232276267603 0
1 2 18.8965417944286 -1
2 2 19.988298518403305 0
3 2 19.956201484913798 0

0 3 20.112462373421973 0
1 3 19.027660212125113 -1
2 3 20.12334919032676 0
3 3 20.17364275093963 0


# 20.0 20.0 1.9676423441296365
0 0 19.80201713963317 0
1 0 19.747256647911538 0
2 0 20.04167672573583 0
3 0 20.069892030253737 0

0 1 21.017896802334107 1
1 1 19.88515006716213 0
2 1 19.89160174685149 0
3 1 18.914817453571793 -1

0 2 20.09251333230658 0
1 2 18.877431253855992 -1
2 2 19.975043193631322 0
3 2 19.94680306332513 0

0 3 20.097855810511962 0
1 3 18.997682118272195 -1
2 3 20.107924941087155 0
3 3 20.168048347958752 0


# 19.880000000000003 20.0 1.9676423441296365
0 0 19.817606364009322 0
1 0 19.75444506658214 0
2 0 20.036157569379174 0
3 0 20.054067617440015 0

0 1 21.03232837379781 1
1 1 19.885332541231396 0
2 1 19.88254107209638 0
3 1 18.898636061556115 -1

0 2 20.088359157607695 0
1 2 18.858671557799816 -1
2 2 19.96179240794872 0
3 2 19.937019056475037 0

0 3 20.08264549664409 0
1 3 18.968010373251136 -1
2 3 20.092206307111397 0
3 3 20.161629311795274 0


# 19.760000000000005 20.0 1.9676423441296365
0 0 19.831453816189544 0
1 0 19.760713700907292 0
2 0 20.029926820150575 0
3 0 20.037103937792654 0

0 1 21.045552328278646 1
1 1 19.885406323161273 0
2 1 19.873488239989555 0
3 1 18.881984681781844 -1

0 2 20.083410505580844 0
1 2 18.84023875834473 -1
2 2 19.94854180071023 0
3 2 19.926490125634533 0

0 3 20.066127309310886 0
1 3 18.93825680607179 -1
2 3 20.075834777235645 0
3 3 20.153678555405087 0


# 19.640000000000008 20.0 1.9676423441296365
0 0 19.843596671156952 0
1 0 19.76607088324281 0
2 0 20.022989850436552 0
3 0 20.01902789041874 0

0 1 21.05758809248973 1
1 1 19.885355451338334 0
2 1 19.86442726588126 0
3 1 18.86486066853022 -1

0 2 20.07767471426819 0
1 2 18.822105243212846 -1
2 2 19.93527808321971 0
3 2 19.915223348043742 0

0 3 20.048337904419775 0
1 3 18.908405355315196 -1
2 3 20.058818060519027 0
3 3 20.144234624313256 0


# 19.52000000000001 20.0 1.9676423441296365
0 0 19.854071098704093 0
1 0 19.77052490295236 0
2 0 20.015352037429246 0
3 0 19.99986543883518 0

0 1 21.06845460777689 1
1 1 19.885164533911976 0
2 1 19.855342620996055 0
3 1 18.84726169734645 -1

0 2 20.07115914933384 0
1 2 18.804244277 -1
2 2 19.92198827490387 0
3 2 19.90322578258467 0

0 3 20.02931251391645 0
1 3 18.878440828609182 -1
2 3 20.041163666711142 0
3 3 20.133334851229527 0


# 19.52000000000001 20.0 1.9676423441296365
0 0 19.863632293279498 0
1 0 19.77445264340381 0
2 0 20.00738318029604 0
3 0 19.980366021568823 0

0 1 21.078538985968564 1
1 1 19.884827578612622 0
2 1 19.846223703962153 0
3 1 18.82955449215529 -1

0 2 20.06423561438444 0
1 2 18.78663445926212 -1
2 2 19.908659809058726 0
3 2 19.890868889545438 0

0 3 20.009809380731383 0
1 3 18.84871760388805 -1
2 3 20.02324333987939 0
3 3 20.12174414333836 0


# 19.52000000000001 20.0 1.9676423441296365
0 0 19.873017430273904 0
1 0 19.77822837065104 0
2 0 19.99945090387779 0
3 0 19.96126090954474 0

0 1 21.088225316037136 1
1 1 19.884347597038165 0
2 1 19.83706911979753 0
3 1 18.81210359051142 -1

0 2 20.057273748452662 0
1 2 18.76926399031879 -1
2 2 19.895289482298402 0
3 2 19.878522042778307 0

0 3 19.990568139253142 0
1 3 18.81958837015817 -1
2 3 20.005426583553994 0
3 3 20.11020873769417 0


# 19.52000000000001 20.0 1.9676423441296365
0 0 19.882226247024303 0
1 0 19.781855076058978 0
2 0 19.99155618717974 0
3 0 19.942539434133426 0

0 1 21.09752602387376 1
1 1 19.883727482900923 0
2 1 19.827881922961936 0
3 1 18.794902560508426 -1

0 2 20.050276548859 0
1 2 18.752125901394088 -1
2 2 19.881883064556337 0
3 2 19.866188049334724 0

0 3 19.971586065268234 0
1 3 18.79103532121412 -1
2 3 19.987716192526303 0
3 3 20.09872807403951 0


# 19.52000000000001 19.0 1.9676423441296365
0 0 19.891258675330622 0
1 0 19.785335671009438 0
2 0 19.98369991165545 0
3 0 19.92419124417059 0

0 1 21.106453083356147 1
1 1 19.88297012266634 0
2 1 19.818665058572403 0
3 1 18.777945185192003 -1

0 2 20.043246914407142 0
1 2 18.7352134832013 -1
2 2 19.86844607086125 0
3 2 19.85386958322378 0

0 3 19.952860353746033 0
1 3 18.763041318076812 -1
2 3 19.97011469799593 0
3 3 20.087301674748723 0


# 19.640000000000008 19.0 2.106453083356147
0 0 19.90083482807111 0
1 0 19.789041631175756 0
2 0 19.976247290572946 0
3 0 19.90693066908963 0

0 1 21.115386676236923 1
1 1 19.88208723896859 0
2 1 19.809425845188066 0
3 1 18.761594200583957 -1

0 2 20.03655207016025 0
1 2 18.71852475638444 -1
2 2 19.854983878053417 0
3 2 19.841933617769016 0

0 3 19.93511250167002 0
1 3 18.73595860619019 -1
2 3 19.952988810588007 0
3 3 20.076657883598052 0


# 19.760000000000005 19.0 2.1153866762369233
0 0 19.9116579139495 0
1 0 19.79334179198827 0
2 0 19.969561284044072 0
3 0 19.891455030817937 0

0 1 21.124704002511912 1
1 1 19.82109900825097 -1
2 1 19.799460265070227 0
3 1 18.746201431123318 -1

0 2 20.030556978340318 0
1 2 18.701346749728007 -1
2 2 19.841493405224718 0
3 2 19.83074463846207 0

0 3 19.919046638624266 0
1 3 18.710128931117488 -1
2 3 19.936702643182592 0
3 3 20.06750756716826 0


# 19.880000000000003 19.0 2.124704002511912
0 0 19.92369477858132 0
1 0 19.797513697575276 0
2 0 19.96362085803578 0
3 0 19.8777205171784 0

0 1 21.073690643588485 0
1 1 19.76215039212647 -1
2 1 19.78884776538498 0
3 1 18.851748726068443 1

0 2 20.024522593633314 0
1 2 18.683741649606286 -1
2 2 19.827982162133562 0
3 2 19.821740225111103 0

0 3 19.9046167779308 0
1 3 18.68552424885919 -1
2 3 19.921253299906855 0
3 3 20.059833217050418 0


# 20.0 19.0 2.124704002511912
0 0 19.93617621864636 0
1 0 19.80160149190282 0
2 0 19.958406819291874 0
3 0 19.867124445104302 0

0 1 21.024909827010642 0
1 1 19.705156382111255 -1
2 1 19.77910260172176 0
3 1 18.953230886836813 1

0 2 20.018491863755287 0
1 2 18.665767906307497 -1
2 2 19.814493386747717 0
3 2 19.814797825544055 0

0 3 19.891778767276666 0
1 3 18.662117830088995 -1
2 3 19.906637994517414 0
3 3 20.05361645107734 0


# 20.119999999999997 19.0 2.124704002511912
0 0 19.94911201060205 0
1 0 19.805646331786964 0
2 0 19.95393621342497 0
3 0 19.85951397028369 0

0 1 20.97829673735382 0
1 1 19.650054638695956 -1
2 1 19.770166258347583 0
3 1 19.05088892623977 1

0 2 20.01250532640882 0
1 2 18.647481100988035 -1
2 2 19.80106670233659 0
3 2 19.80980318182705 0

0 3 19.88049020953268 0
1 3 18.639884192885717 -1
2 3 19.892854006903278 0
3 3 20.048838145103318 0


# 20.239999999999995 19.0 2.124704002511912
0 0 19.962511295050067 0
1 0 19.809687211617963 0
2 0 19.950223301744114 0
3 0 19.854744814089283 0

0 1 20.933789129506817 0
1 1 19.596785500444074 -1
2 1 19.761985851116073 0
3 1 19.14494999750209 1

0 2 20.00660122797998 0
1 2 18.628934059624367 -1
2 2 19.787738425818084 0
3 2 19.806649767011397 0

0 3 19.870710387039892 0
1 3 18.618799038227326 -1
2 3 19.879898645923124 0
3 3 20.045478552834812 0


# 20.359999999999992 19.0 2.124704002511912
0 0 19.976382604521763 0
1 0 19.813761045610526 0
2 0 19.947279823600653 0
3 0 19.8526807586353 0

0 1 20.89132721806288 0
1 1 19.545291894515724 -1
2 1 19.75451365195974 0
3 1 19.235628227738278 1

0 2 20.00081563638155 0
1 2 18.73017696470171 1
2 2 19.775981849733967 0
3 2 19.8052555403606 0

0 3 19.862400189201765 0
1 3 18.600279188219698 -1
2 3 19.867803777883815 0
3 3 20.043518036751692 0


# 20.47999999999999 19.0 2.124704002511912
0 0 19.99073388992306 0
1 0 19.817902748991358 0
2 0 19.94511523692446 0
3 0 19.853193172900383 0

0 1 20.850853571954083 0
1 1 19.49695924683025 -1
2 1 19.747741211400395 0
3 1 19.32312612126921 1

0 2 19.996622548363813 0
1 2 18.8255665843938 1
2 2 19.7656911263152 0
3 2 19.80554283107749 0

0 3 19.855556603229502 0
1 3 18.584174585900556 -1
2 3 19.856596624200304 0
3 3 20.042937060891965 0


# 20.599999999999987 19.0 2.124704002511912
0 0 20.005572545737174 0
1 0 19.822162597887623 0
2 0 19.943737560759896 0
3 0 19.85616058286032 0

0 1 20.812347574023185 0
1 1 19.45159901859486 -1
2 1 19.741659479176448 0
3 1 19.407635178893273 1

0 2 19.99392605047229 0
1 2 18.915484077718293 1
2 2 19.75676934839814 0
3 2 19.807438131230434 0

0 3 19.850173773149713 0
1 3 18.570346306993553 -1
2 3 19.846300198579296 0
3 3 20.043716186657573 0


# 20.719999999999985 19.0 2.124704002511912
0 0 20.020906056153564 0
1 0 19.826586680402443 0
2 0 19.943153464117252 0
3 0 19.861468265593473 0

0 1 20.77578614941686 0
1 1 19.409036462342875 -1
2 1 19.736258957620997 0
3 1 19.489336485633093 1

0 2 19.992638484355872 0
1 2 19.0002863292129 1
2 2 19.749127823074755 0
3 2 19.81087189566314 0

0 3 19.846243334812517 0
1 3 18.55866572045108 -1
2 3 19.836933707001165 0
3 3 20.045836071169873 0


# 20.839999999999982 19.0 2.124704002511912
0 0 20.036741912089866 0
1 0 19.83121722188814 0
2 0 19.94336835196556 0
3 0 19.86900786608329 0

0 1 20.741144133446813 0
1 1 19.369109591856443 -1
2 1 19.731529834685546 0
3 1 19.568401268393686 1

0 2 19.992679753582593 0
1 2 19.080307580078262 1
2 2 19.742685403776303 0
3 2 19.815778348965367 0

0 3 19.78375472044767 -1
1 3 18.60829371228246 0
2 3 19.82922427355386 0
3 3 20.049286004077988 0


# 20.839999999999982 19.0 2.124704002511912
0 0 20.05236753951865 0
1 0 19.835724244368926 0
2 0 19.94402202452466 0
3 0 19.87795266241931 0

0 1 20.708025962461537 0
1 1 19.331659382906466 -1
2 1 19.72745761957585 0
3 1 19.644622678692677 1

0 2 19.992892263087974 0
1 2 19.156559185379145 1
2 2 19.73738473752473 0
3 2 19.821731179352366 0

0 3 19.724833782216 -1
1 3 18.656312783260386 0
2 3 19.822752656362955 0
3 3 20.053325513959763 0


# 20.839999999999982 19.0 2.124704002511912
0 0 20.067087310577943 0
1 0 19.83977705072154 0
2 0 19.944755347487224 0
3 0 19.887498902886374 0

0 1 20.67602853951702 0
1 1 19.29653760126928 -1
2 1 19.724019258215897 0
3 1 19.71778751827304 1

0 2 19.992919846123623 0
1 2 19.229242204099084 1
2 2 19.733163213699907 0
3 2 19.82830978477076 0

0 3 19.66861055760883 -1
1 3 18.7024349113803 0
2 3 19.81710412846419 0
3 3 20.05723076241603 0


# 20.839999999999982 19.0 2.124704002511912
0 0 20.08094183448 0
1 0 19.843413231990073 0
2 0 19.94557479960987 0
3 0 19.89758929019706 0

0 1 20.64512013223978 0
1 1 19.26360533432689 -1
2 1 19.72118790421245 0
3 1 19.788045486255736 1

0 2 19.9927728873138 0
1 2 19.29854229446298 1
2 2 19.729953108785235 0
3 2 19.835463526099872 0

0 3 19.61496307111924 -1
1 3 18.746739959030887 0
2 3 19.81223284103148 0
3 3 20.061022811374627 0


# 20.839999999999982 19.0 2.124704002511912
0 0 20.09397032880948 0
1 0 19.846667681799445 0
2 0 19.946485996540762 0
3 0 19.908170453543523 0

0 1 20.615269269291108 0
1 1 19.23273228407639 -1
2 1 19.71893748731815 0
3 1 19.855538433436536 1

0 2 19.9924617216651 0
1 2 19.364634909211446 1
2 2 19.727690584727476 0
3 2 19.84314507995814 0

0 3 19.5637748207273 -1
1 3 18.789304591603234 0
2 3 19.80809527756062 0
3 3 20.064720874455364 0


# 20.839999999999982 19.0 2.124704002511912
0 0 20.106210640385424 0
1 0 19.849572786215898 0
2 0 19.94749375341098 0
3 0 19.919192703458126 0

0 1 20.586444815734403 0
1 1 19.203796214422482 -1
2 1 19.71724271575885 0
3 1 19.920400785222302 1

0 2 19.991996583903244 0
1 2 19.427685889265174 1
2 2 19.72631546421107 0
3 2 19.851310232086565 0

0 3 19.514934541287193 -1
1 3 18.830202387253255 0
2 3 19.80465014061411 0
3 3 20.068342447447378 0


# 20.839999999999982 19.0 2.124704002511912
0 0 20.11769926855495 0
1 0 19.85215860003149 0
2 0 19.948602143998702 0
3 0 19.930609801284284 0

0 1 20.558616038276124 0
1 1 19.176682435050182 -1
2 1 19.71607907534421 0
3 1 19.982759941547545 1

0 2 19.99138756500525 0
1 2 19.487852020798684 1
2 2 19.72577101955506 0
3 2 19.85991768324153 0

0 3 19.468335977227955 -1
1 3 18.86950394465231 0
2 3 19.801858243648176 0
3 3 20.071903430461948 0


# 20.839999999999982 19.0 2.124704002511912
0 0 20.128471390546665 0
1 0 19.854453010465313 0
2 0 19.949814556595882 0
3 0 19.94237874241577 0

0 1 20.531752661355753 0
1 1 19.151283319383342 -1
2 1 19.71542282577267 0
3 1 20.04273665501971 1

0 2 19.99064457518762 0
1 2 19.545281558105685 1
2 2 19.726003774345635 0
3 2 19.868928866863314 0

0 3 19.42387766428583 -1
1 3 18.907276988569386 0
2 3 19.799682407735478 0
3 3 20.075418242260504 0


# 20.839999999999982 19.0 2.124704002511912
0 0 20.138560888548838 0
1 0 19.856481889200108 0
2 0 19.95113374670752 0
3 0 19.95445955250953 0

0 1 20.505824914976248 0
1 1 19.1274978543096 -1
2 1 19.71525099450017 0
3 1 20.100445388475357 1

0 2 19.989777312678154 0
1 2 19.600114714475446 1
2 2 19.726963316979937 0
3 2 19.878307777827644 0

0 3 19.38146271998651 -1
1 3 18.94358647315584 0
2 3 19.798087362999343 0
3 3 20.07889992722905 0


# 20.839999999999982 19.0 2.124704002511912
0 0 20.148000378211197 0
1 0 19.858269233604442 0
2 0 19.952561886713173 0
3 0 19.966815095921447 0

0 1 20.480803575089634 0
1 1 19.105231219514774 -1
2 1 19.71554136850436 0
3 1 20.155994653066433 1

0 2 19.98879523766029 0
1 2 19.652484123148355 1
2 2 19.728602125354655 0
3 2 19.888020811626685 0

0 3 19.340998642596787 -1
1 3 18.978494682828227 0
2 3 19.797039654578313 0
3 3 20.082360255443263 0


# 20.839999999999982 19.0 2.124704002511912
0 0 20.156821238299923 0
1 0 19.859837297927392 0
2 0 19.95410061261946 0
3 0 19.979410895656507 0

0 1 20.45665999728157 0
1 1 19.084394394420404 -1
2 1 19.716272484241685 0
3 1 20.209487327935943 1

0 2 19.98770755083488 0
1 2 19.702515270278493 1
2 2 19.730875401986335 0
3 2 19.898036613362752 0

0 3 19.30239711826726 -1
1 3 19.01206133066693 0
2 3 19.796507552943183 0
3 3 20.085809816242975 0


# 20.95999999999998 19.0 2.124704002511912
0 0 20.165773641263634 0
1 0 19.861575355194084 0
2 0 19.95611549171055 0
3 0 19.99293933724863 0

0 1 20.43373478443397 0
1 1 19.064912638218004 -1
2 1 19.717428095316293 0
3 1 20.261389708713764 1

0 2 19.98688759977557 0
1 2 19.750331380952886 1
2 2 19.73374102640189 0
3 2 19.90869036221782 0

0 3 19.26629820917495 -1
1 3 19.044712400495772 0
2 3 19.796825394637256 0
3 3 20.089986851940488 0


# 21.079999999999977 19.0 2.124704002511912
0 0 20.17558951185368 0
1 0 19.86386860197732 0
2 0 19.95896947347321 0
3 0 20.00807783129392 0

0 1 20.41236660048591 0
1 1 19.04672476772833 -1
2 1 19.719001446456918 0
3 1 20.31216057662741 1

0 2 19.98670627487236 0
1 2 19.796058088301127 1
2 2 19.73716836063396 0
3 2 19.920317156475093 0

0 3 19.233328497749067 -1
1 3 19.076869023443198 0
2 3 19.798327018894703 0
3 3 20.095611055375066 0


# 21.199999999999974 19.0 2.124704002511912
0 0 20.186263111856505 0
1 0 19.866729608930967 0
2 0 19.962658462227516 0
3 0 20.0247648578336 0

0 1 20.39252353311899 0
1 1 19.029773730999064 -1
2 1 19.72099051059284 0
3 1 20.361882702707877 1

0 2 19.987167532757752 0
1 2 19.83981904383668 1
2 2 19.74113772408112 0
3 2 19.93288741368911 0

0 3 19.203377110504512 -1
1 3 19.108578802537416 0
2 3 19.80098121508505 0
3 3 20.102655480926853 0


# 21.319999999999972 19.0 2.124704002511912
0 0 20.19778867753427 0
1 0 19.870169615804997 0
2 0 19.967177906624737 0
3 0 20.04294205026358 0

0 1 20.374174304023484 0
1 1 19.014006433602205 -1
2 1 19.723393423288577 0
3 1 20.410634303841043 1

0 2 19.988274941882302 0
1 2 19.881731704557755 1
2 2 19.74563103840467 0
3 2 19.946373192192237 0

0 3 19.176337779459384 -1
1 3 19.13988710122007 0
2 3 19.804758087498094 0
3 3 20.11109345896977 0


# 21.43999999999997 19.0 2.124704002511912
0 0 20.210160412180976 0
1 0 19.87419862897008 0
2 0 19.972522843776765 0
3 0 20.062554022225505 0

0 1 20.357288284706485 0
1 1 18.999373469287573 -1
2 1 19.726208478834447 0
3 1 20.458489291398745 1

0 2 19.99003168754793 0
1 2 19.921907662296505 1
2 2 19.750631717611103 0
3 2 19.96074809173592 0

0 3 19.15210864486406 -1
1 3 19.17083713570473 0
2 3 19.809628995570602 0
3 3 20.120898619494536 0


# 21.559999999999967 19.0 2.124704002511912
0 0 20.22337248030658 0
1 0 19.87882551207379 0
2 0 19.978687940495746 0
3 0 20.08354820420812 0

0 1 20.341835508394517 0
1 1 18.98582886870096 -1
2 1 19.729434125668874 0
3 1 20.505517506219352 1

0 2 19.99244057845758 0
1 2 19.960452954111965 1
2 2 19.75612456517082 0
3 2 19.975987160173627 0

0 3 19.130592066218902 -1
1 3 19.20147006419595 0
2 3 19.81556649674297 0
3 3 20.13204491307573 0


# 21.679999999999964 19.0 2.124704002511912
0 0 20.237419003261163 0
1 0 19.884058070316183 0
2 0 19.985667531797244 0
3 0 20.105874689312827 0

0 1 20.327786678446984 0
1 1 18.973329864945843 -1
2 1 19.733068961254368 0
3 1 20.55178494068703 1

0 2 19.995504054547695 0
1 2 19.997468354900914 1
2 2 19.762095677719483 0
3 2 19.992066805824123 0

0 3 19.111694441259946 -1
1 3 19.231825073014566 0
2 3 19.82254429184548 0
3 3 20.14450662937704 0


# 21.79999999999996 19.0 2.124704002511912
0 0 20.252294056128918 0
1 0 19.889903128797368 0
2 0 19.993455656814135 0
3 0 20.12948608766758 0

0 1 20.31511317365968 0
1 1 18.96183667485179 -1
2 1 19.737111726515028 0
3 1 20.597353948618252 1

0 2 19.999224195894538 0
1 2 20.033049653323435 1
2 2 19.768532354919046 0
3 2 20.008964715174482 0

0 3 19.095326032601495 -1
1 3 19.261939459681198 0
2 3 19.830537172915697 0
3 3 20.15825841337655 0


# 21.91999999999996 19.0 2.124704002511912
0 0 20.26799166573776 0
1 0 19.89636660535672 0
2 0 20.00204609226241 0
3 0 20.154337389002116 0

0 1 20.30378705080378 0
1 1 18.95131229489089 -1
2 1 19.741561299930595 0
3 1 20.642283443625573 1

0 2 20.003602732507712 0
1 2 20.067287912067897 1
2 2 19.775423015083994 0
3 2 20.026659775602187 0

0 3 19.08140080173411 -1
1 3 19.2918487130152 0
2 3 19.839520973350947 0
3 3 20.173275279482432 0


# 22.039999999999957 19.0 2.124704002511912
0 0 20.284505809645125 0
1 0 19.90345357829332 0
2 0 20.0114323835941 0
3 0 20.180385832924674 0

0 1 20.293781044714546 0
1 1 18.941722310756205 -1
2 1 19.746416691370644 0
3 1 20.686629086592067 1

0 2 20.00864105484459 0
1 2 20.100269713413038 1
2 2 19.782757116204806 0
3 2 20.045132002814245 0

0 3 19.069836250086 -1
1 3 19.32158659031076 0
2 3 19.849472520302182 0
3 3 20.18953262369846 0


# 22.159999999999954 19.0 2.124704002511912
0 0 20.301830415973996 0
1 0 19.911168349328893 0
2 0 20.02160787396664 0
3 0 20.20759078646609 0

0 1 20.285068566215433 0
1 1 18.933034719683842 -1
2 1 19.751677035742222 0
3 1 20.73044346285547 1

0 2 20.01434022489769 0
1 2 20.132077390982378 1
2 2 19.790525082025066 0
3 2 20.064362472718994 0

0 3 19.060553266865405 -1
1 3 19.351185191655507 0
2 3 19.86036958921804 0
3 3 20.20700623398856 0


# 22.27999999999995 19.0 2.124704002511912
0 0 20.319959363985465 0
1 0 19.91951450214871 0
2 0 20.032565731152324 0
3 0 20.235913628481402 0

0 1 20.277623698137187 0
1 1 18.925219764663144 -1
2 1 19.757341586514947 0
3 1 20.773776249668124 1

0 2 20.020700987723806 0
1 2 20.162789248528036 1
2 2 19.798718232851623 0
3 2 20.084333257462895 0

0 3 19.053475983410802 -1
1 3 19.38067503145986 0
2 3 19.87219086045048 0
3 3 20.225672298979934 0


