# 20.0 20.0 0.0
0 0 20.0 0
1 0 20.06 1
2 0 20.00072 0
3 0 20.00000864 0

0 1 20.0 0
1 1 20.06072 1
2 1 20.06073728 1
3 1 20.06072895104 1

0 2 20.0 0
1 2 20.00072864 0
2 2 20.00073759104 0
3 2 20.00073759850496 0

0 3 20.0 0
1 3 20.06000874368 1
2 3 20.00072895601664 0
3 3 20.00001759865426 0


# 20.0 20.0 0.06073728000000145
0 0 20.00072 0
1 0 20.11822592 1
2 0 20.002837422080002 0
3 0 20.000771125437442 0

0 1 20.00073728 0
1 1 20.11997058944 1
2 1 20.1200331852032 1
3 1 20.11963683800607 1

0 2 20.00001759104 0
1 2 20.002862479462397 0
2 2 20.002194533300326 0
3 2 20.00216880700728 0

0 3 20.00072031601664 0
1 3 20.11754011746339 1
2 3 20.002135366856958 0
3 3 20.00006861518908 0


# 20.0 20.0 0.1200331852032015
0 0 20.002121638400002 0
1 0 20.17475958715904 1
2 0 20.00626501712624 0
3 0 20.002254187183283 0

0 1 20.00217163206656 0
1 1 20.177809923753575 1
2 1 20.177942468059683 1
3 1 20.176800476356817 1

0 2 20.000085905346864 0
1 2 20.00629664620657 0
2 2 20.004351715159476 0
3 2 20.004252366793438 0

0 3 20.002105896913765 0
1 3 20.172729887449652 1
2 3 20.004171484062546 0
3 3 20.000167231252544 0


# 20.0 20.0 0.17794246805968328
0 0 20.00416843404831 0
1 0 20.2296786049975 1
2 0 20.010920389529822 0
3 0 20.004425686835326 0

0 1 20.00426519467755 0
1 1 20.234293242380698 1
2 1 20.23451761947394 1
3 1 20.232293204427062 1

0 2 20.00023431017587 0
1 2 20.010933717050644 0
2 2 20.007189335080387 0
3 2 20.00694956463723 0

0 3 20.004105654996376 0
1 3 20.22570576245008 1
2 3 20.006793029677315 0
3 3 20.000326122059228 0


# 20.0 20.0 0.2345176194739409
0 0 20.006825696018673 0
1 0 20.283056575522753 1
2 0 20.016725731751553 0
3 0 20.007254589343397 0

0 1 20.006982295483997 0
1 1 20.2894730492368 1
2 1 20.28980894958514 1
3 1 20.286185047083915 1

0 2 20.000488729158857 0
1 2 20.01668318114333 0
2 2 20.010687063697045 0
3 2 20.01022406171655 0

0 3 20.006672185315814 0
1 3 20.276587901180815 1
2 3 20.009958935474113 0
3 3 20.000556577631382 0


# 20.0 20.0 0.28980894958514014
0 0 20.010060437414083 0
1 0 20.334963309971627 1
2 0 20.02360757320479 0
3 0 20.0107109355705 0

0 1 20.010289305663385 0
1 1 20.343399279829796 1
2 1 20.34386466757084 1
3 1 20.338542871084684 1

0 2 20.000871938599655 0
1 2 20.023460942648136 0
2 2 20.014824187928504 0
3 2 20.014041734764188 0

0 3 20.009761504721812 0
1 3 20.325489385925348 1
2 3 20.013631102002023 0
3 3 20.00086861487785 0


# 20.0 20.0 0.3438646675708412
0 0 20.013841293054796 0
1 0 20.38546502870589 1
2 0 20.031496542712354 0
3 0 20.014765814855526 0

0 1 20.014154504963333 0
1 1 20.396119456124623 1
2 1 20.396730960221642 1
3 1 20.389430532617222 1

0 2 20.001403840606468 0
1 2 20.031188859848044 0
2 2 20.019579738789968 0
3 2 20.018370528539513 0

0 3 20.01333280927021 0
1 3 20.372516664969925 1
2 3 20.01777417594159 0
3 3 20.00127108119602 0


# 20.0 20.0 0.39673096022164245
0 0 20.018138440908853 0
1 0 20.434624550777194 1
2 0 20.040327143828687 0
3 0 20.019391337638076 0

0 1 20.018547956606554 0
1 1 20.447678830160083 1
2 1 20.448452069075756 1
3 1 20.43890901747034 1

0 2 20.002101714809694 0
1 2 20.039794317960094 0
2 2 20.024932604426255 0
3 2 20.023180318777964 0

0 3 20.01734824869384 0
1 3 20.417769965952335 1
2 3 20.022355344370936 0
3 3 20.00177175023075 0


# 20.0 20.0 0.4484520690757563
0 0 20.02292352712474 0
1 0 20.482501473657916 1
2 0 20.050037542352342 0
3 0 20.02456060820098 0

0 1 20.023441391294213 0
1 1 20.498120517336254 1
2 1 20.499070365939144 1
3 1 20.487036574251604 1

0 2 20.002980450283065 0
1 2 20.049209833153984 0
2 2 20.0308616297607 0
3 2 20.028442784840205 0

0 3 20.021772716735686 0
1 3 20.461343682113466 1
2 3 20.027344144652616 0
3 3 20.002377410376354 0


# 20.0 20.0 0.49907036593914356
0 0 20.028169594527675 0
1 0 20.52915234361488 1
2 0 20.060569365386606 0
3 0 20.0302476975814 0

0 1 20.02880809960562 0
1 1 20.547485620211877 1
2 1 20.548626426649395 1
3 1 20.53386884104189 1

0 2 20.00405275916512 0
1 2 20.059372685457607 0
2 2 20.037345704031384 0
3 2 20.034131291342312 0

0 3 20.026573656228546 0
1 3 20.503326733300764 1
2 3 20.032712288749707 0
3 3 20.00309394656391 0


# 20.0 20.0 0.5486264266493954
0 0 20.033851014443325 0
1 0 20.574630817183554 1
2 0 20.07186751133734 0
3 0 20.036427616697022 0

0 1 20.034622832148028 0
1 1 20.59581334357897 1
2 1 20.5971591029701 1
3 1 20.579458965850243 1

0 2 20.005329373366195 0
1 2 20.070224578406968 0
2 2 20.044363837375506 0
3 2 20.04022077810341 0

0 3 20.03172087788432 0
1 3 20.543802903442625 1
2 3 20.038433500870802 0
3 3 20.003926415835302 0


# 20.0 20.0 0.5971591029700996
0 0 20.039943421715343 0
1 0 20.618987814181423 1
2 0 20.083879970267354 0
3 0 20.043076289729342 0

0 1 20.040861706861737 0
1 1 20.643141101516225 1
2 1 20.644705592527647 1
3 1 20.623857721208857 1

0 2 20.00681922564265 0
1 2 20.081711323459157 0
2 2 20.051895227521015 0
3 2 20.04668765779785 0

0 3 20.037186391829508 0
1 3 20.582851156091948 1
2 3 20.044483367427606 0
3 3 20.00487911716794 0


# 20.0 20.0 0.6447055925276466
0 0 20.046423652786107 0
1 0 20.66227166268064 1
2 0 20.096557654055378 0
3 0 20.050170527802255 0

0 1 20.047502122932883 0
1 1 20.68950461706265 1
2 1 20.691301506724493 1
3 1 20.66711361322598 1

0 2 20.00852961622432 0
1 2 20.093782547335916 0
2 2 20.059919317551437 0
3 2 20.053509720745684 0

0 3 20.04294425099144 0
1 3 20.620545929525147 1
2 3 20.05083919836658 0
3 3 20.00595565597924 0


# 20.0 20.0 0.6913015067244928
0 0 20.05326968671317 0
1 0 20.70452823634203 1
2 0 20.109854235835478 0
3 0 20.057688002990112 0

0 1 20.054522680809704 0
1 1 20.734938015098187 1
2 1 20.73698093658225 1
3 1 20.709272985394303 1

0 2 20.010466366092544 0
1 2 20.106391420603 0
2 2 20.06841584562454 0
3 2 20.060666046318342 0

0 3 20.04897040550316 0
1 3 20.656957412778763 1
2 3 20.057479899007777 0
3 3 20.0071590037079 0


# 20.0 20.0 0.7369809365822491
0 0 20.060460588997316 0
1 0 20.745801084494836 1
2 0 20.123725998219193 0
3 0 20.06560722268583 0

0 1 20.061903107857955 0
1 1 20.77947390896793 1
2 1 20.781776516484772 1
3 1 20.75038011743361 1

0 2 20.012633957924226 0
1 2 20.119494405917603 0
2 2 20.077364887447303 0
3 2 20.06813692047604 0

0 3 20.05524256735348 0
1 3 20.6921518039094 1
2 3 20.064385851590227 0
3 3 20.008491552839214 0


# 20.0 20.0 0.7817765164847721
0 0 20.067976458101647 0
1 0 20.78613155532952 1
2 0 20.13813168982799 0
3 0 20.07390750435628 0

0 1 20.069624189227845 0
1 1 20.823143481340985 1
2 1 20.8257194858061 1
3 1 20.790477319429062 1

0 2 20.015035665641395 0
1 2 20.13305102449363 0
2 2 20.086746892238224 0
3 2 20.075903758990123 0

0 3 20.061740084563365 0
1 3 20.726191551672972 1
2 3 20.071538805784442 0
3 3 20.009955167714295 0


# 20.0 20.0 0.8257194858061006
0 0 20.075798374544675 0
1 0 20.825558912554243 1
2 0 20.153032389687812 0
3 0 20.082568950708858 0

0 1 20.0776677035386 0
1 1 20.865976559753328 1
2 1 20.868839748420708 1
3 1 20.829605021510478 1

0 2 20.017673673435603 0
1 2 20.147023639443137 0
2 2 20.09654271284245 0
3 2 20.083949035937344 0

0 3 20.068443824220388 0
1 3 20.759135581736082 1
2 3 20.07892177748901 0
3 3 20.011551231437696 0


# 20.0 20.0 0.868839748420708
0 0 20.08390835245418 0
1 0 20.864120445849707 1
2 0 20.168391379060676 0
3 0 20.09157242529019 0

0 1 20.0860163630177 0
1 1 20.908001687245942 1
2 1 20.911165930104428 1
3 1 20.86780185930302 1

0 2 20.02054918507148 0
1 2 20.16137725475262 0
2 2 20.10673363060541 0
3 2 20.09225621708413 0

0 3 20.075336063750147 0
1 3 20.791039508455068 1
2 3 20.08651895528045 0
3 3 20.013280689174316 0


# 20.0 20.0 0.9111659301044277
0 0 20.092289293472238 0
1 0 20.901851575441366 1
2 0 20.18417402031016 0
3 0 20.100899528535102 0

0 1 20.09465375776043 0
1 1 20.94924618847484 1
2 1 20.952725433843735 1
3 1 20.90510475536585 1

0 2 20.023662524213638 0
1 2 20.17607932874548 0
2 2 20.117301375555797 0
3 2 20.100809697807748 0

0 3 20.082400389847166 0
1 3 20.821955833186433 1
2 3 20.09431561393367 0
3 3 20.015144088104936 0


# 20.0 20.0 0.9527254338437352
0 0 20.10092494290566 0
1 0 20.938785951093116 1
2 0 20.200347642418794 0
3 0 20.110532574281255 0

0 1 20.103564303801623 0
1 1 20.989736231637856 1
2 1 20.993544493078975 1
3 1 20.9415489968225 1

0 2 20.027013226465396 0
1 2 20.191099600967842 0
2 2 20.128228142398576 0
3 2 20.109594745227735 0

0 3 20.08962160452849 0
1 3 20.85193413002576 1
2 3 20.102298034474806 0
3 3 20.01714161428959 0


# 20.0 20.0 0.993544493078975
0 0 20.109799848019794 0
1 0 20.974955545812122 1
2 0 20.216881432795272 0
3 0 20.120454566762543 0

0 1 20.11273319471543 0
1 1 21.029496886534133 1
2 1 21.03364822291379 1
3 1 20.977168309374804 1

0 2 20.03060012375639 0
1 2 20.206409931513964 0
2 2 20.139496602773008 0
3 2 20.11859744424542 0

0 3 20.09698563781085 0
1 3 20.881021219810275 1
2 3 20.110453430269338 0
3 3 20.01927312666934 0


# 20.0 20.0 1.03364822291379
0 0 20.118899318377412 0
1 0 21.010390744540494 1
2 0 20.233746335028474 0
3 0 20.130649178091932 0

0 1 20.122146356481398 0
1 1 21.06855217904589 1
2 1 21.073060669328594 1
3 1 21.011994927881055 1

0 2 20.034421421668295 0
1 2 20.221984151880864 0
2 2 20.151089914188596 0
3 2 20.12780464721198 0

0 3 20.104479466547403 0
1 3 20.909261333162615 1
2 3 20.118769878686273 0
3 3 20.021538188420024 0


# 20.0 20.0 1.0730606693285942
0 0 20.128209388128088 0
1 0 21.045120428096222 1
2 0 20.25091495226348 0
3 0 20.141100726242357 0

0 1 20.131790405375288 0
1 1 21.106925142307862 1
2 1 21.111804856440514 1
3 1 21.04605966366879 1

0 2 20.03847477024387 0
1 2 20.23779792650942 0
2 2 20.162991726013722 0
3 2 20.137203926966308 0

0 3 20.112091038992574 0
1 3 20.936696263300043 1
2 3 20.127236257914255 0
3 3 20.02393609585547 0


# 20.0 20.0 1.1118048564405143
0 0 20.137716780157135 0
1 0 21.079172052612922 1
2 0 20.268361455891963 0
3 0 20.15179415353236 0

0 1 20.14165260866203 0
1 1 21.144637864807784 1
2 1 21.149902831855957 1
3 1 21.079391968742954 1

0 2 20.042757328783594 0
1 2 20.25382862423183 0
2 2 20.175186182856685 0
3 2 20.146783533003184 0

0 3 20.119809204693844 0
1 3 20.96336550928352 1
2 3 20.135842188537804 0
3 3 20.026465905063162 0


# 20.0 20.0 1.1499028318559574
0 0 20.14740887200678 0
1 0 21.112571724715657 1
2 0 20.28606149926575 0
3 0 20.1627150056213 0

0 1 20.151720847885404 0
1 1 21.181711535641277 1
2 1 21.18737571016495 1
3 1 21.112019997041223 1

0 2 20.047265825096417 0
1 2 20.270055198903236 0
2 2 20.187657925646874 0
3 2 20.156532350550066 0

0 3 20.127623649337426 0
1 3 20.989306410334954 1
2 3 20.144577979511755 0
3 3 20.02912645644163 0


# 20.0 20.0 1.1873757101649502
0 0 20.157273663485746 0
1 0 21.145344272658313 1
2 0 20.303992136157923 0
3 0 20.173849411017326 0

0 1 20.161983584564897 0
1 1 21.21816648712599 1
2 1 21.224243714628695 1
3 1 21.143970662879845 1

0 2 20.051996609636035 0
1 2 20.286458078548808 0
2 2 20.200392090694695 0
3 2 20.166439862347158 0

0 3 20.135524834200933 0
1 3 21.014554271808024 1
2 3 20.153434578199594 0
3 3 20.031916397296293 0


# 20.0 20.0 1.2242437146286953
0 0 20.16729974588694 0
1 0 21.177513313636716 1
2 0 20.322131743710685 0
3 0 20.18518406109979 0

0 1 20.172429828124958 0
1 1 21.254022234963212 1
2 1 21.260526217113497 1
3 1 21.175269696725618 1

0 2 20.05694570492182 0
1 2 20.303019062407117 0
2 2 20.213374306982157 0
3 2 20.176496112940626 0

0 3 20.143503939890458 0
1 3 21.039142483358052 1
2 3 20.162403524166848 0
3 3 20.034834202638915 0


# 20.0 20.0 1.2605262171134974
0 0 20.17747627273615 0
1 0 21.209101317480894 1
2 0 20.340459949623167 0
3 0 20.196706190656382 0

0 1 20.183049105895165 0
1 1 21.28929751611974 1
2 1 21.29624177632546 1
3 1 21.20594169842221 1

0 2 20.062108850613416 0
1 2 20.319721225296455 0
2 2 20.226590691911767 0
3 2 20.186691675312794 0

0 3 20.151552814062057 0
1 3 21.06310262981932 1
2 3 20.17147690644428 0
3 3 20.037878194325 0


# 20.0 20.0 1.2962417763254592
0 0 20.18779293199816 0
1 0 21.24012966691959 1
2 0 20.35895756334581 0
3 0 20.20840355893397 0

0 1 20.193831435032344 0
1 1 21.324010324588876 1
2 1 21.331408174401062 1
3 1 21.236010187992253 1

0 2 20.067481544580343 0
1 2 20.33654882877303 0
2 2 20.240027845719176 0
3 2 20.197017619686093 0

0 3 20.15966392284862 0
1 3 21.0864645952637 1
2 3 20.180647323997313 0
3 3 20.041046558653502 0


# 20.0 20.0 1.3314081744010622
0 0 20.19823991966965 0
1 0 21.270618714600218 1
2 0 20.37760651106051 0
3 0 20.22026443120098 0

0 1 20.20476729622705 0
1 1 21.358177945176628 1
2 1 21.366042451909195 1
3 1 21.265497654130133 1

0 2 20.073059080282153 0
1 2 20.353487238589224 0
2 2 20.253672844734837 0
3 2 20.2074654843495 0

0 3 20.16783030573262 0
1 3 21.109256660682455 1
2 3 20.189907849158274 0
3 3 20.04433736254407 0


# 20.0 20.0 1.3660424519091947
0 0 20.20880791469147 0
1 0 21.30058783703815 1
2 0 20.396389774237747 0
3 0 20.23227756081816 0

0 1 20.215847609067318 0
1 1 21.391816985447395 1
2 1 21.400160941320156 1
3 1 21.29442560049452 1

0 2 20.078836580750973 0
1 2 20.37052284799633 0
2 2 20.267513233661454 0
3 2 20.21802724836722 0

0 3 20.176045533623444 0
1 3 21.13150559570313 1
2 3 20.19925199379653 0
3 3 20.047748568398447 0


# 20.0 20.0 1.4001609413201557
0 0 20.219488055115843 0
1 0 21.33005548566016 1
2 0 20.415291331573343 0
3 0 20.24443217181352 0

0 1 20.22706370894226 0
1 1 21.42494340595295 1
2 1 21.433779298996974 1
3 1 21.32281458990388 1

0 2 20.084809029446177 0
1 2 20.38764300646967 0
2 2 20.281537017017268 0
3 2 20.228695306039633 0

0 3 20.184303669914794 0
1 3 21.15323674472577 1
2 3 20.208673678018773 0
3 3 20.051278047744805 0


# 20.0 20.0 1.4337792989969742
0 0 20.2302719154669 0
1 0 21.35903923509835 1
2 0 20.434296104118168 0
3 0 20.2567179419565 0

0 1 20.23840732537708 0
1 1 21.45757254885851 1
2 1 21.466912535763893 1
3 1 21.35068428653304 1

0 2 20.090971298230578 0
1 2 20.40483595346511 0
2 2 20.295732649879888 0
3 2 20.239462442995862 0

0 3 20.192599234313338 0
1 3 21.174474107836854 1
2 3 20.218167201207525 0
3 3 20.054923593756435 0


# 20.0 20.0 1.4669125357638926
0 0 20.241151485235797 0
1 0 21.32755582888277 0
2 0 20.452669903424443 0
3 0 20.269116346325553 0

0 1 20.24987056169914 0
1 1 21.488999165071032 1
2 1 21.499557766106125 1
3 1 21.378053185163783 1

0 2 20.097318172698625 0
1 2 20.42208211684462 0
2 2 20.310088717011503 0
3 2 20.250321806341216 0

0 3 20.200927169244483 0
1 3 21.195240313155267 1
2 3 20.227727210243888 0
3 3 20.058682932580226 0


# 20.0 20.0 1.4995577661061255
0 0 20.25139914845429 0
1 0 21.29811530267309 0
2 0 20.470459240461874 0
3 0 20.28161030696534 0

0 1 20.261428595942462 0
1 1 21.519301410526417 1
2 1 21.531713823970993 1
3 1 21.404938702634233 1

0 2 20.103844064029662 0
1 2 20.43936386929275 0
2 2 20.324593979113136 0
3 2 20.261266877846815 0

0 3 20.2092828036779 0
1 3 21.21555670660132 1
2 3 20.237348670833182 0
3 3 20.062553733591496 0


# 20.0 20.0 1.5317138239709926
0 0 20.261063305893323 0
1 0 21.2706043474434 0
2 0 20.487707094103033 0
3 0 20.294184085475436 0

0 1 20.27305910027827 0
1 1 21.548551836512974 1
2 1 21.563381059768744 1
3 1 21.431357261400688 1

0 2 20.110543082619404 0
1 2 20.45666535082486 0
2 2 20.33923741162699 0
3 2 20.272291449856677 0

0 3 20.217661820216144 0
1 3 21.235443435026554 1
2 3 20.24702684162113 0
3 3 20.066533618679937 0


# 20.0 20.0 1.5633810597687443
0 0 20.270188988253825 0
1 0 21.244916339877214 0
2 0 20.504453173972163 0
3 0 20.306823183622793 0

0 1 20.284742024955218 0
1 1 21.576817805665463 1
2 1 21.594561156731828 1
3 1 21.457324365904395 1

0 2 20.117409103501345 0
1 2 20.47397230705511 0
2 2 20.35400823693207 0
3 2 20.283389603620893 0

0 3 20.226060225150697 0
1 3 21.254919523241362 1
2 3 20.25675725081928 0
3 3 20.070620170660742 0


# 20.0 20.0 1.594561156731828
0 0 20.278818085054677 0
1 0 21.22095092237868 0
2 0 20.52073416381813 0
3 0 20.319514251369043 0

0 1 20.296459399837758 0
1 1 21.60416187642556 1
2 1 21.62525696492566 1
3 1 21.482854672375396 1

0 2 20.12443582433881 0
1 2 20.491271941847717 0
2 2 20.368895950693894 0
3 2 20.294555689793576 0

0 3 20.234474321216233 0
1 3 21.274002945431825 1
2 3 20.26653567508631 0
3 3 20.074810940895514 0


# 20.0 20.0 1.6252569649256614
0 0 20.286989557859307 0
1 0 21.19861361081601 0
2 0 20.536583946863097 0
3 0 20.332245001750618 0

0 1 20.308195152148055 0
1 1 21.630642158393982 0
2 1 21.655472351349147 1
3 1 21.50796205265035 1

0 2 20.131616816699125 0
1 2 20.508552783093652 0
2 2 20.38389034305246 0
3 2 20.305784310861426 0

0 3 20.24290068279802 0
1 3 21.292710691415422 1
2 3 20.276358120437045 0
3 3 20.079103456198858 0


# 20.0 20.0 1.6554723513491467
0 0 20.29473963893194 0
1 0 21.177815428092007 0
2 0 20.552033814469148 0
3 0 20.34500413209303 0

0 1 20.31993493912614 0
1 1 21.596312640811004 0
2 1 21.684492064696183 1
3 1 21.53265101253084 1

0 2 20.138945571257977 0
1 2 20.5250845604636 0
2 2 20.398964235263442 0
3 2 20.317069994253163 0

0 3 20.25133613336937 0
1 3 21.311050188147213 1
2 3 20.286220493934003 0
3 3 20.083495217633946 0


# 20.0 20.0 1.6844920646961832
0 0 20.30210201633701 0
1 0 21.15775256177155 0
2 0 20.567095379364172 0
3 0 20.35778094004042 0

0 1 20.33094599442371 0
1 1 21.564068936228335 0
2 1 21.712389800351406 1
3 1 21.556926558820287 1

0 2 20.146398257524222 0
1 2 20.540926280967305 0
2 2 20.414093230804866 0
3 2 20.32840723458164 0

0 3 20.25977741391613 0
1 3 21.32902917051084 1
2 3 20.296118644616172 0
3 3 20.087983700349497 0


# 20.0 20.0 1.7123898003514064
0 0 20.30909072642322 0
1 0 21.138410014681334 0
2 0 20.581780342491754 0
3 0 20.37056530901471 0

0 1 20.341280957700025 0
1 1 21.533789711933775 0
2 1 21.679234168063147 0
3 1 21.580074123889748 1

0 2 20.153953346539208 0
1 2 20.556132204998338 0
2 2 20.428535462753345 0
3 2 20.33977325017312 0

0 3 20.26822121721975 0
1 3 21.346655610151394 1
2 3 20.306039758821342 0
3 3 20.092566043244847 0


# 20.0 20.0 1.7123898003514064
0 0 20.315719751940563 0
1 0 21.119772271741112 0
2 0 20.595380429092927 0
3 0 20.383330412525975 0

0 1 20.350988711201587 0
1 1 21.504641334033003 0
2 1 21.647934504193344 0
3 1 21.60216346868909 1

0 2 20.161591411585597 0
1 2 20.5707349449807 0
2 2 20.442339550039208 0
3 2 20.351147602409526 0

0 3 20.276664217660684 0
1 3 21.363937341582588 1
2 3 20.315972204169245 0
3 3 20.097239103366977 0


# 20.0 20.0 1.7123898003514064
0 0 20.322002972666017 0
1 0 21.10180613315749 0
2 0 20.607971303669547 0
3 0 20.396052134943343 0

0 1 20.360106013950535 0
1 1 21.476585529154804 0
2 1 21.618382366210696 0
3 1 21.56325958824691 0

0 2 20.169294634418105 0
1 2 20.58476555228396 0
2 2 20.455550464338206 0
3 2 20.36179199297975 0

0 3 20.285103089536907 0
1 3 21.380882063388 1
2 3 20.325905431167254 0
3 3 20.10199086473553 0


# 20.0 20.0 1.7123898003514064
0 0 20.327953811415338 0
1 0 21.08448040329575 0
2 0 20.619623487768823 0
3 0 20.407988854997573 0

0 1 20.36866756906447 0
1 1 21.44958497444563 0
2 1 21.589756234810178 0
3 1 21.52591713053399 0

0 2 20.17704669430317 0
1 2 20.59825357613203 0
2 2 20.468192528871043 0
3 2 20.37174993556429 0

0 3 20.29353452340587 0
1 3 21.397497339094166 1
2 3 20.33582957185064 0
3 3 20.10681014769403 0


# 20.0 20.0 1.7123898003514064
0 0 20.33358524987271 0
1 0 21.067765750902375 0
2 0 20.630385431371053 0
3 0 20.41917688696052 0

0 1 20.37670613418722 0
1 1 21.423594676024624 0
2 1 21.562025012740897 0
3 1 21.490064033074752 0

0 2 20.184832663947137 0
1 2 20.611226810972937 0
2 2 20.48028926345878 0
3 2 20.38106239960132 0

0 3 20.301955240599757 0
1 3 21.413790590333292 1
2 3 20.345735409850743 0
3 3 20.11168655609047 0


# 20.0 20.0 1.7123898003514064
0 0 20.338909843498367 0
1 0 21.051634268775203 0
2 0 20.640303277275187 0
3 0 20.429650926754142 0

0 1 20.384252522753 0
1 1 21.398571794958347 0
2 1 21.535158552554538 0
3 1 21.45563180623253 0

0 2 20.192638906953267 0
1 2 20.62371141071468 0
2 2 20.491863392085413 0
3 2 20.389767959870966 0

0 3 20.310362005905603 0
1 3 21.429769091456947 1
2 3 20.355614351112607 0
3 3 20.116610427803014 0


# 20.0 20.0 1.7123898003514064
0 0 20.343939730630765 0
1 0 21.036059407121016 0
2 0 20.649420966266785 0
3 0 20.439444126660984 0

0 1 20.391335721987883 0
1 1 21.374475529908885 0
2 1 21.509127642365844 0
3 1 21.422555347117537 0

0 2 20.200452982524528 0
1 2 20.635731994952085 0
2 2 20.502936852644932 0
3 2 20.39790293708717 0

0 3 20.31875163858078 0
1 3 21.4454399654315 1
2 3 20.36545839531643 0
3 3 20.12157278839095 0


# 20.0 20.0 1.7123898003514064
0 0 20.348686641877364 0
1 0 21.02101590967857 0
2 0 20.657780337828044 0
3 0 20.448588166320537 0

0 1 20.39798300351612 0
1 1 21.35126700707941 0
2 1 21.48390399006832 0
3 1 21.390772763660312 0

0 2 20.208263556903084 0
1 2 20.647311747779092 0
2 2 20.513530808560986 0
3 2 20.405501530056856 0

0 3 20.327121021859885 0
1 3 21.460810180862843 1
2 3 20.375260108046916 0
3 3 20.12656530766612 0


# 20.0 20.0 1.7123898003514064
0 0 20.353161909728115 0
1 0 21.0064797525277 0
2 0 20.665421226546265 0
3 0 20.457113320215477 0

0 1 20.404220027052972 0
1 1 21.328909176948738 0
2 1 21.459460206253638 0
3 1 21.36022520826489 0

0 2 20.216060321073456 0
1 2 20.65847250973505 0
2 2 20.523665661999168 0
3 2 20.41259593992963 0

0 3 20.335467111096165 0
1 3 21.47588655001314 1
2 3 20.38501259374509 0
3 3 20.131580258994237 0


# 20.0 20.0 1.7123898003514064
0 0 20.35737647833287 0
1 0 20.99242808550347 0
2 0 20.672381554374994 0
3 0 20.4650485218394 0

0 1 20.41007093763301 0
1 1 21.3073667173247 0
2 1 21.43576978605703 0
3 1 21.330856720491678 0

0 2 20.22383391428994 0
1 2 20.66923486339129 0
2 2 20.533361068420685 0
3 2 20.419216487027466 0

0 3 20.34378694066834 0
1 3 21.490675727686245 1
2 3 20.39470946946901 0
3 3 20.136610481148402 0


# 20.0 20.0 1.7123898003514064
0 0 20.361340913390524 0
1 0 20.978839176133405 0
2 0 20.678697418899603 0
3 0 20.472421424725876 0

0 1 20.415558456792485 0
1 1 21.286605942281607 0
2 1 21.412807090127416 0
3 1 21.302614078253598 0

0 2 20.23157585301999 0
1 2 20.67961821304541 0
2 2 20.542635952252525 0
3 2 20.425391720712167 0

0 3 20.352077629772754 0
1 3 21.50518421087087 1
2 3 20.404344839482572 0
3 3 20.141649342549396 0


# 20.0 20.0 1.7123898003514064
0 0 20.365065412103576 0
1 0 20.96569235601522 0
2 0 20.68440317775624 0
3 0 20.479258460507864 0

0 1 20.420703968096063 0
1 1 21.2665947165795 0
2 1 21.3905473248994 0
3 1 21.27544665704038 0

0 2 20.239278464924123 0
1 2 20.689640858954753 0
2 2 20.55150852347299 0
3 2 20.43114852271901 0

0 3 20.360336387210474 0
1 3 21.519418339042065 1
2 3 20.41391327068508 0
3 3 20.14669070773847 0


# 20.0 20.0 1.7123898003514064
0 0 20.368559813157184 0
1 0 20.952967969552496 0
2 0 20.689531529349996 0
3 0 20.485584894166266 0

0 1 20.425527597371957 0
1 1 21.24730237519303 0
2 1 21.368966522324907 0
3 1 21.249306296715208 0

0 2 20.246934827519755 0
1 2 20.69932006650766 0
2 2 20.559996294933125 0
3 2 20.436512204357452 0

0 3 20.36856051526964 0
1 3 21.533384295031848 1
2 3 20.423409768888746 0
3 3 20.15172890593884 0


# 20.0 20.0 1.7123898003514064
0 0 20.371833606686618 0
1 0 20.940647324966047 0
2 0 20.694113590014783 0
3 0 20.49142487661704 0

0 1 20.430048287995128 0
1 1 21.22869964760529 0
2 1 21.348041519204532 0
3 1 21.224147175455318 0

0 2 20.254538711201196 0
1 2 20.70867213070055 0
2 2 20.56811610025415 0
3 2 20.44150659795422 0

0 3 20.376747412794728 0
1 3 21.54708810638912 1
2 3 20.432829755946404 0
3 3 20.15675870157185 0


# 20.0 20.0 1.7123898003514064
0 0 20.374895944201434 0
1 0 20.92871264749933 0
2 0 20.698178967754014 0
3 0 20.496801494777337 0

0 1 20.434283871535428 0
1 1 21.210758586547513 0
2 1 21.327749936242846 0
3 1 21.199925690433886 0

0 2 20.262084526311114 0
1 2 20.717712436260946 0
2 2 20.575884112158807 0
3 2 20.446154142890116 0

0 3 20.38489457752652 0
1 3 21.560535647157582 1
2 3 20.442169047727315 0
3 3 20.16177526660267 0


# 20.0 20.0 1.7123898003514064
0 0 20.3777556484386 0
1 0 20.91714703473724 0
2 0 20.701755832697433 0
3 0 20.50173681924293 0

0 1 20.438251134066505 0
1 1 21.193452500888924 0
2 1 21.308070156937337 0
3 1 21.176600344864507 0

0 2 20.269567273980293 0
1 2 20.72645551373065 0
2 2 20.58331586111061 0
3 2 20.450475966559665 0

0 3 20.39299960778922 0
1 3 21.57373264000793 1
2 3 20.451423832935422 0
3 3 20.166774154598915 0


# 20.0 20.0 1.7123898003514064
0 0 20.380421223120457 0
1 0 20.905934413958757 0
2 0 20.704870984405808 0
3 0 20.506251949701426 0

0 1 20.441965878411587 0
1 1 21.176755892402717 0
2 1 21.288981306397748 0
3 1 21.154131641052103 0

0 2 20.276982500472297 0
1 2 20.7349150917995 0
2 2 20.59042625414961 0
3 2 20.454491960561768 0

0 3 20.40106020359457 0
1 3 21.58668465866755 1
2 3 20.460590652761127 0
3 3 20.17175127639323 0


# 20.0 20.0 1.7123898003514064
0 0 20.382900862596564 0
1 0 20.89505950144535 0
2 0 20.707549916151297 0
3 0 20.510367058198614 0

0 1 20.44544298258396 0
1 1 21.160644396154105 0
2 1 21.27046323018074 0
3 1 21.13248197911521 0

0 2 20.284326254788198 0
1 2 20.743104146158238 0
2 2 20.59722959382637 0
3 2 20.458220852410193 0

0 3 20.409074167226635 0
1 3 21.599397130597264 1
2 3 20.469666381354962 0
3 3 20.176702877248257 0


# 20.0 20.0 1.7123898003514064
0 0 20.38520246135144 0
1 0 20.884507763668527 0
2 0 20.709816876297516 0
3 0 20.514101430368417 0

0 1 20.448696454662958 0
1 1 21.145094724274752 0
2 1 21.252496473214233 0
3 1 21.111615561064283 0

0 2 20.291595049303666 0
1 2 20.75103494511867 0
2 2 20.603739597147882 0
3 2 20.46168027303449 0

0 3 20.417039403365287 0
1 3 21.611875339870245 1
2 3 20.47864820710925 0
3 3 20.181625515429044 0


# 20.0 20.0 1.7123898003514064
0 0 20.387333623362768 0
1 0 20.87426538028167 0
2 0 20.711694926899394 0
3 0 20.517473504730717 0

0 1 20.451739484330407 0
1 1 21.130084612904906 0
2 1 21.235062258876148 0
3 1 21.09149829993928 0

0 2 20.298785823226684 0
1 2 20.75871909223077 0
2 2 20.60996941445979 0
3 2 20.464886820324978 0

0 3 20.4249539188013 0
1 3 21.624124430213392 1
2 3 20.487533614731888 0
3 3 20.18651604209428 0


# 20.0 20.0 1.7123898003514064
0 0 20.38930167129705 0
1 0 20.864319208843057 0
2 0 20.71320599963902 0
3 0 20.520500910155352 0

0 1 20.454584491277675 0
1 1 21.1155927721002 0
2 1 21.21814246828375 0
3 1 21.072097733727 0

0 2 20.30589590867888 0
1 2 20.76616756610912 0
2 2 20.61593164819912 0
3 2 20.467856118959574 0

0 3 20.43281582179116 0
1 3 21.636149408176017 1
2 3 20.496320368094782 0
3 3 20.19137158242354 0


# 20.0 20.0 1.7123898003514064
0 0 20.391113655531807 0
1 0 20.8546567511989 0
2 0 20.714370949209837 0
3 0 20.523200501585002 0

0 1 20.457243170679742 0
1 1 21.101598838514647 0
2 1 21.20171961984194 0
3 1 21.053382943795103 0

0 2 20.312922999217328 0
1 2 20.77339075766517 0
2 2 20.6216383714603 0
3 2 20.47060287673542 0

0 3 20.440623321095398 0
1 3 21.64795514639489 1
2 3 20.505006493838145 0
3 3 20.196189517903175 0


# 20.0 20.0 1.7123898003514064
0 0 20.392776362995207 0
1 0 20.845266121457183 0
2 0 20.715209604257634 0
3 0 20.525588394104574 0

0 1 20.45972653591992 0
1 1 21.088083330684555 0
2 1 21.185776849091898 0
3 1 21.03532447759489 0

0 2 20.319865120626368 0
1 2 20.780398504927234 0
2 2 20.627101146325316 0
3 2 20.473140937614414 0

0 3 20.44837472474022 0
1 3 21.65954638692837 1
2 3 20.513590265710825 0
3 3 20.200967469698565 0


# 20.0 20.0 1.7123898003514064
0 0 20.394296325815905 0
1 0 20.836136015485078 0
2 0 20.715740815982993 0
3 0 20.527679995439744 0

0 1 20.462044958736804 0
1 1 21.075027606750588 0
2 1 21.170297888895334 0
3 1 21.0178942753993 0

0 2 20.32672060382091 0
1 2 20.78720012561663 0
2 2 20.632331041915748 0
3 2 20.47548333167877 0

0 3 20.456068438538562 0
1 3 21.67092774463577 1
2 3 20.52207018962597 0
3 3 20.205703283045075 0


# 20.0 20.0 1.7123898003514064
0 0 20.395679829777194 0
1 0 20.827255681864834 0
2 0 20.71598250450611 0
3 0 20.529490036962777 0

0 1 20.464208206954044 0
1 1 21.062413824466528 0
2 1 21.15526704998381 0
3 1 21.001065600856034 0

0 2 20.33348805971374 0
1 2 20.79380444763581 0
2 2 20.637338652130886 0
3 2 20.477642322180646 0

0 3 20.463702964403367 0
1 3 21.68210371058105 1
2 3 20.530444989410764 0
3 3 20.21039501259455 0


# 20.0 20.0 1.7123898003514064
0 0 20.396932922571043 0
1 0 20.818614894245034 0
2 0 20.71595170309115 0
3 0 20.531032603279485 0

0 1 20.46622547994299 0
1 1 21.050224903353826 0
2 1 21.14066920189777 0
3 1 20.984812975148376 0

0 2 20.34016635590955 0
1 2 20.800219837612996 0
2 2 20.64213411304183 0
3 2 20.479629449858475 0

0 3 20.471276898482735 0
1 3 21.693078655442722 1
2 3 20.53871359322846 0
3 3 20.21504090865819 0


# 20.0 20.0 1.7123898003514064
0 0 20.39806142184874 0
1 0 20.81020392502627 0
2 0 20.715664600323763 0
3 0 20.532321160467088 0

0 1 20.46810544195873 0
1 1 21.03844448887079 0
2 1 21.126489754335292 0
3 1 20.969112114568073 0

0 2 20.346754595098 0
1 2 20.806454227637012 0
2 2 20.646727119916534 0
3 2 20.481455574682133 0

0 3 20.478788929143846 0
1 3 21.70385683291424 1
2 3 20.546875120650732 0
3 3 20.21963940429049 0


# 20.0 20.0 1.7123898003514064
0 0 20.399070923066006 0
1 0 20.80201352032229 0
2 0 20.71513658033166 0
3 0 20.53336858302907 0

0 1 20.46985625348088 0
1 1 21.027056918474297 0
2 1 21.112714638926686 0
3 1 20.953939871315868 0

0 2 20.353252095027027 0
1 2 20.81251514030642 0
2 2 20.65112694385533 0
3 2 20.483130915179025 0

0 3 20.486237834829964 0
1 3 21.714442383081288 1
2 3 20.554928870358125 0
3 3 20.224189103162477 0


# 20.0 20.0 1.7144423830812876
0 0 20.399966807121267 0
1 0 20.794034876139882 0
2 0 20.714382261134876 0
3 0 20.53418717962943 0

0 1 20.471485600682154 0
1 1 21.016047189460192 0
2 1 21.0993302914474 0
3 1 20.93927417735567 0

0 2 20.359658369945716 0
1 2 20.81840971220782 0
2 2 20.655342448020583 0
3 2 20.48466508548397 0

0 3 20.49362248181241 0
1 3 21.724839335764415 1
2 3 20.562874308446453 0
3 3 20.228688768175793 0


# 20.0 20.0 1.7248393357644147
0 0 20.400754247786764 0
1 0 20.78625961572259 0
2 0 20.713415531208803 0
3 0 20.534788717665545 0

0 1 20.473000723139815 0
1 1 21.005400928476313 0
2 1 21.086323634478664 0
3 1 20.92509399115827 0

0 2 20.365973113413915 0
1 2 20.824144715929947 0
2 2 20.659382103447665 0
3 2 20.486067130247026 0

0 3 20.500941821857303 0
1 3 21.735051613817113 1
2 3 20.570711057316988 0
3 3 20.233137310772232 0


# 20.0 20.0 1.735051613817113
0 0 20.40143821893279 0
1 0 20.778679768005656 0
2 0 20.71224958433983 0
3 0 20.535184446735563 0

0 1 20.474408439897818 0
1 1 20.995104362609194 0
2 1 21.073682060522348 0
3 1 20.91137924717968 0

0 2 20.37219618238275 0
1 2 20.82972658071239 0
2 2 20.663254004427763 0
3 2 20.487345557525206 0

0 3 20.50819488982484 0
1 3 21.745083036371046 1
2 3 20.578438885128527 0
3 3 20.23753378089628 0


# 20.0 20.0 1.745083036371046
0 0 20.40202350154605 0
1 0 20.77128774713136 0
2 0 20.710896952850227 0
3 0 20.53538512105344 0

0 1 20.475715173980564 0
1 1 20.985144291952114 0
2 1 21.06139341557419 0
3 1 20.898110807927967 0

0 2 20.37832758245689 0
1 2 20.83516141182069 0
2 2 20.666965883455813 0
3 2 20.488508369776508 0

0 3 20.51538080121708 0
1 3 21.75493732202146 1
2 3 20.586057695789613 0
3 3 20.241877357570807 0


# 20.0 20.0 1.7549373220214584
0 0 20.402514690543736 0
1 0 20.764076332975996 0
2 0 20.70936953926576 0
3 0 20.53540102086184 0

0 1 20.476926975452812 0
1 1 20.975508063568295 0
2 1 21.049445983157245 0
3 1 20.88527041848054 0

0 2 20.38436745425559 0
1 2 20.84045500873291 0
2 2 20.67052512573941 0
3 2 20.48956309306738 0

0 3 20.52249874968859 0
1 3 21.764618091947092 1
2 3 20.593567519469538 0
3 3 20.2461673400487 0


# 20.0 20.0 1.7646180919470922
0 0 20.402916201385306 0
1 0 20.757038652641636 0
2 0 20.70767864649653 0
3 0 20.53524197289054 0

0 1 20.478049543114306 0
1 1 20.96618354676877 0
2 1 21.03782846881552 0
3 1 20.87284066332164 0

0 2 20.390316060795282 0
1 2 20.845612882216738 0
2 2 20.67393878326675 0
3 2 20.490516804598197 0

0 3 20.52954800453271 0
1 3 21.774128872959942 1
2 3 20.60096850360712 0
3 3 20.250403139505412 0


# 20.0 20.0 1.7741288729599418
0 0 20.403232276484506 0
1 0 20.750168162867684 0
2 0 20.70583500659856 0
3 0 20.53491736990552 0

0 1 20.479088244912088 0
1 1 20.957159109629615 0
2 1 21.026529985066173 0
3 1 20.860804925376968 0

0 2 20.39617377582182 0
1 2 20.850640270370473 0
2 2 20.67721358843365 0
3 2 20.491376158644865 0

0 3 20.536527908154913 0
1 3 21.783473100481213 1
2 3 20.608260904396666 0
3 3 20.254584271239715 0


# 20.0 20.0 1.7834731004812134
0 0 20.40346699142442 0
1 0 20.743458633319072 0
2 0 20.703848808180908 0
3 0 20.534436189391617 0

0 1 20.48004813714829 0
1 1 20.948423596678243 0
2 1 21.015540036807035 0
3 1 20.849147347129257 0

0 2 20.401941073025387 0
1 2 20.855542153696113 0
2 2 20.68035596723137 0
3 2 20.492147411008986 0

0 3 20.543437873543414 0
1 3 21.792654121440638 1
2 3 20.615445078730946 0
3 3 20.258710347351965 0


# 20.0 20.0 1.7926541214406377
0 0 20.40362426097875 0
1 0 20.736904130709725 0
2 0 20.70172972252021 0
3 0 20.533807011409312 0

0 1 20.48093398255625 0
1 1 20.939966307682916 0
2 1 21.004848507175062 0
3 1 20.83785279370495 0

0 2 20.40761851607587 0
1 2 20.86032326926787 0
2 2 20.68337205199846 0
3 2 20.492836442063272 0

0 3 20.55027738174605 0
1 3 21.80167519709707 1
2 3 20.622521476581618 0
3 3 20.262781069871032 0


# 20.0 20.0 1.8016751970970688
0 0 20.403707844942705 0
1 0 20.730499003721665 0
2 0 20.699486928442035 0
3 0 20.53303803566434 0

0 1 20.481750267313306 0
1 1 20.93177697748387 0
2 1 20.99444564385021 0
3 1 20.826906817828277 0

0 2 20.41320674942061 0
1 2 20.86498812405501 0
2 2 20.686267693741136 0
3 2 20.4934487784739 0

0 3 20.557045979361405 0
1 3 21.81053950577897 1
2 3 20.629490633797882 0
3 3 20.266796224302936 0


# 20.0 20.0 1.8105395057789693
0 0 20.403721353777186 0
1 0 20.724237868681794 0
2 0 20.697129136025826 0
3 0 20.532137097826674 0

0 1 20.482501217054327 0
1 1 20.92384575680834 0
2 1 20.984322045798244 0
3 1 20.816295626544676 0

0 2 20.418706489790594 0
1 2 20.869541007453797 0
2 2 20.68904847402785 0
3 2 20.493989613676504 0

0 3 20.56374327605123 0
1 3 21.819250145543887 1
2 3 20.636353165304868 0
3 3 20.270755673575806 0


# 20.0 20.0 1.8192501455438865
0 0 20.40366825407004 0
1 0 20.718115595960008 0
2 0 20.69466460918776 0
3 0 20.531111685133702 0

0 1 20.483190811946073 0
1 1 20.91616319401544 0
2 1 20.974468650445235 0
3 1 20.806006049620866 0

0 2 20.424118518364804 0
1 2 20.873986003079438 0
2 2 20.691719716464586 0
3 2 20.494463827178027 0

0 3 20.57036894208029 0
1 3 21.827810136756618 1
2 3 20.64310975868363 0
3 3 20.274659352357418 0


# 20.0 20.0 1.827810136756618
0 0 20.403551873818394 0
1 0 20.712127297053947 0
2 0 20.69210118719347 0
3 0 20.52996895131066 0

0 1 20.483822800878723 0
1 1 20.908720217720187 0
2 1 20.964876721275854 0
3 1 20.796025509533965 0

0 2 20.429443673545943 0
1 2 20.87832699986547 0
2 2 20.694286497758323 0
3 2 20.494876002752346 0

0 3 20.57692270588903 0
1 3 21.836222424586097 1
2 3 20.64976116811534 0
3 3 20.278507261722964 0


# 20.0 20.0 1.8362224245860972
0 0 20.403375407536124 0
1 0 20.70626831232708 0
2 0 20.689446305150305 0
3 0 20.52871573083969 0

0 1 20.484400714827444 0
1 1 20.90150812024917 0
2 1 20.955537835846915 0
3 1 20.786341992966808 0

0 2 20.434682844303996 0
1 2 20.8825677025147 0
2 2 20.696753658376675 0
3 2 20.495230445593545 0

0 3 20.583404351703706 0
1 3 21.844489881421485 1
2 3 20.656308208672748 0
3 3 20.282299464152132 0


# 20.0 20.0 1.8444898814214845
0 0 20.403141921190677 0
1 0 20.700534199368423 0
2 0 20.686707013526654 0
3 0 20.52735855260738 0

0 1 20.484927879433616 0
1 1 20.894518541883173 0
2 1 20.946443874207304 0
3 1 20.7769440237311 0

0 2 20.439836964047053 0
1 2 20.886711641342735 0
2 2 20.69912581281239 0
3 2 20.495531198486965 0

0 3 20.589813717187994 0
1 3 21.852615309208225 1
2 3 20.662751750942565 0
3 3 20.28603607883581 0


# 20.0 20.0 1.8526153092082254
0 0 20.40285435697344 0
1 0 20.69492072194355 0
2 0 20.683889996743634 0
3 0 20.52590365295921 0

0 1 20.485407426852248 0
1 1 20.88774345584493 0
2 1 20.93758700771494 0
3 1 20.767820637044327 0

0 2 20.444907004981673 0
1 2 20.89076218155245 0
2 2 20.701407359461758 0
3 2 20.495782057054615 0

0 3 20.596150691139506 0
1 3 21.860601441705093 1
2 3 20.66909271596301 0
3 3 20.289717277273933 0


# 20.0 20.0 1.860601441705093
0 0 20.402515537907945 0
1 0 20.689423839507878 0
2 0 20.681001590882587 0
3 0 20.524356988187805 0

0 1 20.48584230690927 0
1 1 20.881175153992587 0
2 1 20.928959688241196 0
3 1 20.758961355090268 0

0 2 20.449893972927658 0
1 2 20.894722531974978 0
2 2 20.7036024901264 0
3 2 20.495986584128207 0

0 3 20.602415211234078 0
1 3 21.868450946663543 1
2 3 20.67533207046133 0
3 3 20.293343279147145 0


# 20.0 20.0 1.8684509466635433
0 0 20.402128172300266 0
1 0 20.68403969725465 0
2 0 20.678047800549724 0
3 0 20.522724246480724 0

0 1 20.486235297609728 0
1 1 20.87480623318191 0
2 1 20.920554637753 0
3 1 20.75035616379682 0

0 2 20.454798902554522 0
1 2 20.898595753310495 0
2 2 20.70571519914817 0
3 2 20.49614812329993 0

0 3 20.608607261820268 0
1 3 21.87616642793078 1
2 3 20.681470822376667 0
3 3 20.296914348445966 0


# 20.0 20.0 1.8761664279307801
0 0 20.401694858035828 0
1 0 20.678764616671167 0
2 0 20.675034314937495 0
3 0 20.52101085935223 0

0 1 20.486589015035385 0
1 1 20.868629582262418 0
2 1 20.912364838262594 0
3 1 20.741995490768332 0

0 2 20.459622853009225 0
1 2 20.9023847658998 0
2 2 20.707749292187124 0
3 2 20.49626981169815 0

0 3 20.614726871766017 0
1 3 21.883750427478198 1
2 3 20.687510016654183 0
3 3 20.30043078984214 0


# 20.0 20.0 1.8837504274781978
0 0 20.401218086727017 0
1 0 20.6735950865781 0
2 0 20.671966523120435 0
3 0 20.519222012582215 0

0 1 20.486905922667884 0
1 1 20.862638369674723 0
2 1 20.904383522134996 0
3 1 20.733870184313048 0

0 2 20.464366903906843 0
1 2 20.906092357055574 0
2 2 20.709708394652658 0
3 2 20.49635459203252 0

0 3 20.62077411235906 0
1 3 21.89120542735694 1
2 3 20.693450731296927 0
3 3 20.303892945287775 0


# 20.0 20.0 1.8912054273569403
0 0 20.400700247715797 0
1 0 20.668527754627952 0
2 0 20.668849528621518 0
3 0 20.51736265668447 0

0 1 20.4871883401714 0
1 1 20.856826031618215 0
2 1 20.89660416274298 0
3 1 20.72597149350942 0

0 2 20.46903215165779 0
1 2 20.909721187980335 0
2 2 20.711595959797965 0
3 2 20.496405223950298 0

0 3 20.626749095262312 0
1 3 21.898533851582425 1
2 3 20.699294073662475 0
3 3 20.307301190828767 0


# 20.0 20.0 1.8985338515824246
0 0 20.40014363193562 0
1 0 20.663559419239682 0
2 0 20.66568816328342 0
3 0 20.515437516925342 0

0 1 20.48743845166674 0
1 1 20.851186260760098 0
2 1 20.88902046545953 0
3 1 20.718291049258045 0

0 2 20.473619706107076 0
1 2 20.91327380029625 0
2 2 20.713415276488085 0
3 2 20.496424294743285 0

0 3 20.632651970525142 0
1 3 21.90573806794977 1
2 3 20.705041176991852 0
3 3 20.310655933619753 0


# 20.0 20.0 1.9057380679497697
0 0 20.399550435636815 0
1 0 20.65868702194778 0
2 0 20.66248700047751 0
3 0 20.513451102912857 0

0 1 20.487658313526786 0
1 1 20.845712995458378 0
2 1 20.88162635897766 0
3 1 20.710820846268813 0

0 2 20.478130687462755 0
1 2 20.916752622210335 0
2 2 20.715169476651734 0
3 2 20.49641422944255 0

0 3 20.638482924651186 0
1 3 21.91282038978212 1
2 3 20.710693197158836 0
3 3 20.313957609128657 0


# 20.0 20.0 1.9128203897821194
0 0 20.398922763979584 0
1 0 20.65390764014496 0
2 0 20.659250367681878 0
3 0 20.511407717775402 0

0 1 20.48784986172147 0
1 1 20.84040040947303 0
2 1 20.874415986947636 0
3 1 20.70355322593551 0

0 2 20.482566223492316 0
1 2 20.92015997433703 0
2 2 20.716861542427083 0
3 2 20.49637730033586 0

0 3 20.644242178723037 0
1 3 21.919783077613896 1
2 3 20.716251309628202 0
3 3 20.317206678519593 0


# 20.0 20.0 1.9197830776138964
0 0 20.398262634498717 0
1 0 20.589218480198717 -1
2 0 20.6552623584583 0
3 0 20.509302826948215 0

0 1 20.488014918738738 0
1 1 20.83452290214099 0
2 1 20.86736641992169 0
3 1 20.69648054901269 0

0 2 20.486927446967226 0
1 2 20.923489435198643 0
2 2 20.718494001971596 0
3 2 20.4963156284758 0

0 3 20.64992998658398 0
1 3 21.92662823713104 1
2 3 20.721716701635284 0
3 3 20.320403626054222 0


# 20.0 20.0 1.926628237131041
0 0 20.396851980444012 0
1 0 20.52711095092289 -1
2 0 20.650586701776568 0
3 0 20.50713273218755 0

0 1 20.48813792010634 0
1 1 20.828139059552015 0
2 1 20.860457235513206 0
3 1 20.689595233108275 0

0 2 20.49121518229727 0
1 2 20.92673566008053 0
2 2 20.720068992585418 0
3 2 20.49623118630079 0

0 3 20.655546628100097 0
1 3 21.93335783904933 1
2 3 20.72709056565887 0
3 3 20.323548956539785 0


# 20.0 20.0 1.9333578390493287
0 0 20.39474829560038 0
1 0 20.467453979667276 -1
2 0 20.64528258767037 0
3 0 20.504894487678143 0

0 1 20.48820535791127 0
1 1 20.821302611491586 0
2 1 20.85367028130684 0
3 1 20.682889784781157 0

0 2 20.495429996393888 0
1 2 20.92989426167091 0
2 2 20.721588316480567 0
3 2 20.496125801169775 0

0 3 20.661092403513813 0
1 3 21.93997373657938 1
2 3 20.732374094016393 0
3 3 20.326643192846586 0


# 20.0 20.0 1.939973736579379
0 0 20.392005269009708 0
1 0 20.410123998139312 -1
2 0 20.639404984193707 0
3 0 20.502585823349428 0

0 1 20.488205587401737 0
1 1 20.754062815682214 -1
2 1 20.846269458617762 0
3 1 20.676348186817993 0

0 2 20.49957224357638 0
1 2 20.93224170245853 0
2 2 20.72303620996465 0
3 2 20.496000848596196 0

0 3 20.666567628749185 0
1 3 21.946469040745736 1
2 3 20.73756816339039 0
3 3 20.329686866047947 0


# 20.0 20.0 1.9464690407457361
0 0 20.38867303435185 0
1 0 20.354284480228195 -1
2 0 20.632987652003916 0
3 0 20.50020476377471 0

0 1 20.48740864985419 0
1 1 20.689310252023372 -1
2 1 20.838308712213827 -1
3 1 20.669955734866654 0

0 2 20.503624825118916 0
1 2 20.933843384674752 0
2 2 20.72439912519285 0
3 2 20.495857313668445 0

0 3 20.67197232050459 0
1 3 21.95283794745725 1
2 3 20.74267338779237 0
3 3 20.33268050728775 0


# 20.0 20.0 1.952837947457251
0 0 20.384781122676173 0
1 0 20.29988948037905 -1
2 0 20.626063006096164 0
3 0 20.497749617170374 0

0 1 20.485870080958133 0
1 1 20.626918299824958 -1
2 1 20.76983792801933 -1
3 1 20.602978932308552 -1

0 2 20.50757281189757 0
1 2 20.934759640422836 0
2 2 20.72494550642243 0
3 2 20.494958565846595 0

0 3 20.677306246078683 0
1 3 21.959075624955574 1
2 3 20.747681525169078 0
3 3 20.33561569011758 0


# 20.0 20.0 1.9590756249555739
0 0 20.38035811699588 0
1 0 20.246894195278134 -1
2 0 20.617942140725738 0
3 0 20.494481683828653 0

0 1 20.483641728302512 0
1 1 20.566047823337634 -1
2 1 20.703028680307934 -1
3 1 20.53796344431139 -1

0 2 20.45140324517552 -1
1 2 20.934308844081233 0
2 2 20.724707853499012 0
3 2 20.493349749936172 0

0 3 20.681848967661423 0
1 3 21.96516052075038 1
2 3 20.75258470988438 0
3 3 20.338484738791195 0


# 20.0 20.0 1.9651605207503806
0 0 20.375431655866993 0
1 0 20.195237698515616 -1
2 0 20.608701547567083 0
3 0 20.49044032311336 0

0 1 20.480043368406367 0
1 1 20.50662895091316 -1
2 1 20.637819325208643 -1
3 1 20.47482829242941 -1

0 2 20.397598723039938 -1
1 2 20.932591172143763 0
2 2 20.723718016017134 0
3 2 20.491073433005706 0

0 3 20.685655515751098 0
1 3 21.971073755652217 1
2 3 20.757375470194763 0
3 3 20.34128067503312 0


# 20.0 20.0 1.9710737556522169
0 0 20.370019489058844 0
1 0 20.14486191502843 -1
2 0 20.59841354132947 0
3 0 20.485663373486386 0

0 1 20.475172512889444 0
1 1 20.448596100372573 -1
2 1 20.57415066900041 -1
3 1 20.413496153853284 -1

0 2 20.346020607081673 -1
1 2 20.929699697630344 0
2 2 20.722007142486287 0
3 2 20.488169756475937 0

0 3 20.688777049536863 0
1 3 21.976798884523166 1
2 3 20.762046740871092 0
3 3 20.343997168700092 0


# 20.0 20.0 1.9767988845231663
0 0 20.36413920058774 0
1 0 20.095711500704713 -1
2 0 20.587146479111933 0
3 0 20.480187203636458 0

0 1 20.46912033824459 0
1 1 20.39188767402165 -1
2 1 20.51196588628207 -1
3 1 20.35389318954818 -1

0 2 20.296538906609186 -1
1 2 20.92572090343577 0
2 2 20.719605639091725 0
3 2 20.484676578672026 0

0 3 20.691261129247124 0
1 3 21.862321676655842 -1
2 3 20.765151871567877 0
3 3 20.346611212029767 0


# 20.0 20.0 1.9767988845231663
0 0 20.357808171433973 0
1 0 20.047733725569927 -1
2 0 20.57496496877509 0
3 0 20.474046762205425 0

0 1 20.461972101063093 0
1 1 20.33644577706482 -1
2 1 20.451210438634288 -1
3 1 20.2959488809413 -1

0 2 20.249031722136554 -1
1 2 20.91929515785024 0
2 2 20.716508576976015 0
3 2 20.480628986407165 0

0 3 20.691711969379735 0
1 3 21.75261807422187 -1
2 3 20.766804347320758 0
3 3 20.349102408401432 0


# 20.0 20.0 1.9767988845231663
0 0 20.351043547181945 0
1 0 20.00087836061225 -1
2 0 20.56193006682396 0
3 0 20.467275626139212 0

0 1 20.453807525375044 0
1 1 20.28219867755537 -1
2 1 20.391831372007402 -1
3 1 20.23959585975641 -1

0 2 20.203350165638078 -1
1 2 20.910625096206125 0
2 2 20.712714842904465 0
3 2 20.476059526310813 0

0 3 20.690281957360384 0
1 3 21.6474206519152 -1
2 3 20.767109419571938 0
3 3 20.351452749049574 0


# 20.0 20.0 1.9767988845231663
0 0 20.343862210115244 0
1 0 19.955097360920472 -1
2 0 20.54809945632616 0
3 0 20.45990604739119 0

0 1 20.444700541948997 0
1 1 20.22908019348571 -1
2 1 20.33377735038072 -1
3 1 20.184769748735633 -1

0 2 20.159356749827463 -1
1 2 20.899897960845827 0
2 2 20.70822666153036 0
3 2 20.470998416117546 0

0 3 20.68711313571632 0
1 3 21.54647843072837 -1
2 3 20.766164718045616 0
3 3 20.35364640769375 0


# 20.0 20.0 1.9767988845231663
0 0 20.33628074538553 0
1 0 19.91034479650418 -1
2 0 20.533527617491774 0
3 0 20.451968998079835 0

0 1 20.434719731451523 0
1 1 20.177029222268583 -1
2 1 20.276998676562762 -1
3 1 20.13140901237786 -1

0 2 20.116924536270872 -1
1 2 20.887286764934807 0
2 2 20.70304916468483 0
3 2 20.465473737657685 0

0 3 20.682337898434522 0
1 3 21.449555809214758 -1
2 3 20.76406081646682 0
3 3 20.355669551666267 0


# 20.0 20.0 1.9767988845231663
0 0 20.328315412887118 0
1 0 19.866576782082774 -1
2 0 20.518265991037826 0
3 0 20.44349421418995 0

0 1 20.423928732787676 0
1 1 20.125989311076108 -1
2 1 20.22144730183787 -1
3 1 20.079454816902214 -1

0 2 20.07593634650138 -1
1 2 20.87295136779566 0
2 2 20.697190003465057 0
3 2 20.459511613140464 0

0 3 20.67607963995947 0
1 3 21.356431567118403 -1
2 3 20.76088175564221 0
3 3 20.357510168231673 0


# 20.0 20.0 1.9767988845231663
0 0 20.319982124201626 0
1 0 19.823751406351086 -1
2 0 20.502363134482785 0
3 0 20.434510237895733 0

0 1 20.412386619391942 0
1 1 20.075908264488973 -1
2 1 20.16707682598172 -1
3 1 20.028850898716534 -1

0 2 20.036284031474086 -1
1 2 20.857039468540027 0
2 2 20.690658999258385 0
3 2 20.453136366183042 0

0 3 20.668453360104042 0
1 3 21.266897936310865 -1
2 3 20.75670552715085 0
3 3 20.35915790489534 0


# 20.0 20.0 1.9767988845231663
0 0 20.311296424039284 0
1 0 19.78182866116047 -1
2 0 20.485864871534964 0
3 0 20.425044458574504 0

0 1 20.40014824601751 0
1 1 20.0267377862139 -1
2 1 20.113842489003282 -1
3 1 19.97954344073557 -1

0 2 19.997867795048112 -1
1 2 20.83968752425208 0
2 2 20.683467830173054 0
3 2 20.446370668913 0

0 3 20.659566227916603 0
1 3 21.180759734337645 -1
2 3 20.751604520643387 0
3 3 20.360603922593786 0


# 20.0 20.0 1.9767988845231663
0 0 20.302273475660005 0
1 0 19.74077037099264 -1
2 0 20.46881443475334 0
3 0 20.415123152571688 0

0 1 20.387264568367836 0
1 1 19.978433151907023 -1
2 1 20.061701155821954 -1
3 1 19.931480955952356 -1

0 2 19.96059556750253 -1
1 2 20.821021598495026 0
2 2 20.67562974965123 0
3 2 20.439235676357022 0

0 3 20.649518107333687 0
1 3 21.09783355621313 -1
2 3 20.74564593751786 0
3 3 20.361840760746908 0


# 20.0 20.0 1.9767988845231663
0 0 20.29292804980857 0
1 0 19.700540123048576 -1
2 0 20.45125260167101 0
3 0 20.404771521770588 0

0 1 20.373782937727004 0
1 1 19.930952910396595 -1
2 1 20.010611294954554 -1
3 1 19.884614177719342 -1

0 2 19.924382425390093 -1
1 2 20.801158145467078 0
2 2 20.66715933431953 0
3 2 20.431751149223455 0

0 3 20.638402047248913 0
1 3 21.017947020414983 -1
2 3 20.738892173527887 0
3 3 20.362862213233036 0


# 20.0 20.0 1.9767988845231663
0 0 20.28327451674477 0
1 0 19.661103198226286 -1
2 0 20.433217824580243 0
3 0 20.394013731014443 0

0 1 20.359747372572848 0
1 1 19.88425861083221 -1
2 1 19.96053295216615 -1
3 1 19.838895956243977 -1

0 2 19.889150054307176 -1
1 2 20.780204734723146 0
2 2 20.65807225838788 0
3 2 20.42393556609045 0

0 3 20.626304738444617 0
1 3 20.9409380653179 -1
2 3 20.731401172682983 0
3 3 20.36366321442193 0


# 20.0 20.0 1.9767988845231663
0 0 20.273326840991547 0
1 0 19.62242650321763 -1
2 0 20.41474635418465 0
3 0 20.382872944423067 0

0 1 20.345198808998358 0
1 1 19.838314553501526 -1
2 1 19.911427719929993 -1
3 1 19.794281160847053 -1

0 2 19.85482625141227 -1
1 2 20.75826072099987 0
2 2 20.6483850921417 0
3 2 20.41580622592358 0

0 3 20.613306939661374 0
1 3 20.86665429257468 -1
2 3 20.723226754619958 0
3 3 20.364239734469262 0


# 20.0 20.0 1.9767988845231663
0 0 20.263098578462444 0
1 0 19.584478503916273 -1
2 0 20.395872357328127 0
3 0 20.371371360641938 0

0 1 20.330175331620943 0
1 1 19.793087562251056 -1
2 1 19.863258703444167 -1
3 1 19.75072658757159 -1

0 2 19.82134446476034 -1
1 2 20.73541786333261 0
2 2 20.638115122286745 0
3 2 20.40737934176672 0

0 3 20.599483874921585 0
1 3 20.794952354201033 -1
2 3 20.714418917457404 0
3 3 20.364588683139058 0


# 20.0 20.0 1.9767988845231663
0 0 20.25260287566424 0
1 0 19.547229160294712 -1
2 0 20.376628029012917 0
3 0 20.35953024705784 0

0 1 20.31471238652497 0
1 1 19.748546776626164 -1
2 1 19.815990483864816 -1
3 1 19.708190871765858 -1

0 2 19.788643366737755 -1
1 2 20.711760897330866 0
2 2 20.62728019210202 0
3 2 20.3986701263766 0

0 3 20.584905604075672 0
1 3 20.725697380350958 -1
2 3 20.705024117991297 0
3 3 20.364707821478465 0


# 20.0 20.0 1.9767988845231663
0 0 20.241852470702163 0
1 0 19.51064986287843 -1
2 0 20.357043698919988 0
3 0 20.34736997301199 0

0 1 20.298842977659714 0
1 1 19.704663462008913 -1
2 1 19.769589079336868 -1
3 1 19.666634405296396 -1

0 2 19.756666459083565 -1
1 2 20.68736806418153 0
2 2 20.615898559535758 0
3 2 20.38969287050451 0

0 3 20.569637368402162 0
1 3 20.658762444983118 -1
2 3 20.69508553094763 0
3 3 20.364595680722665 0


# 20.0 20.0 1.9767988845231663
0 0 20.230859695843343 0
1 0 19.474713370918803 -1
2 0 20.33714793264456 0
3 0 20.33491004203885 0

0 1 20.282597848001235 0
1 1 19.661410836181748 -1
2 1 19.7240219043326 -1
3 1 19.626019258076457 -1

0 2 19.725361707169075 -1
1 2 20.662311599675252 0
2 2 20.603988771543563 0
3 2 20.380461014467436 0

0 3 20.55373991296551 0
1 3 20.59402806681689 -1
2 3 20.684643288876828 0
3 3 20.36425148785678 0


# 20.0 20.0 1.9767988845231663
0 0 20.21963648142002 0
1 0 19.439393752343168 -1
2 0 20.316967627858062 0
3 0 20.322169123156666 0

0 1 20.266005646682434 0
1 1 19.618763910881427 -1
2 1 19.679257727744947 -1
3 1 19.586309103621677 -1

0 2 19.69468120137985 -1
1 2 20.636658186298302 0
2 2 20.59156955311812 0
3 2 20.37098721359496 0

0 3 20.537269787317115 0
1 3 20.531381743160487 -1
2 3 20.673734704153624 0
3 3 20.36367509730692 0


# 20.0 20.0 1.9767988845231663
0 0 20.208194360877208 0
1 0 19.404666325540155 -1
2 0 20.296528105605326 0
3 0 20.30916508123375 0

0 1 20.249093083199433 0
1 1 19.576699347032513 -1
2 1 19.63526663012572 -1
3 1 19.547469148369018 -1

0 2 19.664580843603677 -1
1 2 20.61046937119896 0
2 2 20.57865970959733 0
3 2 20.361283398087252 0

0 3 20.52027962601487 0
1 3 20.470717514364157 -1
2 3 20.662394474434393 0
3 3 20.36286692827413 0


# 20.0 20.0 1.9767988845231663
0 0 20.196544476790503 0
1 0 19.37050760302061 -1
2 0 20.275853196942464 0
3 0 20.295915006453072 0

0 1 20.231885069714178 0
1 1 19.535195322463665 -1
2 1 19.592019960408155 -1
3 1 19.5094660645169 -1

0 2 19.63502005697546 -1
1 2 20.583801952622217 0
2 2 20.565278040963282 0
3 2 20.351360827772638 0

0 3 20.50281841033441 0
1 3 20.411935556809556 -1
2 3 20.650654872820713 0
3 3 20.361827907263383 0


# 20.0 20.0 1.9767988845231663
0 0 20.184697587698864 0
1 0 19.336895236979004 -1
2 0 20.254965325116963 0
3 0 20.28243524289637 0

0 1 20.214404852391837 0
1 1 19.494231411014223 -1
2 1 19.5494902924079 -1
3 1 19.472267926164115 -1

0 2 19.605961517166673 -1
1 2 20.556708337207795 0
2 2 20.551443266959552 0
3 2 20.341230142210833 0

0 3 20.484931712450084 0
1 3 20.354941802493297 -1
2 3 20.638545923882837 0
3 3 20.360559415395024 0


# 20.0 20.0 1.9767988845231663
0 0 20.172664075614154 0
1 0 19.30380796676683 -1
2 0 20.233885583486902 0
3 0 20.26874141626791 0

0 1 20.19667413263692 0
1 1 19.453788472033775 -1
2 1 19.50765138135605 -1
3 1 19.43584414854324 -1

0 2 19.57737090363321 -1
1 2 20.52923687036326 0
2 2 20.53717396195925 0
3 2 20.330901406548747 0

0 3 20.4666619232754 0
1 3 20.299647583398837 -1
2 3 20.626095566608797 0
3 3 20.359063240118694 0


# 20.0 20.0 1.9767988845231663
0 0 20.16045395408489 0
1 0 19.271225568277888 -1
2 0 20.212633809371276 0
3 0 20.25484846077724 0

0 1 20.178713179023195 0
1 1 19.4138485493644 -1
2 1 19.46647812068182 -1
3 1 19.400165430160516 -1

0 2 19.549216669352557 -1
1 2 20.501432141754723 0
2 2 20.522488498612336 0
3 2 20.3203841535004 0

0 3 20.448048465070503 0
1 3 20.245969298977293 -1
2 3 20.613329805263728 0
3 3 20.35734153097959 0


# 20.0 20.0 1.9767988845231663
0 0 20.148076876705446 0
1 0 19.23912880523551 -1
2 0 20.19122865401802 0
3 0 20.2407706451994 0

0 1 20.16054093064929 0
1 1 19.374394778974764 -1
2 1 19.42594649923028 -1
3 1 19.365203697668935 -1

0 2 19.521469827689444 -1
1 2 20.47333526780154 0
2 2 20.507404999388495 0
3 2 20.309687421789825 0

0 3 20.429127989847967 0
1 3 20.193828105175207 -1
2 3 20.60027284906917 0
3 3 20.355396759114633 0


# 20.0 20.0 1.9767988845231663
0 0 20.135542145974668 0
1 0 19.207499382363228 -1
2 0 20.169687648870777 0
3 0 20.2265215981307 0

0 1 20.142175092593686 0
1 1 19.33541130448784 -1
2 1 19.38603355907222 -1
3 1 19.330932053314754 -1

0 2 19.494103755129405 -1
1 2 20.44498415291724 0
2 2 20.49194129521203 0
3 2 20.29881979136635 0

0 3 20.409934564537096 0
1 3 20.14314962355613 -1
2 3 20.58694724154286 0
3 3 20.353231680181416 0


# 20.0 20.0 1.9767988845231663
0 0 20.122858722419064 0
1 0 19.176319900413304 -1
2 0 20.148027268309598 0
3 0 20.212114332457485 0

0 1 20.123632224089185 0
1 1 19.29688319991033 -1
2 1 19.346717354037715 -1
3 1 19.297324724809872 -1

0 2 19.467094008712493 -1
1 2 20.416413731105905 0
2 2 20.476114890458486 0
3 2 20.28778941567436 0

0 3 20.390499843800985 0
1 3 20.09386366916417 -1
2 3 20.573373980275708 0
3 3 20.350849300446285 0


# 20.0 20.0 1.9767988845231663
0 0 20.110035233906007 0
1 0 19.145573813021457 -1
2 0 20.126262989034796 0
3 0 20.19756126905515 0

0 1 20.104927819987786 0
1 1 19.258796398932468 -1
2 1 19.307976909082733 -1
3 1 19.264357017493605 -1

0 2 19.440418157085304 -1
1 2 20.387656189400506 0
2 2 20.45994293364968 0
3 2 20.27660405123511 0

0 3 20.370853231339144 0
1 3 20.04590399587146 -1
2 3 20.559572627863737 0
3 3 20.348252845779406 0


# 20.0 20.0 1.9767988845231663
0 0 20.097079985081503 0
1 0 19.11524538535114 -1
2 0 20.104409346257203 0
3 0 20.182874259734174 0

0 1 20.08607638604149 0
1 1 19.22113763022222 -1
2 1 19.269792180578236 -1
3 1 19.232005268657446 -1

0 2 19.414055624169094 -1
1 2 20.35874117451623 0
2 2 20.443442193244813 0
3 2 20.265271084775417 0

0 3 20.35102203045142 0
1 3 19.999208058038835 -1
2 3 20.545561414658216 0
3 3 20.34544573332455 0


# 20.0 20.0 1.9767988845231663
0 0 20.08400096687528 0
1 0 19.08531965448665 -1
2 0 20.08247998685199 0
3 0 20.168064609449857 0

0 1 20.067091508482946 0
1 1 19.183894358188322 -1
2 1 19.232144017593793 -1
3 1 19.20024680391566 -1

0 2 19.3879875445154 -1
1 2 20.3296959839873 0
2 2 20.42662903798124 0
3 2 20.25379755811751 0

0 3 20.331031584585823 0
1 3 19.95371678739998 -1
2 3 20.53135733394704 0
3 3 20.34243154562964 0


# 20.0 20.0 1.9767988845231663
0 0 20.070805866023406 0
1 0 19.055782391530975 -1
2 0 20.0604877196271 0
3 0 20.153143097792174 0

0 1 20.047985918351387 0
1 1 19.147054728732844 -1
2 1 19.195014124232372 -1
3 1 19.16905989551291 -1

0 2 19.36219662948885 -1
1 2 20.300545742959144 0
2 2 20.409519421269213 0
3 2 20.242190191025514 0

0 3 20.310905408543398 0
1 3 19.909374384154574 -1
2 3 20.516976230133903 0
3 3 20.339214007040887 0


# 20.0 20.0 1.9767988845231663
0 0 20.05750207456515 0
1 0 19.026620065361776 -1
2 0 20.0384445628514 0
3 0 20.138119999772027 0

0 1 20.02877155097407 0
1 1 19.110607519555995 -1
2 1 19.15838502305949 -1
3 1 19.13842372246765 -1

0 2 19.336667043480038 -1
1 2 20.271313567718625 0
2 2 20.39212886919154 0
3 2 20.230455402186845 0

0 3 20.29066531096745 0
1 3 19.86612812132592 -1
2 3 20.502432880438977 0
3 3 20.335796962178925 0


# 20.0 20.0 1.9767988845231663
0 0 20.044096699276835 0
1 0 18.99781980799679 -1
2 0 20.01636178918158 0
3 0 20.123005105920026 0

0 1 20.009459600980914 0
1 1 19.074542094614376 -1
2 1 19.122240019658097 -1
3 1 19.108318332457188 -1

0 2 19.31138428940988 -1
1 2 20.24202071696263 0
2 2 20.374472471701306 0
3 2 20.218599328491045 0

0 3 20.270331508701453 0
1 3 19.82392816150347 -1
2 3 20.487741070605146 0
3 3 20.332184356329638 0


# 20.0 20.0 1.9767988845231663
0 0 20.0305965710106 0
1 0 18.969369381518604 -1
2 0 19.994249968121114 0
3 0 20.107807741713845 0

0 1 19.990060573200136 0
1 1 19.03884836236896 -1
2 1 19.08656316833029 -1
3 1 19.07872460535641 -1

0 2 19.286335102841036 -1
1 2 20.212686731729402 0
2 2 20.356564876649514 0
3 2 20.206627842754447 0

0 3 20.249922733560336 0
1 3 19.782727385151063 -1
2 3 20.47291366505729 0
3 3 20.328380217595512 0


# 20.0 20.0 1.9767988845231663
0 0 20.017008253910845 0
1 0 18.941257146507635 -1
2 0 19.972119006138648 0
3 0 20.092536786350088 0

0 1 19.97058432975518 0
1 1 19.00351673749112 -1
2 1 19.051339238958064 -1
3 1 19.049624218348193 -1

0 2 19.261507354062253 -1
1 2 20.183329564846638 0
2 2 20.338420286309734 0
3 2 20.1945465700258 0

0 3 20.229456332022725 0
1 3 19.74248122971784 -1
2 3 20.45796267192836 0
3 3 20.324388640665525 0


# 20.0 20.0 1.9767988845231663
0 0 20.00333805448521 0
1 0 18.913472031931693 -1
2 0 19.9499781845677 0
3 0 20.077200690876477 0

0 1 19.951040133657926 0
1 1 18.968538105724278 -1
2 1 19.016553685027475 -1
3 1 19.020999612528726 -1

0 2 19.236889957557967 -1
1 2 20.153965700685717 0
2 2 20.320052456098875 0
3 2 20.182360902596233 0

0 3 20.208948358317215 0
1 3 19.703147538840867 -1
2 3 20.44289930333463 0
3 3 20.320213772072737 0


# 20.0 20.0 1.9767988845231663
0 0 19.989592030510817 0
1 0 18.886003506440197 -1
2 0 19.927836195403987 0
3 0 20.061807495700116 0

0 1 19.93143668916981 0
1 1 18.93390379162539 -1
2 1 18.98219261281404 -1
3 1 18.992833960935844 -1

0 2 19.212472788318607 -1
1 2 20.124610265951407 0
2 2 20.301474695222485 0
3 2 20.170076013825966 0

0 3 20.18841366134371 0
1 3 19.66468642097711 -1
2 3 20.427734031253845 0
3 3 20.315859796819076 0


# 20.0 20.0 1.9767988845231663
0 0 19.975775999759747 0
1 0 18.858841551011178 -1
2 0 19.905701175111325 0
3 0 20.046364847487478 0

0 1 19.911782179181124 0
1 1 18.899605528934863 -1
2 1 18.94824275172142 -1
3 1 18.965111137932958 -1

0 2 19.18824660448694 -1
1 2 20.095277132181195 0
2 2 20.282699868999593 0
3 2 20.157696870890295 0

0 3 20.167865965840903 0
1 3 19.62706011684738 -1
2 3 20.412476639333175 0
3 3 20.31133092625627 0


# 20.0 20.0 1.9767988845231663
0 0 19.961895548530705 0
1 0 18.831976632899632 -1
2 0 19.88358073654195 0
3 0 20.030880015471627 0

0 1 19.892084299838945 0
1 1 18.865635433345684 -1
2 1 18.914691425760633 -1
3 1 18.937815689885245 -1

0 2 19.164202975872822 -1
1 2 20.065979010577284 0
2 2 20.26374040264635 0
3 2 20.145228246538355 0

0 3 20.14731794818327 0
1 3 19.590232875116918 -1
2 3 20.397136270929416 0
3 3 20.30663138712066 0


# 20.0 20.0 1.9767988845231663
0 0 19.947956039976464 0
1 0 18.805399680836217 -1
2 0 19.861481999072012 0
3 0 20.015359907182138 0

0 1 19.87235029263605 0
1 1 18.831985977462814 -1
2 1 18.88152652615292 -1
3 1 18.910932807068544 -1

0 2 19.14033421790292 -1
1 2 20.036727539747123 0
2 2 20.24460828631974 0
3 2 20.13267472994985 0

0 3 20.12678130716491 0
1 3 19.554170835776105 -1
2 3 20.381721473660978 0
3 3 20.301765411627645 0


# 20.0 20.0 1.9767988845231663
0 0 19.933962622218978 0
1 0 18.77910206142614 -1
2 0 19.83941161704812 0
3 0 19.99981108361298 0

0 1 19.852586974156353 0
1 1 18.79864996776239 -1
2 1 18.848736485035968 -1
3 1 18.88444829675485 -1

0 2 19.11663333060382 -1
1 2 20.007533366884804 0
2 2 20.22531508124277 0
3 2 20.12004073676746 0

0 3 20.106266830103532 0
1 3 19.5188419207213 -1
2 3 20.366240240730317 0
3 3 20.296737228539023 0


# 20.0 20.0 1.9767988845231663
0 0 19.919920236246085 0
1 0 18.75307555669892 -1
2 0 19.817375806636274 0
3 0 19.984239773843605 0

0 1 19.832800763657133 0
1 1 18.765620523377116 -1
2 1 18.816310250250375 -1
3 1 18.858348557421483 -1

0 2 19.093093942246202 -1
1 2 19.978406222885383 0
2 2 20.205871926750717 0
3 2 20.10733051837576 0

0 3 20.085784454575414 0
1 3 19.4842157310693 -1
2 3 20.350700049255952 0
3 3 20.291551055123197 0


# 20.0 20.0 1.9767988845231663
0 0 19.905833623585497 0
1 0 18.727312342760754 -1
2 0 19.79538037115981 0
3 0 19.96865188912821 0

0 1 19.812997708654038 0
1 1 18.732891056549622 -1
2 1 18.784237261180937 -1
3 1 18.832620554033998 -1

0 2 19.06971025730524 -1
1 2 19.949354991846985 0
2 2 20.186289548114598 0
3 2 20.09454817049124 0

0 3 20.065343326071194 0
1 3 19.45026345077048 -1
2 3 20.3351078958353 0
3 3 20.28621108993468 0


# 20.0 20.0 1.9767988845231663
0 0 19.8917073337534 0
1 0 18.701804969502355 -1
2 0 19.773430725008833 0
3 0 19.95305303646811 0

0 1 19.79318350866187 0
1 1 18.700455254609547 -1
2 1 18.752507425625456 -1
3 1 18.807251794355587 -1

0 2 19.04647700841738 -1
1 2 19.920387775381272 0
2 2 20.166578265013097 0
3 2 20.081697641122247 0

0 3 20.044951851842885 0
1 3 19.416957756114833 -1
2 3 20.31947032954297 0
3 3 20.280721506345017 0


# 20.0 20.0 1.9767988845231663
0 0 19.877545731476246 0
1 0 18.676546341316392 -1
2 0 19.751531916199383 0
3 0 19.937448531681916 0

0 1 19.773363537232107 0
1 1 18.66830706334295 -1
2 1 18.721111097662366 -1
3 1 18.78223030623825 -1

0 2 19.023389412037325 -1
1 2 19.891511952121068 0
2 2 20.14674800053785 0
3 2 20.068782737952567 0

0 3 20.024617751194366 0
1 3 19.38427273075231 -1
2 3 20.303793482553786 0
3 3 20.27508644676267 0


# 20.0 20.0 1.9767988845231663
0 0 19.863353003685685 0
1 0 18.65152969877984 -1
2 0 19.7296886476565 0
3 0 19.921843411988103 0

0 1 19.75354286241715 0
1 1 18.636440671634254 -1
2 1 18.690039056487375 -1
3 1 18.75754461585338 -1

0 2 19.000443127520548 -1
1 2 19.862734232784597 0
2 2 20.126808290629373 0
3 2 20.055807135197504 0

0 3 20.004348102450642 0
1 3 19.352183785874182 -1
2 3 20.28808309856572 0
3 3 20.269310017484372 0


# 20.0 20.0 1.9767988845231663
0 0 19.849133166287363 0
1 0 18.626748601258022 -1
2 0 19.707905297291727 0
3 0 19.906242448114273 0

0 1 19.733726265780934 0
1 1 18.604850497271542 -1
2 1 18.659282486188534 -1
3 1 18.73318372682154 -1

0 2 18.977634219376878 -1
1 2 19.83406071112876 0
2 2 20.10676829385213 0
3 2 20.042774379977107 0

0 3 19.984149386825433 0
1 3 19.320667585225706 -1
2 3 20.272344559184706 0
3 3 20.263396284124877 0


# 20.0 20.0 1.9767988845231663
0 0 19.834890070705484 0
1 0 18.60219691038841 -1
2 0 19.68618593694177 0
3 0 19.89065015594732 0

0 1 19.713918260066382 0
1 1 18.573531173815773 -1
2 1 18.62883295642866 -1
3 1 18.70913710020327 -1

0 2 18.954959122459297 -1
1 2 19.805496911098814 0
2 2 20.0866368014275 0
3 2 20.029687898247136 0

0 3 19.964027529391938 0
1 3 19.289701974642334 -1
2 3 20.256582908421287 0
3 3 20.2573492675764 0


# 20.0 20.0 1.9767988845231663
0 0 19.820627410205542 0
1 0 18.577868774403655 -1
2 0 19.66453435023157 0
3 0 19.875070807738435 0

0 1 19.69412310562136 0
1 1 18.542477538443247 -1
2 1 18.59868240400375 -1
3 1 18.685394635314605 -1

0 2 18.93241460986935 -1
1 2 19.77704783045866 0
2 2 20.06642224745255 0
3 2 20.016551000324878 0

0 3 19.94398793734797 0
1 3 19.25926591582209 -1
2 3 20.240802875437804 0
3 3 20.251172940452804 0


# 20.0 20.0 1.9767988845231663
0 0 19.806348725998443 0
1 0 18.55375861325478 -1
2 0 19.642954049421807 0
3 0 19.859508442876688 0

0 1 19.674344825676997 0
1 1 18.5116846206787 -1
2 1 18.56882311524598 -1
3 1 18.661946651332762 -1

0 2 18.90999776337664 -1
1 2 19.748717981164603 0
2 2 20.04613271924091 0
3 2 20.00336688604355 0

0 3 19.924035535753827 0
1 3 19.229339424065838 -1
2 3 20.22500889567453 0
3 3 20.24487122397712 0


# 20.0 20.0 1.9767988845231663
0 0 19.79205741312968 0
1 0 18.52986110449684 -1
2 0 19.621448291297526 0
3 0 19.84396687824469 0

0 1 19.654587220564782 0
1 1 18.481147631943788 -1
2 1 18.53924770923995 -1
3 1 18.638783869659125 -1

0 2 18.88770594616462 -1
1 2 19.720511426725682 0
2 2 20.02577596772955 0
3 2 19.990138649566113 0

0 3 19.904174800909455 0
1 3 19.19990350973479 -1
2 3 20.2092051304735 0
3 3 20.23844798527442 0


# 20.0 20.0 1.9767988845231663
0 0 19.77775672615775 0
1 0 18.506171169900764 -1
2 0 19.600020092151656 0
3 0 19.828449718169608 0

0 1 19.634853880952257 0
1 1 18.45086195585231 -1
2 1 18.509949121821144 -1
3 1 18.615897397008123 -1

0 2 18.865536777728753 -1
1 2 19.692431816775393 0
2 2 20.005359417902167 0
3 2 19.976869283886554 0

0 3 19.884409791526277 0
1 3 19.17094012319123 -1
2 3 20.193395485310027 0
3 3 20.2319070350349 0


# 20.0 20.0 1.9767988845231663
0 0 19.763449784626307 0
1 0 18.602683962756494 1
2 0 19.580112241914254 0
3 0 19.81297764398257 0

0 1 19.61514820017075 0
1 1 18.422263139189685 -1
2 1 18.4809551503259 -1
3 1 18.59327933127212 -1

0 2 18.843488110765815 -1
1 2 19.664499699062763 0
2 2 19.984890801265884 0
3 2 19.963561699974193 0

0 3 19.864744177838816 0
1 3 19.142432310363738 -1
2 3 20.17758363668698 0
3 3 20.22525212581358 0


# 20.0 20.0 1.9767988845231663
0 0 19.750579578334886 0
1 0 18.694406695833987 1
2 0 19.561607601635565 0
3 0 19.79756909199409 0

0 1 19.595507945703062 0
1 1 18.395218942399687 -1
2 1 18.452289263229137 -1
3 1 18.570922640021063 -1

0 2 18.821558631984907 -1
1 2 19.63673292173992 0
2 2 19.964378053064685 0
3 2 19.95021874240207 0

0 3 19.845181278744803 0
1 3 19.11436412737452 -1
2 3 20.161773055621158 0
3 3 20.21848695086057 0


# 20.0 20.0 1.9767988845231663
0 0 19.739037689213273 0
1 0 18.781591985407943 1
2 0 19.544397486454447 0
3 0 19.78224044620001 0

0 1 19.575966395146708 0
1 1 18.429607399950786 0
2 1 18.42469104554803 -1
3 1 18.54882969194998 -1

0 2 18.79974773658912 -1
1 2 19.609866909300152 0
2 2 19.943846503552038 0
3 2 19.936843512977532 0

0 3 19.825724095077554 0
1 3 19.086729202744777 -1
2 3 20.14596733917096 0
3 3 20.21161515085537 0


# 20.0 20.0 1.9767988845231663
0 0 19.72872303296825 0
1 0 18.86519785705329 1
2 0 19.528398344208977 0
3 0 19.767006526570718 0

0 1 19.557272744584644 0
1 1 18.462470587430982 0
2 1 18.458108416887427 0
3 1 18.52772234636531 -1

0 2 18.778072696639924 -1
1 2 19.58384672553816 0
2 2 19.924039063316428 0
3 2 19.923456604158922 0

0 3 19.80637565044738 0
1 3 19.059520852811374 -1
2 3 20.130178811729575 0
3 3 20.204640630415238 0


# 20.0 20.0 1.9767988845231663
0 0 19.719558651001048 0
1 0 18.945384678048743 1
2 0 19.514251609210284 0
3 0 19.75189797908108 0

0 1 19.539388512532952 0
1 1 18.49459273923038 0
2 1 18.4896464819743 0
3 1 18.50753802060054 -1

0 2 18.75654897404327 -1
1 2 19.558638502265143 0
2 2 19.904908233078775 0
3 2 19.91007646939338 0

0 3 19.787138964953527 0
1 3 19.032732452340674 -1
2 3 20.11441867742695 0
3 3 20.197567509482134 0


# 20.0 20.0 1.9767988845231663
0 0 19.71147181785199 0
1 0 19.022322315566207 1
2 0 19.50181944294291 0
3 0 19.736941941396683 0

0 1 19.522285557380076 0
1 1 18.52596700203355 0
2 1 18.519426243223403 0
3 1 18.548218759583477 0

0 2 18.855190673428638 1
1 2 19.535649434486995 0
2 2 19.88642748778536 0
3 2 19.897439822761072 0

0 3 19.769457039724433 0
1 3 19.006391991162026 -1
2 3 20.098697736836172 0
3 3 20.190408729855942 0


# 20.0 20.0 1.9767988845231663
0 0 19.704394126884672 0
1 0 19.09617094517476 1
2 0 19.490973495896846 0
3 0 19.722882338572166 0

0 1 19.507376185598275 0
1 1 18.55662405963774 0
2 1 18.548280709183523 0
3 1 18.587216806127174 0

0 2 18.949022457062352 1
1 2 19.51471985357939 0
2 2 19.868588625839987 0
3 2 19.885501920146986 0

0 3 19.753221559673047 0
1 3 18.980523197334286 -1
2 3 20.083026678525414 0
3 3 20.1831763587652 0


# 20.0 20.0 1.9767988845231663
0 0 19.6982785038861 0
1 0 19.167082278190467 1
2 0 19.48161155298053 0
3 0 19.70968451469286 0

0 1 19.49451348605018 0
1 1 18.586601260699172 0
2 1 18.576251454090475 0
3 1 18.624610954936998 0

0 2 19.038312972657366 1
1 2 19.49570161328595 0
2 2 19.851382151792254 0
3 2 19.874220873086745 0

0 3 19.738331617564718 0
1 3 18.955145941958758 -1
2 3 20.067416011457542 0
3 3 20.175881652464184 0


# 20.0 20.0 1.9767988845231663
0 0 19.69307962691709 0
1 0 19.235200331793628 1
2 0 19.473637503362273 0
3 0 19.69731485366351 0

0 1 19.483559845959356 0
1 1 18.615932959127164 0
2 1 18.603378147124754 0
3 1 18.660476261316145 0

0 2 19.123314944727476 1
1 2 19.47845724781949 0
2 2 19.83479747586009 0
3 2 19.863557461092785 0

0 3 19.724693209972624 0
1 3 18.930276610027487 -1
2 3 20.051876007836547 0
3 3 20.168535114602626 0


# 20.0 20.0 1.9767988845231663
0 0 19.68875388248111 0
1 0 19.30066180999794 1
2 0 19.466960985950493 0
3 0 19.685740765898824 0

0 1 19.474386353865093 0
1 1 18.64465077979475 0
2 1 18.629698622097823 0
3 1 18.69488422052994 0

0 2 19.20426615878881 1
1 2 19.46285919221781 0
2 2 19.818823092417745 0
3 2 19.853474956857493 0

0 3 19.712218767639406 0
1 3 18.90592844001866 -1
2 3 20.036416655271882 0
3 3 20.161146549822483 0


# 20.0 20.0 1.9767988845231663
0 0 19.685259320678146 0
1 0 19.363596467015107 1
2 0 19.461497054800713 0
3 0 19.674930673630435 0

0 1 19.4668722421139 0
1 1 18.672783860645936 0
2 1 18.65524894697786 0
3 1 18.72790293819727 0

0 2 19.281390382543332 1
1 2 19.448789060298864 0
2 2 19.803446739414564 0
3 2 19.84393896339869 0

0 3 19.70082671787513 0
1 3 18.882111834739227 -1
2 3 20.021047617238178 0
3 3 20.153725112996515 0


# 20.0 20.0 1.9767988845231663
0 0 19.68255560964328 0
1 0 19.42412745370155 1
2 0 19.457165863390802 0
3 0 19.664853994998797 0

0 1 19.460904366179108 0
1 1 18.70035907326082 0
2 1 18.680063492894085 0
3 1 18.759597292208486 0

0 2 19.35489822820875 1
1 2 19.436136975912 0
2 2 19.78865554051598 0
3 2 19.774917262284596 -1

0 3 19.690441076787003 0
1 3 18.858834645719426 -1
2 3 20.005778200904956 0
3 3 20.145559354486917 0


# 20.0 20.0 1.9767988845231663
0 0 19.680603989534692 0
1 0 19.48237164776032 1
2 0 19.45389236675623 0
3 0 19.655481127086418 0

0 1 19.456376718291637 0
1 1 18.727401223762598 0
2 1 18.704175002314088 0
3 1 18.78930908663595 0

0 2 19.42498795987587 1
1 2 19.42480095350671 0
2 2 19.773716131599336 0
3 2 19.708873752141308 -1

0 3 19.680991069289814 0
1 3 18.836102433283628 -1
2 3 19.990600051499385 0
3 3 20.136712903369077 0


# 20.0 20.0 1.9767988845231663
0 0 19.679367226304066 0
1 0 19.53843996835626 1
2 0 19.451606040525547 0
3 0 19.646774788037245 0

0 1 19.453189973042697 0
1 1 18.75393323578863 0
2 1 18.727597376137606 0
3 1 18.817157055993032 0

0 2 19.491846249511156 1
1 2 19.41467768434058 0
2 2 19.758678743651995 0
3 2 19.64565163898754 -1

0 3 19.67241077498892 0
1 3 18.933918393215663 1
2 3 19.97694656981925 0
3 3 20.12726241735347 0


# 20.0 20.0 1.9767988845231663
0 0 19.678809565453907 0
1 0 19.592437675786517 1
2 0 19.450240304903012 0
3 0 19.638699663998658 0

0 1 19.45125106278395 0
1 1 18.77997600605936 0
2 1 18.75034532741029 0
3 1 18.843252819206082 0

0 2 19.555648781297048 1
1 2 19.407111818582923 0
2 2 19.7436228282143 0
3 2 19.58510392692735 -1

0 3 19.66607879318347 0
1 3 19.027295466879632 1
2 3 19.964692982436212 0
3 3 20.11727853324111 0


# 20.0 20.0 1.9767988845231663
0 0 19.67889668596041 0
1 0 19.644464649366558 1
2 0 19.449732327786393 0
3 0 19.631222297858617 0

0 1 19.450472775826825 0
1 1 18.80556589262275 0
2 1 18.772434838108552 0
3 1 18.867701333554162 0

0 2 19.61659549313369 1
1 2 19.401887407461146 0
2 2 19.72861836231921 0
3 2 19.527092740745776 -1

0 3 19.661826648149024 0
1 3 19.116489941727245 1
2 3 19.953724519221343 0
3 3 20.106826313164035 0


# 20.0 20.0 1.9767988845231663
0 0 19.679595654368157 0
1 0 19.69461586059049 1
2 0 19.450022845978054 0
3 0 19.624310985290094 0

0 1 19.450774003723595 0
1 1 18.830735275095464 0
2 1 18.793882899682703 0
3 1 18.89060131705351 0

0 2 19.67487233913408 1
1 2 19.398805402922324 0
2 2 19.713726747678752 0
3 2 19.471488698169207 -1

0 3 19.659497236185995 0
1 3 19.201741690074655 1
2 3 19.943935626425056 0
3 3 20.09596565778526 0


# 20.0 20.0 1.9767988845231663
0 0 19.68087488918267 0
1 0 19.74298159056876 1
2 0 19.451055992153474 0
3 0 19.617935677530134 0

0 1 19.45207928560815 0
1 1 18.855512972036266 0
2 1 18.814707284845 0
3 1 18.912045641663795 0

0 2 19.730652283987045 1
1 2 19.397682347907374 0
2 2 19.699001631278332 0
3 2 19.418170328014828 -1

0 3 19.65894406337204 0
1 3 19.283275283543972 1
2 3 19.935229240986494 0
3 3 20.084751688933007 0


# 20.0 20.0 1.9767988845231663
0 0 19.682704123686218 0
1 0 19.789647640819386 1
2 0 19.452779127721364 0
3 0 19.612067890371673 0

0 1 19.45431838816912 0
1 1 18.879924617319414 0
2 1 18.834926347388233 0
3 1 18.932121699503213 0

0 2 19.78409622565297 1
1 2 19.398349168301355 0
2 2 19.684489653993264 0
3 2 19.36702353074736 -1

0 3 19.66003053520101 0
1 3 19.36130102896899 1
2 3 19.927516121327805 0
3 3 20.07323510395632 0


# 20.0 20.0 1.9767988845231663
0 0 19.685054367581376 0
1 0 19.834695537256437 1
2 0 19.455142681657264 0
3 0 19.60668061889222 0

0 1 19.457425918392662 0
1 1 18.903992999344148 0
2 1 18.854558847127574 0
3 1 18.950911744085285 0

0 2 19.835353851638285 1
1 2 19.400650058630227 0
2 2 19.670231133295584 0
3 2 19.317941078232018 -1

0 3 19.66262929450106 0
1 3 19.4360159314458 1
2 3 19.92071423025641 0
3 3 20.061462503915756 0


# 20.0 20.0 1.9767988845231663
0 0 19.687897867816236 0
1 0 19.87820272727748 1
2 0 19.458099995347226 0
3 0 19.60174825748529 0

0 1 19.461340966445754 0
1 1 18.9277383665694 0
2 1 18.87362379733702 0
3 1 18.968493208430356 0

0 2 19.8845644337044 1
1 2 19.404441454196157 0
2 2 19.656260685617656 0
3 2 19.270822149721837 -1

0 3 19.666621604280824 0
1 3 19.507604589789878 1
2 3 19.91474816593752 0
3 3 20.0494766975627 0


# 20.0 20.0 1.9767988845231663
0 0 19.69120806889953 0
1 0 19.92024276990162 1
2 0 19.46160717343933 0
3 0 19.597246524798255 0

0 1 19.466006776285113 0
1 1 18.95117870254671 0
2 1 18.892140332305253 0
3 1 18.984939001758185 0

0 2 19.93185756550596 1
1 2 19.409591082916265 0
2 2 19.64260779347858 0
3 2 19.225571901347113 -1

0 3 19.671896772390266 0
1 3 19.57624002927363 1
2 3 19.909548637211923 0
3 3 20.03731698291315 0


# 20.0 20.0 1.9767988845231663
0 0 19.69495957297339 0
1 0 19.960885518953265 1
2 0 19.465622940667558 0
3 0 19.593152393214627 0

0 1 19.471370441773452 0
1 1 18.974329973335845 0
2 1 18.910127592865482 0
3 1 19.00031778633347 0

0 2 19.97735384731967 1
1 2 19.415977090657176 0
2 2 19.629297322056587 0
3 2 19.182101066586174 -1

0 3 19.678351615103335 0
1 3 19.64208447615981 1
2 3 19.905051979822577 0
3 3 20.025019408085182 0


# 20.0 20.0 1.9767988845231663
0 0 19.699128099875068 0
1 0 20.00019729932377 1
2 0 19.470108504584367 0
3 0 19.589444022549916 0

0 1 19.477382626265335 0
1 1 18.997206349925065 0
2 1 18.927604627962733 0
3 1 19.01469423591265 0

0 2 20.021165521716554 1
1 2 19.423487234343927 0
2 2 19.616349989502456 0
3 2 19.140325585391558 -1

0 3 19.68588995693413 0
1 3 19.705290078214304 1
2 3 19.901199710379654 0
3 3 20.01261701294337 0


# 19.880000000000003 20.0 1.9767988845231663
0 0 19.703690447386634 0
1 0 20.038241076374923 1
2 0 19.475027424114476 0
3 0 19.586100697658445 0

0 1 19.48399730379053 0
1 1 19.019820408038328 0
2 1 18.944590310511337 0
3 1 19.028129277127054 0

0 2 20.06339706374528 1
1 2 19.432018137569422 0
2 2 19.603782794932563 0
3 2 19.100166259825148 -1

0 3 19.694422164188016 0
1 3 19.76599957507495 1
2 3 19.89793811513912 0
3 3 20.00014005297698 0


# 19.760000000000005 20.0 1.9767988845231663
0 0 19.7071844518427 0
1 0 20.074339338575122 1
2 0 19.479616636462605 0
3 0 19.581654023505816 0

0 1 19.490434240114844 0
1 1 19.042165612773736 0
2 1 18.961094307462346 0
3 1 19.03994282257724 0

0 2 20.103416881570446 1
1 2 19.44146564533831 0
2 2 19.59160919270898 0
3 2 19.06081958173165 -1

0 3 19.70241596375699 0
1 3 19.823609429612617 1
2 3 19.89448901840686 0
3 3 19.986158714271472 0


# 19.640000000000008 20.0 1.9767988845231663
0 0 19.70962309452064 0
1 0 20.10855395048005 1
2 0 19.483848365108553 0
3 0 19.576119972911837 0

0 1 19.4966584690964 0
1 1 19.064234931829123 0
2 1 18.97711740445084 0
3 1 19.050193907538127 0

0 2 20.141319853482788 1
1 2 19.451724575253674 0
2 2 19.579821758417065 0
3 2 19.02221925186164 -1

0 3 19.709828140458885 0
1 3 19.87825033437832 1
2 3 19.890811249318574 0
3 3 19.97073336657186 0


# 19.52000000000001 20.0 1.9767988845231663
0 0 19.711019212152816 0
1 0 20.140943914668973 1
2 0 19.487696909278373 0
3 0 19.56951434368881 0

0 1 19.502637701363927 0
1 1 19.086020738250173 0
2 1 18.992660568799007 0
3 1 19.05893849339372 0

0 2 20.17719470464143 1
1 2 19.46269724606974 0
2 2 19.568410973805634 0
3 2 18.984303037288704 -1

0 3 19.716619667870603 0
1 3 19.930045358293537 1
2 3 19.886867453231247 0
3 3 19.953921011261514 0


# 19.52000000000001 20.0 1.9767988845231663
0 0 19.71138549990771 0
1 0 20.171565508022113 1
2 0 19.4911385241348 0
3 0 19.561852751526352 0

0 1 19.508342129220235 0
1 1 19.1075149282395 0
2 1 19.00772489653154 0
3 1 19.06622964489534 0

0 2 20.211124435564418 1
1 2 19.47429292660923 0
2 2 19.55736550682689 0
3 2 18.947012503678383 -1

0 3 19.722755397353556 0
1 3 19.979110442571535 1
2 3 19.882623783723453 0
3 3 19.93577549030492 0


# 19.52000000000001 20.0 1.9767988845231663
0 0 19.71217451355794 0
1 0 20.20120969227637 1
2 0 19.494880154205152 0
3 0 19.55459937006061 0

0 1 19.514481526321326 0
1 1 19.128726720184865 0
2 1 19.02232052581137 0
3 1 19.07285518860434 0

0 2 20.243915567474122 1
1 2 19.486436284976676 0
2 2 19.546672679677478 0
3 2 18.911021618826933 -1

0 3 19.729652515169377 0
1 3 20.026292354989966 1
2 3 19.878778471106738 0
3 3 19.917805173733147 0


# 19.52000000000001 20.0 1.9767988845231663
0 0 19.713364525693027 0
1 0 20.22992254200176 1
2 0 19.49889729698302 0
3 0 19.547734822565477 0

0 1 19.521025383976056 0
1 1 19.14966429445718 0
2 1 19.03646621408909 0
3 1 19.078857942548737 0

0 2 20.275636483849674 1
1 2 19.499066533053487 0
2 2 19.536336385097872 0
3 2 18.876274704852758 -1

0 3 19.737248170689355 0
1 3 20.07168919417858 1
2 3 19.875299744356372 0
3 3 19.900023080869264 0


# 19.52000000000001 19.0 1.9767988845231663
0 0 19.71493477787981 0
1 0 20.257747751669527 1
2 0 19.50316699596962 0
3 0 19.54124066821534 0

0 1 19.5279451445233 0
1 1 19.170335116043262 0
2 1 19.050180193088725 0
3 1 19.08427825575557 0

0 2 20.30635086970718 1
1 2 19.51212787824724 0
2 2 19.526358828859717 0
3 2 18.842719089234755 -1

0 3 19.745483717311167 0
1 3 20.115393184102057 1
2 3 19.872158456219378 0
3 3 19.88244078050342 0


# 19.640000000000008 19.0 1.9767988845231663
0 0 19.716865440630453 0
1 0 20.28472675673113 1
2 0 19.50766775355532 0
3 0 19.53509935627132 0

0 1 19.535214065569892 0
1 1 19.19074601719683 0
2 1 19.063480154084875 0
3 1 19.089154152208927 0

0 2 20.336118041113018 1
1 2 19.525569132946632 0
2 2 19.516740727064278 0
3 2 18.810304915404217 -1

0 3 19.754304438190545 0
1 3 20.15749105469805 1
2 3 19.869327871805353 0
3 3 19.86506850585181 0


# 19.760000000000005 19.0 1.9767988845231663
0 0 19.72057757463537 0
1 0 20.31163612909307 1
2 0 19.51310829557939 0
3 0 19.530742928819013 0

0 1 19.5435443744113 0
1 1 19.210920965857813 0
2 1 19.076392196377327 0
3 1 19.09425895830336 0

0 2 20.365722098732853 1
1 2 19.53935231272143 0
2 2 19.50748169972089 0
3 2 18.779713818923753 -1

0 3 19.765108036256855 0
1 3 20.198801889050134 1
2 3 19.867512326325002 0
3 3 19.84937275338413 0


# 19.880000000000003 19.0 1.9767988845231663
0 0 19.72601894799055 0
1 0 20.338507990184294 1
2 0 19.519465464549622 0
3 0 19.528120876455763 0

0 1 19.552907454837 0
1 1 19.230882678946077 0
2 1 19.088950436569455 0
3 1 19.099621503638005 0

0 2 20.395210184231857 1
1 2 19.55345191913419 0
2 2 19.49859812014572 0
3 2 18.75089694705497 -1

0 3 19.77781229183099 0
1 3 20.23939752815751 1
2 3 19.8666852294396 0
3 3 19.835326320380236 0


# 20.0 19.0 1.9767988845231663
0 0 19.733139251203145 0
1 0 20.36537250333294 1
2 0 19.526717240834834 0
3 0 19.52718458983703 0

0 1 19.56327612710642 0
1 1 19.250652922190383 0
2 1 19.10118789305583 0
3 1 19.105268633644584 0

0 2 20.424625840550977 1
1 2 19.567845519948285 0
2 2 19.49010479745271 0
3 2 18.72380767229639 -1

0 3 19.792339329749577 0
1 3 20.279345272924544 1
2 3 19.866821766492226 0
3 3 19.822902126112012 0


# 20.119999999999997 19.0 1.9767988845231663
0 0 19.741890021725105 0
1 0 20.39225798040996 1
2 0 19.534842682279404 0
3 0 19.527887280393987 0

0 1 19.574624555181547 0
1 1 19.270252573308394 0
2 1 19.11313649842937 0
3 1 19.11122532844495 0

0 2 20.45400926810639 1
1 2 19.582513477932274 0
2 2 19.48201512015678 0
3 2 18.698401460956507 -1

0 3 19.808615368370962 0
1 3 20.31870817881526 1
2 3 19.86789875740056 0
3 3 19.812073252192263 0


# 20.239999999999995 19.0 1.9767988845231663
0 0 19.7522245713701 0
1 0 20.419190983156234 1
2 0 19.543821866767424 0
3 0 19.530183904642353 0

0 1 19.58692816081734 0
1 1 19.289701679233612 0
2 1 19.12482711443999 0
3 1 19.117514814410725 0

0 2 20.48339756293137 1
1 2 19.597438701485167 0
2 2 19.474341186800643 0
3 2 18.674635750637176 -1

0 3 19.826570484010567 0
1 3 20.357545330619775 1
2 3 19.86989452682509 0
3 3 19.80281297844289 0


# 20.359999999999992 19.0 1.9767988845231663
0 0 19.76409791652846 0
1 0 20.446196419414026 1
2 0 19.553635837625148 0
3 0 19.53403109189966 0

0 1 19.600163543967334 0
1 1 19.30901950798208 0
2 1 19.136289549108696 0
3 1 19.12415866890522 0

0 2 20.51282493804181 1
1 2 19.61260641537521 0
2 2 19.467093924737565 0
3 2 18.65246983597544 -1

0 3 19.846138389810125 0
1 3 20.39591209871787 1
2 3 19.872788784721216 0
3 3 19.795094814667305 0


# 20.47999999999999 19.0 1.9767988845231663
0 0 19.77746671109401 0
1 0 20.473297634479053 1
2 0 19.56426655175074 0
3 0 19.539387075239144 0

0 1 19.61430840900612 0
1 1 19.328224595694568 0
2 1 19.147552575644536 0
3 1 19.131176918653512 0

0 2 20.54232292921435 1
1 2 19.628003950017572 0
2 2 19.460283198106467 0
3 2 18.6318647620416 -1

0 3 19.867256228112147 0
1 3 20.433860378125928 1
2 3 19.87656251645372 0
3 3 19.788892528681227 0


# 20.599999999999987 19.0 1.9767988845231663
0 0 19.792289182016447 0
1 0 20.500516497784474 1
2 0 19.575696830361228 0
3 0 19.546211625518712 0

0 1 19.629341496310968 0
1 1 19.34733478933832 0
2 1 19.15864395285111 0
3 1 19.138588132155 0

0 2 20.571920586280637 1
1 2 19.643620547838946 0
2 2 19.45391790594758 0
3 2 18.61278322483726 -1

0 3 19.88986437547299 0
1 3 20.47143881152183 1
2 3 19.88119788171647 0
3 3 19.784180170927346 0


# 20.719999999999985 19.0 1.9767988845231663
0 0 19.808525067393 0
1 0 20.527873485122637 1
2 0 19.587910312247967 0
3 0 19.554465988332876 0

0 1 19.64524251878205 0
1 1 19.366367285505216 0
2 1 19.16959044674453 0
3 1 19.146409506523465 0

0 2 20.601644650961976 1
1 2 19.659447185389915 0
2 2 19.448006071326354 0
3 2 18.59518947837942 -1

0 3 19.913906259505765 0
1 3 20.508692997357258 1
2 3 19.88667812155971 0
3 3 19.78093209597323 0


# 20.839999999999982 19.0 1.9767988845231663
0 0 19.826135557013707 0
1 0 20.555387756604688 1
2 0 19.600891409433736 0
3 0 19.564112823744377 0

0 1 19.661992102914976 0
1 1 19.385338665700814 0
2 1 19.180417853136603 0
3 1 19.154656949112603 0

0 2 20.6315197221953 1
1 2 19.675476409970155 0
2 2 19.44255492225924 0
3 2 18.579049247895625 -1

0 3 19.93932818679819 0
1 3 20.54566568408819 1
2 3 19.89298747288205 0
3 3 19.779122981167525 0


# 20.839999999999982 19.0 1.9767988845231663
0 0 19.84508323527545 0
1 0 20.58307723055221 1
2 0 19.614625265126715 0
3 0 19.575116148660452 0

0 1 19.679571734070606 0
1 1 19.40426492847993 0
2 1 19.191151020965787 0
3 1 19.163345154260135 0

0 2 20.661568409833166 1
1 2 19.691702189627513 0
2 2 19.43757096516725 0
3 2 18.56432964869115 -1

0 3 19.96607918120051 0
1 3 20.582396951481005 1
2 3 19.900111089794795 0
3 3 19.778727842707326 0


# 20.839999999999982 19.0 1.9767988845231663
0 0 19.863892026381006 0
1 0 20.610221373508868 1
2 0 19.628368866509014 0
3 0 19.585992535557907 0

0 1 19.69722642561597 0
1 1 19.42314382402951 0
2 1 19.20180491767902 0
3 1 19.171750183004345 0

0 2 20.6910826301775 1
1 2 19.708110816975655 0
2 2 19.43305983651691 0
3 2 18.550270257792864 -1

0 3 19.992662085657194 0
1 3 20.618186887427935 1
2 3 19.90730611882324 0
3 3 19.778264556889255 0


# 20.839999999999982 19.0 1.9767988845231663
0 0 19.88256128702079 0
1 0 20.636840963552206 1
2 0 19.642113035117106 0
3 0 19.59674316289528 0

0 1 19.714944368634832 0
1 1 19.44197333327819 0
2 1 19.212385038285426 0
3 1 19.179889456825844 0

0 2 20.72008576696526 1
1 2 19.724681167651084 0
2 2 19.42900867535473 0
3 2 18.536844859234403 -1

0 3 20.019065522426253 0
1 3 20.65307567186277 1
2 3 19.914563448681946 0
3 3 19.777743932536236 0


# 20.839999999999982 19.0 1.9767988845231663
0 0 19.901090504674283 0
1 0 20.662955765559847 1
2 0 19.655849295243073 0
3 0 19.607369274055877 0

0 1 19.73271450041118 0
1 1 19.46075145094373 0
2 1 19.222896542988135 0
3 1 19.1877794277545 0

0 2 20.74859969903858 1
1 2 19.74139369757023 0
2 2 19.4254046415194 0
3 2 18.52402851116828 -1

0 3 20.045279268069724 0
1 3 20.687101330616397 1
2 3 19.92187478269337 0
3 3 19.77717599049127 0


# 20.839999999999982 19.0 1.9767988845231663
0 0 19.919479289697662 0
1 0 20.688584583836946 1
2 0 19.669569829653433 0
3 0 19.617872171278762 0

0 1 19.75052645667007 0
1 1 19.479476196671214 0
2 1 19.233344270071886 0
3 1 19.195435631219038 0

0 2 20.77664490474668 1
1 2 19.758230324969503 0
2 2 19.422234953393303 0
3 2 18.511797472600453 -1

0 3 20.071294169243572 0
1 3 20.720299866053384 1
2 3 19.9292325715395 0
3 3 19.776570015363262 0


# 20.839999999999982 19.0 1.9767988845231663
0 0 19.93772736775463 0
1 0 20.713745312044747 1
2 0 19.683267437848734 0
3 0 19.62825320994154 0

0 1 19.76837052712 0
1 1 19.49814562444147 0
2 1 19.243732748871267 0
3 1 19.202872735884796 0

0 2 20.804240559003315 1
1 2 19.775174321405665 0
2 2 19.41948692100343 0
3 2 18.500129134818252 -1

0 3 20.097102064251484 0
1 3 20.7527053791655 1
2 3 19.93662995132123 0
3 3 19.775934603843858 0


# 20.839999999999982 19.0 1.9767988845231663
0 0 19.955834572585438 0
1 0 20.738454980557375 1
2 0 19.69693549673153 0
3 0 19.63851379317504 0

0 1 19.78623761405332 0
1 1 19.51675783044693 0
2 1 19.254066212734248 0
3 1 19.210104590666365 0

0 2 20.831404623521703 1
1 2 19.792210211027843 0
2 2 19.417147974914084 0
3 2 18.489001957188975 -1

0 3 20.122695709970678 0
1 3 20.784350183708387 1
2 3 19.944060686515336 0
3 3 19.77527770982993 0


# 20.839999999999982 19.0 1.9767988845231663
0 0 19.97380083910769 0
1 0 20.7627298013694 1
2 0 19.71056792355615 0
3 0 19.64865536679141 0

0 1 19.804119193779997 0
1 1 19.535310959612417 0
2 1 19.26434861190799 0
3 1 19.217144269089037 0

0 2 20.858153930711133 1
1 2 19.80932367748586 0
2 2 19.415205691315386 0
3 2 18.47839540702985 -1

0 3 20.148068713784767 0
1 3 20.815264912926065 1
2 3 19.951519117450548 0
3 3 19.774606686569815 0


# 20.839999999999982 19.0 1.9767988845231663
0 0 19.991626196841604 0
1 0 20.78658521067201 1
2 0 19.72415914103925 0
3 0 19.65867941450846 0

0 1 19.822007280687217 0
1 1 19.55380321092006 0
2 1 19.274583626284773 0
3 1 19.224004111161175 0

0 2 20.88450426168476 1
1 2 19.826501477888694 0
2 2 19.413647813676093 0
3 2 18.468289903271483 -1

0 3 20.173215470183845 0
1 3 20.845478619369448 1
2 3 19.95900011195301 0
3 3 19.773928326035996 0


# 20.839999999999982 19.0 1.9767988845231663
0 0 20.009310763651616 0
1 0 20.810035909211116 1
2 0 19.737704044515656 0
3 0 19.668587453454276 0

0 1 19.83989439373343 0
1 1 19.572232841681313 0
2 1 19.284774677955514 0
3 1 19.23069576290858 0

0 2 20.910470418795672 1
1 2 19.84373136327231 0
2 2 19.41246227129707 0
3 2 18.45866676365698 -1

0 3 20.19813110171521 0
1 3 20.875018868279216 1
2 3 19.96649902083833 0
3 3 19.773248895712644 0


# 20.95999999999998 19.0 1.9767988845231663
0 0 20.026854739795493 0
1 0 20.833095900536158 1
2 0 19.75119797102935 0
3 0 19.678381029937178 0

0 1 19.857773525199896 0
1 1 19.590598170884178 0
2 1 19.29492494352708 0
3 1 19.237230213711875 0

0 2 20.9360662930885 1
1 2 19.861002005077825 0
2 2 19.411637195072014 0
3 2 18.449508155237343 -1

0 3 20.222811403989873 0
1 3 20.90391182497036 1
2 3 19.97401163695218 0
3 3 19.772574172973265 0


# 21.079999999999977 19.0 1.9767988845231663
0 0 20.045698402271686 0
1 0 20.856515807243863 1
2 0 19.765365517614615 0
3 0 19.689510461635358 0

0 1 19.87637539153643 0
1 1 19.60891527645036 0
2 1 19.305046324671967 0
3 1 19.24435532403451 0

0 2 20.962033774386033 1
1 2 19.878311885684635 0
2 2 19.41116114573911 0
3 2 18.44152590043034 -1

0 3 20.248701540638514 0
1 3 20.93291982908091 1
2 3 19.982263009973707 0
3 3 19.773366969671077 0


# 21.199999999999974 19.0 1.9767988845231663
0 0 20.06580795417527 0
1 0 20.8803032083185 1
2 0 19.78019848581031 0
3 0 19.701942730734622 0

0 1 19.89568870915204 0
1 1 19.62719954471467 0
2 1 19.315159075091294 0
3 1 19.252075932900137 0

0 2 20.98838078148752 1
1 2 19.895668850784038 0
2 2 19.411040812778985 0
3 2 18.43469961719647 -1

0 3 20.275763892502347 0
1 3 20.96206154529863 1
2 3 19.991245595487797 0
3 3 19.775597101315128 0


# 21.319999999999972 19.0 1.9883807814875212
0 0 20.087150770834608 0
1 0 20.90446505918544 1
2 0 19.795688951786413 0
3 0 19.715645971044413 0

0 1 19.915702556532096 0
1 1 19.645465913067483 0
2 1 19.325282698813307 0
3 1 19.260396283162983 0

0 2 21.015114412262868 1
1 2 19.9130809381473 0
2 2 19.411282559961332 0
3 2 18.42900954460749 -1

0 3 20.303962503863 0
1 3 20.991354428846066 1
2 3 20.00095208955878 0
3 3 19.779235145277777 0


# 21.43999999999997 19.0 2.015114412262868
0 0 20.10969535447317 0
1 0 20.929007729331577 1
2 0 19.811829252601655 0
3 0 19.73058942251599 0

0 1 19.93640635731539 0
1 1 19.663728881923536 0
2 1 19.335435973002063 0
3 1 19.269320058551642 0

0 2 21.042241004539736 1
1 2 19.930556335619478 0
2 2 19.411892444396642 0
3 2 18.424436515512685 -1

0 3 20.333262998924564 0
1 3 21.020814799923766 1
2 3 20.01137541047249 0
3 3 19.7842524231596 0


# 21.559999999999967 19.0 2.0422410045397363
0 0 20.1334112907519 0
1 0 20.953937037802977 1
2 0 19.82861197319224 0
3 0 19.74674338768634 0

0 1 19.957789864434726 0
1 1 19.68200252612152 0
2 1 19.34563697032511 0
3 1 19.278850418574763 0

0 2 21.06976619273681 1
1 2 19.94810334306789 0
2 2 19.412876233938142 0
3 2 18.420961930769224 -1

0 3 20.363632502875205 0
1 3 21.050457913403953 1
2 3 20.022508682078666 0
3 3 19.79062098328003 0


# 21.679999999999964 19.0 2.069766192736811
0 0 20.158269207111687 0
1 0 20.979258286692357 1
2 0 19.84602993405461 0
3 0 19.764079189961183 0

0 1 19.979843145240107 0
1 1 19.70030050581159 0
2 1 19.355903080858052 0
3 1 19.288990031413682 0

0 2 21.097694960536064 1
1 2 19.965730337964906 0
2 2 19.41423942308916 0
3 2 18.41856773493031 -1

0 3 20.395039567258976 0
1 3 21.080298024088616 1
2 3 20.034345218596854 0
3 3 19.798313583324273 0


# 21.79999999999996 19.0 2.0976949605360637
0 0 20.184240732838855 0
1 0 21.00497629272374 1
2 0 19.86407617958683 0
3 0 19.782569133654587 0

0 1 20.00255656753026 0
1 1 19.71863607688156 0
2 1 19.366251033508522 0
3 1 19.299741104919427 0

0 2 21.126031689866597 1
1 2 19.9834457443097 0
2 2 19.415987247557027 0
3 2 18.417236393292846 -1

0 3 20.427454099405114 0
1 3 21.110348447824634 1
2 3 20.04687851076026 0
3 3 19.807303673173237 0


# 21.91999999999996 19.0 2.126031689866597
0 0 20.211298460779705 0
1 0 21.03109541703632 1
2 0 19.882743967054576 0
3 0 19.802186465706708 0

0 1 20.025920786424322 0
1 1 19.73702210096659 0
2 1 19.376696916946084 0
3 1 19.31110541582416 0

0 2 21.154780206453868 1
1 2 20.00125800461646 0
2 2 19.41812469758168 0
3 2 18.416950870213494 -1

0 3 20.460847295677873 0
1 3 21.140621618748654 1
2 3 20.060102213182372 0
3 3 19.81756537793975 0


# 22.039999999999957 19.0 2.154780206453868
0 0 20.239415910633163 0
1 0 21.057619593264643 1
2 0 19.902026756149294 0
3 0 19.822905339004947 0

0 1 20.049926732011144 0
1 1 19.755471055082253 0
2 1 19.38725620002832 0
3 1 19.323084337270505 0

0 2 21.18394382217047 1
1 2 20.019175554717865 0
2 2 19.420656530155462 0
3 2 18.417694608608915 -1

0 3 20.495191578324498 0
1 3 21.171129142915905 1
2 3 20.074010132840847 0
3 3 19.829073481231315 0


# 22.159999999999954 19.0 2.1839438221704697
0 0 20.26856749375368 0
1 0 21.08455235400735 1
2 0 19.92191819910751 0
3 0 19.844700777237303 0

0 1 20.074565597718752 0
1 1 19.773995040915974 0
2 1 19.397943751716355 0
3 1 19.335678864755895 0

0 2 21.213525374408444 1
1 2 20.037206801152156 0
2 2 19.42358728023982 0
3 2 18.419451510562066 -1

0 3 20.530460535712706 0
1 3 21.201881848549906 1
2 3 20.088596218581785 0
3 3 19.841803408656713 0


# 22.27999999999995 19.0 2.2135253744084444
0 0 20.29872847939926 0
1 0 21.111896855772113 1
2 0 19.942412131361703 0
3 0 19.86754864121017 0

0 1 20.09982882935125 0
1 1 19.79260579380791 0
2 1 19.408773860475954 0
3 1 19.348889640583124 0

0 2 21.243527262677883 1
1 2 20.055360100920158 0
2 2 19.426921271074786 0
3 2 18.422205918962234 -1

0 3 20.566628865761782 0
1 3 21.232889833133974 1
2 3 20.103854551555735 0
3 3 19.855731211591287 0


