# 20.0 20.0 0.0
0 0 20.0 0
1 0 20.0 0
2 0 20.0 0
3 0 20.0 0

0 1 20.0 0
1 1 20.0 0
2 1 20.0 0
3 1 20.0 0

0 2 20.0 0
1 2 20.0 0
2 2 20.0 0
3 2 20.0 0

0 3 20.0 0
1 3 20.0 0
2 3 20.0 0
3 3 20.0 0


# 20.0 20.0 0.0
0 0 20.0 0
1 0 20.0 0
2 0 20.0 0
3 0 20.0 0

0 1 20.0 0
1 1 20.0 0
2 1 20.0 0
3 1 20.0 0

0 2 20.0 0
1 2 20.0 0
2 2 20.0 0
3 2 20.0 0

0 3 20.0 0
1 3 20.0 0
2 3 20.0 0
3 3 20.0 0


# 20.0 20.0 0.0
0 0 20.0 0
1 0 20.0 0
2 0 20.0 0
3 0 20.0 0

0 1 20.0 0
1 1 20.0 0
2 1 20.0 0
3 1 20.0 0

0 2 20.0 0
1 2 20.0 0
2 2 20.0 0
3 2 20.0 0

0 3 20.0 0
1 3 20.0 0
2 3 20.0 0
3 3 20.0 0


# 20.0 20.0 0.0
0 0 20.0 0
1 0 20.0 0
2 0 20.0 0
3 0 20.0 0

0 1 20.0 0
1 1 20.0 0
2 1 20.0 0
3 1 20.0 0

0 2 20.0 0
1 2 20.0 0
2 2 20.0 0
3 2 20.0 0

0 3 20.0 0
1 3 20.0 0
2 3 20.0 0
3 3 20.0 0


# 20.0 20.0 0.0
0 0 20.0 0
1 0 20.0 0
2 0 20.0 0
3 0 20.0 0

0 1 20.0 0
1 1 20.0 0
2 1 20.0 0
3 1 20.0 0

0 2 20.0 0
1 2 20.0 0
2 2 20.0 0
3 2 20.0 0

0 3 20.0 0
1 3 20.0 0
2 3 20.0 0
3 3 20.0 0


# 20.0 20.0 0.0
0 0 20.0 0
1 0 20.0 0
2 0 20.0 0
3 0 20.0 0

0 1 20.0 0
1 1 20.0 0
2 1 20.0 0
3 1 20.0 0

0 2 20.0 0
1 2 20.0 0
2 2 20.0 0
3 2 20.0 0

0 3 20.0 0
1 3 20.0 0
2 3 20.0 0
3 3 20.0 0


# 20.0 20.0 0.0
0 0 20.0 0
1 0 20.0 0
2 0 20.0 0
3 0 20.0 0

0 1 20.0 0
1 1 20.0 0
2 1 20.0 0
3 1 20.0 0

0 2 20.0 0
1 2 20.0 0
2 2 20.0 0
3 2 20.0 0

0 3 20.0 0
1 3 20.0 0
2 3 20.0 0
3 3 20.0 0


# 20.0 20.0 0.0
0 0 20.0 0
1 0 20.0 0
2 0 20.0 0
3 0 20.0 0

0 1 20.0 0
1 1 20.0 0
2 1 20.0 0
3 1 20.0 0

0 2 20.0 0
1 2 20.0 0
2 2 20.0 0
3 2 20.0 0

0 3 20.0 0
1 3 20.0 0
2 3 20.0 0
3 3 20.0 0


# 20.0 20.0 0.0
0 0 20.0 0
1 0 20.0 0
2 0 20.0 0
3 0 20.0 0

0 1 20.0 0
1 1 20.0 0
2 1 20.0 0
3 1 20.0 0

0 2 20.0 0
1 2 20.0 0
2 2 20.0 0
3 2 20.0 0

0 3 20.0 0
1 3 20.0 0
2 3 20.0 0
3 3 20.0 0


# 20.0 20.0 0.0
0 0 20.0 0
1 0 20.0 0
2 0 20.0 0
3 0 20.0 0

0 1 20.0 0
1 1 20.0 0
2 1 20.0 0
3 1 20.0 0

0 2 20.0 0
1 2 20.0 0
2 2 20.0 0
3 2 20.0 0

0 3 20.0 0
1 3 20.0 0
2 3 20.0 0
3 3 20.0 0


# 20.0 20.0 0.0
0 0 20.0 0
1 0 20.0 0
2 0 20.0 0
3 0 20.0 0

0 1 20.0 0
1 1 20.0 0
2 1 20.0 0
3 1 20.0 0

0 2 20.0 0
1 2 20.0 0
2 2 20.0 0
3 2 20.0 0

0 3 20.0 0
1 3 20.0 0
2 3 20.0 0
3 3 20.0 0


# 20.0 20.0 0.0
0 0 20.0 0
1 0 20.0 0
2 0 20.0 0
3 0 20.0 0

0 1 20.0 0
1 1 20.0 0
2 1 20.0 0
3 1 20.0 0

0 2 20.0 0
1 2 20.0 0
2 2 20.0 0
3 2 20.0 0

0 3 20.0 0
1 3 20.0 0
2 3 20.0 0
3 3 20.0 0


# 20.0 20.0 0.0
0 0 20.0 0
1 0 20.0 0
2 0 20.0 0
3 0 20.0 0

0 1 20.0 0
1 1 20.0 0
2 1 20.0 0
3 1 20.0 0

0 2 20.0 0
1 2 20.0 0
2 2 20.0 0
3 2 20.0 0

0 3 20.0 0
1 3 20.0 0
2 3 20.0 0
3 3 20.0 0


# 20.0 20.0 0.0
0 0 20.0 0
1 0 20.0 0
2 0 20.0 0
3 0 20.0 0

0 1 20.0 0
1 1 20.0 0
2 1 20.0 0
3 1 20.0 0

0 2 20.0 0
1 2 20.0 0
2 2 20.0 0
3 2 20.0 0

0 3 20.0 0
1 3 20.0 0
2 3 20.0 0
3 3 20.0 0


# 20.0 20.0 0.0
0 0 20.0 0
1 0 20.0 0
2 0 20.0 0
3 0 20.0 0

0 1 20.0 0
1 1 20.0 0
2 1 20.0 0
3 1 20.0 0

0 2 20.0 0
1 2 20.0 0
2 2 20.0 0
3 2 20.0 0

0 3 20.0 0
1 3 20.0 0
2 3 20.0 0
3 3 20.0 0


# 20.0 20.0 0.0
0 0 20.0 0
1 0 20.0 0
2 0 20.0 0
3 0 20.0 0

0 1 20.0 0
1 1 20.0 0
2 1 20.0 0
3 1 20.0 0

0 2 20.0 0
1 2 20.0 0
2 2 20.0 0
3 2 20.0 0

0 3 20.0 0
1 3 20.0 0
2 3 20.0 0
3 3 20.0 0


# 20.0 20.0 0.0
0 0 20.0 0
1 0 20.0 0
2 0 20.0 0
3 0 20.0 0

0 1 20.0 0
1 1 20.0 0
2 1 20.0 0
3 1 20.0 0

0 2 20.0 0
1 2 20.0 0
2 2 20.0 0
3 2 20.0 0

0 3 20.0 0
1 3 20.0 0
2 3 20.0 0
3 3 20.0 0


# 20.0 20.0 0.0
0 0 20.0 0
1 0 20.0 0
2 0 20.0 0
3 0 20.0 0

0 1 20.0 0
1 1 20.0 0
2 1 20.0 0
3 1 20.0 0

0 2 20.0 0
1 2 20.0 0
2 2 20.0 0
3 2 20.0 0

0 3 20.0 0
1 3 20.0 0
2 3 20.0 0
3 3 20.0 0


# 20.0 20.0 0.0
0 0 20.0 0
1 0 20.0 0
2 0 20.0 0
3 0 20.0 0

0 1 20.0 0
1 1 20.0 0
2 1 20.0 0
3 1 20.0 0

0 2 20.0 0
1 2 20.0 0
2 2 20.0 0
3 2 20.0 0

0 3 20.0 0
1 3 20.0 0
2 3 20.0 0
3 3 20.0 0


# 20.0 20.0 0.0
0 0 20.0 0
1 0 20.0 0
2 0 20.0 0
3 0 20.0 0

0 1 20.0 0
1 1 20.0 0
2 1 20.0 0
3 1 20.0 0

0 2 20.0 0
1 2 20.0 0
2 2 20.0 0
3 2 20.0 0

0 3 20.0 0
1 3 20.0 0
2 3 20.0 0
3 3 20.0 0


# 20.0 20.0 0.0
0 0 20.0 0
1 0 20.0 0
2 0 20.0 0
3 0 20.0 0

0 1 20.0 0
1 1 20.0 0
2 1 20.0 0
3 1 20.0 0

0 2 20.0 0
1 2 20.0 0
2 2 20.0 0
3 2 20.0 0

0 3 20.0 0
1 3 20.0 0
2 3 20.0 0
3 3 20.0 0


# 20.0 20.0 0.0
0 0 20.0 0
1 0 20.0 0
2 0 20.0 0
3 0 20.0 0

0 1 20.0 0
1 1 20.0 0
2 1 20.0 0
3 1 20.0 0

0 2 20.0 0
1 2 20.0 0
2 2 20.0 0
3 2 20.0 0

0 3 20.0 0
1 3 20.0 0
2 3 20.0 0
3 3 20.0 0


# 20.0 20.0 0.0
0 0 20.0 0
1 0 20.0 0
2 0 20.0 0
3 0 20.0 0

0 1 20.0 0
1 1 20.0 0
2 1 20.0 0
3 1 20.0 0

0 2 20.0 0
1 2 20.0 0
2 2 20.0 0
3 2 20.0 0

0 3 20.0 0
1 3 20.0 0
2 3 20.0 0
3 3 20.0 0


# 20.0 20.0 0.0
0 0 20.0 0
1 0 20.0 0
2 0 20.0 0
3 0 20.0 0

0 1 20.0 0
1 1 20.0 0
2 1 20.0 0
3 1 20.0 0

0 2 20.0 0
1 2 20.0 0
2 2 20.0 0
3 2 20.0 0

0 3 20.0 0
1 3 20.0 0
2 3 20.0 0
3 3 20.0 0


# 20.0 20.0 0.0
0 0 20.06 1
1 0 20.00072 0
2 0 20.00000864 0
3 0 20.00000010368 0

0 1 20.00072 0
1 1 20.00001728 0
2 1 20.00000031104 0
3 1 20.00000000497664 0

0 2 20.00000864 0
1 2 20.00000031104 0
2 2 20.00000000746496 0
3 2 20.0000000001493 0

0 3 20.00000010368 0
1 3 20.00000000497664 0
2 3 20.0000000001493 0
3 3 20.000000000003585 0


# 20.0 20.0 0.05999999999999872
0 0 20.11785728 1
1 0 20.062104358400003 1
2 0 20.00075353439744 0
3 0 20.000009142420012 0

0 1 20.0021043584 0
1 1 20.000786962626563 0
2 1 20.00001878222367 0
3 1 20.00000033986514 0

0 2 20.000033534397442 0
1 2 20.00001014222367 0
2 2 20.000000354203593 0
3 2 20.000000008471897 0

0 3 20.00000050242001 0
1 3 20.00000013250514 0
2 3 20.000000005983576 0
3 3 20.00000000017692 0


# 20.0 20.0 0.11785727999999907
0 0 20.1743849225216 1
1 0 20.12160708038175 1
2 0 20.002181506013052 0
3 0 20.00003499544343 0

0 1 20.00411844038175 0
1 1 20.00225824176302 0
2 1 20.000071165979072 0
3 1 20.000001599629535 0

0 2 20.000081674973053 0
1 2 20.00003774023827 0
2 2 20.000001644249895 0
3 2 20.000000047044754 0

0 3 20.000001466022628 0
1 3 20.000000597486856 0
2 3 20.00000003263523 0
3 3 20.00000000112671 0


# 20.0 20.0 0.17438492252160032
0 0 20.229615771559985 1
1 0 20.17930824923775 1
2 0 20.004242855688428 0
3 0 20.06008466907128 1

0 1 20.00672893414527 0
1 1 20.0043835992336 0
2 1 20.000171306397693 0
3 1 20.00072460471526 0

0 2 20.00015946230906 0
1 2 20.000090472346187 0
2 2 20.000004707626985 0
3 2 20.000008796830503 0

0 3 20.000003333963363 0
1 3 20.000001698459744 0
2 3 20.000000108151113 0
3 3 20.00000010794593 0


# 20.0 20.0 0.2296157715599847
0 0 20.28358204998442 1
1 0 20.23528380482864 1
2 0 20.007611133113084 0
3 0 20.118021649838653 1

0 1 20.00990382024949 0
1 1 20.00711857931625 0
2 1 20.000348591987862 0
3 1 20.0021147197811 0

0 2 20.00027273641079 0
1 2 20.000174902335335 0
2 2 20.00001087045255 0
3 2 20.000033935741776 0

0 3 20.000006507159128 0
1 3 20.00000380533618 0
2 3 20.00000028101358 0
3 3 20.00000051466094 0


# 20.0 20.0 0.28358204998442105
0 0 20.336315347685918 1
1 0 20.28961442574722 1
2 0 20.01218728153322 0
3 0 20.173944494460233 1

0 1 20.013612339759966 0
1 1 20.010421890627033 0
2 1 20.00062867672117 0
3 1 20.004121186833373 0

0 2 20.00042680647259 0
1 2 20.000296867497898 0
2 2 20.00002186580252 0
3 2 20.000082233248182 0

0 3 20.000011440243103 0
1 3 20.000007348577117 0
2 3 20.000000625959498 0
3 3 20.000001490443637 0


# 20.0 20.0 0.3363153476859182
0 0 20.387846716355313 1
1 0 20.342376090528024 1
2 0 20.017878806849335 0
3 0 20.227946492583857 1

0 1 20.017824966451506 0
1 1 20.014255159091316 0
2 1 20.001033824461473 0
3 1 20.006696847589893 0

0 2 20.00062647989105 0
1 2 20.000461548098343 0
2 2 20.00003975502521 0
3 2 20.000159636568462 0

0 3 20.00001863433597 0
1 3 20.000012809637603 0
2 3 20.000001248330477 0
3 3 20.000003367406453 0


# 20.0 20.0 0.38784671635531254
0 0 20.438206647250276 1
1 0 20.39364038208414 1
2 0 20.024599345351216 0
3 0 20.280115973166133 1

0 1 20.022513377295336 0
1 1 20.018582701038206 0
2 1 20.001583224675375 0
3 1 20.009797886004037 0

0 2 20.000876090452383 0
1 2 20.000673530063462 0
2 2 20.000066858459654 0
3 2 20.00027134917503 0

0 3 20.000028630300953 0
1 3 20.00002071253716 0
2 3 20.000002287161436 0
3 3 20.00000652981586 0


# 20.0 20.0 0.4382066472502757
0 0 20.48742505306182 1
1 0 20.443474771230022 1
2 0 20.032268260475323 0
3 0 20.330536591889903 1

0 1 20.027650421583562 0
1 1 20.023371314759 0
2 1 20.002293281727333 0
3 1 20.013383589465374 0

0 2 20.001179525636758 0
1 2 20.000936861557125 0
2 2 20.00010569460904 0
3 2 20.00042190227636 0

0 3 20.000042002468206 0
1 3 20.00003161642484 0
2 3 20.000003917190853 0
3 3 20.000011404576096 0


# 20.0 20.0 0.4874250530618198
0 0 20.535531253465358 1
1 0 20.49194288078276 1
2 0 20.04081026658816 0
3 0 20.379287600854507 1

0 1 20.033210089003386 0
1 1 20.028590089007416 0
2 1 20.00317787988046 0
3 1 20.017416127303964 0

0 2 20.00154025299636 0
1 2 20.001255104038837 0
2 2 20.000158926908444 0
3 2 20.000615219886217 0

0 3 20.000059352812404 0
1 3 20.000046109023504 0
2 3 20.000006349954933 0
3 3 20.00001845284945 0


# 20.0 20.0 0.5355312534653578
0 0 20.58255396397804 1
1 0 20.539104731624768 1
2 0 20.050155077939774 0
3 0 20.42644410168667 1

0 1 20.039167476937028 0
1 1 20.034210227044834 0
2 1 20.004248625956564 0
3 1 20.02186034532755 0

0 2 20.061961345575973 1
1 2 20.002351378347605 0
2 2 20.00023795730658 0
3 2 20.0008547817168 0

0 3 20.000801305566352 0
1 3 20.000082080850945 0
2 3 20.00001014514891 0
3 3 20.000028167669257 0


# 20.0 20.0 0.5825539639780395
0 0 20.62852128777757 1
1 0 20.585016972009672 1
2 0 20.060237081062137 0
3 0 20.472077283142625 1

0 1 20.046218757230452 0
1 1 20.040222164949213 0
2 1 20.005515382494394 0
3 1 20.02668358019204 0

0 2 20.119951426355517 1
1 2 20.004164435740467 0
2 2 20.00035307229707 0
3 2 20.001143658726594 0

0 3 20.002212860652442 0
1 3 20.000155282753706 0
2 3 20.000016157325295 0
3 3 20.000041071425787 0


# 20.0 20.0 0.6285212877775699
0 0 20.67346935016846 1
1 0 20.629733402339422 1
2 0 20.070995036473246 0
3 0 20.516254644349473 1

0 1 20.05428128472445 0
1 1 20.046615835095235 0
2 1 20.006986414423356 0
3 1 20.031855486433965 0

0 2 20.175641369421992 1
1 2 20.00663772953974 0
2 2 20.00051353234699 0
3 2 20.001484546142557 0

0 3 20.004242757495064 0
1 3 20.000279520610373 0
2 3 20.00002548821023 0
3 3 20.000057713266692 0


# 20.0 20.0 0.6734693501684603
0 0 20.717432629807163 1
1 0 20.673305121457673 1
2 0 20.082371799104134 0
3 0 20.55904020457935 1

0 1 20.063277748777917 0
1 1 20.05338075918105 0
2 1 20.00866852545583 0
3 1 20.03734787531787 0

0 2 20.229154330736023 1
1 2 20.009719056236325 0
2 2 20.000727654186875 0
3 2 20.001879794117826 0

0 3 20.006843224441397 0
1 3 20.000466833971394 0
2 3 20.0000394441225 0
3 3 20.000078666447976 0


# 20.0 20.0 0.7174326298071634
0 0 20.760444049576932 1
1 0 20.715780665650797 1
2 0 20.094314056289992 0
3 0 20.60049470039379 1

0 1 20.07313583300317 0
1 1 20.060506131704514 0
2 1 20.01056718484394 0
3 1 20.043134564706786 0

0 2 20.28060622620928 1
1 2 20.013360223689844 0
2 2 20.001002886547194 0
3 2 20.0023314361773 0

0 3 20.009969745083676 0
1 3 20.000727659899347 0
2 3 20.00005949802409 0
3 3 20.000104525666266 0


# 20.0 20.0 0.7604440495769325
0 0 20.80253506177601 1
1 0 20.75720614069071 1
2 0 20.106772082236954 0
3 0 20.640675770942938 1

0 1 20.083787897053316 0
1 1 20.06798089473803 0
2 1 20.01268664511018 0
3 1 20.049191239215865 0

0 2 20.33010617909841 1
1 2 20.017516744396126 0
2 2 20.001345879877423 0
3 2 20.00284121559497 0

0 3 20.013580840328636 0
1 3 20.00107098317656 0
2 3 20.00008725577172 0
3 3 20.000135904398682 0


# 20.0 20.0 0.802535061776009
0 0 20.843735728005 1
1 0 20.79762534724146 1
2 0 20.11969950794254 0
3 0 20.679638132154892 1

0 1 20.095170678999175 0
1 1 20.07579380477957 0
2 1 20.015030051326676 0
3 1 20.055495319957718 0

0 2 20.377756938740966 1
1 2 20.022147551944006 0
2 2 20.001762550538956 0
3 2 20.003410609838724 0

0 3 20.017637865139815 0
1 3 20.00150447395741 0
2 3 20.00012442617605 0
3 3 20.000173432272508 0


# 20.0 20.0 0.8437357280050009
0 0 20.884074794111708 1
1 0 20.837079899939326 1
2 0 20.133053105610003 0
3 0 20.717433740504127 1

0 1 20.107225016932798 0
1 1 20.083933492391864 0
2 1 20.017599542484977 0
3 1 20.062025843233428 0

0 2 20.423655272522044 1
1 2 20.027214738923618 0
2 2 20.002258139922166 0
3 2 20.004040853210636 0

0 3 20.022104818952535 0
1 3 20.002034613859827 0
2 3 20.00017279450931 0
3 3 20.000217752483337 0


# 20.0 20.0 0.884074794111708
0 0 20.923579760526152 1
1 0 20.87560934044421 1
2 0 20.146792586655582 0
3 0 20.754111947004645 1

0 1 20.1198955885269 0
1 1 20.092388515281613 0
2 1 20.02039634546681 0
3 1 20.06876334756581 0

0 2 20.467892332832957 1
1 2 20.032683314678042 0
2 2 20.00283726890028 0
3 2 20.00473295780318 0

0 3 20.026948168830558 0
1 3 20.002666811413928 0
2 3 20.00023419913349 0
3 3 20.000269519277175 0


# 20.0 20.0 0.9235797605261524
0 0 20.962276948294864 1
1 0 20.913251244748338 1
2 0 20.160880412462685 0
3 0 20.78971964203282 1

0 1 20.133130667365684 0
1 1 20.1011474054152 0
2 1 20.023420862096533 0
3 1 20.075689768511236 0

0 2 20.510554000664463 1
1 2 20.038520981410223 0
2 2 20.003503987998386 0
3 2 20.00548773288489 0

0 3 20.032136684497598 0
1 3 20.003405507715037 0
2 3 20.00031051094977 0
3 3 20.000329395509212 0


# 20.0 20.0 0.9622769482948641
0 0 21.000191561101616 1
1 0 20.950041325016663 1
2 0 20.175281617089006 0
3 0 20.824301391546843 1

0 1 20.1468818949425 0
1 1 20.110198710716862 0
2 1 20.026672749727684 0
3 1 20.082788340723678 0

0 2 20.55172120736676 1
1 2 20.044697927268096 0
2 2 20.00426182362443 0
3 2 20.006305802822013 0

0 3 20.037641284436667 0
1 3 20.00425427306286 0
2 3 20.000403615396237 0
3 3 20.000398050289498 0


# 20.0 20.0 1.000191561101616
0 0 21.037347743541467 1
1 0 20.98601352622213 1
2 0 20.189963641181226 0
3 0 20.857899565234014 1

0 1 20.161104067294417 0
1 1 20.1195310318486 0
2 1 20.030150995789292 0
3 1 20.090043506779427 0

0 2 20.591470236005346 1
1 2 20.05118663513372 0
2 2 20.00511382068015 0
3 2 20.007187623636476 0

0 3 20.043434892305765 0
1 3 20.005215895308247 0
2 3 20.00051539674493 0
3 3 20.000476156723654 0


# 20.0 20.0 1.037347743541467
0 0 21.073768635896172 1
1 0 21.021200117827913 1
2 0 20.204896176397828 0
3 0 20.890554457083716 1

0 1 20.17575493531305 0
1 1 20.129133054528634 0
2 1 20.033853986692037 0
3 1 20.097440832303636 0

0 2 20.629873003646154 1
1 2 20.05796170593726 0
2 2 20.006062581843633 0
3 2 20.008133498294196 0

0 3 20.04949230297021 0
1 3 20.00629246057313 0
2 3 20.000647724471328 0
3 3 20.00056438975479 0


# 20.0 20.0 1.0737686358961724
0 0 21.109476425641603 1
1 0 21.055631780757956 1
2 0 20.220051019683524 0
3 0 20.92230439885255 1

0 1 20.1907950178357 0
1 1 20.138993577805934 0
2 1 20.03777957147046 0
3 1 20.10496692697029 0

0 2 20.666997325813934 1
1 2 20.064999695404712 0
2 2 20.007110303790828 0
3 2 20.00914359081203 0

0 3 20.05579005749993 0
1 3 20.00748542695757 0
2 3 20.000802441489572 0
3 3 20.000663424111234 0


# 20.0 20.0 1.1094764256416028
0 0 21.14449239590163 1
1 0 21.089337689886815 1
2 0 20.235401936779333 0
3 0 20.953185866858853 1

0 1 20.20618742668086 0
1 1 20.149101538672564 0
2 1 20.041925120514435 0
3 1 20.112609370975765 0

0 2 20.702907164284774 1
1 2 20.072278963229756 0
2 2 20.00825881060142 0
3 2 20.010217939266187 0

0 3 20.06230632652484 0
1 3 20.00879569180028 0
2 3 20.000981354065164 0
3 3 20.000773932363206 0


# 20.0 20.0 1.1444923959016293
0 0 21.178836971047982 1
1 0 21.122345592269568 1
2 0 20.250924534390315 0
3 0 20.983233582516327 1

0 1 20.221897702848327 0
1 1 20.159446033362627 0
2 1 20.046287579721703 0
3 1 20.120356646612834 0

0 2 20.737662859296048 1
1 2 20.07977953373545 0
2 2 20.009509584574012 0
3 2 20.01135646777961 0

0 3 20.0690208013831 0
1 3 20.010223653014872 0
2 3 20.00118622323385 0
3 3 20.00089658309029 0


# 20.0 20.0 1.178836971047982
0 0 21.212529759631668 1
1 0 21.154681881322862 1
2 0 20.266596140468653 0
3 0 21.012480606990717 1

0 1 20.237893663156182 0
1 1 20.170016335656456 0
2 1 20.050863520382805 0
3 1 20.12819807459693 0

0 2 20.771321347184912 1
1 2 20.08748296716131 0
2 2 20.01086379465715 0
3 2 20.012558997560998 0

0 3 20.075914592535707 0
1 3 20.011769264983418 0
2 3 20.0014187575708 0
3 3 20.001032039160624 0


# 20.0 20.0 1.2125297596316678
0 0 21.245589594818675 1
1 0 21.186371667158628 1
2 0 20.282395692103357 0
3 0 21.040958430339455 1

0 1 20.254145256635542 0
1 1 20.180801912481005 0
2 1 20.05564918509049 0
3 1 20.13612375481975 0

0 2 20.803936364399135 1
1 2 20.095372240775816 0
2 2 20.012322322685584 0
3 2 20.013825257063427 0

0 3 20.082970134757012 0
1 3 20.013432089451356 0
2 3 20.001680607168396 0
3 3 20.001180956121623 0


# 20.0 20.0 1.245589594818675
0 0 21.278034572490732 1
1 0 21.217438843262865 1
2 0 20.29830363053933 0
3 0 21.068697055471542 1

0 1 20.2706244300493 0
1 1 20.19179243707206 0
2 1 20.06064052994755 0
3 1 20.14412451122711 0

0 2 20.835558638761356 1
1 2 20.10343163907422 0
2 2 20.01388578759572 0
3 2 20.015154891326098 0

0 3 20.090171098644312 0
1 3 20.01521134183304 0
2 3 20.001973358693927 0
3 3 20.001343980701485 0


# 20.119999999999997 20.0 1.278034572490732
0 0 21.310602087160813 1
1 0 21.248274789703093 1
2 0 20.314666226558145 0
3 0 21.096449450327988 1

0 1 20.287673641943158 0
1 1 20.202986647300616 0
2 1 20.065837742582247 0
3 1 20.152560586766405 0

0 2 20.86660049248932 1
1 2 20.11165113162928 0
2 2 20.0155546752819 0
3 2 20.0169118968034 0

0 3 20.098226681104986 0
1 3 20.01747467953319 0
2 3 20.00266295765498 0
3 3 20.002250495649733 0


# 20.239999999999995 20.0 1.310602087160813
0 0 21.344011793202778 1
1 0 21.279267224540302 1
2 0 20.33182889805211 0
3 0 21.124949943934002 1

0 1 20.305634536177458 0
1 1 20.214391975849338 0
2 1 20.071249564569694 0
3 1 20.161790378985902 0

0 2 20.897469419991708 1
1 2 20.12003056631895 0
2 2 20.017338310692534 0
3 2 20.019458147361593 0

0 3 20.107829849779506 0
1 3 20.020587023477837 0
2 3 20.00411322339131 0
3 3 20.004612334255377 0


# 20.359999999999992 20.0 1.3440117932027782
0 0 21.378246189776092 1
1 0 21.310431605873738 1
2 0 20.349771657706448 0
3 0 21.154190490392686 1

0 1 20.32447917668541 0
1 1 20.226015451969943 0
2 1 20.076888575062608 0
3 1 20.171801629622298 0

0 2 20.928203779465463 1
1 2 20.128574833922908 0
2 2 20.019254489136152 0
3 2 20.022788926608573 0

0 3 20.118933464822764 0
1 3 20.02454182675741 0
2 3 20.006321371810664 0
3 3 20.008395613803213 0


# 20.47999999999999 20.0 1.3782461897760925
0 0 21.413288256334862 1
1 0 21.341782382819176 1
2 0 20.368475585462072 0
3 0 21.18416295931956 1

0 1 20.34418114111787 0
1 1 20.237863833470456 0
2 1 20.082766669911894 0
3 1 20.18258258384824 0

0 2 20.958839494006277 1
1 2 20.13728923761505 0
2 2 20.02132026812897 0
3 2 20.02689937328038 0

0 3 20.13149243593831 0
1 3 20.029332306577967 0
2 3 20.009284452456736 0
3 3 20.01356757761514 0


# 20.599999999999987 20.0 1.4132882563348623
0 0 21.449121441394052 1
1 0 21.37333305306469 1
2 0 20.387922763060217 0
3 0 21.214859156946957 1

0 1 20.364715430417366 0
1 1 20.249943622155982 0
2 1 20.088895100602443 0
3 1 20.194121958896574 0

0 2 20.989410200505663 1
1 2 20.146179430977952 0
2 2 20.02355199554659 0
3 2 20.031784497987303 0

0 3 20.145463618329533 0
1 3 20.034951479722864 0
2 3 20.01299935808817 0
3 3 20.020096551093904 0


# 20.719999999999985 20.0 1.4491214413940519
0 0 21.48572965130565 1
1 0 21.405096217274235 1
2 0 20.408096212709573 0
3 0 21.24627084535614 1

0 1 20.386058384027443 0
1 1 20.26226107788708 0
2 1 20.095284510714002 0
3 1 20.206408914871606 0

0 2 21.019947389284443 1
1 2 20.155251361600303 0
2 2 20.02596533650103 0
3 2 20.037439198701435 0

0 3 20.16080571449776 0
1 3 20.041392194784738 0
2 3 20.017462834037023 0
3 3 20.027951899647384 0


# 20.839999999999982 20.0 1.4857296513056504
0 0 21.523097239074268 1
1 0 21.437083630504766 1
2 0 20.42897983961467 0
3 0 21.278389759977152 1

0 1 20.40818760037324 0
1 1 20.274822231386807 0
2 1 20.10194497006822 0
3 1 20.21943302759196 0

0 2 21.050480535052152 1
1 2 20.164511219816184 0
2 2 20.028575299020456 0
3 2 20.04385827507109 0

0 3 20.177479181533883 0
1 3 20.048647161428423 0
2 3 20.022671487328623 0
3 3 20.037103988408873 0


# 20.95999999999998 20.0 1.5230972390742679
0 0 21.56120899323813 1
1 0 21.469306250794443 1
2 0 20.45055837812093 0
3 0 21.311207625486528 1

0 1 20.43108186227369 0
1 1 20.28763289591567 0
2 1 20.108886006712734 0
3 1 20.233184263320343 0

0 2 21.081037219743447 1
1 2 20.173965392178303 0
2 2 20.031396258602964 0
3 2 20.05103644164209 0

0 3 20.195446143572724 0
1 3 20.056708976925385 0
2 3 20.028621795548066 0
3 3 20.047524143672437 0


# 21.079999999999977 20.0 1.5612089932381288
0 0 21.600050126838372 1
1 0 21.501774285071576 1
2 0 20.4728173412471 0
3 0 21.344716170223823 1

0 1 20.454721066968165 0
1 1 20.300698677922888 0
2 1 20.116116636883643 0
3 1 20.247652955245883 0

0 2 21.11164324774685 1
1 2 20.183620419288122 0
2 2 20.034441981710366 0
3 2 20.058968340060666 0

0 3 20.21467030910017 0
1 3 20.065570150181756 0
2 3 20.03531011544182 0
3 3 20.05918461596626 0


# 21.199999999999974 20.0 1.6000501268383722
0 0 21.639606266496667 1
1 0 21.53449723252657 1
2 0 20.495742973390332 0
3 0 21.3789071392394 1

0 1 20.4790861604615 0
1 1 20.31402498677251 0
2 1 20.123645393078657 0
3 1 20.2628297815941 0

0 2 21.14232275400768 1
1 2 20.19348295763436 0
2 2 20.037725648262853 0
3 2 20.067648550327995 0

0 3 20.235116892822838 0
1 3 20.07522312346491 0
2 3 20.042732691245593 0
3 3 20.072058544690357 0


# 21.319999999999972 20.0 1.639606266496667
0 0 21.679863441618643 1
1 0 21.56748392558183 1
2 0 20.519322206002737 0
3 0 21.41377230607794 1

0 1 20.504159075910902 0
1 1 20.327617043633897 0
2 1 20.131480350364804 0
3 1 20.278705745248395 0

0 2 21.173098305455774 1
1 2 20.20355974511772 0
2 2 20.04125987319091 0
3 2 20.077071601171774 0

0 3 20.256752541828263 0
1 3 20.085660292017682 0
2 3 20.050885662732064 0
3 3 20.08611992424835 0


# 21.43999999999997 20.0 1.679863441618643
0 0 21.720808073738283 1
1 0 21.60074256858789 1
2 0 20.54354261605099 0
3 0 21.44930348339473 1

0 1 20.52992267579658 0
1 1 20.341479889617872 0
2 1 20.13962915103659 0
3 1 20.295272154775198 0

0 2 21.20399099617954 1
1 2 20.21385756996414 0
2 2 20.0450567270966 0
3 2 20.087231979596 0

0 3 20.27954526578081 0
1 3 20.096874021734664 0
2 3 20.059765072974272 0
3 3 20.101343571606254 0


# 21.559999999999967 20.0 1.720808073738283
0 0 21.762426966016317 1
1 0 21.634280774367422 1
2 0 20.568392387082433 0
3 0 21.48549253249481 1

0 1 20.55636069763489 0
1 1 20.355618393232252 0
2 1 20.14809902773307 0
3 1 20.312520606752525 0

0 2 21.23502053674056 1
1 2 20.22438324275151 0
2 2 20.04912775607262 0
3 2 20.098124139666147 0

0 3 20.303464370914405 0
1 3 20.10885666506149 0
2 3 20.069366875822237 0
3 3 20.11770509521429 0


# 21.679999999999964 20.0 1.7624269660163172
0 0 21.804707292903757 1
1 0 21.66810559872261 1
2 0 20.59386027273238 0
3 0 21.522331371878813 1

0 1 20.583457703008744 0
1 1 20.370037257223697 0
2 1 20.156896825115258 0
3 1 20.33044296930884 0

0 2 21.26620533799755 1
1 2 20.2351435712957 0
2 2 20.053484000723927 0
3 2 20.109742510583132 0

0 3 20.328480397598195 0
1 3 20.121600575265504 0
2 3 20.079686943092145 0
3 3 20.13518086523068 0


# 21.79999999999996 20.0 1.8047072929037569
0 0 21.84763658998 1
1 0 21.702223573015495 1
2 0 20.619935562517732 0
3 0 21.559811984873093 1

0 1 20.611199029704792 0
1 1 20.384741024866535 0
2 1 20.166029020198728 0
3 1 20.349031366785727 0

0 2 21.29756258978484 1
1 2 20.2461453381612 0
2 2 20.0581360144336 0
3 2 20.12208150409604 0

0 3 20.354565061265262 0
1 3 20.135098119214575 0
2 3 20.09072107146882 0
3 3 20.153747984989153 0


# 21.91999999999996 20.0 1.8476365899799987
0 0 21.891202743973363 1
1 0 21.736640734925135 1
2 0 20.64660804977195 0
3 0 21.597926426416354 1

0 1 20.639570746760686 0
1 1 20.39973408575349 0
2 1 20.175501741430125 0
3 1 20.368278165444035 0

0 2 21.329108334768122 1
1 2 20.257395280579498 0
2 2 20.06309388091168 0
3 2 20.135135521300146 0

0 3 20.381691196507504 0
1 3 20.149341688790233 0
2 3 20.102464989123423 0
3 3 20.173384263654626 0


# 22.039999999999957 20.0 1.8912027439733627
0 0 21.935393982970552 1
1 0 21.771362657480232 1
2 0 20.673868001585447 0
3 0 21.636666829069718 1

0 1 20.668559612238642 0
1 1 20.415020681138063 0
2 1 20.18532078659043 0
3 1 20.38817596013891 0

0 2 21.36085753777977 1
1 2 20.268900072575118 0
2 2 20.06836723106299 0
3 2 20.148898958863818 0

0 3 20.409832704152073 0
1 3 20.16432371105125 0
2 3 20.114914362049465 0
3 3 20.19406819001402 0


# 22.039999999999957 20.0 1.9353939829705524
0 0 21.979478866820237 1
1 0 21.806025836460588 1
2 0 20.701341706944305 0
3 0 21.675301035228205 1

0 1 20.697784393553476 0
1 1 20.43059606151359 0
2 1 20.19548716035001 0
3 1 20.40834881566638 0

0 2 21.392459727236385 1
1 2 20.280661829861884 0
2 2 20.07396515170547 0
3 2 20.163001788480166 0

0 3 20.43824012806205 0
1 3 20.179667911026776 0
2 3 20.12770037387634 0
3 3 20.21505016112179 0


# 22.039999999999957 20.0 1.9794788668202372
0 0 22.022743350374878 1
1 0 21.840268924755236 1
2 0 20.728658040696644 0
3 0 21.713114280236347 1

0 1 20.72686703869373 0
1 1 20.44644687000487 0
2 1 20.20599280319009 0
3 1 20.42842347187127 0

0 2 21.42356564665187 1
1 2 20.29267380898118 0
2 2 20.079887249717938 0
3 2 20.177076043956532 0

0 3 20.466182286143958 0
1 3 20.195000536391667 0
2 3 20.14045621354031 0
3 3 20.23559874241137 0


# 22.039999999999957 20.0 2.0227433503748777
0 0 22.06521022132277 1
1 0 21.874101411499808 1
2 0 20.7558129049265 0
3 0 21.75013300266941 1

0 1 20.755801295924346 0
1 1 20.462560252079783 0
2 1 20.21682535518011 0
3 1 20.44839809887435 0

0 2 21.454191778185084 1
1 2 20.30492514394658 0
2 2 20.08612405481096 0
3 2 20.191120300863517 0

0 3 20.493670031617697 0
1 3 20.210319130532472 0
2 3 20.153181555704677 0
3 3 20.25572880996338 0


# 22.039999999999957 19.0 2.0652102213227685
0 0 22.106901485844237 1
1 0 21.907532447931022 1
2 0 20.782802652588956 0
3 0 21.78638262359087 1

0 1 20.784581483688832 0
1 1 20.47892373314891 0
2 1 20.22797272060454 0
3 1 20.468271086462334 0

0 2 21.484353843412347 1
1 2 20.31740538618 0
2 2 20.092666259740266 0
3 2 20.20513324210124 0

0 3 20.520713986166797 0
1 3 20.225621338186727 0
2 3 20.165876127259764 0
3 3 20.27545468523703 0


# 22.039999999999957 19.0 3.1069014858442365
0 0 22.14783839953328 1
1 0 21.940570862541172 1
2 0 20.809624055661057 0
3 0 21.82188759084708 1

0 1 20.813202453087037 0
1 1 20.495525211026717 0
2 1 20.239423069370208 0
3 1 20.48804102765874 0

0 2 21.514066843894234 1
1 2 20.330104483477534 0
2 2 20.099504722339237 0
3 2 20.21911365115581 0

0 3 20.547324540849765 0
1 3 20.24090490380193 0
2 3 20.178539701651392 0
3 3 20.294790156802183 0


# 22.039999999999957 19.0 3.1478383995332813
0 0 22.188041496937622 1
1 0 21.973225175477946 1
2 0 20.836274275351634 0
3 0 21.85667142121271 1

0 1 20.841659552679683 0
1 1 20.5123529482695 0
2 1 20.251164837723866 0
3 1 20.50770670341818 0

0 2 21.54334509937476 1
1 2 20.343012760356036 0
2 2 20.106630467077597 0
3 2 20.23306040573484 0

0 3 20.573511857417294 0
1 3 20.256167669675346 0
2 3 20.191172093704694 0
3 3 20.313748501150577 0


# 22.039999999999957 19.0 3.188041496937622
0 0 22.227530619785757 1
1 0 22.005503612228754 1
2 0 20.86275083424085 0
3 0 21.89075674050096 1

0 1 20.869948595476295 0
1 1 20.529395564421982 0
2 1 20.263186728343022 0
3 1 20.52726706836956 0

0 2 21.572202283760017 1
1 2 20.356120899678164 0
2 2 20.114034686187402 0
3 2 20.246972471762465 0

0 3 20.599285869991494 0
1 3 20.271407573909475 0
2 3 20.203773154904066 0
3 3 20.332342502629153 0


# 22.039999999999957 19.0 3.2275306197857567
0 0 22.26632494396593 1
1 0 22.037414116626692 1
2 0 20.88905159022838 0
3 0 21.924165321746102 1

0 1 20.898065827972065 0
1 1 20.546642028201166 0
2 1 20.275477709858396 0
3 1 20.546721237538442 0

0 2 21.600651459013797 1
1 2 20.369419925461354 0
2 2 20.121708740394244 0
3 2 20.260848897715185 0

0 3 20.62465628706688 0
1 3 20.286622648214465 0
2 3 20.21634276909295 0
3 3 20.3505844725362 0


# 21.91999999999996 19.0 3.2663249439659303
0 0 22.303723005318343 1
1 0 22.068595723213345 1
2 0 20.914810288496604 0
3 0 21.956193748475663 1

0 1 20.925639261107637 0
1 1 20.5640728022832 0
2 1 20.288022536609745 0
3 1 20.565699727755433 0

0 2 21.62834068341885 1
1 2 20.38289670753094 0
2 2 20.129644051786705 0
3 2 20.274324383036088 0

0 3 20.648908220712073 0
1 3 20.301442269357487 0
2 3 20.22851642231521 0
3 3 20.367757521189112 0


# 21.79999999999996 19.0 3.303723005318343
0 0 22.339039796938735 1
1 0 22.098689777491007 1
2 0 20.939663129130665 0
3 0 21.98615512781317 1

0 1 20.952299851532807 0
1 1 20.58166021425158 0
2 1 20.30079746032757 0
3 1 20.58383566284383 0

0 2 21.654919632072566 1
1 2 20.396529659579073 0
2 2 20.13782315240404 0
3 2 20.287035754985816 0

0 3 20.671343867583598 0
1 3 20.315498373438206 0
2 3 20.239931681142348 0
3 3 20.383161859659843 0


# 21.679999999999964 19.0 3.339039796938735
0 0 22.372326239797225 1
1 0 22.127708601834538 1
2 0 20.96361321198688 0
3 0 22.014102929709864 1

0 1 20.978050130801886 0
1 1 20.59937755419802 0
2 1 20.31377497720904 0
3 1 20.601133528947244 0

0 2 21.680404091421092 1
1 2 20.410293473976814 0
2 2 20.146220071736412 0
3 2 20.298986438800533 0

0 3 20.6920063179289 0
1 3 20.328794219430378 0
2 3 20.25059266434429 0
3 3 20.396842981949828 0


# 21.559999999999967 19.0 3.372326239797225
0 0 22.40363159995616 1
1 0 22.15566430895118 1
2 0 20.98666396367387 0
3 0 22.04008879415176 1

0 1 21.00289298425511 0
1 1 20.61719894052922 0
2 1 20.326928376361646 0
3 1 20.617597964043227 0

0 2 21.704809432895335 1
1 2 20.424163659201025 0
2 2 20.154809561957553 0
3 2 20.31018001446632 0

0 3 20.710937334311367 0
1 3 20.34133318610858 0
2 3 20.26050360120202 0
3 3 20.408844837987655 0


# 21.43999999999997 19.0 3.40363159995616
0 0 22.433003549876215 1
1 0 22.182568805424182 1
2 0 21.008819108910817 0
3 0 22.064162602437744 1

0 1 21.026831621996003 0
1 1 20.63509930093961 0
2 1 20.3402317255265 0
3 1 20.63323374166258 0

0 2 21.728150628099833 1
1 2 20.43811651568464 0
2 2 20.163567085266145 0
3 2 20.32062020183773 0

0 3 20.728177396046657 0
1 3 20.35311876244722 0
2 3 20.269668818179948 0
3 3 20.419209892060312 0


# 21.319999999999972 19.0 3.433003549876215
0 0 22.460488227209712 1
1 0 22.20843379524109 1
2 0 21.030082643815028 0
3 0 22.086372545375717 1

0 1 21.04986955174716 0
1 1 20.653054353552903 0
2 1 20.353659856592788 0
3 1 20.648045755758424 0

0 2 21.750442263281382 1
1 2 20.45212911250635 0
2 2 20.172468801042772 0
3 2 20.330310846746883 0

0 3 20.74376574209772 0
1 3 20.364154538497846 0
2 3 20.278092726595602 0
3 3 20.427979178826252 0


# 21.199999999999974 19.0 3.460488227209712
0 0 22.486130291194023 1
1 0 22.233270783303706 1
2 0 21.050458810998062 0
3 0 22.106765188543267 1

0 1 21.07201055347012 0
1 1 20.67104058825284 0
2 1 20.36718835094896 0
3 1 20.66203900665144 0

0 2 21.771698553120455 1
1 2 20.46617926487701 0
2 2 20.18149155286274 0
3 2 20.3392559080436 0

0 3 20.757740412481624 0
1 3 20.374444196728387 0
2 3 20.285779811219594 0
3 3 20.435192357019666 0


# 21.079999999999977 19.0 3.486130291194023
0 0 22.509972976752323 1
1 0 22.25709107891699 1
2 0 21.069952076357055 0
3 0 22.12538553475181 1

0 1 21.09325865564188 0
1 1 20.689035248221323 0
2 1 20.380793524712523 0
3 1 20.675218587982176 0

0 2 21.7919333538854 1
1 2 20.480245512383288 0
2 2 20.19061285540164 0
3 2 20.347459445510612 0

0 3 20.77013828823965 0
1 3 20.383991503807906 0
2 3 20.292734619743122 0
3 3 20.44088776095 0


# 20.95999999999998 19.0 3.509972976752323
0 0 22.532058146403944 1
1 0 22.279905799254262 1
2 0 21.088567107454683 0
3 0 22.142277083845986 1

0 1 21.11361811308705 0
1 1 20.707016311699945 0
2 1 20.394452413876785 0
3 1 20.687589674605725 0

0 2 21.811160175986736 1
1 2 20.494307097951644 0
2 2 20.199810881267346 0
3 2 20.354925608601043 0

0 3 20.780995130020557 0
1 3 20.392800302820557 0
2 3 20.298961753054364 0
3 3 20.445102449895668 0


# 20.839999999999982 19.0 3.532058146403944
0 0 22.5524263400815 1
1 0 22.301725872796418 1
2 0 21.106308753387815 0
3 0 22.157481889963453 1

0 1 21.133093386270613 0
1 1 20.724962473989095 0
2 1 20.4081427594097 0
3 1 20.699157511367975 0

0 2 21.829392195966207 1
1 2 20.508343947498485 0
2 2 20.209064447789277 0
3 2 20.361658625948433 0

0 3 20.790345615325258 0
1 3 20.40087450589263 0
2 3 20.30446585626901 0
3 3 20.447872255486033 0


# 20.719999999999985 19.0 3.5524263400814995
0 0 22.57111682294737 1
1 0 22.32256204274286 1
2 0 21.12318202605092 0
3 0 22.171040616373794 1

0 1 21.15168912196208 0
1 1 20.742853129696975 0
2 1 20.421842992336895 0
3 1 20.70992740270643 0

0 2 21.846642267953055 1
1 2 20.52233665023454 0
2 2 20.21835300379286 0
3 2 20.367662795602424 0

0 3 20.798223374459695 0
1 3 20.4082180872167 0
2 3 20.30925161046366 0
3 3 20.449231827161327 0


# 20.599999999999987 19.0 3.5711168229473707
0 0 22.588167631297726 1
1 0 22.342424870392207 1
2 0 21.139192082706014 0
3 0 22.182992588009288 1

0 1 21.169410135187043 0
1 1 20.76066835524933 0
2 1 20.43553221883818 0
3 1 20.71990470302216 0

0 2 21.8629229346176 1
1 2 20.5362664395938 0
2 2 20.22765661638478 0
3 2 20.37294247594594 0

0 3 20.804661025241156 0
1 3 20.41483507645718 0
2 3 20.313323725064226 0
3 3 20.44921467579564 0


# 20.599999999999987 19.0 3.5881676312977255
0 0 22.604335616637957 1
1 0 22.361693378490855 1
2 0 21.154708633456423 0
3 0 22.194100214878695 1

0 1 21.186630032387246 0
1 1 20.77839773902908 0
2 1 20.449194684636655 0
3 1 20.729463554000763 0

0 2 21.878610861330326 1
1 2 20.550119654011713 0
2 2 20.236956065274214 0
3 2 20.37786650349706 0

0 3 20.810414579585924 0
1 3 20.42109829874992 0
2 3 20.317051357089365 0
3 3 20.448581961794034 0


# 20.599999999999987 19.0 3.6043356166379574
0 0 22.500359415369527 -1
1 0 22.2593038460485 -1
2 0 21.16864205579802 0
3 0 22.205089874460647 1

0 1 21.20227998721573 0
1 1 20.794565425618636 0
2 1 20.462788864982397 0
3 1 20.73897502764801 0

0 2 21.894062975804214 1
1 2 20.563874103804515 0
2 2 20.24624114409353 0
3 2 20.38280168795261 0

0 3 20.81622159001548 0
1 3 20.427377934813336 0
2 3 20.320801612580023 0
3 3 20.44807625077584 0


# 20.599999999999987 19.0 3.6043356166379574
0 0 22.399085482415394 -1
1 0 22.16036060008045 -1
2 0 21.181097961528785 0
3 0 22.215947514850185 1

0 1 21.216436794358728 0
1 1 20.809267809547656 0
2 1 20.476281982777056 0
3 1 20.748438450713753 0

0 2 21.90927072067858 1
1 2 20.577514038131497 0
2 2 20.255510361034336 0
3 2 20.38774831780889 0

0 3 20.822077396640825 0
1 3 20.433672778119405 0
2 3 20.32457505753082 0
3 3 20.447693386251988 0


