# 20.0 20.0 0.0
0 0 20.0 0
1 0 20.0 0
2 0 20.0 0
3 0 20.0 0

0 1 20.0 0
1 1 20.0 0
2 1 20.0 0
3 1 20.0 0

0 2 20.0 0
1 2 20.0 0
2 2 20.0 0
3 2 20.0 0

0 3 20.0 0
1 3 20.0 0
2 3 20.0 0
3 3 20.0 0


# 20.0 20.0 0.0
0 0 20.06 1
1 0 20.00072 0
2 0 20.00000864 0
3 0 20.00000010368 0

0 1 20.00072 0
1 1 20.00001728 0
2 1 20.00000031104 0
3 1 20.00000000497664 0

0 2 20.00000864 0
1 2 20.00000031104 0
2 2 20.00000000746496 0
3 2 20.0000000001493 0

0 3 20.00000010368 0
1 3 20.00000000497664 0
2 3 20.0000000001493 0
3 3 20.000000000003585 0


# 20.0 20.0 0.05999999999999872
0 0 20.11785728 1
1 0 20.062104358400003 1
2 0 20.00075353439744 0
3 0 20.000009142420012 0

0 1 20.0021043584 0
1 1 20.000786962626563 0
2 1 20.00001878222367 0
3 1 20.00000033986514 0

0 2 20.000033534397442 0
1 2 20.00001014222367 0
2 2 20.000000354203593 0
3 2 20.000000008471897 0

0 3 20.00000050242001 0
1 3 20.00000013250514 0
2 3 20.000000005983576 0
3 3 20.00000000017692 0


# 20.0 20.0 0.11785727999999907
0 0 20.1743849225216 1
1 0 20.12160708038175 1
2 0 20.002181506013052 0
3 0 20.00003499544343 0

0 1 20.00411844038175 0
1 1 20.00225824176302 0
2 1 20.000071165979072 0
3 1 20.000001599629535 0

0 2 20.000081674973053 0
1 2 20.00003774023827 0
2 2 20.000001644249895 0
3 2 20.000000047044754 0

0 3 20.000001466022628 0
1 3 20.000000597486856 0
2 3 20.00000003263523 0
3 3 20.00000000112671 0


# 20.0 20.0 0.17438492252160032
0 0 20.229615771559985 1
1 0 20.17930824923775 1
2 0 20.064242855688427 1
3 0 20.00080466907128 0

0 1 20.00672893414527 0
1 1 20.0043835992336 0
2 1 20.000891306397694 0
3 1 20.00002188471526 0

0 2 20.00015946230906 0
1 2 20.000090472346187 0
2 2 20.000013347626986 0
3 2 20.000000467870503 0

0 3 20.000003333963363 0
1 3 20.000001698459744 0
2 3 20.000000211831114 0
3 3 20.00000000924257 0


# 20.0 20.0 0.2296157715599847
0 0 20.28358204998442 1
1 0 20.23600380482864 1
2 0 20.124397053113086 1
3 0 20.002268728238654 0

0 1 20.00990382024949 0
1 1 20.00713585931625 0
2 1 20.002427341427865 0
3 1 20.000077324007663 0

0 2 20.00027273641079 0
1 2 20.000175213375336 0
2 2 20.00004394575495 0
3 2 20.000001903568005 0

0 3 20.000006507159128 0
1 3 20.000003810312823 0
2 3 20.000000776117933 0
3 3 20.00000004106607 0


# 20.0 20.0 0.28358204998442105
0 0 20.33632398768592 1
1 0 20.29170592782722 1
2 0 20.18272920085226 1
3 0 20.06438073232038 1

0 1 20.013612650799967 0
1 1 20.010488391670236 0
2 1 20.004630895386747 0
3 1 20.000902238774643 0

0 2 20.000426813937548 0
1 2 20.000298358673426 0
2 2 20.000101019563665 0
3 2 20.000013863211002 0

0 3 20.000011440392402 0
1 3 20.000007377181888 0
2 3 20.000002044774718 0
3 3 20.00000023048352 0


# 20.0 20.0 0.336323987685919
0 0 20.387880147072753 1
1 0 20.346427451733618 1
2 0 20.240039843369754 1
3 0 20.12495433094258 1

0 1 20.017826463698533 0
1 1 20.01441514690397 0
2 1 20.007474111391527 0
3 1 20.002453652412648 0

0 2 20.000626522905343 0
1 2 20.00046583825576 0
2 2 20.000191640916206 0
3 2 20.00004502724189 0

0 3 20.000018635339323 0
1 3 20.000012905560688 0
2 3 20.000004416217703 0
3 3 20.000000815507626 0


# 20.0 20.0 0.3878801470727531
0 0 20.43828750876332 1
1 0 20.40019040874925 1
2 0 20.296349596161225 1
3 0 20.184041614011534 1

0 1 20.022517702366066 0
1 1 20.01889099658173 0
2 1 20.010929984677595 0
3 1 20.00469079852249 0

0 2 20.000876235054854 0
1 2 20.000683139356845 0
2 2 20.000322392962158 0
3 2 20.000103304181636 0

0 3 20.000028634154493 0
1 3 20.000020957803887 0
2 3 20.000008360731844 0
3 3 20.00000212612831 0


# 20.0 20.0 0.43828750876332023
0 0 20.487581655781224 1
1 0 20.45301627856407 1
2 0 20.351678767649492 1
3 0 20.24169255070118 1

0 1 20.027660145515704 0
1 1 20.02389170332318 0
2 1 20.01497234936256 0
3 1 20.007575003435488 0

0 2 20.001179896210875 0
1 2 20.000955328071317 0
2 2 20.00049939020814 0
3 2 20.00019588364327 0

0 3 20.000042013573108 0
1 3 20.00003214600464 0
2 3 20.0000144135292 0
3 3 20.000004573153763 0


# 20.0 20.0 0.4875816557812236
0 0 20.535796833262058 1
1 0 20.504926002515198 1
2 0 20.40604735023916 1
3 0 20.297955087120034 1

0 1 20.093228840597597 1
1 1 20.030113891810227 0
2 1 20.019584504221474 0
3 1 20.011069678991014 0

0 2 20.00226105475692 0
1 2 20.001304350117252 0
2 2 20.000728609296285 0
3 2 20.000329290867544 0

0 3 20.000068019493614 0
1 3 20.000047437270126 0
2 3 20.000023175597615 0
3 3 20.00000863811781 0


# 20.0 20.0 0.535796833262058
0 0 20.583686005381978 1
1 0 20.555957277378734 1
2 0 20.459475323953757 1
3 0 20.35287524401905 1

0 1 20.156705960715886 1
1 1 20.037471050112536 0
2 1 20.024749383967087 0
3 1 20.015140199499637 0

0 2 20.00406303042105 0
1 2 20.001749462836823 0
2 2 20.001015851809292 0
3 2 20.00050943692423 0

0 3 20.00011489640414 0
1 3 20.000068095322845 0
2 3 20.000035313245515 0
3 3 20.000014864147605 0


# 20.0 20.0 0.5836860053819777
0 0 20.631225268045362 1
1 0 20.606145131434168 1
2 0 20.511982597460744 1
3 0 20.406497208797887 1

0 1 20.218197422548766 1
1 1 20.045882536516576 0
2 1 20.030449667760102 0
3 1 20.01975378688244 0

0 2 20.006533124524843 0
1 2 20.002307483918738 0
2 2 20.00136671374463 0
3 2 20.00074166495071 0

0 3 20.00018997477176 0
1 3 20.000095628582518 0
2 3 20.000051556566902 0
3 3 20.000023847696504 0


# 20.0 20.0 0.6312252680453625
0 0 20.678393269043525 1
1 0 20.655522136750182 1
2 0 20.56358895652709 1
3 0 20.45886342220208 1

0 1 20.27780283796274 1
1 1 20.055273160280482 0
2 1 20.036667875116834 0
3 1 20.024879403380613 0

0 2 20.009622336854637 0
1 2 20.002993018764187 0
2 2 20.00178656086967 0
3 2 20.00103079276614 0

0 3 20.000299751265224 0
1 3 20.000131744101207 0
2 3 20.0000726970231 0
3 3 20.0000362310569 0


# 20.0 20.0 0.678393269043525
0 0 20.725171011054513 1
1 0 20.70411860454102 1
2 0 20.61431401917527 1
3 0 20.510014660073473 1

0 1 20.33561591686658 1
1 1 20.06557279357048 0
2 1 20.04338645043518 0
3 1 20.030487651277923 0

0 2 20.013285102949492 0
1 2 20.003818668281397 0
2 2 20.002280509249996 0
3 2 20.00138115216898 0

0 3 20.000449962384284 0
1 3 20.000178306781223 0
2 3 20.000099584313187 0
3 3 20.00005269557664 0


# 20.0 20.0 0.7251710110545133
0 0 20.771541668913443 1
1 0 20.751962764930205 1
2 0 20.664177196875176 1
3 0 20.559990110488666 1

0 1 20.391724843143386 1
1 1 20.07671601220058 0
2 1 20.050587837249534 0
3 1 20.03655067912314 0

0 2 20.017479050311323 0
1 2 20.00479521874641 0
2 2 20.002853410315733 0
3 2 20.00179662519807 0

0 3 20.00064565202356 0
1 3 20.00023730335741 0
2 3 20.00013312268303 0
3 3 20.00007395551045 0


# 20.0 20.0 0.7715416689134429
0 0 20.81749042012944 1
1 0 20.7990809323536 1
2 0 20.71319766116752 1
3 0 20.608827446594564 1

0 1 20.44621262552306 1
1 1 20.088641762981425 0
2 1 20.05825454322461 0
3 1 20.043042093980173 0

0 2 20.022164772153765 0
1 2 20.00593181523228 0
2 2 20.003509839896633 0
3 2 20.0022806776124 0

0 3 20.000891233456848 0
1 3 20.000310810672865 0
2 3 20.000174266803302 0
3 3 20.000100752445064 0


# 20.0 20.0 0.8174904201294417
0 0 20.8630042876993 1
1 0 20.845497657736928 1
2 0 20.761394315169156 1
3 0 20.65656289542695 1

0 1 20.499157425125105 1
1 1 20.101293055654143 0
2 1 20.06636919680623 0
3 1 20.04993687927115 0

0 2 20.027305617409077 0
1 2 20.007236119984725 0
2 2 20.004254090716074 0
3 2 20.002836389821866 0

0 3 20.001190546189385 0
1 3 20.000400967820333 0
2 3 20.00022401732934 0
3 3 20.000133850242857 0


# 20.0 20.0 0.8630042876993009
0 0 20.90807199433647 1
1 0 20.891235868493894 1
2 0 20.808785769460776 1
3 0 20.703231302976363 1

0 1 20.550632861278647 1
1 1 20.114616677541505 0
2 1 20.074914596363406 0
3 1 20.057211317811703 0

0 2 20.032867495807327 0
1 2 20.008714457008082 0
2 2 20.005090167887975 0
3 2 20.003466485480658 0

0 3 20.0015469080901 0
1 3 20.00050995176101 0
2 3 20.00028341624021 0
3 3 20.000174030454765 0


# 20.0 20.0 0.9080719943364706
0 0 20.952683827297626 1
1 0 20.936316997308747 1
2 0 20.855390321903204 1
3 0 20.748866195745794 1

0 1 20.6007082971127 1
1 1 20.128562929193027 0
2 1 20.083873752579514 0
3 1 20.06484291966928 0

0 2 20.03881869692995 0
1 2 20.010371944020957 0
2 2 20.006021787009207 0
3 2 20.004173357936068 0

0 3 20.001963163183145 0
1 3 20.00063995606838 0
2 3 20.00035354204051 0
3 3 20.00022208815811 0


# 20.0 20.0 0.9526838272976264
0 0 20.99683151304797 1
1 0 20.98076110059151 1
2 0 20.90122594097027 1
3 0 20.79349983902662 1

0 1 20.64944910630402 1
1 1 20.143085379433714 0
2 1 20.093229924780687 0
3 1 20.072810354504092 0

0 2 20.04512972222099 0
1 2 20.01221261284474 0
2 2 20.00705237448399 0
3 2 20.004959094708507 0

0 3 20.002441725448023 0
1 3 20.000793172477508 0
2 3 20.000435504896245 0
3 3 20.000278828179678 0


# 20.0 20.0 0.9968315130479688
0 0 21.04050810106099 1
1 0 21.02458696742425 1
2 0 20.946310252224297 1
3 0 20.837163292102403 1

0 1 20.69691692227184 1
1 1 20.158140638348755 0
2 1 20.102966651825948 0
3 1 20.081093388078564 0

0 2 20.051773129014485 0
1 2 20.01423951920009 0
2 2 20.00818506975633 0
3 2 20.005825500162924 0

0 3 20.0029846189498 0
1 3 20.000971774950006 0
2 3 20.000530441765235 0
3 3 20.000345061668348 0


# 20.0 20.0 1.0405081010609898
0 0 21.083707856099146 1
1 0 21.067812219752497 1
2 0 20.990660527595047 1
3 0 20.8798864605748 1

0 1 20.74316987101797 1
1 1 20.17368814684957 0
2 1 20.113067778125657 0
3 1 20.089672822645625 0

0 2 20.058723385705893 0
1 2 20.016454842805626 0
2 2 20.00942272916234 0
3 2 20.006774116517796 0

0 3 20.003593514595476 0
1 3 20.0011779059921 0
2 3 20.00063951157297 0
3 3 20.000421602985377 0


# 20.0 20.0 1.0837078560991458
0 0 21.126426158368822 1
1 0 21.110453404516655 1
2 0 21.03429367715466 1
3 0 20.92169814599171 1

0 1 20.788262788726307 1
1 1 20.189689981570883 0
2 1 20.123517475302027 0
3 1 20.098530440948245 0

0 2 20.065956737259775 0
1 2 20.018859978598776 0
2 2 20.010767931146447 0
3 2 20.00780624332501 0

0 3 20.00426976378906 0
1 3 20.00141366498796 0
2 3 20.000763890476343 0
3 3 20.00050926688352 0


# 20.0 20.0 1.1264261583688224
0 0 21.16865941098646 1
1 0 21.1525260783635 1
2 0 21.07722624311005 1
3 0 20.962626092944706 1

0 1 20.832247425157608 1
1 1 20.206110673944544 0
2 1 20.13430025995732 0
3 1 20.107648953583144 0

0 2 20.07345108030541 0
1 2 20.021455619830647 0
2 2 20.01222298261449 0
3 2 20.008922955542335 0

0 3 20.005014429236176 0
1 3 20.001681098332984 0
2 3 20.000904767250308 0
3 3 20.000608865949225 0


# 20.0 20.0 1.1686594109864608
0 0 21.2104049542332 1
1 0 21.19404488552769 1
2 0 21.119474395760584 1
3 0 21.00269703379082 1

0 1 20.875172633802787 1
1 1 20.222917042384626 0
2 1 20.145401007971483 0
3 1 20.11701194950031 0

0 2 20.081185847127017 0
1 2 20.024241833724286 0
2 2 20.013789926222856 0
3 2 20.010125120309624 0

0 3 20.005828313129193 0
1 3 20.001982191172242 0
2 3 20.001063338825926 0
3 3 20.00072120828468 0


# 20.0 20.0 1.2104049542332014
0 0 21.25166098611277 1
1 0 21.23502362942662 1
2 0 21.161053931192907 1
3 0 21.04193673114267 1

0 1 20.917084549690564 1
1 1 20.240078036599918 0
2 1 20.156804965711043 0
3 1 20.126603849427255 0

0 2 20.08914189790621 0
1 2 20.027218130328336 0
2 2 20.015470548426258 0
3 2 20.011413412530278 0

0 3 20.006711982925484 0
1 3 20.002318860567964 0
2 3 20.001240806002585 0
3 3 20.000847095408826 0


# 20.0 20.0 1.2516609861127712
0 0 21.292426488762118 1
1 0 21.275475338469363 1
2 0 21.20198027050668 1
3 0 21.08037001826074 1

0 1 20.95802675568278 1
1 1 20.25756459312542 0
2 1 20.16849775849474 0
3 1 20.136409862022738 0

0 2 20.09730142062139 0
1 2 20.030383525145467 0
2 2 20.017266388127876 0
3 2 20.01278832935072 0

0 3 20.007665794914438 0
1 3 20.00269294993686 0
2 3 20.001438369352158 0
3 3 20.000987320358544 0


# 20.0 20.0 1.2924264887621177
0 0 21.33270116029651 1
1 0 21.315412326540795 1
2 0 21.242268460384956 1
3 0 21.118020837472248 1

0 1 20.998040438032625 1
1 1 20.27534950123396 0
2 1 20.18046539662823 0
3 1 20.146415942579196 0

0 2 20.105647838052402 0
1 2 20.0337365960667 0
2 2 20.019178745794513 0
3 2 20.014250203622776 0

0 3 20.00868991575339 0
1 3 20.003106224613582 0
2 3 20.001657225328568 0
3 3 20.001142665973052 0


# 20.0 20.0 1.3327011602965086
0 0 21.372485351700714 1
1 0 21.35484624858592 1
2 0 21.281933174841026 1
3 0 21.15491227673229 1

0 1 21.0371645319271 1
1 1 20.293407278453227 0
2 1 20.19269427929009 0
3 1 20.15660875410661 0

0 2 20.114165721379166 0
1 2 20.037275535098384 0
2 2 20.021208692916453 0
3 2 20.015799216426572 0

0 3 20.009784342138182 0
1 3 20.003560368410593 0
2 3 20.00189856259237 0
3 3 20.00131390334625 0


# 20.0 20.0 1.372485351700714
0 0 21.411780008405646 1
1 0 21.39378815168571 1
2 0 21.3209887179902 1
3 0 21.19106660443509 1

0 1 21.07543585768502 1
1 1 20.311714054972583 0
2 1 20.205171196523995 0
3 1 20.16697563064276 0

0 2 20.1228407099003 0
1 2 20.04099819532806 0
2 2 20.023357081706916 0
3 2 20.017435408725007 0

0 3 20.01094891876094 0
1 3 20.004056981057524 0
2 3 20.00216355855682 0
3 3 20.001501790433167 0


# 20.0 20.0 1.4117800084056462
0 0 21.450586616215492 1
1 0 21.43224852198505 1
2 0 21.359449027709942 1
3 0 21.22650530257566 1

0 1 21.11288924823531 1
1 1 20.330247466278767 0
2 1 20.217883329566906 0
3 1 20.177504542646176 0

0 2 20.13165943643238 0
1 2 20.04490213353802 0
2 2 20.025624554949626 0
3 2 20.019158692214905 0

0 3 20.012183354695424 0
1 3 20.00459757641459 0
2 3 20.002453376159004 0
3 3 20.00170707079806 0


# 20.0 20.0 1.4505866162154923
0 0 21.48890715127438 1
1 0 21.470237327804835 1
2 0 21.397327680065494 1
3 0 21.261249098355478 1

0 1 21.149557668457252 1
1 1 20.34898655340979 0
2 1 20.230818249720546 0
3 1 20.18818406433853 0

0 2 20.140609457982507 0
1 2 20.048984648841273 0
2 2 20.028011555915274 0
3 2 20.0209688594345 0

0 3 20.013487238339152 0
1 3 20.005183581365248 0
2 3 20.00276916085727 0
3 3 20.00193047249283 0


# 20.0 20.0 1.488907151274379
0 0 21.526744033783647 1
1 0 21.50776405924414 1
2 0 21.434637894390587 1
3 0 21.29531799431943 1

0 1 21.18547232692416 1
1 1 20.36791167026288 0
2 1 20.243963915952847 0
3 1 20.199003342872793 0

0 2 20.149679191316498 0
1 2 20.05324281768321 0
2 2 20.030518338278476 0
3 2 20.02286559318198 0

0 3 20.014860051031125 0
1 3 20.005816335302768 0
2 3 20.00311203785415 0
3 3 20.00217270705552 0


# 20.0 20.0 1.5267440337836469
0 0 21.564100085201456 1
1 0 21.544837764554142 1
2 0 21.4713925389241 1
3 0 21.32873129710549 1

0 1 21.220662780554715 1
1 1 20.387004397435202 0
2 1 20.257308671397237 0
3 1 20.209952069212353 0

0 2 20.158857853072433 0
1 2 20.05767352552348 0
2 2 20.03314497597659 0
3 2 20.02484847529527 0

0 3 20.016301179454505 0
1 3 20.006497090134037 0
2 3 20.00348310954227 0
3 3 20.002434468619573 0


# 20.0 20.0 1.5641000852014564
0 0 21.60097848867551 1
1 0 21.581467083543284 1
2 0 21.50760413691384 1
3 0 21.361507644883208 1

0 1 21.255157032641616 1
1 1 20.40624746211558 0
2 1 20.27084123890079 0
3 1 20.221020450614386 0

0 2 20.168135404094826 0
1 2 20.062273495486206 0
2 2 20.035891372960407 0
3 2 20.0269169948392 0

0 3 20.01780992692489 0
1 3 20.007227010731846 0
2 3 20.003883453169237 0
3 3 20.002716433125368 0


# 20.0 20.0 1.6009784886755085
0 0 21.63738275247741 1
1 0 21.617660278252547 1
2 0 21.543284873107897 1
3 0 21.39366503355208 1

0 1 21.288981624694923 1
1 1 20.425624663582045 0
2 1 20.28455071575673 0
3 1 20.23219918461836 0

0 2 20.177502497688117 0
1 2 20.067039314242418 0
2 2 20.0387572727944 0
3 2 20.02907055574241 0

0 3 20.019385523656634 0
1 3 20.008007175773926 0
2 3 20.004314118716454 0
3 3 20.00301925762636 0


# 20.0 20.0 1.6373827524774107
0 0 21.673316676223592 1
1 0 21.6534252611209 1
2 0 21.578446600562522 1
3 0 21.425220841766375 1

0 1 21.322161722507662 1
1 1 20.44512080389364 0
2 1 20.298426567742833 0
3 1 20.24347943444741 0

0 2 20.1869504315101 0
1 2 20.071967455366448 0
2 2 20.041742268071086 0
3 2 20.031308483922967 0

0 3 20.021027136092403 0
1 3 20.008838578913526 0
2 3 20.004776126985696 0
3 3 20.003343579682713 0


# 20.0 20.0 1.6733166762235925
0 0 21.708784319683087 1
1 0 21.688769620843495 1
2 0 21.61310084770313 1
3 0 21.45619185484859 1

0 1 21.354721196823384 1
1 1 20.46472162339606 0
2 1 20.31245862257459 0
3 1 20.25485280573677 0

0 2 20.19647110284606 0
1 2 20.07705430038758 0
2 2 20.044845809610123 0
3 2 20.033630033938557 0

0 3 20.022733875374193 0
1 3 20.009722130232127 0
2 3 20.005270467886596 0
3 3 20.00369001683604 0


# 20.0 20.0 1.7087843196830867
0 0 21.743789973986498 1
1 0 21.723700646109098 1
2 0 21.647258825581986 1
3 0 21.486594287649865 1

0 1 21.386682698959547 1
1 1 20.48441374068942 0
2 1 20.32663706287043 0
3 1 20.26631132450933 0

0 2 20.206056967023184 0
1 2 20.082296157739634 0
2 2 20.04806721541806 0
3 2 20.0360343951943 0

0 3 20.024504805027785 0
1 3 20.010658657930225 0
2 3 20.00579809891757 0
3 3 20.004059166159283 0


# 20.0 20.0 1.7437899739864982
0 0 21.77833813506381 1
1 0 21.75822534738854 1
2 0 21.68093143528245 1
3 0 21.51644380641197 1

0 1 21.41806773171656 1
1 1 20.50418459673291 0
2 1 20.34095241871596 0
3 1 20.277847416323805 0

0 2 20.21570099874202 0
1 2 20.08768927979401 0
2 2 20.051405679389458 0
3 2 20.03852069773861 0

0 3 20.026338947926853 0
1 3 20.011648910216817 0
2 3 20.00635994383222 0
3 3 20.0044516038764 0


# 20.0 20.0 1.7783381350638088
0 0 21.812433479150773 1
1 0 21.792350476932214 1
2 0 21.714129275425307 1
3 0 21.54575554968213 1

0 1 21.448896715879975 1
1 1 20.524022402785594 0
2 1 20.355395559904686 0
3 1 20.28945388652611 0

0 2 20.225396656118065 0
1 2 20.093229878146015 0
2 2 20.05486027973422 0
3 2 20.04108801767523 0

0 3 20.028235292597504 0
1 3 20.01269355736262 0
2 3 20.006956891482943 0
3 3 20.00486788504675 0


# 20.0 20.0 1.8124334791507728
0 0 21.84608084021509 1
1 0 21.826082547122173 1
2 0 21.746862649737952 1
3 0 21.574544148328744 1

0 1 21.47918905260244 1
1 1 20.54391609190519 0
2 1 20.369957687924103 0
3 1 20.301123901539153 0

0 2 20.23513784724126 0
1 2 20.098914137309926 0
2 2 20.058429987119684 0
3 2 20.043735382217335 0

0 3 20.03019279891924 0
1 3 20.013793193885935 0
2 3 20.007589794833287 0
3 3 20.005308543309674 0


# 20.0 20.0 1.846080840215091
0 0 21.879285189164044 1
1 0 21.859427847312727 1
2 0 21.779141574651746 1
3 0 21.6028237447032 1

0 1 21.508963181932863 1
1 1 20.563855273747496 0
2 1 20.384630327748443 0
3 1 20.312850971130537 0

0 2 20.24491889907507 0
1 2 20.104738226964987 0
2 2 20.062113672519107 0
3 2 20.046461774407717 0

0 3 20.03221040327368 0
1 3 20.01494834084359 0
2 3 20.00825947013036 0
3 3 20.005774090684984 0


# 20.0 20.0 1.8792851891640439
0 0 21.912051614705085 1
1 0 21.892392459282846 1
2 0 21.810975786897185 1
3 0 21.63060801099022 1

0 1 21.538236637742013 1
1 1 20.583830192428476 0
2 1 20.39940531949222 0
3 1 20.324628931601737 0

0 2 20.254734528529685 0
1 2 20.11069831288252 0
2 2 20.065910114761145 0
3 2 20.049266137527166 0

0 3 20.034287023188305 0
1 3 20.016159448202572 0
2 3 20.00896669622867 0
3 3 20.006265017425395 0


# 20.0 20.0 1.912051614705085
0 0 21.94438530574 1
1 0 21.924982271413754 1
2 0 21.842374751070256 1
3 0 21.657910166786635 1

0 1 21.56702609927723 1
1 1 20.6038316872287 0
2 1 20.414274809972536 0
3 1 20.3364519298459 0

0 2 20.264579815555614 0
1 2 20.116790566653133 0
2 2 20.069818007777187 0
3 2 20.052147379211608 0

0 3 20.036421561518626 0
1 3 20.01742689727087 0
2 3 20.009712214056744 0
3 3 20.0067817919173 0


# 20.0 20.0 1.9443853057399991
0 0 21.97629153518165 1
1 0 21.957202991696143 1
2 0 21.87334766714677 1
3 0 21.68474299594623 1

0 1 21.595347439563177 1
1 1 20.62385115593634 0
2 1 20.42923124422233 0
3 1 20.348314408224933 0

0 2 20.274450178115096 0
1 2 20.123011174322976 0
2 2 20.073835967545644 0
3 2 20.055104375296974 0

0 3 20.038612910208588 0
1 3 20.018751003168553 0
2 3 20.01049672621794 0
3 3 20.007324860626458 0


# 20.0 20.0 1.9762915351816517
0 0 22.007775645090224 1
1 0 21.989060159662984 1
2 0 21.903903477924583 1
3 0 21.71111886272596 1

0 1 21.623215770851225 1
1 1 20.64388052064011 0
2 1 20.44426735699168 0
3 1 20.36021109021966 0

0 2 20.284341348898856 0
1 2 20.12935634403851 0
2 2 20.077962538733996 0
3 2 20.058135973409463 0

0 3 20.040859953665887 0
1 3 20.020132017322542 0
2 3 20.011320896716985 0
3 3 20.007894648085422 0


# 20.0 20.0 2.0077756450902235
0 0 22.038843033033146 1
1 0 22.02055915733631 1
2 0 21.934050876376396 1
3 0 21.737049727266978 1

0 1 21.65064548730634 1
1 1 20.663912195797458 0
2 1 20.45937616426961 0
3 1 20.372136966809787 0

0 2 20.294249353665233 0
1 2 20.135822312790893 0
2 2 20.082196201041008 0
3 2 20.0612409963175 0

0 3 20.043161571785767 0
1 3 20.02157012997052 0
2 3 20.012185350804035 0
3 3 20.008491556919804 0


# 20.0 20.0 2.038843033033146
0 0 22.069499139579666 1
1 0 22.05170521926923 1
2 0 21.96379831289826 1
3 0 21.762547160441862 1

0 1 21.67765030510798 1
1 1 20.68393905841643 0
2 1 20.474550954854653 0
3 1 20.384087283543145 0

0 2 20.304170491087508 0
1 2 20.142405352343115 0
2 2 20.08653537524287 0
3 2 20.064418245060637 0

0 3 20.045516642654174 0
1 3 20.023065472661376 0
2 3 20.013090674928154 0
3 3 20.009115967910557 0


# 20.0 20.0 2.0694991395796656
0 0 22.099749436847326 1
1 0 22.08250344175787 1
2 0 21.993154002441184 1
3 0 21.787622358097767 1

0 1 21.70424330012966 1
1 1 20.703954420201466 0
2 1 20.489785281998774 0
3 1 20.396057528256218 0

0 2 20.314101314003356 0
1 2 20.149101774415954 0
2 2 20.090978428948056 0
3 2 20.067666501869468 0

0 3 20.047924044958602 0
1 3 20.02461812074123 0
2 3 20.01403741679237 0
3 3 20.00976824008972 0


# 20.0 20.0 2.0997494368473255
0 0 22.12959941802347 1
1 0 22.11295879129203 1
2 0 22.022125931515316 1
3 0 21.812286154723505 1

0 1 21.730436943350956 1
1 1 20.723952001524488 0
2 1 20.505072955145764 0
3 1 20.408043419410323 0

0 2 20.32403861196792 0
1 2 20.15590793520217 0
2 2 20.095523682066666 0
3 2 20.07098453288975 0

0 3 20.050382660132602 0
1 3 20.026228095815625 0
2 3 20.015026085502754 0
3 3 20.010448710867202 0


# 20.0 20.0 2.1295994180234707
0 0 22.15905458779034 1
1 0 22.143076112307728 1
2 0 22.050721865057795 1
3 0 21.836549036567078 1

0 1 21.75624313414561 1
1 1 20.743925907092926 0
2 1 20.5204080317823 0
3 1 20.420040895009958 0

0 2 20.333979395019032 0
1 2 20.162820239272396 0
2 2 20.10016941200083 0
3 2 20.074371090722916 0

0 3 20.052891374257843 0
1 3 20.027895368179767 0
2 3 20.016057151804212 0
3 3 20.01115769618631 0


# 20.119999999999997 20.0 2.15905458779034
0 0 22.188120453587327 1
1 0 22.17286013429966 1
2 0 22.078949353157157 1
3 0 21.860421154228668 1

0 1 21.781673231579884 1
1 1 20.763870603195677 0
2 1 20.535784809417112 0
3 1 20.432046102071965 0

0 2 20.343920878569556 0
1 2 20.16983514293067 0
2 2 20.10491385856329 0
3 2 20.077824916794413 0

0 3 20.055449079745554 0
1 3 20.029619859209983 0
2 3 20.01713104839595 0
3 3 20.011895490705886 0


# 20.239999999999995 20.0 2.1881204535873273
0 0 22.218242517648736 1
1 0 22.203052758347095 1
2 0 22.10754458498847 1
3 0 21.88536108092116 1

0 1 21.807475363846496 1
1 1 20.78379859113678 0
2 1 20.551206776206218 0
3 1 20.444792879072004 0

0 2 20.35458931670791 0
1 2 20.176958115577413 0
2 2 20.10975544363594 0
3 2 20.082073596050012 0

0 3 20.059503422985728 0
1 3 20.032138936166675 0
2 3 20.018977022809423 0
3 3 20.01411986046679 0


# 20.359999999999992 20.0 2.2182425176487364
0 0 22.129392124479704 -1
1 0 22.232213366103775 1
2 0 22.13649308709773 1
3 0 21.911343513602034 1

0 1 21.832214758952837 1
1 1 20.803687374964298 0
2 1 20.56668559636556 0
3 1 20.458272810623193 0

0 2 20.365960680976368 0
1 2 20.184202635258618 0
2 2 20.114710448547218 0
3 2 20.087111742451558 0

0 3 20.065018495163958 0
1 3 20.035447478686457 0
2 3 20.021591321303834 0
3 3 20.01779598225505 0


# 20.47999999999999 20.0 2.2322133661037746
0 0 22.045827145499114 -1
1 0 22.20045249601815 0
2 0 22.165062156711453 -1
3 0 21.93833516672038 -1

0 1 21.856007441494096 1
1 1 20.82279855899565 0
2 1 20.582214815438544 0
3 1 20.472477293272345 0

0 2 20.37801307523836 0
1 2 20.191572543503817 0
2 2 20.119794232089323 0
3 2 20.09293385935999 0

0 3 20.071959355985154 0
1 3 20.03954016323114 0
2 3 20.02497005033998 0
3 3 20.022890173810268 0


# 20.599999999999987 20.0 2.2322133661037746
0 0 21.966614887511295 -1
1 0 22.17036719842401 0
2 0 22.07330055229657 -1
3 0 21.844864434865272 -1

0 1 21.87894424721229 1
1 1 20.841181413818802 0
2 1 20.596349546195217 0
3 1 20.48592302103995 0

0 2 20.390726239838763 0
1 2 20.19907196600337 0
2 2 20.125004014011818 0
3 2 20.099516443773215 0

0 3 20.080292016006528 0
1 3 20.044411484763632 0
2 3 20.02910897629673 0
3 3 20.029369632593937 0


# 20.719999999999985 20.0 2.2322133661037746
0 0 21.891608488908524 -1
1 0 22.140484861550487 0
2 0 21.984802315211446 -1
3 0 21.75529801924514 -1

0 1 21.901110782540165 1
1 1 20.85884891183097 0
2 1 20.609179707122976 0
3 1 20.49868218419797 0

0 2 20.404081434940135 0
1 2 20.206704661781767 0
2 2 20.130337938806946 0
3 2 20.106837430201924 0

0 3 20.089983418466737 0
1 3 20.050055767082103 0
2 3 20.034003559354062 0
3 3 20.037202417695227 0


# 20.839999999999982 20.0 2.2322133661037746
0 0 21.820649731036905 -1
1 0 22.110876108862318 0
2 0 21.89946486399533 -1
3 0 21.669525055130634 -1

0 1 21.802587090607176 -1
1 1 20.874376334883575 0
2 1 20.62077341704368 0
3 1 20.510823163290173 0

0 2 20.416621316722917 0
1 2 20.214439534306187 0
2 2 20.135794365035082 0
3 2 20.114876097485688 0

0 3 20.100984140407594 0
1 3 20.05646655167347 0
2 3 20.039648969874037 0
3 3 20.046357431466514 0


# 20.95999999999998 20.0 2.2322133661037746
0 0 21.75214789911321 -1
1 0 22.081571181466007 0
2 0 21.81718977555121 -1
3 0 21.58743830841203 -1

0 1 21.70843617941031 -1
1 1 20.887908914555876 0
2 1 20.63119688764677 0
3 1 20.52241072595452 0

0 2 20.428449539670044 0
1 2 20.222249869110705 0
2 2 20.141371897402806 0
3 2 20.123612982049174 0

0 3 20.11324770444904 0
1 3 20.06363671502439 0
2 3 20.04604010566605 0
3 3 20.0568044009863 0


# 21.079999999999977 20.0 2.2322133661037746
0 0 21.68607066307565 -1
1 0 22.052599224082627 0
2 0 21.737882618019757 -1
3 0 21.50893404943689 -1

0 1 21.618471009282697 -1
1 1 20.899583490538667 0
2 1 20.640514421822715 0
3 1 20.533506212904133 0

0 2 20.43966228199801 0
1 2 20.230112928012957 0
2 2 20.14706941157808 0
3 2 20.13302979710873 0

0 3 20.126730375053143 0
1 3 20.07155857389815 0
2 3 20.05317160986563 0
3 3 20.068513859434486 0


# 21.199999999999974 20.0 2.2322133661037746
0 0 21.62238496200531 -1
1 0 22.023988269517922 0
2 0 21.661452788952257 -1
3 0 21.433911931679436 -1

0 1 21.53251479570733 -1
1 1 20.909529047973543 0
2 1 20.648788419112122 0
3 1 20.54416771373696 0

0 2 20.450348763339374 0
1 2 20.238009577029803 0
2 2 20.15288607265973 0
3 2 20.143109357380137 0

0 3 20.141390969598078 0
1 3 20.08022397967235 0
2 3 20.06103788919247 0
3 3 20.081457127453714 0


# 21.319999999999972 20.0 2.2322133661037746
0 0 21.56105714015582 -1
1 0 21.995765229923148 0
2 0 21.58781335878484 -1
3 0 21.362274875009238 -1

0 1 21.450400393705245 -1
1 1 20.917867217108057 0
2 1 20.656079387342217 0
3 1 20.55445023319679 0

0 2 20.460591726563116 0
1 2 20.24592394528441 0
2 2 20.158821348122455 0
3 2 20.153835508875446 0

0 3 20.15719068316737 0
1 3 20.089624402737844 0
2 3 20.069633132386155 0
3 3 20.09560629456052 0


# 21.43999999999997 20.0 2.2322133661037746
0 0 21.502053070593753 -1
1 0 21.967955894024215 0
2 0 21.516880919592385 -1
3 0 21.293928953342373 -1

0 1 21.371969721340804 -1
1 1 20.92471273806277 0
2 1 20.662445959617482 0
3 1 20.56440584846455 0

0 2 20.470467886244975 0
1 2 20.253843112412774 0
2 2 20.16487501597208 0
3 2 20.165193063410644 0

0 3 20.17409292604114 0
1 3 20.099751007872936 0
2 3 20.078951328646802 0
3 3 20.110934200661028 0


# 21.559999999999967 20.0 2.2322133661037746
0 0 21.445338267436757 -1
1 0 21.9405849295763 0
2 0 21.44857543907994 -1
3 0 21.22878328647258 -1

0 1 21.297073219745425 -1
1 1 20.93017389329198 0
2 1 20.667944915917545 0
3 1 20.574083858018646 0

0 2 20.480048346121077 0
1 2 20.261756822176057 0
2 2 20.17104716876723 0
3 2 20.17716773747676 0

0 3 20.19206317295159 0
1 3 20.110594721427564 0
2 3 20.088986285933906 0
3 3 20.127414417718157 0


# 21.679999999999964 20.0 2.2322133661037746
0 0 21.390877987600895 -1
1 0 21.913675890373767 0
2 0 21.38282011975175 -1
3 0 21.166749935892813 -1

0 1 21.225569347240285 -1
1 1 20.934352910122456 0
2 1 20.672631208633423 0
3 1 20.5835309225659 0

0 2 20.489398987692407 0
1 2 20.269657220167723 0
2 2 20.177338214092945 0
3 2 20.18974609515526 0

0 3 20.211068823234772 0
1 3 20.12214629107964 0
2 3 20.09973164899937 0
3 3 20.14502123161016 0


# 21.79999999999996 20.0 2.2322133661037746
0 0 21.33863732289863 -1
1 0 21.887251227211344 0
2 0 21.319541263183027 -1
3 0 21.10774380442966 -1

0 1 21.157324105304756 -1
1 1 20.937346335572386 0
2 1 20.67655799144399 0
3 1 20.59279119851048 0

0 2 20.498580831993813 0
1 2 20.277538613672537 0
2 2 20.183748872007737 0
3 2 20.202915494784282 0

0 3 20.2310790710752 0
1 3 20.13439633885926 0
2 3 20.111180917051122 0
3 3 20.163729624214216 0


# 21.91999999999996 20.0 2.2322133661037746
0 0 21.288581283264474 -1
1 0 21.861332302252706 0
2 0 21.258668139306856 -1
3 0 21.051682539524 -1

0 1 21.092210594291924 -1
1 1 20.939245385484845 0
2 1 20.679776650998395 0
3 1 20.60190646439672 0

0 2 20.507650376398548 0
1 2 20.28539725188926 0
2 2 20.19028016992804 0
3 2 20.216664039105808 0

0 3 20.252064785099588 0
1 3 20.14733540807565 0
2 3 20.12332746096159 0
3 3 20.183515255743313 0


# 22.039999999999957 20.0 2.2322133661037746
0 0 21.240674871825487 -1
1 0 21.835939406317497 0
2 0 21.200132860618048 -1
3 0 20.99848644000131 -1

0 1 21.03010859693617 -1
1 1 20.94013626985527 0
2 1 20.68233684092805 0
3 1 20.61091624073248 0

0 2 20.51665990819691 0
1 2 20.293231124871248 0
2 2 20.196933435361895 0
3 2 20.230980528645418 0

0 3 20.273998396631274 0
1 3 20.160954004726044 0
2 3 20.136164539951178 0
3 3 20.204354447359712 0


# 22.039999999999957 20.0 2.2322133661037746
0 0 21.194883152478813 -1
1 0 21.811091778647587 0
2 0 21.14387026118701 -1
3 0 20.948078366184298 -1

0 1 20.970904187831223 -1
1 1 20.940100496089553 0
2 1 20.684286517763955 0
3 1 20.61985790357284 0

0 2 20.525657796564644 0
1 2 20.301039779670333 0
2 2 20.203710286856897 0
3 2 20.245854418095785 0

0 3 20.296853795968037 0
1 3 20.175242633914625 0
2 3 20.149685317690803 0
3 3 20.2262241640842 0


# 22.039999999999957 20.0 2.2322133661037746
0 0 21.14973131058732 -1
1 0 21.786070348758756 0
2 0 21.08908893300964 -1
3 0 20.89893490704065 -1

0 1 20.91375208718121 -1
1 1 20.939197457077746 0
2 1 20.68566301987749 0
3 1 20.628029299762947 0

0 2 20.533959917062763 0
1 2 20.3088151937851 0
2 2 20.210612408481154 0
3 2 20.2605469230037 0

0 3 20.319157489924915 0
1 3 20.18945433930702 0
2 3 20.163154025290257 0
3 3 20.247644505556696 0


# 22.039999999999957 20.0 2.2322133661037746
0 0 21.105218852637456 -1
1 0 21.760897457023585 0
2 0 21.035733142430537 -1
3 0 20.85101839969351 -1

0 1 20.858555014240935 -1
1 1 20.93748314735714 0
2 1 20.686493490899753 0
3 1 20.635468774936065 0

0 2 20.541611932921537 0
1 2 20.316542006420217 0
2 2 20.217623850221425 0
3 2 20.275052797806115 0

0 3 20.34092061555436 0
1 3 20.203584656823303 0
2 3 20.176567792379284 0
3 3 20.26862875043888 0


# 22.039999999999957 19.0 2.2322133661037746
0 0 21.061344403597683 -1
1 0 21.735594492149218 0
2 0 20.983749627041362 -1
3 0 20.804292358128272 -1

0 1 20.80522097744933 -1
1 1 20.935010167887018 0
2 1 20.686804032377594 0
3 1 20.642212876648493 0

0 2 20.548656434931917 0
1 2 20.32420649143041 0
2 2 20.224729478778716 0
3 2 20.28936743356865 0

0 3 20.362154366495464 0
1 3 20.217629245040385 0
2 3 20.18992379479045 0
3 3 20.289189610163387 0


# 22.039999999999957 19.0 2.735594492149218
0 0 21.01810579070335 -1
1 0 21.71018191050653 0
2 0 20.933087482317774 -1
3 0 20.758721437543247 -1

0 1 20.753662965118725 -1
1 1 20.93182794462164 0
2 1 20.68661973221187 0
3 1 20.648296439069142 0

0 2 20.555133150541312 0
1 2 20.331796417669533 0
2 2 20.231914952336226 0
3 2 20.303486813377592 0

0 3 20.382869958048605 0
1 3 20.231583898794792 0
2 3 20.20321925694478 0
3 3 20.309339257041373 0


# 22.039999999999957 19.0 2.735594492149218
0 0 20.97550012074553 -1
1 0 21.684679256837477 0
2 0 20.88369805317954 -1
3 0 20.714271399698674 -1

0 1 20.70379865517464 -1
1 1 20.927982932022523 0
2 1 20.68596469358499 0
3 1 20.653752663508172 0

0 2 20.56107913858929 0
1 2 20.33930092068231 0
2 2 20.239166694839163 0
3 2 20.317407470600397 0

0 3 20.403078596007465 0
1 3 20.245444560329027 0
2 3 20.216451454299616 0
3 3 20.329089350886683 0


# 22.039999999999957 19.0 2.735594492149218
0 0 20.933523851342834 -1
1 0 21.65910518608884 0
2 0 20.835534830298467 -1
3 0 20.6709090792352 -1

0 1 20.65555014272076 -1
1 1 20.923518802602366 0
2 1 20.684862064187886 0
3 1 20.65861319500911 0

0 2 20.566528970681464 0
1 2 20.34671038483098 0
2 2 20.24647186997391 0
3 2 20.331126449825618 0

0 3 20.42279144892332 0
1 3 20.259207328251854 0
2 3 20.22961771580838 0
3 3 20.34845106424237 0


# 22.039999999999957 19.0 2.735594492149218
0 0 20.892172856640208 -1
1 0 21.6334774861476 0
2 0 20.78855335098078 -1
3 0 20.628602350934614 -1

0 1 20.608843684285574 -1
1 1 20.918476623510877 0
2 1 20.683334065580564 0
3 1 20.66290819521482 0

0 2 20.57151490012932 0
1 2 20.354016335021484 0
2 2 20.253818355009994 0
3 2 20.344641270306546 0

0 3 20.442019623502652 0
1 3 20.272868464557266 0
2 3 20.242715426350145 0
3 3 20.367435106289523 0


# 21.91999999999996 19.0 2.735594492149218
0 0 20.85144248784636 -1
1 0 21.607813101277458 0
2 0 20.7427111044531 -1
3 0 20.58732009789698 -1

0 1 20.56360945768342 -1
1 1 20.91289502109711 0
2 1 20.681402022541995 0
3 1 20.666666411704743 0

0 2 20.57606701931838 0
1 2 20.361211337260247 0
2 2 20.261194714647022 0
3 2 20.357949891745367 0

0 3 20.460774142863063 0
1 3 20.286424399923543 0
2 3 20.25574202909376 0
3 3 20.386051745513168 0


# 21.79999999999996 19.0 2.735594492149218
0 0 20.80988762899142 -1
1 0 21.581390876078302 0
2 0 20.697238594024277 -1
3 0 20.545583434441436 -1

0 1 20.5190440564936 -1
1 1 20.90679263959294 0
2 1 20.679077433779607 0
3 1 20.66917775153274 0

0 2 20.57948455894641 0
1 2 20.368279948829073 0
2 2 20.268589959985338 0
3 2 20.370321829776437 0

0 3 20.47761718122643 0
1 3 20.299134245036544 0
2 3 20.267966175278243 0
3 3 20.402853338735348 0


# 21.679999999999964 19.0 2.735594492149218
0 0 20.76753689353859 -1
1 0 21.55423127680888 0
2 0 20.652101278815618 -1
3 0 20.503397779165724 -1

0 1 20.475089975225803 -1
1 1 20.9001867365082 0
2 1 20.67636238568029 0
3 1 20.670473269903834 0

0 2 20.581798052734037 0
1 2 20.375199019216446 0
2 2 20.27597583482546 0
3 2 20.381759942247403 0

0 3 20.492594150275526 0
1 3 20.31099971888225 0
2 3 20.27938954262587 0
3 3 20.417884412359353 0


# 21.559999999999967 19.0 2.735594492149218
0 0 20.724417420395618 -1
1 0 21.526354028411543 0
2 0 20.607266395424453 -1
3 0 20.460768335099697 -1

0 1 20.431693022781975 -1
1 1 20.89309307462889 0
2 1 20.673258694065026 0
3 1 20.670582836224817 0

0 2 20.583036368826495 0
1 2 20.381946726260015 0
2 2 20.283325253616216 0
3 2 20.392267534699418 0

0 3 20.50574919391811 0
1 3 20.322022756242845 0
2 3 20.290013970902205 0
3 3 20.431187951581634 0


# 21.43999999999997 19.0 2.735594492149218
0 0 20.680554957875696 -1
1 0 21.497778132353407 0
2 0 20.562702868754844 -1
3 0 20.417700103495864 -1

0 1 20.388802128641103 -1
1 1 20.885526035222536 0
2 1 20.669767920675728 0
3 1 20.669535183809828 0

0 2 20.583226817921613 0
1 2 20.388502493755574 0
2 2 20.290612264483034 0
3 2 20.401848323040536 0

0 3 20.51712521782703 0
1 3 20.33220550067046 0
2 3 20.299841452725133 0
3 3 20.442805462633885 0


# 21.319999999999972 19.0 2.735594492149218
0 0 20.635973942524103 -1
1 0 21.46852188495258 0
2 0 20.51838122717663 -1
3 0 20.37419789670185 -1

0 1 20.346369160786196 -1
1 1 20.877498723053897 0
2 1 20.665891389265575 0
3 1 20.66735795739791 0

0 2 20.58239525403733 0
1 2 20.394846914962244 0
2 2 20.29781201274777 0
3 2 20.41050639866619 0

0 3 20.52676391904175 0
1 3 20.341550297083053 0
2 3 20.308874124980253 0
3 3 20.452777032262823 0


# 21.199999999999974 19.0 2.735594492149218
0 0 20.5906975731421 -1
1 0 21.438602896065042 0
2 0 20.4742735218196 -1
3 0 20.330266350171193 -1

0 1 20.304348754635974 -1
1 1 20.869023063806456 0
2 1 20.661630201250087 0
3 1 20.66407775858825 0

0 2 20.580566168431442 0
1 2 20.400961681548882 0
2 2 20.30490070501322 0
3 2 20.41824619587258 0

0 3 20.53470581554242 0
1 3 20.350059684070423 0
2 3 20.31711426078724 0
3 3 20.46114138458128 0


# 21.079999999999977 19.0 2.735594492149218
0 0 20.5447478803174 -1
1 0 21.408038108021632 0
2 0 20.43035324981649 -1
3 0 20.285909933665888 -1

0 1 20.262698152291925 -1
1 1 20.860109894461097 0
2 1 20.65698525088463 0
3 1 20.65972018929262 0

0 2 20.57776277714992 0
1 2 20.406829517562873 0
2 2 20.311855573873874 0
3 2 20.425072461418907 0

0 3 20.540990275717537 0
1 3 20.35773638598828 0
2 3 20.324564261967495 0
3 3 20.46793593541699 0


# 20.95999999999998 19.0 2.735594492149218
0 0 20.498145791749735 -1
1 0 21.376843814717052 0
2 0 20.386595281315408 -1
3 0 20.24113296170121 -1

0 1 20.221377051455992 -1
1 1 20.85076904714241 0
2 1 20.65195723994166 0
3 1 20.65430989329907 0

0 2 20.574007102646462 0
1 2 20.412434118035666 0
2 2 20.318654843304294 0
3 2 20.430990226103557 0

0 3 20.545655547655322 0
1 3 20.364583304908674 0
2 3 20.33122665196842 0
3 3 20.473196844278842 0


# 20.839999999999982 19.0 2.735594492149218
0 0 20.45091119364082 -1
1 0 21.34503568076412 0
2 0 20.342975790089046 -1
3 0 20.195939603280625 -1

0 1 20.180347463415995 -1
1 1 20.841009426905465 0
2 1 20.646546691867634 0
3 1 20.64787059603553 0

0 2 20.569320049884595 0
1 2 20.41776009186999 0
2 2 20.325277694767404 0
3 2 20.436004778228188 0

0 3 20.548738788197248 0
1 3 20.370603512486937 0
2 3 20.337104069204145 0
3 3 20.476959064053993 0


# 20.719999999999985 19.0 2.735594492149218
0 0 20.403062988399913 -1
1 0 21.31262876063676 0
2 0 20.299472187574725 -1
3 0 20.150333890965847 -1

0 1 20.1395735795348 -1
1 1 20.830839083900912 0
2 1 20.64075396540533 0
3 1 20.640425142617232 0

0 2 20.563721477304668 0
1 2 20.42279290868175 0
2 2 20.331704234076803 0
3 2 20.44012163883158 0

0 3 20.550276091699647 0
1 3 20.375800241797513 0
2 3 20.34219926077671 0
3 3 20.479256388543348 0


# 20.599999999999987 19.0 2.735594492149218
0 0 20.354619148899577 -1
1 0 21.279637517734518 0
2 0 20.256063060185856 -1
3 0 20.104319729324715 -1

0 1 20.099021645715602 -1
1 1 20.820265280324115 0
2 1 20.634579267672322 0
3 1 20.631995534257253 0

0 2 20.557230263011036 0
1 2 20.427518849295538 0
2 2 20.33791545904003 0
3 2 20.44334653858274 0

0 3 20.550302518456164 0
1 3 20.380176879184358 0
2 3 20.346515076545302 0
3 3 20.480121497937326 0


# 20.599999999999987 19.0 2.735594492149218
0 0 20.305596769500593 -1
1 0 21.246075843309793 0
2 0 20.212728109741732 -1
3 0 20.057900902797012 -1

0 1 20.058659844349577 -1
1 1 20.809294552524083 0
2 1 20.628022666690807 0
3 1 20.622602963115295 0

0 2 20.549864366509787 0
1 2 20.431924959616452 0
2 2 20.343893227903333 0
3 2 20.445685396229738 0

0 3 20.548852122740072 0
1 3 20.383736956165436 0
2 3 20.35005446351447 0
3 3 20.479586002328514 0


# 20.599999999999987 19.0 2.735594492149218
0 0 20.257452114050484 -1
1 0 21.212694355206576 0
2 0 20.170176944228913 -1
3 0 20.01252982918445 -1

0 1 20.019195463283907 -1
1 1 20.7979504633405 0
2 1 20.621093061872706 0
3 1 20.613005338111893 0

0 2 20.54236973366406 0
1 2 20.436007966127743 0
2 2 20.34962044361691 0
3 2 20.447873150996777 0

0 3 20.547406726599384 0
1 3 20.387221633881385 0
2 3 20.353549313004784 0
3 3 20.479137975812705 0


# 20.599999999999987 19.0 2.735594492149218
0 0 20.210166515766552 -1
1 0 21.17950071936793 0
2 0 20.1283869958964 -1
3 0 19.96817546334191 -1

0 1 19.980595094379236 -1
1 1 20.786255203201126 0
2 1 20.613807810672732 0
3 1 20.60321739101133 0

0 2 20.534758322295446 0
1 2 20.43977385098955 0
2 2 20.355098711831264 0
3 2 20.449911927598777 0

0 3 20.545963843915928 0
1 3 20.39062976935329 0
2 3 20.35699863934255 0
3 3 20.478771935486744 0


