# 20.0 20.0 0.0
0 0 20.0 0
1 0 20.0 0
2 0 20.06 1
3 0 20.00072 0

0 1 20.0 0
1 1 20.0 0
2 1 20.00072 0
3 1 20.06001728 1

0 2 20.0 0
1 2 20.0 0
2 2 20.00000864 0
3 2 20.00072031104 0

0 3 20.0 0
1 3 20.0 0
2 3 20.00000010368 0
3 3 20.00000864497664 0


# 20.0 20.0 0.060017280000000284
0 0 20.0 0
1 0 20.00072 0
2 0 20.11750592 1
3 0 20.0028243584 0

0 1 20.0 0
1 1 20.00001728 0
2 1 20.00281602944 0
3 1 20.11757288262656 1

0 2 20.0 0
1 2 20.00000031104 0
2 2 20.0000506663424 0
3 2 20.002101644303664 0

0 3 20.0 0
1 3 20.00000000497664 0
2 3 20.00000081112099 0
3 3 20.000033563222576 0


# 20.0 20.0 0.11757288262656118
0 0 20.00000864 0
1 0 20.00210014208 0
2 0 20.17266355771904 1
3 0 20.006205518781748 0

0 1 20.00000031104 0
1 1 20.000075452083202 0
2 1 20.006165210732135 0
3 1 20.172808490042055 1

0 2 20.00000000746496 0
1 2 20.000001809680487 0
2 2 20.00014746806801 0
3 2 20.004089249498904 0

0 3 20.0000000001493 0
1 3 20.00000003621903 0
2 3 20.000002949864026 0
3 3 20.00008146133892 0


# 20.0 20.0 0.17280849004205479
0 0 20.000033534397442 0
1 0 20.004085206643037 0
2 0 20.225609159528723 1
3 0 20.010763131900454 0

0 1 20.00000160590367 0
1 1 20.00019487637872 0
2 1 20.010654400545203 0
3 1 20.22585661484362 1

0 2 20.000000048140233 0
1 2 20.000005831961495 0
2 2 20.000317418783183 0
3 2 20.00663256695954 0

0 3 20.000000001156234 0
1 3 20.00000014009361 0
2 3 20.000007614212326 0
3 3 20.00015821090478 0


# 20.0 20.0 0.22585661484362163
0 0 20.000081368909694 0
1 0 20.006624252821833 0
2 0 20.276470076251726 1
3 0 20.016403579445182 0

0 1 20.000004853976858 0
1 1 20.000392994384207 0
2 1 20.016179434570187 0
3 1 20.276841223991887 1

0 2 20.00000017436348 0
1 2 20.000014080758838 0
2 2 20.000576187039602 0
3 2 20.009684906610474 0

0 3 20.000000004888093 0
1 3 20.00000039460799 0
2 3 20.000016111926037 0
3 3 20.000268927534645 0


# 20.0 20.0 0.2768412239918874
0 0 20.00015798891053 0
1 0 20.009670286917874 0
2 0 20.325365372660354 1
3 0 20.02303952974498 0

0 1 20.000011264001728 0
1 1 20.00068463144875 0
2 1 20.022644430692505 0
3 1 20.325878318988803 1

0 2 20.000000471235996 0
1 2 20.000028545094402 0
2 2 20.000937017993582 0
3 2 20.01320315170704 0

0 3 20.00000001510225 0
1 3 20.000000914099928 0
2 3 20.00002991754068 0
3 3 20.00041804297437 0


# 20.0 20.0 0.3258783189888028
0 0 20.000268479920788 0
1 0 20.013179956675682 0
2 0 20.37240639401398 1
3 0 20.030589523230194 0

0 1 20.00002223390492 0
1 1 20.00108227113562 0
2 1 20.029961146044847 0
3 1 20.373076475443057 1

0 2 20.000001060973304 0
1 2 20.0000514301003 0
2 2 20.001410988874603 0
3 2 20.017147485422846 0

0 3 20.000000038259447 0
1 3 20.000001852338535 0
2 3 20.000050631614222 0
3 3 20.00060937083174 0


# 20.0 20.0 0.37307647544305667
0 0 20.000417240930606 0
1 0 20.017113269368267 0
2 0 20.417697292729112 1
3 0 20.038977585611974 0

0 1 20.00003930695739 0
1 1 20.00159630395076 0
2 1 20.038048383766665 0
3 1 20.418537344932066 1

0 2 20.00000210571623 0
1 2 20.000085096466048 0
2 2 20.00200724057586 0
3 2 20.021481138511163 0

0 3 20.000000084378765 0
1 3 20.000003404289824 0
2 3 20.000079945274795 0
3 3 20.00084616648723 0


# 20.0 20.0 0.41853734493206574
0 0 20.00060805117301 0
1 0 20.021433331829034 0
2 0 20.461335518048983 1
3 0 20.048132866885716 0

0 1 20.00006413359526 0
1 1 20.002235252709006 0
2 1 20.046831445621056 0
3 1 20.462356121857134 1

0 2 20.00000380904943 0
1 2 20.000132008315166 0
2 2 20.002733187480885 0
3 2 20.026170156403598 0

0 3 20.000000167901202 0
1 3 20.000005806767547 0
2 3 20.000119609502082 0
3 3 20.001131181684556 0


# 20.0 20.0 0.46235612185713393
0 0 20.000844130915873 0
1 0 20.026106110712302 0
2 0 20.503412271369555 1
3 0 20.05798930439655 0

0 1 20.00009843829635 0
1 1 20.00300597661431 0
2 1 20.056241626919107 0
3 1 20.504621977791764 1

0 2 20.000006416443508 0
1 2 20.000194688563713 0
2 2 20.003594707458465 0
3 2 20.031183184237864 0

0 3 20.00000030853529 0
1 3 20.000009338162524 0
2 3 20.00017140863066 0
3 3 20.001466714258335 0


# 20.0 20.0 0.5046219777917642
0 0 20.001128196791004 0
1 0 20.031100211399682 0
2 0 20.54401292968462 1
3 0 20.06848530832799 0

0 1 20.00014399096609 0
1 1 20.00391385595101 0
2 1 20.06621575047762 0
3 1 20.54541846564103 1

0 2 20.000010214809663 0
1 2 20.000275680909233 0
2 2 20.004596313791524 0
3 2 20.036491268424165 0

0 3 20.000000532063687 0
1 3 20.00001431741894 0
2 3 20.000237137613798 0
3 3 20.00185465341749 0


# 20.0 20.0 0.5454184656410312
0 0 20.001462512134918 0
1 0 20.036386674094143 0
2 0 20.583217439432662 1
3 0 20.079563468089066 0

0 1 20.00020258234026 0
1 1 20.004962959119215 0
2 1 20.07669573659051 0
3 1 20.584823895761353 1

0 2 20.000015531331414 0
1 2 20.00037751768552 0
2 2 20.0057413106533 0
3 2 20.042067673468335 0

0 3 20.0000008710944 0
1 3 20.00002110240407 0
2 3 20.000318582631717 0
3 3 20.00229652096766 0


# 20.0 20.0 0.5848238957613532
0 0 20.001848932775275 0
1 0 20.041938785758113 0
2 0 20.621100682861744 1
3 0 20.091170278181337 0

0 1 20.000276002960682 0
1 1 20.00615619359743 0
2 1 20.08762820622865 0
3 1 20.622911686033916 1

0 2 20.00002273171638 0
1 2 20.000502692897072 0
2 2 20.00703193360465 0
3 2 20.04788771286994 0

0 3 20.000001365744446 0
1 3 20.00003008779838 0
2 3 20.000417504669635 0
3 3 20.0027935088233 0


# 20.0 20.0 0.6229116860339161
0 0 20.00228894865999 0
1 0 20.047731906657702 0
2 0 20.657732818874365 1
3 0 20.10325588222571 0

0 1 20.00036602532402 0
1 1 20.007495442278042 0
2 1 20.098964114899168 0
3 1 20.65975068774043 1

0 2 20.00003221799188 0
1 2 20.00065363981809 0
2 2 20.00846947645871 0
3 2 20.053928593005672 0

0 3 20.000002064247127 0
1 3 20.000041702615665 0
2 3 20.000535625728283 0
3 3 20.003346513130467 0


# 20.0 20.0 0.6597506877404307
0 0 20.002783721692012 0
1 0 20.053743310372212 0
2 0 20.693179600171607 1
3 0 20.115773833920528 0

0 1 20.000474388843955 0
1 1 20.008981686495897 0
2 1 20.110658414794408 0
3 1 20.69540548895598 1

0 2 20.00004442595113 0
1 2 20.000832712605078 0
2 2 20.010054405742295 0
3 2 20.060169268993377 0

0 3 20.00000302347703 0
1 3 20.00005640744753 0
2 3 20.00067461736354 0
3 3 20.003956165294053 0


# 20.0 20.0 0.6954054889559806
0 0 20.003334120101695 0
1 0 20.05995203621781 0
2 0 20.727502668383593 1
3 0 20.128680873787463 0

0 1 20.000602787303094 0
1 1 20.01061511695514 0
2 1 20.12266974304472 0
3 1 20.729936697049737 1

0 2 20.000059822341807 0
1 2 20.001042171429877 0
2 2 20.011786463876643 0
3 2 20.0665903116103 0

0 3 20.00000430938933 0
1 3 20.00007469151293 0
2 3 20.000836091282476 0
3 3 20.00462286017818 0


# 20.0 20.0 0.7299366970497374
0 0 20.003940749660284 0
1 0 20.06633875311665 0
2 0 20.760759828750867 1
3 0 20.14193672064072 0

0 1 20.00075285850385 0
1 1 20.012395233654434 0
2 1 20.134960134058556 0
3 1 20.763401201769362 1

0 2 20.000078901875327 0
1 2 20.001284170692273 0
2 2 20.013664762102287 0
3 2 20.073173784411267 0

0 3 20.00000599737197 0
1 3 20.000097069581546 0
2 3 20.001021591750956 0
3 3 20.005346781725713 0


# 20.0 20.0 0.7634012017693621
0 0 20.00460398201196 0
1 0 20.072885634018757 0
2 0 20.79300530580795 1
3 0 20.155503876788583 0

0 1 20.00092617585719 0
1 1 20.014320935814542 0
2 1 20.147494754089674 0
3 1 20.795852420278525 1

0 2 20.00010218412362 0
1 2 20.001560749918507 0
2 2 20.01568786408342 0
3 2 20.079903130259044 0

0 3 20.00000817251104 0
1 3 20.000124078829288 0
2 3 20.001232589593076 0
3 3 20.00612792622181 0


# 20.0 20.0 0.7958524202785249
0 0 20.00532398037804 0
1 0 20.079576240053974 0
2 0 20.824289981415202 1
3 0 20.16934744604452 0

0 1 20.001124241674983 0
1 1 20.01639060272429 0
2 1 20.16024165631539 0
3 1 20.827340525418254 1

0 2 20.000130210359682 0
1 2 20.00187382699438 0
2 2 20.01785386104536 0
3 2 20.08676306654039 0

0 3 20.000010929770912 0
1 3 20.000156275674758 0
2 3 20.00147047758547 0
3 3 20.006966123407338 0


# 20.0 20.0 0.8273405254182542
0 0 20.006100722865177 0
1 0 20.086395413655765 0
2 0 20.85466161638795 1
3 0 20.18343496368859 0

0 1 20.001348481956022 0
1 1 20.01860216634058 0
2 1 20.173171554842558 0
3 1 20.857912658371546 1

0 2 20.00016354038923 0
1 2 20.00222519342005 0
2 2 20.020160439223844 0
3 2 20.093739488397723 0

0 3 20.000014374091926 0
1 3 20.000194232637586 0
2 3 20.001736567070107 0
3 3 20.007861055630286 0


# 20.0 20.0 0.8579126583715464
0 0 20.006934023589373 0
1 0 20.093329179958037 0
2 0 20.88416505688153 1
3 0 20.197736237578837 0

0 1 20.0016002424777 0
1 1 20.020953176404614 0
2 1 20.186257616180693 0
3 1 20.88761312682583 1

0 2 20.00020274941276 0
1 2 20.002616511308034 0
2 2 20.022604940336578 0
3 2 20.10081937935853 0

0 3 20.00001862040922 0
1 3 20.000238535252254 0
2 3 20.002032085627793 0
3 3 20.008812275207433 0


# 20.0 20.0 0.8876131268258298
0 0 20.007823551809384 0
1 0 20.100364655820947 0
2 0 20.91284242660747 1
3 0 20.2122231996672 0

0 1 20.001880786025158 0
1 1 20.02344085876921 0
2 1 20.19947526683449 0
3 1 20.916483589649467 1

0 2 20.000248424950335 0
1 2 20.00304931187695 0
2 2 20.025184415724794 0
3 2 20.10799072879245 0

0 3 20.00002379359692 0
1 3 20.00028977906488 0
2 3 20.00235817567139 0
3 3 20.00981922015353 0


# 20.0 20.0 0.9164835896494665
0 0 20.0087688492464 0
1 0 20.107489965891943 0
2 0 20.94073330587868 1
3 0 20.22686976722552 0

0 1 20.002191290607694 0
1 1 20.02606216757082 0
2 1 20.21280201577232 0
3 1 20.944563229025672 1

0 2 20.0003011638554 0
1 2 20.003524995221447 0
2 2 20.027895674755495 0
3 2 20.115242455670383 0

0 3 20.000030028342476 0
1 3 20.000348566734978 0
2 3 20.00271589383292 0
3 3 20.010881228422043 0


# 20.0 20.0 0.9445632290256718
0 0 20.009769345751526 0
1 0 20.114694165154894 0
2 0 20.967874898409608 1
3 0 20.241651713134623 0

0 1 20.002532848528304 0
1 1 20.028813831823545 0
2 1 20.22621729062342 0
3 1 20.971888910919734 1

0 2 20.00036156943858 0
1 2 20.00404483116385 0
2 2 20.03073532802272 0
3 2 20.122564338140602 0

0 3 20.00003746895623 0
1 3 20.000415505259546 0
2 3 20.00310621103239 0
3 3 20.011997550788927 0


# 20.0 20.0 0.9718889109197342
0 0 20.01082437346867 0
1 0 20.12196716746281 0
2 0 20.994302186731055 1
3 0 20.256546544633586 0

0 1 20.002906466186886 0
1 1 20.031692396961258 0
2 1 20.239702286545114 0
3 1 20.998495334692937 1

0 2 20.000430248717844 0
1 2 20.00460996101552 0
2 2 20.033699825838433 0
3 2 20.12994694847454 0

0 3 20.000046269121533 0
1 3 20.00049120333268 0
2 3 20.00353001312855 0
3 3 20.01316736249976 0


# 20.0 20.0 0.9984953346929366
0 0 20.011933179627594 0
1 0 20.12929967958921 0
2 0 21.020048077017567 1
3 0 20.271533389967303 0

0 1 20.003313064510717 0
1 1 20.034694261807044 0
2 1 20.253239826783222 0
3 1 21.024415172618536 1

0 2 20.00050780980747 0
1 2 20.005221400096204 0
2 2 20.036785492459977 0
3 2 20.13738159296955 0

0 3 20.00005659159084 0
1 3 20.000576268850494 0
2 3 20.003988102062873 0
3 3 20.01438977379016 0


# 20.0 20.0 1.0244151726185358
0 0 20.013094938090198 0
1 0 20.136683140369442 0
2 0 21.04514353406827 1
3 0 20.28659289240872 0

0 1 20.003753479917723 0
1 1 20.037815711406303 0
2 1 20.266814234024263 0
3 1 21.04967920000139 1

0 2 20.000594859454814 0
1 2 20.005880040877646 0
2 2 20.03998855646111 0
3 2 20.14486025642786 0

0 3 20.000068607833235 0
1 3 20.00067130656806 0
2 3 20.004481197418066 0
3 3 20.015663839379865 0


# 20.0 20.0 1.049679200001389
0 0 20.014308759762397 0
1 0 20.14410966453677 0
2 0 21.06961770712904 1
3 0 20.30170711116757 0

0 1 20.004228465728662 0
1 1 20.041052946120807 0
2 1 20.280411211707648 0
3 1 21.074316416552968 1

0 2 20.000692000730986 0
1 2 20.00658665663409 0
2 2 20.04330517761723 0
3 2 20.15237555086049 0

0 3 20.00008249763883 0
1 3 20.000776915912493 0
2 3 20.00500993832142 0
3 3 20.016988567032374 0


# 20.0 20.0 1.0743164165529677
0 0 20.015573701974137 0
1 0 20.151571990888915 0
2 0 21.09349804719479 1
3 0 20.31685942873051 0

0 1 20.00473869395397 0
1 1 20.044402107345224 0
2 1 20.294017734530204 0
3 1 21.0983541596272 1

0 2 20.000799830879007 0
1 2 20.007341905496702 0
2 2 20.04673147064211 0
3 2 20.15992066809197 0

0 3 20.00009844868533 0
1 3 20.00089368895421 0
2 3 20.005574885631468 0
3 3 20.01836292526389 0


# 20.0 20.0 1.098354159627199
0 0 20.01688877692118 0
1 0 20.159063434449113 0
2 0 21.116810416385125 1
3 0 20.33203446420836 0

0 1 20.00528475738965 0
1 1 20.04785930017504 0
2 1 20.307621947434708 0
3 1 21.121818209879677 1

0 2 20.00091893932095 0
1 2 20.00814633482197 0
2 2 20.05026352608305 0
3 2 20.167489335966827 0

0 3 20.00011665607196 0
1 3 20.001022208536437 0
2 3 20.006176524353545 0
3 3 20.019785850278236 0


# 20.0 20.0 1.1218182098796774
0 0 20.018252959254085 0
1 0 20.16657784231202 0
2 0 21.13957918994441 1
3 0 20.34721799229475 0

0 1 20.005867171964287 0
1 1 20.051420613325035 0
2 1 20.321213072428627 0
3 1 21.144732889873012 1

0 2 20.00104990582377 0
1 2 20.009000385795733 0
2 2 20.0538974286536 0
3 2 20.17507577788188 0

0 3 20.00013732182569 0
1 3 20.001163046561604 0
2 3 20.006815266236618 0
3 3 20.02125625219764 0


# 20.0 20.0 1.144732889873012
0 0 20.019665192892255 0
1 0 20.174109552888854 0
2 0 21.16182735137809 1
3 0 20.36239686746715 0

0 1 20.00648637928628 0
1 1 20.055082136570228 0
2 1 20.334781322629752 0
3 1 21.167121156114092 1

0 2 20.001193298822063 0
1 2 20.009904398204828 0
2 2 20.057629273257664 0
3 2 20.182674675389674 0

0 3 20.00016065438457 0
1 3 20.00131676243193 0
2 3 20.007491452509328 0
3 3 20.022773020653315 0


# 20.0 20.0 1.1671211561140922
0 0 20.021124397134237 0
1 0 20.181653358288514 0
2 0 21.183576581200835 1
3 0 20.377558953086112 0

0 1 20.007142749346574 0
1 1 20.05883997595649 0
2 1 20.348317822981873 0
3 1 21.189004684974794 1

0 2 20.00134967389477 0
1 2 20.010858615317485 0
2 2 20.061455178935677 0
3 2 20.190281133638074 0

0 3 20.000186868062645 0
1 3 20.001483901640462 0
2 3 20.00820535671869 0
3 3 20.024335029794077 0


# 20.0 20.0 1.189004684974794
0 0 20.022629472129026 0
1 0 20.189204469591832 0
2 0 21.20484733973832 1
3 0 20.392693055071568 0

0 1 20.00783658333778 0
1 1 20.062690267005326 0
2 1 20.36181453712659 0
3 1 21.210403952915886 1

0 2 20.001519572391803 0
1 2 20.011863188821923 0
2 2 20.065371300942427 0
3 2 20.1978906494291 0

0 3 20.000216182500775 0
1 3 20.001664994508058 0
2 3 20.00895718763944 0
3 3 20.025941142766314 0


# 20.0 20.0 1.210403952915886
0 0 20.024179303767536 0
1 0 20.196758484795108 0
2 0 21.225658944393228 1
3 0 20.4077888598567 0

0 1 20.00856811655557 0
1 1 20.06662918611666 0
2 1 20.375264199956934 0
3 1 21.231338311404333 1

0 2 20.001703520205886 0
1 2 20.012918183779746 0
2 2 20.069373841146852 0
3 2 20.20549908169689 0

0 3 20.000248822107316 0
1 3 20.001860555061036 0
2 3 20.009747092226274 0
3 3 20.027590215713804 0


# 20.0 20.0 1.2313383114043326
0 0 20.025772768048114 0
1 0 20.20431135921641 0
2 0 21.246029641757072 1
3 0 20.422836876339797 0

0 1 20.009337521352684 0
1 1 20.07065296035473 0
2 1 20.38866025541496 0
3 1 21.25182605688677 1

0 2 20.001902026684117 0
1 2 20.01402358355728 0
2 2 20.07345905692655 0
3 2 20.213102624219946 0

0 3 20.000285015492395 0
1 3 20.002071080043784 0
2 3 20.01057515858498 0
3 3 20.029281101341766 0


# 20.0 20.0 1.2518260568867703
0 0 20.02740873496521 0
1 0 20.211859378174243 0
2 0 21.265976674922424 1
3 0 20.437828381573276 0

0 1 20.01014491011992 0
1 1 20.0747578757849 0
2 1 20.40199679912929 0
3 1 21.271884496156595 1

0 2 20.00211558367342 0
1 2 20.015179294703675 0
2 2 20.07762326871373 0
3 2 20.220697780397252 0

0 3 20.000324994899277 0
1 3 20.0022970480602 0
2 3 20.0114414189418 0
3 3 20.031012652085533 0


# 20.0 20.0 1.271884496156595
0 0 20.029086071965992 0
1 0 20.219399131763005 0
2 0 21.28551634632527 1
3 0 20.45275536994642 0

0 1 20.010990338271974 0
1 1 20.078940284513642 0
2 1 20.415268525519593 0
3 1 21.291530007428378 1

0 2 20.002344664693634 0
1 2 20.016385151749674 0
2 2 20.08186286633477 0
3 2 20.228281339930753 0

0 3 20.00036899563595 0
1 3 20.0025389188376 0
2 3 20.012345852593338 0
3 3 20.032783722920744 0


# 20.0 20.0 1.2915300074283778
0 0 20.030803647015635 0
1 0 20.226927491563213 0
2 0 21.30466407642396 1
3 0 20.46761050563458 0

0 1 20.011873807219224 0
1 1 20.08319661056961 0
2 1 20.428470679023732 0
3 1 21.310778097411454 1

0 2 20.00258972423176 0
1 2 20.017640921905375 0
2 2 20.08617431427214 0
3 2 20.235850357268912 0

0 3 20.000417255509888 0
1 3 20.002797132606524 0
2 3 20.013288388822012 0
3 3 20.034593173848688 0


# 20.0 20.0 1.310778097411454
0 0 20.03256033130846 0
1 0 20.234441589137184 0
2 0 21.3234344584997 1
3 0 20.48238707810267 0

0 1 20.012795267309336 0
1 1 20.087523354750775 0
2 1 20.441599009129803 0
3 1 21.32964345465419 1

0 2 20.002851197150722 0
1 2 20.01894630963928 0
2 2 20.090554155965396 0
3 2 20.243402131677236 0

0 3 20.00047001426862 0
1 3 20.00307210958981 0
2 3 20.014268909764333 0
3 3 20.036439872087435 0


# 20.0 20.0 1.3296434546541889
0 0 20.034355001658714 0
1 0 20.24193879617233 0
2 0 21.34184130984357 1
3 0 20.497078960464947 0

0 1 20.013754620725067 0
1 1 20.091917098550734 0
2 1 20.45464972891974 0
3 1 21.348139999411455 1

0 2 20.003129498205986 0
1 2 20.020300961124338 0
2 2 20.094999017256885 0
3 2 20.25093418881186 0

0 3 20.000527513048496 0
1 3 20.003364249594284 0
2 3 20.015287253221494 0
3 3 20.038322693996687 0


# 20.0 20.0 1.3481399994114547
0 0 20.03618654260177 0
1 0 20.249416706145045 0
2 0 21.359897719576498 1
3 0 20.511680570516063 0

0 1 20.014751724326917 0
1 1 20.096374507266493 0
2 1 20.467619476853727 0
3 1 21.366280930270353 1

0 2 20.003425021663332 0
1 2 20.021704468539742 0
2 2 20.099505609077678 0
3 2 20.2584442636819 0

0 3 20.00058999383384 0
1 3 20.003673931698465 0
2 3 20.016343215403467 0
3 3 20.04024052676183 0


# 20.0 20.0 1.366280930270353
0 0 20.03805384823377 0
1 0 20.256873117387872 0
2 0 21.377616093331376 1
3 0 20.526186834260706 0

0 1 20.01578639243115 0
1 1 20.10089233238025 0
2 1 20.480505281545465 0
3 1 21.384078767752854 1

0 2 20.00373814101113 0
1 2 20.023156374219845 0
2 2 20.104070729460158 0
3 2 20.265930284894957 0

0 3 20.00065769892834 0
1 3 20.00400151402975 0
2 3 20.01743655359954 0
3 3 20.04219226986034 0


# 20.0 20.0 1.3840787677528539
0 0 20.03995582381518 0
1 0 20.264306017451904 0
2 0 21.395008195010554 1
3 0 20.54059315178048 0

0 1 20.01685839951552 0
1 1 20.105467413298793 0
2 1 20.49330452929755 0
3 1 21.40154539509891 1

0 2 20.004069208760626 0
1 2 20.024656174643884 0
2 2 20.1086912649553 0
3 2 20.273390360088342 0

0 3 20.000730870440403 0
1 3 20.004347333624704 0
2 3 20.018566988769646 0
3 3 20.044176836331665 0


# 20.0 20.0 1.4015453950989105
0 0 20.041891387161442 0
1 0 20.271713568664573 0
2 0 21.412085185817023 1
3 0 20.554895365287376 0

0 1 20.01796748284652 0
1 1 20.11009667852588 0
2 1 20.506014934184034 0
3 1 21.418692096419473 1

0 2 20.00441855632785 0
1 2 20.02620332426218 0
2 2 20.113364191525097 0
3 2 20.280822762455948 0

0 3 20.00080974978398 0
1 3 20.004711706366255 0
2 3 20.019734208051997 0
3 3 20.046193153869822 0


# 20.0 20.0 1.4186920964194734
0 0 20.043859469841763 0
1 0 20.279094094790878 0
2 0 21.428857660743855 1
3 0 20.56908972922299 0

0 1 20.01911334502331 0
1 1 20.114777146335765 0
2 1 20.51863451048349 0
3 1 21.435529592395806 1

0 2 20.004786493990913 0
1 2 20.02779723915621 0
2 2 20.118086574973663 0
3 2 20.28822591828767 0

0 3 20.000894577196043 0
1 3 20.005094926991724 0
2 3 20.020937867183836 0
3 3 20.048240165756166 0


# 20.0 20.0 1.435529592395806
0 0 20.04585901820523 0
1 0 20.28644606871308 0
2 0 21.44533568269365 1
3 0 20.583172882272038 0

0 1 20.020295656434715 0
1 1 20.119505925009097 0
2 1 20.53116154728115 0
3 1 21.452068073689272 1

0 2 20.00517331091674 0
1 2 20.029437300531406 0
2 2 20.122855570974338 0
3 2 20.295598395444625 0

0 3 20.00098559127189 0
1 3 20.005497269165918 0
2 3 20.022177592832872 0
3 3 20.050316831648274 0


# 20.0 20.0 1.4520680736892722
0 0 20.047888994251615 0
1 0 20.29376810105058 0
2 0 21.461528814387762 1
3 0 20.59714182116717 0

0 1 20.021514057626586 0
1 1 20.124280212686536 0
2 1 20.543594585072512 0
3 1 21.468317232214535 1

0 2 20.005579275251396 0
1 2 20.031122858042835 0
2 2 20.127668424744282 0
3 2 20.302938892699235 0

0 3 20.00108302851911 0
1 3 20.005918985613686 0
2 3 20.023452984837967 0
3 3 20.05242212823938 0


# 20.0 20.0 1.4683172322145346
0 0 20.049948376362682 0
1 0 20.301058929647702 0
2 0 21.477446148214124 1
3 0 20.610993876170298 0

0 1 20.022768161577876 0
1 1 20.12909729688967 0
2 1 20.555932394213784 0
3 1 21.484286290418524 1

0 2 20.006004634268514 0
1 2 20.032853232954974 0
2 2 20.13252247041303 0
3 2 20.310246229874718 0

0 3 20.001187122931007 0
1 3 20.006360308306597 0
2 3 20.02476361835828 0
3 3 20.05455504980156 0


# 20.0 20.0 1.484286290418524
0 0 20.052036159908333 0
1 0 20.308317409862646 0
2 0 21.493096334152092 1
3 0 20.624726688123015 0

0 1 20.024057555884404 0
1 1 20.133954553753956 0
2 1 20.56817395507637 0
3 1 21.499984028697835 1

0 2 20.00644961457048 0
1 2 20.034627721137664 0
2 2 20.13741513012657 0
3 2 20.317519338723493 0

0 3 20.001298105580016 0
1 3 20.00682144869863 0
2 3 20.026109045930752 0
3 3 20.056714608624556 0


# 20.0 20.0 1.4999840286978348
0 0 20.054151357740597 0
1 0 20.315542505596174 0
2 0 21.50848760590325 1
3 0 20.6383381869658 0

0 1 20.02538180485004 0
1 1 20.13884944701369 0
2 1 20.580318439773603 0
3 1 21.51541881107808 1

0 2 20.006914422337335 0
1 2 20.03644559590117 0
2 2 20.142343912924442 0
3 2 20.32475725448863 0

0 3 20.001416204231568 0
1 3 20.00730259800605 0
2 3 20.02748879943632 0
3 3 20.05889983536117 0


# 20.0 20.0 1.5154188110780815
0 0 20.05629300058729 0
1 0 20.322733281003185 0
2 0 21.523627805348227 1
3 0 20.651826571632146 0

0 1 20.026740451485598 0
1 1 20.143779526774996 0
2 1 20.59236519533798 0
3 1 21.530598609270307 1

0 2 20.007399243618586 0
1 2 20.038306110673805 0
2 2 20.14730641342331 0
3 2 20.331959108096765 0

0 3 20.001541642978726 0
1 3 20.00780392752686 0
2 3 20.02890239197573 0
3 3 20.061109779289037 0


# 20.0 20.0 1.5305986092703066
0 0 20.05846013735601 0
1 0 20.329888892834802 0
2 0 21.47852440544126 0
3 0 20.66447029122993 0

0 1 20.0281330194162 0
1 1 20.14874242810895 0
2 1 20.60359372823668 0
3 1 21.545513745211714 1

0 2 20.00790424466343 0
1 2 20.040208501526134 0
2 2 20.152291670337014 0
3 2 20.339123807894754 0

0 3 20.001674641897775 0
1 3 20.00832558899553 0
2 3 20.03034921597621 0
3 3 20.063343503521082 0


# 20.0 20.0 1.5455137452117143
0 0 20.060651835358208 0
1 0 20.33628858336264 0
2 0 21.435678611646676 0
3 0 20.67632366902795 0

0 1 20.029559014698286 0
1 1 20.153718589493604 0
2 1 20.614067660681588 0
3 1 21.560156349564075 1

0 2 20.00842957228503 0
1 2 20.042151678506215 0
2 2 20.157289978517543 0
3 2 20.34625008594241 0

0 3 20.00181541672482 0
1 3 20.008867709992202 0
2 3 20.03182856320958 0
3 3 20.065600081184147 0


# 20.0 20.0 1.5601563495640747
0 0 20.06285854046204 0
1 0 20.341991531760637 0
2 0 21.394968704295156 0
3 0 20.687437517589256 0

0 1 20.031017616507846 0
1 1 20.158690839047384 0
2 1 20.623845683425962 0
3 1 21.574520182325877 1

0 2 20.008975346789928 0
1 2 20.044134284430083 0
2 2 20.1622927629528 0
3 2 20.35333653865038 0

0 3 20.001964178404112 0
1 3 20.009430390485054 0
2 3 20.03333964237024 0
3 3 20.067878592433765 0


# 20.0 20.0 1.5745201823258768
0 0 20.06507174278463 0
1 0 20.347052662860218 0
2 0 21.356280049081263 0
3 0 20.697859369732928 0

0 1 20.03250773175798 0
1 1 20.1636441631228 0
2 1 20.63298193651131 0
3 1 21.588600468806927 1

0 2 20.009541656559858 0
1 2 20.046154746454885 0
2 2 20.167292464698907 0
3 2 20.36038166233834 0

0 3 20.002121132546105 0
1 3 20.010013700341137 0
2 3 20.034881594480375 0
3 3 20.070178122187972 0


# 20.0 20.0 1.588600468806927
0 0 20.067283884779805 0
1 0 20.351522948183895 0
2 0 21.319504658072987 0
3 0 20.707633693945102 0

0 1 20.034028043477697 0
1 1 20.16856549538844 0
2 1 20.641526360602374 0
3 1 21.602393749719667 1

0 2 20.010128554054088 0
1 2 20.048211321198842 0
2 2 20.172282437656797 0
3 2 20.367383884234904 0

0 3 20.002286478827187 0
1 3 20.010617677660886 0
2 3 20.036453506362268 0
3 3 20.07249775847637 0


# 20.0 20.0 1.602393749719667
0 0 20.06948827682767 0
1 0 20.35544968552364 0
2 0 21.284540779314774 0
3 0 20.71680209531149 0

0 1 20.035577053566875 0
1 1 20.173443524660495 0
2 1 20.64952502118968 0
3 1 21.615897744240275 1

0 2 20.010736053026932 0
1 2 20.050302134097358 0
2 2 20.177256855199882 0
3 2 20.374341589392035 0

0 3 20.002460410357664 0
1 3 20.011242327808937 0
2 3 20.038054422392875 0
3 3 20.07483659131264 0


# 20.0 20.0 1.615897744240275
0 0 20.07167901973096 0
1 0 20.358876758616123 0
2 0 21.251292513084962 0
3 0 20.725403502968177 0

0 1 20.03715312048609 0
1 1 20.178268519889464 0
2 1 20.657020407761554 0
3 1 21.629111224983646 1

0 2 20.011364126779092 0
1 2 20.052425213616814 0
2 2 20.182210625748247 0
3 2 20.381253143942104 0

0 3 20.002643113039845 0
1 3 20.011887623029555 0
2 3 20.03968335473346 0
3 3 20.077193712009493 0


# 20.0 20.0 1.629111224983646
0 0 20.073850933569872 0
1 0 20.361844878352777 0
2 0 21.219669453004386 0
3 0 20.73347434499718 0

0 1 20.038754492388534 0
1 1 20.183032170840207 0
2 1 20.664051709883918 0
3 1 21.64203390392021 1

0 2 20.012012707282913 0
1 2 20.054578520886018 0
2 2 20.18713931646568 0
3 2 20.38811691508528 0

0 3 20.00283476493416 0
1 3 20.012553502548958 0
2 3 20.041339292206942 0
3 3 20.079568212864658 0


# 20.0 20.0 1.6420339039202112
0 0 20.075999492410254 0
1 0 20.364391806857018 0
2 0 21.189586350319058 0
3 0 20.741048711628153 0

0 1 20.040379336154615 0
1 1 20.187727443125254 0
2 1 20.670655071975453 0
3 1 21.59466632833983 0

0 2 20.01268168504073 0
1 2 20.05675997524966 0
2 2 20.192039084329533 0
3 2 20.394211288158107 0

0 3 20.00303553564761 0
1 3 20.01323987307915 0
2 3 20.04302120797753 0
3 3 20.081950547155156 0


# 20.0 20.0 1.6420339039202112
0 0 20.078120764399625 0
1 0 20.36655256566315 0
2 0 21.16096279979686 0
3 0 20.74743850754718 0

0 1 20.04202576274691 0
1 1 20.192348446362864 0
2 1 20.676143828426582 0
3 1 21.54950386603914 0

0 2 20.013370909552748 0
1 2 20.058967476197566 0
2 2 20.196889333890834 0
3 2 20.399594539020487 0

0 3 20.003245585755877 0
1 3 20.013946609648997 0
2 3 20.044727755130815 0
3 3 20.084332194987386 0


# 20.0 20.0 1.6420339039202112
0 0 20.080211356822158 0
1 0 20.36835962914108 0
2 0 21.13370566578677 0
3 0 20.75272923565739 0

0 1 20.04369184926439 0
1 1 20.196881674333802 0
2 1 20.680612691142713 0
3 1 21.50641994125534 0

0 2 20.014080190286148 0
1 2 20.061198611038 0
2 2 20.201672249020056 0
3 2 20.404320661004782 0

0 3 20.003465066267886 0
1 3 20.01467354923298 0
2 3 20.046457325334206 0
3 3 20.086705571803908 0


# 20.0 20.0 1.6420339039202112
0 0 20.082268365717425 0
1 0 20.36984279318721 0
2 0 21.107728244463573 0
3 0 20.757000761402352 0

0 1 20.045375554359335 0
1 1 20.201315709762508 0
2 1 20.68414891570188 0
3 1 21.465295947779925 0

0 2 20.014809293074112 0
1 2 20.123450727321252 1
2 2 20.20709251261944 0
3 2 20.40844832162902 0

0 3 20.003694117989927 0
1 3 20.01614048621294 0
2 3 20.048225380517806 0
3 3 20.08906425564473 0


# 20.0 20.0 1.6420339039202112
0 0 20.084289324722157 0
1 0 20.371029395220727 0
2 0 21.082949807064 0
3 0 20.760327683049994 0

0 1 20.04707475300695 0
1 1 20.206361001188917 0
2 1 20.686850158972018 0
3 1 21.42602103193698 0

0 2 20.016277937944817 0
1 2 20.182875555665426 1
2 2 20.213068865015117 0
3 2 20.412031341951764 0

0 3 20.003950150832182 0
1 3 20.018283198836183 0
2 3 20.050044910370012 0
3 3 20.09140285746938 0


# 20.0 20.0 1.6420339039202112
0 0 20.086272158810893 0
1 0 20.371953156226223 0
2 0 21.05929548714629 0
3 0 20.762779684689193 0

0 1 20.048804546555992 0
1 1 20.211941474140886 0
2 1 20.68880527364023 0
3 1 21.388491544199002 0

0 2 20.01842182758778 0
1 2 20.239638113380444 1
2 2 20.219527795166503 0
3 2 20.41511909195181 0

0 3 20.06424840571931 1
1 3 20.0217624816387 0
2 3 20.051935341745768 0
3 3 20.09371700780485 0


# 20.0 20.0 1.6420339039202112
0 0 20.088215453527088 0
1 0 20.37264455264249 0
2 0 21.03669583081781 0
3 0 20.764421864540584 0

0 1 20.05057770066371 0
1 1 20.217988271066044 0
2 1 20.69009506180049 0
3 1 21.35261053156216 0

0 2 20.021901681466254 0
1 2 20.29390964669023 1
2 2 20.22640317070477 0
3 2 20.417756858610694 0

0 3 20.122459433070677 1
1 3 20.026468110467952 0
2 3 20.053913116860176 0
3 3 20.096003235229528 0


# 20.0 20.0 1.6420339039202112
0 0 20.090118364239785 0
1 0 20.37313111102499 0
2 0 21.015086382371855 0
3 0 20.76531504038433 0

0 1 20.052413537037097 0
1 1 20.224439426333507 0
2 1 20.690792972965735 0
3 1 21.31828726770008 0

0 2 20.026607202246247 0
1 2 20.34584899856613 1
2 2 20.233635561874973 0
3 2 20.4199861833267 0

0 3 20.178687797232705 1
1 3 20.032297848780207 0
2 3 20.055992005702667 0
3 3 20.098258857029617 0


# 20.0 20.0 1.6420339039202112
0 0 20.091980638903898 0
1 0 20.37343768173325 0
2 0 20.994407302653237 0
3 0 20.765516033774734 0

0 1 20.054328495691344 0
1 1 20.231239231656975 0
2 1 20.690965742630002 0
3 1 21.28543681797345 0

0 2 20.032436083249788 0
1 2 20.395603551341697 1
2 2 20.241171624700986 0
3 2 20.421845171223428 0

0 3 20.233031843716688 1
1 3 20.03915686794057 0
2 3 20.05818338965921 0
3 3 20.100481880907143 0


# 20.0 20.0 1.6420339039202112
0 0 20.093802530032452 0
1 0 20.373586687872567 0
2 0 20.97460301751313 0
3 0 20.76507793458468 0

0 1 20.056336433011577 0
1 1 20.23833765751571 0
2 1 20.6906739763962 0
3 1 21.253979636605017 0

0 2 20.039293429690137 0
1 2 20.443310095835464 1
2 2 20.24896353831271 0
3 2 20.42336877470194 0

0 3 20.285584100914456 1
1 3 20.046957210523974 0
2 3 20.06049651885045 0
3 3 20.102670916717116 0


# 20.0 20.0 1.6420339039202112
0 0 20.095584716401895 0
1 0 20.37359835167909 0
2 0 20.955621893929496 0
3 0 20.764050347306046 0

0 1 20.058448892468384 0
1 1 20.245689825751505 0
2 1 20.68997268426437 0
3 1 21.223841193542874 0

0 2 20.04709122271377 0
1 2 20.489095632802986 1
2 2 20.25696849180114 0
3 2 20.424589053389195 0

0 3 20.33643165448039 1
1 3 20.055617293355574 0
2 3 20.062938745481215 0
3 3 20.104825097301745 0


# 20.0 20.0 1.6420339039202112
0 0 20.097328233541198 0
1 0 20.37349090034723 0
2 0 20.93741594156747 0
3 0 20.762479620424354 0

0 1 20.06067535036879 0
1 1 20.253255528928833 0
2 1 20.688911769289763 0
3 1 21.194951628731314 0

0 2 20.055747823011618 0
1 2 20.533078112073607 1
2 2 20.26514821635749 0
3 2 20.425535412455535 0

0 3 20.3856564963155 1
1 3 20.065061447281085 0
2 3 20.065515735302288 0
3 3 20.106944007571975 0


# 20.0 20.0 1.6420339039202112
0 0 20.099034412142306 0
1 0 20.373280753124313 0
2 0 20.919940537735698 0
3 0 20.760409060086683 0

0 1 20.063023438822295 0
1 1 20.26099879241997 0
2 1 20.68753647446679 0
3 1 21.167245431688706 0

0 2 20.06518751101167 0
1 2 20.575367114298917 1
2 2 20.27346855881061 0
3 2 20.426234821109258 0

0 3 20.433335849947657 1
1 3 20.075219490889864 0
2 3 20.06823165910686 0
3 3 20.109027621061976 0


# 20.0 20.0 1.6420339039202112
0 0 20.10070482360854 0
1 0 20.37298269133826 0
2 0 20.9031541738615 0
3 0 20.757879129190165 0

0 1 20.065499147916242 0
1 1 20.268887475520053 0
2 1 20.685887791370952 0
3 1 21.140661144457823 0

0 2 20.075340060895133 0
1 2 20.616064479845956 1
2 2 20.281899093004895 0
3 2 20.426712012924966 0

0 3 20.479542473970962 1
1 3 20.086026335627576 0
2 3 20.071089366020704 0
3 3 20.111076243251095 0


# 20.0 20.0 1.6420339039202112
0 0 20.102341232029687 0
1 0 20.37261001287899 0
2 0 20.887018221760595 0
3 0 20.75492763293394 0

0 1 20.068107008925097 0
1 1 20.27689290821134 0
2 1 20.684002833794363 0
3 1 21.115141086146433 0

0 2 20.086140345890442 0
1 2 20.655264889006162 1
2 2 20.290412765761616 0
3 2 20.426989669524026 0

0 3 20.524344945086224 1
1 3 20.097421619932575 0
2 3 20.07409054019518 0
3 3 20.113090461010685 0


# 20.0 20.0 1.6420339039202112
0 0 20.103945551938267 0
1 0 20.372174672520995 0
2 0 20.87149671811764 0
3 0 20.751589891799487 0

0 1 20.070850260222723 0
1 1 20.284989560483726 0
2 1 20.681915179338347 0
3 1 21.090631097416225 0

0 2 20.097527972494824 0
1 2 20.69305639735794 1
2 2 20.298985574442042 0
3 2 20.427088588998444 0

0 3 20.56780792217225 1
1 3 20.10934937021211 0
2 3 20.07723584237496 0
3 3 20.115071097590782 0


# 20.0 20.0 1.6420339039202112
0 0 20.105519811261413 0
1 0 20.371687409353466 0
2 0 20.856556165722594 0
3 0 20.74789890285237 0

0 1 20.07373099742425 0
1 1 20.293154741382196 0
2 1 20.679655181677663 0
3 1 21.067080303407085 0

0 2 20.109446941453495 0
1 2 20.729520929814637 1
2 2 20.30759627338321 0
3 2 20.427027840353084 0

0 3 20.609992392714037 1
1 3 20.121757686642045 0
2 3 20.080525037686606 0
3 3 20.11701917261399 0


# 20.0 20.0 1.6420339039202112
0 0 20.107066118937336 0
1 0 20.371157862473126 0
2 0 20.842165350126283 0
3 0 20.743885490192085 0

0 1 20.076750309153706 0
1 1 20.30136832519328 0
2 1 20.677250255982454 0
3 1 21.04444089370232 0

0 2 20.121845333492637 0
1 2 20.76473473660807 1
2 2 20.31622610670838 0
3 2 20.426824905134552 0

0 3 20.650955902817948 1
1 3 20.13459845192843 0
2 3 20.083957110878778 0
3 3 20.118935866592047 0


# 20.0 20.0 1.6420339039202112
0 0 20.108586636715113 0
1 0 20.370594675993672 0
2 0 20.828295170487 0
3 0 20.73957844531544 0

0 1 20.079908399714064 0
1 1 20.30961250240358 0
2 1 20.67472513977491 0
3 1 21.02266791804952 0

0 2 20.134675017955626 0
1 2 20.798768814198834 1
2 2 20.324858565226222 0
3 2 20.426495807317313 0

0 3 20.69075277195511 1
1 3 20.147827061311826 0
2 3 20.08753037013943 0
3 3 20.120822489524215 0


# 20.0 20.0 1.6420339039202112
0 0 20.110083554701863 0
1 0 20.370005594333048 0
2 0 20.814918483479627 0
3 0 20.735004658102437 0

0 1 20.083204699826805 0
1 1 20.317871553265814 0
2 1 20.67210213130597 0
3 1 21.00171909665215 0

0 2 20.147891382633258 0
1 2 20.831689293866535 1
2 2 20.333479165326914 0
3 2 20.426055232428023 0

0 3 20.72943429349207 1
1 3 20.161402172226705 0
2 3 20.091242540518508 0
3 3 20.122680453176702 0


# 20.0 20.0 1.6420339039202112
0 0 20.111559070262516 0
1 0 20.369397548655154 0
2 0 20.802009959230244 0
3 0 20.730189239081337 0

0 1 20.086637966508018 0
1 1 20.326131641993083 0
2 1 20.66940130736171 0
3 1 20.981554643939212 0

0 2 20.16145308320906 0
1 2 20.863557800514013 1
2 2 20.342075247961088 0
3 2 20.42551663680697 0

0 3 20.767048921991584 1
1 3 20.175285472149472 0
2 3 20.095090847896177 0
3 3 20.12451124667878 0


# 20.0 20.0 1.6420339039202112
0 0 20.113015369915022 0
1 0 20.3687767352653 0
2 0 20.789545948323074 0
3 0 20.725155633581558 0

0 1 20.090206373056088 0
1 1 20.33438062977178 0
2 1 20.66664072224829 0
3 1 20.962137104805407 0

0 2 20.17532181086102 0
1 2 20.89443178401826 1
2 2 20.35063579595059 0
3 2 20.424892347830298 0

0 3 20.803642448196012 1
1 3 20.18944146328052 0
2 3 20.099072094355456 0
3 3 20.126316415104572 0


# 20.0 20.0 1.6420339039202112
0 0 20.114454613897937 0
1 0 20.36814868668807 0
2 0 20.77750435900372 0
3 0 20.719925728338332 0

0 1 20.0939075900421 0
1 1 20.342607904938696 0
2 1 20.66383658955675 0
3 1 20.943431202392286 0

0 2 20.189462076671933 0
1 2 20.924364825275482 1
2 2 20.35915126802918 0
3 2 20.424193655847738 0

0 3 20.839258162540386 1
1 3 20.203837262808793 0
2 3 20.10318272574384 0
3 3 20.128097540739905 0


# 20.0 20.0 1.6420339039202112
0 0 20.115878923118373 0
1 0 20.3675183360919 0
2 0 20.765864543773407 0
3 0 20.71451995107214 0

0 1 20.09773885811708 0
1 1 20.350804228810134 0
2 1 20.66100344817409 0
3 1 20.925403696552937 0

0 2 20.203841011602908 0
1 2 20.95340691891727 1
2 2 20.367613448147974 0
3 2 20.42343089852742 0

0 3 20.873937007981873 1
1 3 20.21844241760254 0
2 3 20.107418892140483 0
3 3 20.129856226761284 0


# 20.0 20.0 1.6420339039202112
0 0 20.11729036821662 0
1 0 20.366890075665644 0
2 0 20.754607194633866 0
3 0 20.708957363527787 0

0 1 20.101697053379716 0
1 1 20.358961595780887 0
2 1 20.65815431388312 0
3 1 20.908023252208974 0

0 2 20.21842818087893 0
1 2 20.981604734518164 1
2 2 20.376015308705703 0
3 2 20.422613538241382 0

0 3 20.907717722876303 1
1 3 20.23322873225765 0
2 3 20.111776501883277 0
3 3 20.131594083079374 0


# 20.0 20.0 1.6420339039202112
0 0 20.118690960509365 0
1 0 20.366267809498776 0
2 0 20.74371424630216 0
3 0 20.703255748422922 0

0 1 20.105778745983798 0
1 1 20.36707310643001 0
2 1 20.655300817780493 0
3 1 20.891260316869534 0

0 2 20.233195411722555 0
1 2 21.009001857970684 1
2 2 20.38435088647834 0
3 2 20.42175023307237 0

0 3 20.940636974580517 1
1 3 20.248170109516042 0
2 3 20.116251269753064 0
3 3 20.13331271412242 0


# 20.0 20.0 1.6420339039202112
0 0 20.12008264459682 0
1 0 20.365655001467776 0
2 0 20.733168786769525 0
3 0 20.697431690723366 0

0 1 20.10998025260547 0
1 1 20.37513285247926 0
2 1 20.65245333263819 0
3 1 20.87508700663822 0

0 2 20.24811663345209 0
1 2 21.0356390145712 1
2 2 20.392615170127797 0
3 2 20.42084890197399 0

0 3 20.972729484411236 1
1 3 20.263242402141195 0
2 3 20.12083875986013 0
3 3 20.135013708356023 0


# 20.0 20.0 1.6420339039202112
0 0 20.121467292440215 0
1 0 20.365054718586396 0
2 0 20.722954974628582 0
3 0 20.691500653632527 0

0 1 20.1142976833365 0
1 1 20.383135812549845 0
2 1 20.649621088238888 0
3 1 20.859477000085562 0

0 2 20.26316772903493 0
1 2 21.061554275238027 1
2 2 20.400803998265395 0
3 2 20.419916784571566 0

0 3 21.004028144546545 1
1 3 20.278423275407 0
2 3 20.125534423730347 0
3 3 20.13669862935483 0


# 20.0 20.0 1.6420339039202112
0 0 20.122846698735444 0
1 0 20.364469670236733 0
2 0 20.71305796263948 0
3 0 20.685477049654455 0

0 1 20.118726983520208 0
1 1 20.39107775775426 0
2 1 20.646812276628356 0
3 1 20.84440543941222 0

0 2 20.27832639725512 0
1 2 21.086783247170782 1
2 2 20.40891396713387 0
3 2 20.41896049605037 0

0 3 21.034564127414814 1
1 3 20.2936920794197 0
2 3 20.13033363404457 0
3 3 20.138369008259193 0


# 20.0 20.0 1.6420339039202112
0 0 20.12422257742605 0
1 0 20.36390224366063 0
2 0 20.70346382704794 0
3 0 20.679374307064418 0

0 1 20.123263971001585 0
1 1 20.398955166243592 0
2 1 20.644034148148247 0
3 1 20.829848838372065 0

0 2 20.293572024717452 0
1 2 21.11135925015676 1
2 2 20.416942347052245 0
3 2 20.41798607754046 0

0 3 21.064366988077527 1
1 3 20.30902973055142 0
2 3 20.135231714445055 0
3 3 20.140026337465688 0


# 20.0 20.0 1.6420339039202112
0 0 20.12559655921466 0
1 0 20.363354536056956 0
2 0 20.694159502207164 0
3 0 20.67320493209705 0

0 1 20.127904369221625 0
1 1 20.406765145906903 0
2 1 20.64129309903959 0
3 1 20.815784996464565 0

0 2 20.30888556696879 0
1 2 21.135313479634988 1
2 2 20.424887006841658 0
3 2 20.41699904237302 0

0 3 21.09346476007698 1
1 3 20.324418601318143 0
2 3 20.140223965785868 0
3 3 20.14167206541483 0


# 20.0 20.0 1.6420339039202112
0 0 20.126970189946274 0
1 0 20.36282838359929 0
2 0 20.685132720091293 0
3 0 20.666980567140225 0

0 1 20.13264383654818 0
1 1 20.414505364489237 0
2 1 20.63859475134033 0
3 1 20.802192918943295 0

0 2 20.324249438071224 0
1 2 21.15867515754115 1
2 2 20.432746345517742 0
3 2 20.416004418551864 0

0 3 21.12188404518688 1
1 3 20.33984241808495 0
2 3 20.14530568917107 0
3 3 20.14330759235257 0


# 20.0 20.0 1.6420339039202112
0 0 20.12834492974998 0
1 0 20.362325387660086 0
2 0 20.676371954321144 0
3 0 20.66071204520235 0

0 1 20.137477992200882 0
1 1 20.422173986458663 0
2 1 20.635944025738887 0
3 1 20.789052742221592 0

0 2 20.33964740801138 0
1 2 21.181471671876047 1
2 2 20.440519230596944 0
3 2 20.415006787754738 0

0 3 21.14965009747331 1
1 3 20.355286166027625 0
2 3 20.15047220609361 0
3 3 20.14493426695406 0


# 20.0 20.0 1.6420339039202112
0 0 20.12972215283731 0
1 0 20.361846938501767 0
2 0 20.66786636835297 0
3 0 20.654409440901958 0

0 1 20.142402439096134 0
1 1 20.4297696160112 0
2 1 20.633345207989613 0
3 1 20.77634566428804 0

0 2 20.355064507376248 0
1 2 21.20372870586614 1
2 2 20.44820494242074 0
3 2 20.414010321152993 0

0 3 21.176786902045116 1
1 3 20.37073600082252 0
2 3 20.155718875960048 0
3 3 20.14655338370907 0


# 20.0 20.0 1.6420339039202112
0 0 20.13110314786634 0
1 0 20.361394236671458 0
2 0 20.659605767508904 0
3 0 20.64808211821105 0

0 1 20.147412783909143 0
1 1 20.4372912456559 0
2 1 20.630802009444594 0
3 1 20.76405387977365 0

0 2 20.37048693876829 0
1 2 21.225470357516574 1
2 2 20.455803123953437 0
3 2 20.4130188123138 0

0 3 21.20331724884658 1
1 3 20.386179166575854 0
2 3 20.161041111260587 0
3 3 20.148166180978436 0


# 20.0 20.0 1.6420339039202112
0 0 20.13248911879012 0
1 0 20.360968312314714 0
2 0 20.651580554553174 0
3 0 20.641738775167376 0

0 1 20.15250465462353 0
1 1 20.444738209871208 0
2 1 20.62831762220907 0
3 1 20.752160519339437 0

0 2 20.385901994471862 0
1 2 21.246719250294248 1
2 2 20.463313735556603 0
3 2 20.412035707427115 0

0 3 21.229262801820678 1
1 3 20.401603919540175 0
2 3 20.166434390620545 0
3 3 20.149773839639785 0


# 20.0 20.0 1.6420339039202112
0 0 20.133881186116934 0
1 0 20.360570042603992 0
2 0 20.643781688541708 0
3 0 20.635387485755924 0

0 1 20.157673715814862 0
1 1 20.452110143368454 0
2 1 20.62589476938471 0
3 1 20.740649593077993 0

0 2 20.4012979799192 0
1 2 21.267496635620738 1
2 2 20.470737014286524 0
3 2 20.41106413307923 0

0 3 21.254644163748647 1
1 3 20.416999457199367 0
2 3 20.17189426994799 0
3 3 20.151377482249078 0


# 20.0 20.0 1.6420339039202112
0 0 20.13528038851775 0
1 0 20.36020016745976 0
2 0 20.63620064669416 0
3 0 20.629035739145976 0

0 1 20.162915681892304 0
1 1 20.459406943539058 0
2 1 20.62353575082542 0
3 1 20.729505937645325 0

0 2 20.416664142537734 0
1 2 21.287822487801694 1
2 2 20.478073437300623 0
3 2 20.41010692177624 0

0 3 21.27948093705054 1
1 3 20.432355852334595 0
2 3 20.177416391872786 0
3 3 20.1529781726519 0


# 20.0 20.0 1.6420339039202112
0 0 20.136687684723334 0
1 0 20.359859303725926 0
2 0 20.628829389057373 0
3 0 20.622690476457155 0

0 1 20.168226328502428 0
1 1 20.466628736699448 0
2 1 20.62124248479423 0
3 1 20.71871516686055 0

0 2 20.431990605591405 0
1 2 21.307715591970325 1
2 2 20.485323688995155 0
3 2 20.40916663540373 0

0 3 21.30379178081183 1
1 3 20.447663991712403 0
2 3 20.182996493654443 0
3 3 20.15457691598513 0


# 20.119999999999997 20.0 1.6420339039202112
0 0 20.138103955660036 0
1 0 20.35954795794644 0
2 0 20.621660325747335 0
3 0 20.616358125215992 0

0 1 20.173601502280736 0
1 1 20.473775847781777 0
2 1 20.619016545876725 0
3 1 20.708263625530364 0

0 2 20.44726830665732 0
1 2 21.32719362557751 1
2 2 20.492488631529536 0
3 2 20.408245586793313 0

0 3 21.32759446428304 1
1 3 20.462915519062662 0
2 3 20.188630413719885 0
3 3 20.15617465901582 0


# 20.239999999999995 20.0 1.6420339039202112
0 0 20.140970006779 0
1 0 20.360003817876386 0
2 0 20.615415133933578 0
3 0 20.611493377821784 0

0 1 20.179774409119563 0
1 1 20.480866467869653 0
2 1 20.616868157981 0
3 1 20.698875838729244 0

0 2 20.463217787765476 0
1 2 21.346282192424518 1
2 2 20.499569493427142 0
3 2 20.408074712042062 0

0 3 21.35235466325079 1
1 3 20.47884027449477 0
2 3 20.195042949466902 0
3 3 20.15922978322936 0


# 20.359999999999992 20.0 1.6420339039202112
0 0 20.145252425258906 0
1 0 20.361222065850324 0
2 0 20.610082701528203 0
3 0 20.60806711870329 0

0 1 20.18673592410727 0
1 1 20.487918177496265 0
2 1 20.61481584093208 0
3 1 20.690534545562745 0

0 2 20.479827114036716 0
1 2 21.3650145079016 1
2 2 20.50658553386675 0
3 2 20.408651772488202 0

0 3 21.37805390403614 1
1 3 20.495426319302847 0
2 3 20.20222604522608 0
3 3 20.163708044845674 0


# 20.47999999999999 20.0 1.6420339039202112
0 0 20.150918833829078 0
1 0 20.363197775638852 0
2 0 20.60565219688731 0
3 0 20.606050943339373 0

0 1 20.19447698479911 0
1 1 20.494948166287703 0
2 1 20.612877325878596 0
3 1 20.683223055149583 0

0 2 20.497084920008017 0
1 2 21.383422350795907 1
2 2 20.513555558173813 0
3 2 20.409974237941725 0

0 3 21.40467409836257 1
1 3 20.512662283824742 0
2 3 20.210171661968715 0
3 3 20.169576306030155 0


# 20.599999999999987 20.0 1.6420339039202112
0 0 20.157937852936485 0
1 0 20.365925927655358 0
2 0 20.60211305498052 0
3 0 20.605417142700716 0

0 1 20.202988602708334 0
1 1 20.50197322479035 0
2 1 20.611069592953555 0
3 1 20.676925218516452 0

0 2 20.51498037399008 0
1 2 21.401536135247053 1
2 2 20.520497910918802 0
3 2 20.412039313173757 0

0 3 21.432197542715294 1
1 3 20.530537331983275 0
2 3 20.218871790753216 0
3 3 20.176802492260194 0


# 20.719999999999985 20.0 1.6420339039202112
0 0 20.166279064595134 0
1 0 20.369401422826225 0
2 0 20.599454964573106 0
3 0 20.606138687760566 0

0 1 20.21226187335509 0
1 1 20.509009738293 0
2 1 20.609408906479402 0
3 1 20.671625402227725 0

0 2 20.533503144898308 0
1 2 21.419384978268315 1
2 2 20.527430471058796 0
3 2 20.41484396240702 0

0 3 21.460606916900122 1
1 3 20.54904112827104 0
2 3 20.22831846464066 0
3 3 20.1853555516634 0


# 20.839999999999982 20.0 1.6420339039202112
0 0 20.175912977823884 0
1 0 20.373619095235803 0
2 0 20.597667856334745 0
3 0 20.608189214103934 0

0 1 20.222287985006357 0
1 1 20.516073682434815 0
2 1 20.607910847913065 0
3 1 20.66730846362725 0

0 2 20.55264337137468 0
1 2 21.436996763149107 1
2 2 20.53437064890529 0
3 2 20.418384931956275 0

0 3 21.489885281887467 1
1 3 20.56816380699978 0
2 3 20.238503769216575 0
3 3 20.19520541621759 0


# 20.95999999999998 20.0 1.6420339039202112
0 0 20.18681099558513 0
1 0 20.378573723648156 0
2 0 20.59674189179667 0
3 0 20.61154300666128 0

0 1 20.233058226228824 0
1 1 20.523180620409214 0
2 1 20.6065903467101 0
3 1 20.66395972757884 0

0 2 20.572391633032126 0
1 2 21.454398199030106 1
2 2 20.541335384720792 0
3 2 20.422658771156318 0

0 3 21.5200160770199 1
1 3 20.587895943648988 0
2 3 20.249419851844525 0
3 3 20.206322964709766 0


# 21.079999999999977 20.0 1.6420339039202112
0 0 20.19894538314259 0
1 0 20.384260041999116 0
2 0 20.596667453085654 0
3 0 20.616174984589446 0

0 1 20.24456399236622 0
1 1 20.53034570159084 0
2 1 20.60546170927173 0
3 1 20.661564964600736 0

0 2 20.59273892366577 0
1 2 21.471614876920178 1
2 2 20.548341148764507 0
3 2 20.427661851704652 0

0 3 21.55098311665496 1
1 3 20.608228528160765 0
2 3 20.261058929766676 0
3 3 20.21867998735787 0


# 21.199999999999974 20.0 1.6420339039202112
0 0 20.21228923776184 0
1 0 20.390672748944414 0
2 0 20.597435133369725 0
3 0 20.62206068631987 0

0 1 20.25679679104306 0
1 1 20.53758366142863 0
2 1 20.60453864612465 0
3 1 20.660110370297293 0

0 2 20.613676626287226 0
1 2 21.488671322403704 1
2 2 20.55540394262381 0
3 2 20.433390385536406 0

0 3 21.582770586308758 1
1 3 20.629152940039763 0
2 3 20.273413297156733 0
3 3 20.232249152005306 0


# 21.319999999999972 20.0 1.6420339039202112
0 0 20.226816459682265 0
1 0 20.397806516542516 0
2 0 20.59903572795604 0
3 0 20.629176254791393 0

0 1 20.26974824678803 0
1 1 20.544908822462364 0
2 1 20.60383429747074 0
3 1 20.65958254599839 0

0 2 20.635196489849168 0
1 2 21.505591045268027 1
2 2 20.56253930168305 0
3 2 20.439840441340117 0

0 3 21.61536303836031 1
1 3 20.650660925127514 0
2 3 20.28647533122194 0
3 3 20.24700397180386 0


# 21.43999999999997 20.0 1.6420339039202112
0 0 20.24250172429367 0
1 0 20.405655998144276 0
2 0 20.601460225986763 0
3 0 20.637498422882725 0

0 1 20.283410104862195 0
1 1 20.552335096333113 0
2 1 20.603361257232162 0
3 1 20.65996848052392 0

0 2 20.65729060753739 0
1 2 21.522396586263334 1
2 2 20.569762298594952 0
3 2 20.447007959814904 0

0 3 21.648745387371317 1
1 3 20.672744573930437 0
2 3 20.30023749744257 0
3 3 20.26291877430601 0


# 21.559999999999967 20.0 1.6487453873713172
0 0 20.259320455455175 0
1 0 20.414215835555517 0
2 0 20.604699802683363 0
3 0 20.647004499057434 0

0 1 20.297774234369893 0
1 1 20.559875986670175 0
2 1 20.60313159570669 0
3 1 20.66125553299686 0

0 2 20.679951396516874 0
1 2 21.539109561191243 1
2 2 20.57708754763226 0
3 2 20.4548887677619 0

0 3 21.682902905071316 1
1 3 20.69539630138982 0
2 3 20.31469235402992 0
3 3 20.279968671892494 0


# 21.679999999999964 20.0 1.682902905071316
0 0 20.277248799897894 0
1 0 20.4234806655332 0
2 0 20.60874581209423 0
3 0 20.65767235323246 0

0 1 20.312832630723378 0
1 1 20.56754459274786 0
2 1 20.60315688093842 0
3 1 20.663431416634186 0

0 2 20.703171579026996 0
1 2 21.555750702503627 1
2 2 20.584529209808718 0
3 2 20.463478591095924 0

0 3 21.71782121505375 1
1 3 20.718608827990494 0
2 3 20.329832555676962 0
3 3 20.298129533465637 0


# 21.79999999999996 20.0 1.7178212150537497
0 0 20.296263602656648 0
1 0 20.43344512567079 0
2 0 20.613589780304373 0
3 0 20.669480402879355 0

0 1 20.328577417526173 0
1 1 20.575353613815633 0
2 1 20.603448198900132 0
3 1 20.666484183450056 0

0 2 20.726944164728867 0
1 2 21.57233989857958 1
2 2 20.59210099866893 0
3 2 20.47277306685691 0

0 3 21.753486287224447 1
1 3 20.742375162112666 0
2 3 20.345650856669497 0
3 3 20.31737795734319 0


# 21.91999999999996 20.0 1.7534862872244474
0 0 20.316342383479373 0
1 0 20.44410385972381 0
2 0 20.61922339906963 0
3 0 20.682407599365934 0

0 1 20.34500084793436 0
1 1 20.583315354014136 0
2 1 20.60401617257536 0
3 1 20.67040220981073 0

0 2 20.751262434215114 0
1 2 21.58889623083589 1
2 2 20.59981618665607 0
3 2 20.48276775429464 0

0 3 21.7898844320403 1
1 3 20.766688583538482 0
2 3 20.36214011341983 0
3 3 20.33769124529141 0


# 22.039999999999957 20.0 1.7898844320402993
0 0 20.337463314166012 0
1 0 20.455451522422408 0
2 0 20.62563851984107 0
3 0 20.696433414544583 0

0 1 20.36209530554986 0
1 1 20.59144172779806 0
2 1 20.604870980021015 0
3 1 20.675174182785003 0

0 2 20.776119923599193 0
1 2 21.485438008814867 -1
2 2 20.606247611975185 0
3 2 20.493440865094882 0

0 3 21.8270022945725 1
1 3 20.79010262803155 0
2 3 20.379258726479776 0
3 3 20.359046755559813 0


# 22.159999999999954 20.0 1.8270022945725017
0 0 20.3596051967917 0
1 0 20.467482783813836 0
2 0 20.632827148148298 0
3 0 20.711537827592178 0

0 1 20.379853304895033 0
1 1 20.59830426579429 0
2 1 20.60598781148444 0
3 1 20.68078846515809 0

0 2 20.800070410107416 0
1 2 21.387673683382655 -1
2 2 20.611544059637676 0
3 2 20.504772900125165 0

0 3 21.86479228842556 1
1 3 20.81273901403368 0
2 3 20.3969698179184 0
3 3 20.381421984976182 0


# 22.27999999999995 20.0 1.8647922884255586
0 0 20.382747442771706 0
1 0 20.480175053174225 0
2 0 20.64078081623308 0
3 0 20.727701297175553 0

0 1 20.398232931513522 0
1 1 20.604050494790823 0
2 1 20.60734636256302 0
3 1 20.687233196339815 0

0 2 20.823235839722766 0
1 2 21.295284179478507 -1
2 2 20.61584242389609 0
3 2 20.456746409582454 -1

0 3 21.783211464287316 -1
1 3 20.833269560984476 0
2 3 20.41522349320411 0
3 3 20.404074432350477 0


# 22.39999999999995 20.0 1.8647922884255586
0 0 20.406869430648175 0
1 0 20.493508109840974 0
2 0 20.649490691186244 0
3 0 20.744904737127545 0

0 1 20.417197017571894 0
1 1 20.608816099074314 0
2 1 20.608930326085954 0
3 1 20.693776379767094 0

0 2 20.844288246390462 0
1 2 21.207937134827684 -1
2 2 20.61854803591348 0
3 2 20.411839846556365 -1

0 3 21.706506545261472 -1
1 3 20.851908245502646 0
2 3 20.433958475054737 0
3 3 20.42703733264519 0


# 22.519999999999946 20.0 1.8647922884255586
0 0 20.431950592673793 0
1 0 20.507463857822867 0
2 0 20.658947669208857 0
3 0 20.763120855178663 0

0 1 20.436695402091537 0
1 1 20.612725246968683 0
2 1 20.610709638416125 0
3 1 20.70046581589869 0

0 2 20.86344180902823 0
1 2 21.125315632404913 -1
2 2 20.61983961329882 0
3 2 20.36991068614311 -1

0 3 21.63445651028643 -1
1 3 20.868852866604488 0
2 3 20.45312097685302 0
3 3 20.450340368625916 0


# 22.639999999999944 20.0 1.8647922884255586
0 0 20.457970282456508 0
1 0 20.522026094177914 0
2 0 20.669142146155355 0
3 0 20.78232379993688 0

0 1 20.456683843265132 0
1 1 20.615891257613356 0
2 1 20.612659641767745 0
3 1 20.707344981165114 0

0 2 20.880894724880523 0
1 2 21.047126223598244 -1
2 2 20.61988112220082 0
3 2 20.330825234989003 -1

0 3 21.56685304701394 -1
1 3 20.884286249176682 0
2 3 20.472663988705236 0
3 3 20.474009986039714 0


# 22.639999999999944 20.0 1.8647922884255586
0 0 20.484907871537388 0
1 0 20.537180293526113 0
2 0 20.680064140839598 0
3 0 20.802489052603207 0

0 1 20.47712344809637 0
1 1 20.618417552531778 0
2 1 20.61476047252374 0
3 1 20.71445338907757 0

0 2 20.896830379060045 0
1 2 20.97309714850116 -1
2 2 20.61882299047181 0
3 2 20.294458011506535 -1

0 3 21.503499736860277 -1
1 3 20.89837735720006 0
2 3 20.492546625184154 0
3 3 20.49806968218257 0


# 22.639999999999944 19.0 1.8647922884255586
0 0 20.51130283306151 0
1 0 20.55217613551521 0
2 0 20.69097455485204 0
3 0 20.822144582036646 0

0 1 20.497242872452162 0
1 1 20.620380829558158 0
2 1 20.616987551010116 0
3 1 20.72108942847095 0

0 2 20.910689580233285 0
1 2 20.902967734462663 -1
2 2 20.616803005995123 0
3 2 20.259962320423043 -1

0 3 21.442762549582508 -1
1 3 20.91054483110841 0
2 3 20.512004677157854 0
3 3 20.52108277759497 0


# 22.639999999999944 19.0 2.4427625495825076
0 0 20.537168959166905 0
1 0 20.567007029946495 0
2 0 20.701867293504172 0
3 0 20.841302857747028 0

0 1 20.517017544236673 0
1 1 20.621850308055237 0
2 1 20.619311468993935 0
3 1 20.72729059224114 0

0 2 20.922633591802867 0
1 2 20.836487264051996 -1
2 2 20.61392965047488 0
3 2 20.227231539209008 -1

0 3 21.38450123887247 -1
1 3 20.920937866362845 0
2 3 20.531011884250418 0
3 3 20.543102718683063 0


# 22.639999999999944 19.0 2.4427625495825076
0 0 20.562519171527093 0
1 0 20.58166757596578 0
2 0 20.712736250009478 0
3 0 20.859976276975143 0

0 1 20.536426844235354 0
1 1 20.62288821110755 0
2 1 20.62170665492822 0
3 1 20.73309136102036 0

0 2 20.932811965113064 0
1 2 20.7734226876942 -1
2 2 20.61030150044507 0
3 2 20.19616576152401 -1

0 3 21.328584192250773 -1
1 3 20.92969470114595 0
2 3 20.54954657215519 0
3 3 20.564179568814623 0


# 22.639999999999944 19.0 2.4427625495825076
0 0 20.587365614394532 0
1 0 20.596153418681357 0
2 0 20.723575363716098 0
3 0 20.878177131700873 0

0 1 20.55545370626485 0
1 1 20.62355041458521 0
2 1 20.62415095916887 0
3 1 20.73852345008623 0

0 2 20.94136338961283 0
1 2 20.713557318754347 -1
2 2 20.606008075762933 0
3 2 20.166671332675968 -1

0 3 21.27488785841885 -1
1 3 20.936943424689762 0
2 3 20.56759118895588 0
3 3 20.584360254596877 0


# 22.639999999999944 19.0 2.4427625495825076
0 0 20.611719737775683 0
1 0 20.610461121289664 0
2 0 20.734378668985933 0
3 0 20.895917580388506 0

0 1 20.57408425310541 0
1 1 20.62388703851294 0
2 1 20.62662527992894 0
3 1 20.74361603549853 0

0 2 20.948416480412437 0
1 2 20.656689627686674 -1
2 2 20.60113061727728 0
3 2 20.13866041959205 -1

0 3 21.223296214376997 -1
1 3 20.942802725225025 0
2 3 20.585131882184925 0
3 3 20.60368879305271 0


# 22.639999999999944 19.0 2.4427625495825076
0 0 20.635592371708498 0
1 0 20.624588051145984 0
2 0 20.745140335826086 0
3 0 20.913209623950415 0

0 1 20.59230746516259 0
1 1 20.62394298575141 0
2 1 20.629113226184593 0
3 1 20.748395961244317 0

0 2 20.95409050792183 0
1 2 20.60263212759182 -1
2 2 20.595742799514614 0
3 2 20.112050612614922 -1

0 3 21.173700269457186 -1
1 3 20.947382582116383 0
2 3 20.60215811322936 0
3 3 20.622206501212943 0


# 22.639999999999944 19.0 2.4427625495825076
0 0 20.658993792522693 0
1 0 20.638532278367055 0
2 0 20.755854703263417 0
3 0 20.930065085462292 0

0 1 20.610114879060113 0
1 1 20.623758432569783 0
2 1 20.631600814086838 0
3 1 20.752887929018023 0

0 2 20.95849607390242 0
1 2 20.55121034412465 -1
2 2 20.589911383746582 0
3 2 20.086764556652827 -1

0 3 21.125997603628953 -1
1 3 20.95078490639929 0
2 3 20.618662305970034 0
3 3 20.639952189520752 0


# 22.639999999999944 19.0 2.4427625495825076
0 0 20.681933781881003 0
1 0 20.65229248568821 0
2 0 20.7665163063492 0
3 0 20.946495593210056 0

0 1 20.627500313599825 0
1 1 20.62336927529643 0
2 1 20.634076193743592 0
3 1 20.757114672122544 0

0 2 20.96173573793476 0
1 2 20.502261863247192 -1
2 2 20.58369681636211 0
3 2 20.062729609409473 -1

0 3 21.080091937630318 -1
1 3 20.95310413361269 0
2 3 20.63463952679324 0
3 3 20.656962340332438 0


# 22.639999999999944 19.0 2.4427625495825076
0 0 20.704421679324742 0
1 0 20.66586788842095 0
2 0 20.777119897587028 0
3 0 20.962512566691007 0

0 1 20.6444596207393 0
1 1 20.622807536876014 0
2 1 20.636529403519273 0
3 1 20.761097114848834 0

0 2 20.9639045980009 0
1 2 20.455635450829547 -1
2 2 20.577153777063348 0
3 2 20.03987752460121 -1

0 3 21.03589273265499 -1
1 3 20.95442777252429 0
2 3 20.650087193346966 0
3 3 20.673271272695846 0


