# 20.0 20.0 0.0
0 0 20.0 0
1 0 20.0 0
2 0 20.06 1
3 0 20.00072 0

0 1 20.0 0
1 1 20.0 0
2 1 20.00072 0
3 1 20.06001728 1

0 2 20.0 0
1 2 20.0 0
2 2 20.00000864 0
3 2 20.00072031104 0

0 3 20.0 0
1 3 20.0 0
2 3 20.00000010368 0
3 3 20.00000864497664 0


# 20.0 20.0 0.060017280000000284
0 0 20.0 0
1 0 20.00072 0
2 0 20.11750592 1
3 0 20.0028243584 0

0 1 20.0 0
1 1 20.00001728 0
2 1 20.00281602944 0
3 1 20.11757288262656 1

0 2 20.0 0
1 2 20.00000031104 0
2 2 20.0000506663424 0
3 2 20.002101644303664 0

0 3 20.0 0
1 3 20.00000000497664 0
2 3 20.00000081112099 0
3 3 20.000033563222576 0


# 20.0 20.0 0.11757288262656118
0 0 20.00000864 0
1 0 20.00210014208 0
2 0 20.17266355771904 1
3 0 20.006205518781748 0

0 1 20.00000031104 0
1 1 20.000075452083202 0
2 1 20.006165210732135 0
3 1 20.172808490042055 1

0 2 20.00000000746496 0
1 2 20.000001809680487 0
2 2 20.060147468068013 1
3 2 20.0048092494989 0

0 3 20.0000000001493 0
1 3 20.00000003621903 0
2 3 20.000722949864024 0
3 3 20.00009874133892 0


# 20.0 20.0 0.17280849004205479
0 0 20.000033534397442 0
1 0 20.004085206643037 0
2 0 20.225609159528723 1
3 0 20.010763131900454 0

0 1 20.00000160590367 0
1 1 20.00019487637872 0
2 1 20.011374400545204 0
3 1 20.225873894843623 1

0 2 20.000000048140233 0
1 2 20.000725831961496 0
2 2 20.117471978783183 1
3 2 20.008728596399536 0

0 3 20.000000001156234 0
1 3 20.000017420093613 0
2 3 20.002103643652323 0
3 3 20.00022517353134 0


# 20.0 20.0 0.2258738948436232
0 0 20.000081368909694 0
1 0 20.006624252821833 0
2 0 20.276478716251727 1
3 0 20.016403890485183 0

0 1 20.000004853976858 0
1 1 20.00041027438421 0
2 1 20.018271247690187 0
3 1 20.27690803607509 1

0 2 20.00000881436348 0
1 2 20.002105893878838 0
2 2 20.17220783638104 1
3 2 20.013754087902605 0

0 3 20.060000315928097 1
1 3 20.000787206691193 0
2 3 20.00409393321817 0
3 3 20.000431243537662 0


# 20.0 20.0 0.2769080360750884
0 0 20.00015798891053 0
1 0 20.009670597957875 0
2 0 20.325398759002752 1
3 0 20.02304103196865 0

0 1 20.00001157504173 0
1 1 20.00075129298859 0
2 1 20.02669741889443 0
3 1 20.326039809025122 1

0 2 20.000753857578395 0
1 2 20.004098813296324 0
2 2 20.22452559127449 1
3 2 20.01978837593674 0

0 3 20.11785879732592 1
1 3 20.002266762536248 0
2 3 20.006648671191186 0
3 3 20.000732963335842 0


# 20.0 20.0 0.3260398090251222
0 0 20.000268487385746 0
1 0 20.013181455316168 0
2 0 20.37248704999879 1
3 0 20.030593877126066 0

0 1 20.00003237254541 0
1 1 20.001243351645766 0
2 1 20.036507492410827 0
3 1 20.37338881399175 1

0 2 20.002186075358114 0
1 2 20.006664731627875 0
2 2 20.274583674147312 1
3 2 20.026741729565096 0

0 3 20.173669314676918 1
1 3 20.00441535111968 0
2 3 20.00972621086439 0
3 3 20.001144191940906 0


# 20.0 20.0 0.37338881399174895
0 0 20.0004173877742 0
1 0 20.017117607665913 0
2 0 20.417853221625272 1
3 0 20.038987401976932 0

0 1 20.000077174675837 0
1 1 20.001908074843335 0
2 1 20.0475679381904 0
3 1 20.419066048640886 1

0 2 20.004259194844842 0
1 2 20.0097668200492 0
2 2 20.32252929017227 1
3 2 20.03453145129241 0

0 3 20.227521313900123 1
1 3 20.007194078510416 0
2 3 20.013288120735567 0
3 3 20.00167683589537 0


# 20.0 20.0 0.4190660486408859
0 0 20.000608699202427 0
1 0 20.021443108091997 0
2 0 20.461599367696124 1
3 0 20.048151840501806 0

0 1 20.00015524496614 0
1 1 20.002763684586427 0
2 1 20.05975617785041 0
3 1 20.463174548233706 1

0 2 20.006929629208344 0
1 2 20.01337101287657 0
2 2 20.36849924539706 1
3 2 20.043081337892442 0

0 3 20.279500031092343 1
1 3 20.010565837189432 0
2 3 20.017298922686454 0
3 3 20.002341032930083 0


# 20.0 20.0 0.46317454823370596
0 0 20.00084596626784 0
1 0 20.026125005774738 0
2 0 20.50382059054241 1
3 0 20.058022315909053 0

0 1 20.000275196038313 0
1 1 20.00382535643676 0
2 1 20.07295971820091 0
3 1 20.50580997767192 1

0 2 20.01015633966168 0
1 2 20.017445765602712 0
2 2 20.41262071055059 1
3 2 20.05232118235479 0

0 3 20.329686696095234 1
1 3 20.014495248640088 0
2 3 20.021725851839072 0
3 3 20.003145320154925 0


# 20.0 20.0 0.5058099776719196
0 0 20.001132313903952 0
1 0 20.031133094662795 0
2 0 20.544605507284903 1
3 0 20.06853849835581 0

0 1 20.000445005924732 0
1 1 20.00510554234049 0
2 1 20.08707535258144 0
3 1 20.547061179009205 1

0 2 20.013900703007362 0
1 2 20.021961835308243 0
2 2 20.455011927109165 1
3 2 20.06218631381117 0

0 3 20.378158726455574 1
1 3 20.01894860516044 0
2 3 20.026538636290926 0
3 3 20.004096788030573 0


# 20.0 20.0 0.547061179009205
0 0 20.00147048781046 0
1 0 20.036439683136187 0
2 0 20.584036718387818 1
3 0 20.079644287183765 0

0 1 20.000672036473794 0
1 1 20.006614263198145 0
2 1 20.102008424709982 0
3 1 20.587010677799277 1

0 2 20.018126384659904 0
1 2 20.026892081374978 0
2 2 20.49578286008217 1
3 2 20.072617172542046 0

0 3 20.42498991218102 1
1 3 20.023893811301864 0
2 3 20.031709295079683 0
3 3 20.005201221272934 0


# 20.0 20.0 0.5870106777992774
0 0 20.001862890884606 0
1 0 20.042019382914113 0
2 0 20.622191241353224 1
3 0 20.091287515874978 0

0 1 20.000963053406807 0
1 1 20.008359373873503 0
2 1 20.1176721501612 0
3 1 20.625735151394647 1

0 2 20.022799217067742 0
1 2 20.03221128461688 0
2 2 20.53503580162702 1
3 2 20.083558917386814 0

0 3 20.470250591682937 1
1 3 20.02930032528374 0
2 3 20.037211952864542 0
3 3 20.006463227750125 0


# 20.0 20.0 0.6257351513946467
0 0 20.002311616048612 0
1 0 20.047848915607023 0
2 0 20.659140912196108 1
3 0 20.10341967806657 0

0 1 20.0013242476476 0
1 1 20.010346803103968 0
2 1 20.133986990973323 0
3 1 20.66330586207319 1

0 2 20.027887083438266 0
1 2 20.03789598311671 0
2 2 20.572865929281022 1
3 2 20.09496106308582 0

0 3 20.514007819287016 1
1 3 20.03513910068504 0
2 3 20.043022669936825 0
3 3 20.00788635634739 0


# 20.0 20.0 0.6633058620731909
0 0 20.00281847582992 0
1 0 20.053906935445088 0
2 0 20.694952757137692 1
3 0 20.115995673086704 0

0 1 20.001761257594865 0
1 1 20.012580770560536 0
2 1 20.150880079235233 0
3 1 20.69978905765101 1

0 2 20.03335980665384 0
1 2 20.043924323213272 0
2 2 20.609361822301185 1
3 2 20.10677714527181 0

0 3 20.55632552468075 1
1 3 20.041382528670237 0
2 3 20.049119286287304 0
3 3 20.009473204697596 0


# 20.0 20.0 0.6997890576510102
0 0 20.00338502901652 0
1 0 20.060173866836973 0
2 0 20.729689336767816 1
3 0 20.12897356958861 0

0 1 20.00227919205065 0
1 1 20.015063983109663 0
2 1 20.168284685829896 0
3 1 20.73524634203795 1

0 2 20.039189043253717 0
1 2 20.05027592422705 0
2 2 20.64460593933012 1
3 2 20.118964411003184 0

0 3 20.59726466465533 1
1 3 20.048004380968123 0
2 3 20.05548127856319 0
3 3 20.01122551760328 0


# 20.0 20.0 0.73524634203795
0 0 20.00401260467858 0
1 0 20.066631755524494 0
2 0 20.763409064754885 1
3 0 20.142314385964934 0

0 1 20.002882653557027 0
1 1 20.01779781215006 0
2 1 20.186139730809337 0
3 1 20.769735018005687 1

0 2 20.045348182346334 0
1 2 20.05693175564169 0
2 2 20.678675060354482 1
3 2 20.131483532892613 0

0 3 20.636883367487513 1
1 3 20.05497975378777 0
2 3 20.062089628844483 0
3 3 20.013144276910406 0


# 20.0 20.0 0.7697350180056866
0 0 20.004702323819128 0
1 0 20.073264132201153 0
2 0 20.796166503022885 1
3 0 20.15598188632254 0

0 1 20.00357576192742 0
1 1 20.020782453733812 0
2 1 20.20438933215189 0
3 1 20.803308404265852 1

0 2 20.05181224930847 0
1 2 20.063874025577103 0
2 2 20.71164069569106 1
3 2 20.14429834503353 0

0 3 20.67523707029512 1
1 3 20.062285012825285 0
2 3 20.068926704258136 0
3 3 20.015229783533133 0


# 20.0 20.0 0.8033084042658523
0 0 20.00545511889118 0
1 0 20.08005588755648 0
2 0 20.828012635168296 1
3 0 20.16994239088814 0

0 1 20.00436217778967 0
1 1 20.02401707303149 0
2 1 20.22298238990648 0
3 1 20.836016128796626 1

0 2 20.058557814121457 0
1 2 20.071086079497434 0
2 2 20.743569464522235 1
3 2 20.157375599064345 0

0 3 20.712378649687857 1
1 3 20.069897739487946 0
2 3 20.075976146529815 0
3 3 20.01748173227307 0


# 20.0 20.0 0.8360161287966257
0 0 20.006271751395253 0
1 0 20.086993157794247 0
2 0 20.858995119754294 1
3 0 20.184164599798777 0

0 1 20.00524512598508 0
1 1 20.02749993456418 0
2 1 20.241872202962618 0
3 1 20.867904400209078 1

0 2 20.0655629041904 0
1 2 20.078552308194734 0
2 2 20.774523445306187 1
3 2 20.170684738837103 0

0 3 20.748358546023233 1
1 3 20.077796678438425 0
2 3 20.083222770647776 0
3 3 20.019899280025058 0


# 20.0 20.0 0.8679044002090777
0 0 20.007152827750375 0
1 0 20.094063219751714 0
2 0 20.88915852499477 1
3 0 20.19861942930847 0

0 1 20.00622741869177 0
1 1 20.03122851950031 0
2 1 20.261016115900535 0
3 1 20.89901625880885 1

0 2 20.07280692148932 0
1 2 20.086258064178196 0
2 2 20.804560500206254 1
3 2 20.184197692274427 0

0 3 20.78322488156553 1
1 3 20.08596168654071 0
2 3 20.090652471881835 0
3 3 20.022481107914032 0


# 20.0 20.0 0.8990162588088495
0 0 20.008098813612683 0
1 0 20.101254394819435 0
2 0 20.91854454622533 1
3 0 20.213279859513776 0

0 1 20.00731147816194 0
1 1 20.035199631201017 0
2 1 20.280375193574606 0
3 1 20.92939180888323 1

0 2 20.080270563873636 0
1 2 20.0941895856795 0
2 2 20.833734575517276 1
3 2 20.197888679106676 0

0 3 20.817023572834145 1
1 3 20.094373683270746 0
2 3 20.098252140463224 0
3 3 20.025225477863966 0


# 20.0 20.0 0.9293918088832314
0 0 20.009110046798405 0
1 0 20.108555960927717 0
2 0 20.94719220745206 1
3 0 20.228120792767303 0

0 1 20.008499358981616 0
1 1 20.03940949009333 0
2 1 20.299913921266377 0
3 1 20.95906843362782 1

0 2 20.087935750400888 0
1 2 20.102333927558274 0
2 2 20.86209597991318 1
3 2 20.211734033281054 0

0 3 20.849798437416176 1
1 3 20.103014602638627 0
2 3 20.106009583288756 0
3 3 20.0281302840597 0


# 20.0 20.0 0.9590684336278201
0 0 20.010186748952574 0
1 0 20.115958071926727 0
2 0 20.975138048170596 1
3 0 20.243118922009263 0

0 1 20.00979276977775 0
1 1 20.0438538188552 0
2 1 20.319599928412394 0
3 1 20.988080994019885 1

0 2 20.095785550501077 0
1 2 20.110678898458374 0
2 2 20.889691642198635 1
3 2 20.225712038926588 0

0 3 20.88159129550687 1
1 3 20.111867346654854 0
2 3 20.113913452065585 0
3 3 20.031193099725456 0


# 20.0 20.0 0.9880809940198851
0 0 20.011329036090736 0
1 0 20.123451683743202 0
2 0 21.00241629655741 1
3 0 20.258252608303856 0

0 1 20.01119309431245 0
1 1 20.048527918809267 0
2 1 20.339403734067623 0
3 1 21.016462012846628 1

0 2 20.103804116839363 0
1 2 20.1192130036264 0
2 2 20.916565350117335 1
3 2 20.239802778843945 0

0 3 20.912442066430554 1
1 3 20.12091574036082 0
2 3 20.121953177361274 0
3 3 20.0344112196098 0


# 20.0 20.0 1.0164620128466275
0 0 20.01253692812814 0
1 0 20.131028486747926 0
2 0 21.02905903005143 1
3 0 20.273501766919694 0

0 1 20.012701411916648 0
1 1 20.053426738342726 0
2 1 20.359298512408674 0
3 1 21.044241845005136 1

0 2 20.111976621715794 0
1 2 20.12792539285877 0
2 2 20.942757971649375 1
3 2 20.25398799456767 0

0 3 20.942388860383975 1
1 3 20.130144488432915 0
2 3 20.130118908068404 0
3 3 20.037781698535483 0


# 20.0 20.0 1.0442418450051356
0 0 20.0138103574995 0
1 0 20.138680843815237 0
2 0 21.055096324266994 1
3 0 20.28884776134185 0

0 1 20.014318517226844 0
1 1 20.058544934097988 0
2 1 20.37925987671329 0
3 1 21.071448835106395 1

0 2 20.120289196849367 0
1 2 20.136805813093904 0
2 2 20.968307660119525 1
3 2 20.268250957120966 0

0 3 20.971468065633537 1
1 3 20.139539133360284 0
2 3 20.138401455833716 0
3 3 20.04130138634366 0


# 20.0 20.0 1.0714488351063949
0 0 20.015149176962023 0
1 0 20.14640173359892 0
2 0 21.080556391107628 1
3 0 20.30427330464811 0

0 1 20.016044939198228 0
1 1 20.063876925612536 0
2 1 20.399265680374405 0
3 1 21.098109463337646 1

0 2 20.128728876396803 0
1 2 20.145844565211267 0
2 2 20.99325004433627 1
3 2 20.282576347650096 0

0 3 20.999714431387815 1
1 3 20.149086015188345 0
2 3 20.14679224403912 0
3 3 20.04496695953556 0


# 20.0 20.0 1.0981094633376465
0 0 20.016553166664956 0
1 0 20.154184698588388 0
2 0 21.105465706884438 1
3 0 20.319762367723442 0

0 1 20.017880959375994 0
1 1 20.069416944025736 0
2 1 20.419295833619444 0
3 1 21.124248480465383 1

0 2 20.137283543059837 0
1 2 20.15503246464045 0
2 2 21.017618404887518 1
3 2 20.296950147187452 0

0 3 21.027161146556832 1
1 3 20.15877223281327 0
2 3 20.155283260956313 0
3 3 20.048774949890007 0


# 20.0 20.0 1.1242484804653827
0 0 20.01802204056059 0
1 0 20.162023797545324 0
2 0 21.12984913118195 1
3 0 20.335300093825165 0

0 1 20.019826629413956 0
1 1 20.07515907541513 0
2 1 20.43933213470911 0
3 1 21.149889032794498 1

0 2 20.145941877138657 0
1 2 20.164360805420763 0
2 2 21.0414438376322 1
3 2 20.31135953484938 0

0 3 21.05383991460021 1
1 3 20.16858560680684 0
2 3 20.163867016728098 0
3 3 20.052721770312896 0


# 20.0 20.0 1.1498890327944977
0 0 20.019555452223923 0
1 0 20.16991356195427 0
2 0 21.15373001715817 1
3 0 20.35087271904689 0

0 1 20.021881787835902 0
1 1 20.081097299274244 0
2 1 20.459358114485383 0
3 1 21.17505277783771 1

0 2 20.154693308393117 0
1 2 20.173821327385845 0
2 2 21.06475540534724 1
3 2 20.32579279382768 0

0 3 21.079781024657002 1
1 3 20.178514643746205 0
2 3 20.172536503858392 0
3 3 20.056803738153864 0


# 20.0 20.0 1.1750527778377098
0 0 20.021153000141343 0
1 0 20.177848956151077 0
2 0 21.17713031391373 1
3 0 20.36646749826222 0

0 1 20.0240460760405 0
1 1 20.087225522597834 0
2 1 20.479358893226443 0
3 1 21.199759991392323 1

0 2 20.163527970577608 0
1 2 20.18340618617855 0
2 2 21.087580278415665 1
3 2 20.34023922458246 0

0 3 21.105013419141237 1
1 3 20.188548502019003 0
2 3 20.1812851609194 0
3 3 20.061017096206346 0


# 20.0 20.0 1.1997599913923231
0 0 20.022814232522553 0
1 0 20.185825340821143 0
2 0 21.20007066151707 1
3 0 20.382072636159695 0

0 1 20.026318953555172 0
1 1 20.093537609998513 0
2 1 20.499321048847456 0
3 1 21.224029666668923 1

0 2 20.17243665851985 0
1 2 20.193107925829416 0
2 2 21.109943865373857 1
3 2 20.354689064688987 0

0 3 21.129564757978617 1
1 3 20.198676959070934 0
2 3 20.1901068392086 0
3 3 20.06535803158969 0


# 20.0 20.0 1.2240296666689225
0 0 20.024538651684257 0
1 0 20.193838439585054 0
2 0 21.22257047922846 1
3 0 20.397677223008714 0

0 1 20.02869971254829 0
1 1 20.10002741024031 0
2 1 20.519232495560917 0
3 1 21.247879606067933 1

0 2 20.18141078761829 0
1 2 20.202919453657245 0
2 2 21.1318699340733 1
3 2 20.36913341483282 0

0 3 21.153461479651657 1
1 3 20.208890380060165 0
2 3 20.198995772110518 0
3 3 20.06982269269578 0


# 20.0 20.0 1.247879606067933
0 0 20.026325718049222 0
1 0 20.201884308412698 0
2 0 21.24464804742465 1
3 0 20.41327117482231 0

0 1 20.031187491612155 0
1 1 20.106688779539688 0
2 1 20.53908237217926 0
3 1 21.27132650615509 1

0 2 20.190442355637376 0
1 2 20.212834017273423 0
2 2 21.153380724154534 1
3 2 20.383564170485908 0

0 3 21.176728859212567 1
1 3 20.219179687880796 0
2 3 20.20794654693865 0
3 3 20.074407204367827 0


# 20.0 20.0 1.2713265061550914
0 0 20.028174853799747 0
1 0 20.209959307628534 0
2 0 21.266320583688376 1
3 0 20.428845177606828 0

0 1 20.033781288832166 0
1 1 20.113515601952745 0
2 1 20.55886093930606 0
3 1 21.29438603634536 1

0 2 20.199523906684423 0
1 2 20.222845183492367 0
2 2 21.174497051477793 1
3 2 20.39797395883179 0

0 3 21.199391063415696 1
1 3 20.229536334515963 0
2 3 20.216954079051565 0
3 3 20.079107681465185 0


# 20.0 20.0 1.2943860363453616
0 0 20.030085446220486 0
1 0 20.218060076290474 0
2 0 21.287604313491904 1
3 0 20.44439063541103 0

0 1 20.03647997415951 0
1 1 20.120501807137995 0
2 1 20.578559484720806 0
3 1 21.31707291176642 1

0 2 20.208648497256487 0
1 2 20.232946818969392 0
2 2 21.19523840510574 1
3 2 20.412356080540903 0

0 3 21.221471203114 1
1 3 20.23995227367991 0
2 3 20.22601358805441 0
3 3 20.08392024095558 0


# 20.0 20.0 1.3170729117664202
0 0 20.032056850761947 0
1 0 20.226183508742977 0
2 0 21.30851453587174 1
3 0 20.45989962190789 0

0 1 20.039282301106688 0
1 1 20.127641385757848 0
2 1 20.59817023631623 0
3 1 21.33940096073741 1

0 2 20.217809664249994 0
1 2 20.243133072404383 0
2 2 21.215623037388458 1
3 2 20.426704456027164 0

0 3 21.242991383057053 1
1 3 20.250419934707544 0
2 3 20.235120575912745 0
3 3 20.08884101266446 0


# 20.0 20.0 1.3394009607374109
0 0 20.034088393852713 0
1 0 20.23432673316156 0
2 0 21.329065684461757 1
3 0 20.475364835261598 0

0 1 20.042186917786534 0
1 1 20.134928402757495 0
2 1 20.61768628199719 0
3 1 21.361383187265872 1

0 2 20.22700139483047 0
1 2 20.25339835816518 0
2 2 21.23566804765904 1
3 2 20.441013575845094 0

0 3 21.263972749221455 1
1 3 20.26093219764942 0
2 3 20.244270806820087 0
3 3 20.093866148800522 0


# 20.0 20.0 1.3613831872658722
0 0 20.036179375485393 0
1 0 20.24248709192123 0
2 0 21.349271384224522 1
3 0 20.490779556050065 0

0 1 20.04519237731638 0
1 1 20.142357008737935 0
2 1 20.637101495995974 0
3 1 21.383031828935398 1

0 2 20.236218098064025 0
1 2 20.263737341198578 0
2 2 21.255389460009724 1
3 2 20.45527845491255 0

0 3 21.284435533798046 1
1 3 20.271482369529945 0
2 3 20.253460288673725 0
3 3 20.09899183236674 0


# 20.0 20.0 1.3830318289353976
0 0 20.03832907159877 0
1 0 20.250662123635273 0
2 0 21.36914450419527 1
3 0 20.50613760802983 0

0 1 20.0482971476099 0
1 1 20.149921449619793 0
2 1 20.65641047110129 0
3 1 21.404358410528634 1

0 2 20.245454578216613 0
1 2 20.27414492310956 0
2 2 21.274802295582823 1
3 2 20.46949459026796 0

0 3 21.304399097954274 1
1 3 20.282064161726538 0
2 3 20.26268525602554 0
3 3 20.10421428455706 0


# 20.0 20.0 1.4043584105286335
0 0 20.040536736276156 0
1 0 20.258849546723685 0
2 0 21.388697206529326 1
3 0 20.52143332154545 0

0 1 20.051499620579637 0
1 1 20.157616074776215 0
2 1 20.675608456337432 0
3 1 21.425373793704242 1

0 2 20.254706009631235 0
1 2 20.2846162293009 0
2 2 21.29392063977803 1
3 2 20.483657922093176 0

0 3 21.323881972484212 1
1 3 20.29267166842775 0
2 3 20.271942154385624 0
3 3 20.10952977123075 0


# 20.0 20.0 1.4253737937042423
0 0 20.042801603777853 0
1 0 20.26704724438229 0
2 0 21.407940992122278 1
3 0 20.536661499399735 0

0 1 20.054798120773516 0
1 1 20.165435343796485 0
2 1 20.694691299666047 0
3 1 21.44608822302257 1

0 2 20.263967913097428 0
1 2 20.295146597075654 0
2 2 21.31275770474733 1
3 2 20.49776479775327 0

0 3 21.342901896453082 1
1 3 20.303299346128757 0
2 3 20.28122762576671 0
3 3 20.114934608548683 0


# 20.0 20.0 1.4460882230225707
0 0 20.04512289042372 0
1 0 20.275253250834343 0
2 0 21.426886743051945 1
3 0 20.55181738501424 0

0 1 20.058190913468838 0
1 1 20.173373832026794 0
2 1 20.71365539531626 0
3 1 21.466511368592627 1

0 2 20.273236133631308 0
1 2 20.305731564614433 0
2 2 21.331325887520865 1
3 2 20.511811938623577 0

0 3 21.361475853937893 1
1 3 20.313941994123176 0
2 3 20.29053849536682 0
3 3 20.120425167848815 0


# 20.0 20.0 1.4665113685926272
0 0 20.047499796340105 0
1 0 20.283465738756327 0
2 0 21.445544762072807 1
3 0 20.56689663272171 0

0 1 20.061676212247125 0
1 1 20.181426235020716 0
2 1 20.732497635379563 0
3 1 21.486652365592434 1

0 2 20.282506819588384 0
1 2 20.316366860747976 0
2 2 21.34963682408128 1
3 2 20.525796409491658 0

0 3 21.37962010896067 1
1 3 20.32459473595091 0
2 3 20.299871759295986 0
3 3 20.125997879831708 0


# 20.0 20.0 1.486652365592434
0 0 20.0499315070839 0
1 0 20.29168300777869 0
2 0 21.46392480937631 1
3 0 20.581895280043355 0

0 1 20.06525218607306 0
1 1 20.189587372019474 0
2 1 20.75121536533418 0
3 1 21.50651985089598 1

0 2 20.29177640303505 0
1 2 20.327048395453115 0
2 2 21.36770143968028 1
3 2 20.539715590337902 0

0 3 21.397350238705915 1
1 3 20.335253001762432 0
2 3 20.30922457326085 0
3 3 20.13164923812095 0


# 20.0 20.0 1.5065198508959803
0 0 20.0524171951551 0
1 0 20.299903473970595 0
2 0 21.48203613681468 1
3 0 20.59680972181432 0

0 1 20.068916965900506 0
1 1 20.19785218857044 0
2 1 20.769806343189675 0
3 1 21.52612199702245 1

0 2 20.301041581308294 0
1 2 20.337772251007223 0
2 2 21.385529995669174 1
3 2 20.553567150313462 0

0 3 21.41468116510935 1
1 3 20.34591251156094 0
2 3 20.318594242128107 0
3 3 20.137375802257896 0


# 20.0 20.0 1.5261219970224502
0 0 20.05495602140797 0
1 0 20.308125660225347 0
2 0 21.499887519771217 1
3 0 20.61163668603053 0

0 1 20.072668650828124 0
1 1 20.206215758382065 0
2 1 20.78826870196671 0
3 1 21.545466543607237 1

0 2 20.31029929969668 0
1 2 20.348534673742584 0
2 2 21.403132133094864 1
3 2 20.567349023747816 0

0 3 21.431627184900506 1
1 3 20.356569259284633 0
2 3 20.327978210294376 0
3 3 20.14317420018512 0


# 20.0 20.0 1.5454665436072368
0 0 20.057547136369926 0
1 0 20.31634818747016 0
2 0 21.517487286846436 1
3 0 20.626373211298873 0

0 1 20.076505313826726 0
1 1 20.2146732845038 0
2 1 20.806600915248936 0
3 1 21.56456082657928 1

0 2 20.319546735179056 0
1 2 20.35933206634769 0
2 2 21.420516913293977 1
3 2 20.581059388031107 0

0 3 21.44820199817765 1
1 3 20.367219497692517 0
2 3 20.337374052796072 0
3 3 20.14904113026838 0


# 20.0 20.0 1.5645608265792816
0 0 20.06018968147617 0
1 0 20.324569766630333 0
2 0 21.534843347517022 1
3 0 20.64101662578127 0

0 1 20.08042500705991 0
1 1 20.22322009991106 0
2 1 20.824801765564604 0
3 1 21.583411805215476 1

0 2 20.32878128116056 0
1 2 20.3701609806677 0
2 2 21.43769285570058 1
3 2 20.594696643228016 0

0 3 21.464418735589494 1
1 3 20.37785972401807 0
2 3 20.346779467098482 0
3 3 20.154973362902634 0


# 20.0 20.0 1.5834118052154764
0 0 20.062882790227313 0
1 0 20.332789191283723 0
2 0 21.551963217912864 1
3 0 20.655564527530682 0

0 1 20.08442576681898 0
1 1 20.231851667567348 0
2 1 20.84287031537426 0
3 1 21.602026087230023 1

0 2 20.33800053314873 0
1 2 20.381018110960866 0
2 2 21.45466797306689 1
3 2 20.608259393290833 0

0 3 21.480289984194272 1
1 3 20.388486666356354 0
2 3 20.356192265508255 0
3 3 20.16096774174373 0


# 20.0 20.0 1.6020260872300227
0 0 20.06562558927636 0
1 0 20.341005330946885 0
2 0 21.568854044846745 1
3 0 20.6700147661245 0

0 1 20.088505618092494 0
1 1 20.24056358002861 0
2 1 20.86080588045836 0
3 1 21.620409952044845 1

0 2 20.347202275315453 0
1 2 20.391900287571953 0
2 2 21.471449804281633 1
3 2 20.62174642874946 0

0 3 21.49582781206334 1
1 3 20.39909727075111 0
2 3 20.365610368158226 0
3 3 20.167021184603847 0


# 20.0 20.0 1.6204099520448452
0 0 20.068417199450884 0
1 0 20.34921712493903 0
2 0 21.585522628221444 1
3 0 20.684365425507213 0

0 1 20.092662578790147 0
1 1 20.24935155864835 0
2 1 20.878608005514714 0
3 1 21.638569372376217 1

0 2 20.35638446789331 0
1 2 20.40280447098739 0
2 2 21.48804544495703 1
3 2 20.63515671076523 0

0 3 21.511043791692792 1
1 3 20.409688688949625 0
2 3 20.375031796517707 0
3 3 20.173130684045503 0


# 20.0 20.0 1.6385693723762174
0 0 20.0712567367154 0
1 0 20.357423576774615 0
2 0 21.601975441929703 1
3 0 20.698614807960624 0

0 1 20.096894663640047 0
1 1 20.258211452436232 0
2 1 20.8962764417904 0
3 1 21.65651003426261 1

0 2 20.365545235357633 0
1 2 20.4137277462404 0
2 2 21.50446157594286 1
3 2 20.648489356444102 0

0 3 21.525949022283537 1
1 3 20.420258266794242 0
2 3 20.384454667385356 0
3 3 20.17929330770582 0


# 20.0 20.0 1.6565100342626096
0 0 20.074143313078622 0
1 0 20.365623749039415 0
2 0 21.61821865335414 1
3 0 20.712761419125442 0

0 1 20.101199887777636 0
1 1 20.267139236617467 0
2 1 20.913811126586584 0
3 1 21.674237355649453 1

0 2 20.37468285534823 0
1 2 20.424667317637294 0
2 2 21.52070448991424 1
3 2 20.661743625312685 0

0 3 21.540554150947038 1
1 3 20.43080353322052 0
2 3 20.39387718732526 0
3 3 20.185506198380065 0


# 20.0 20.0 1.6742373556494528
0 0 20.077076037449597 0
1 0 20.373816758708813 0
2 0 21.634258141566317 1
3 0 20.726803954003515 0

0 1 20.105576270043958 0
1 1 20.276131010935547 0
2 1 20.931212164487214 0
3 1 21.691756503637816 1

0 2 20.38379574828714 0
1 2 20.435620503778992 0
2 2 21.536780116169208 1
3 2 20.6749189068678 0

0 3 21.554869392891035 1
1 3 20.4413221898332 0
2 3 20.403297647510186 0
3 3 20.191766573890916 0


# 20.0 20.0 1.6917565036378157
0 0 20.080054016446446 0
1 0 20.38200177287042 0
2 0 21.650099514316864 1
3 0 20.740741283874844 0

0 1 20.11002183601014 0
1 1 20.285182997736403 0
2 1 20.948479810174153 0
3 1 21.709072410496027 1

0 2 20.392882467651244 0
1 2 20.44658473285428 0
2 2 21.552694043761964 1
3 2 20.688014709117137 0

0 3 21.56890455063677 1
1 3 20.45181210103222 0
2 3 20.41271441893898 0
3 3 20.198071726767516 0


# 20.0 20.0 1.7090724104960273
0 0 20.08307635516094 0
1 0 20.390178004816434 0
2 0 21.665748123901942 1
3 0 20.754572444068124 0

0 1 20.114534620744298 0
1 1 20.294291539868127 0
2 1 20.96561445270213 0
3 1 21.726189788525843 1

0 2 20.401941690860717 0
1 2 20.45755753818355 0
2 2 21.568451543088692 1
3 2 20.701030648034802 0

0 3 21.582669032316563 1
1 3 20.462271284662137 0
2 3 20.422125947997763 0
3 3 20.204419023756277 0


# 20.0 20.0 1.7261897885258435
0 0 20.086142157881877 0
1 0 20.398344710473967 0
2 0 21.681209081984992 1
3 0 20.768296622527803 0

0 1 20.119112671336367 0
1 1 20.303453098426807 0
2 1 20.982616601116746 0
3 1 21.74311314386791 1

0 2 20.410972210746603 0
1 2 20.468536553993832 0
2 2 21.584057586034152 1
3 2 20.71396643786124 0

0 3 21.59617186909807 1
1 3 20.472697903159403 0
2 3 20.431530752337256 0
3 3 20.21080590518343 0


# 20.0 20.0 1.7431131438679088
0 0 20.089250528779854 0
1 0 20.40650118514436 0
2 0 21.69648727344709 1
3 0 20.78191314912458 0

0 1 20.12375404919568 0
1 1 20.31266425037573 0
2 1 20.99948687130784 0
3 1 21.759846789324982 1

0 2 20.419972927562696 0
1 2 20.479519511407712 0
2 2 21.59951686477948 1
3 2 20.726821882182524 0

0 3 21.609421731779207 1
1 3 20.483090255173 0
2 3 20.440927417040722 0
3 3 20.217229884187507 0


# 20.0 20.0 1.7598467893249818
0 0 20.09240057255586 0
1 0 20.414646760524843 0
2 0 21.7115873693338 1
3 0 20.79542148566 0

0 1 20.12845683213539 0
1 1 20.321921686062204 0
2 1 21.01622597399907 0
3 1 21.77639485627543 1

0 2 20.42894284150893 0
1 2 20.490504234630425 0
2 2 21.6148338093643 1
3 2 20.739596865728785 0

0 3 21.62242694659534 1
1 3 20.493446767634932 0
2 3 20.450314591059254 0
3 3 20.223688545838215 0


# 20.0 20.0 1.7763948562754308
0 0 20.095591395055774 0
1 0 20.42278080198822 0
2 0 21.726513838961548 1
3 0 20.808821216519085 0

0 1 20.133219116257226 0
1 1 20.331222206653717 0
2 1 21.032834703782175 0
3 1 21.79276130574422 1

0 2 20.437881045735352 0
1 2 20.501488637320826 0
2 2 21.630012604089504 1
3 2 20.75229134683624 0

0 3 21.63519551027835 1
1 3 20.503765988258166 0
2 3 20.459690983892994 0
3 3 20.23017954615679 0


# 20.0 20.0 1.7927613057442215
0 0 20.09882210385271 0
1 0 20.430902706098333 0
2 0 21.74127096124196 1
3 0 20.822112039928232 0

0 1 20.138039017649323 0
1 1 20.340562721512548 0
2 1 21.04931392911169 0
3 1 21.808949938693477 1

0 2 20.446786719797448 0
1 2 20.51247071913332 0
2 2 21.6450572028409 1
3 2 20.764905350521413 0

0 3 21.647735104404997 1
1 3 20.5140465784405 0
2 3 20.469055362498747 0
3 3 20.236700611051386 0


# 20.0 20.0 1.8089499386934769
0 0 20.102091808798985 0
1 0 20.439011898340844 0
2 0 21.755862835278364 1
3 0 20.835293759778477 0

0 1 20.14291467390936 0
1 1 20.34994024552589 0
2 1 21.065664583182393 0
3 1 21.824964405590137 1

0 2 20.455659123535327 0
1 2 20.52344856241903 0
2 2 21.659971343407996 1
3 2 20.777438962120108 0

0 3 21.660053109070127 1
1 3 20.524287306553852 0
2 3 20.478406548405957 0
3 3 20.24324953517985 0


# 20.0 20.0 1.824964405590137
0 0 20.105399622549225 0
1 0 20.447107831050772 0
2 0 21.770293390284813 1
3 0 20.84836627797695 0

0 1 20.14784424550449 0
1 1 20.359351896406526 0
2 1 21.081887655617912 0
3 1 21.84080821530393 1

0 2 20.464497591350767 0
1 2 20.534420329075548 0
2 2 21.674758560867048 1
3 2 20.789892321447272 0

0 3 21.672156615918457 1
1 3 20.53448704159939 0
2 3 20.487743415024664 0
3 3 20.249824180751038 0


# 20.0 20.0 1.8408082153039302
0 0 20.108744661056114 0
1 0 20.45518998151961 0
2 0 21.784566394874226 1
3 0 20.86132958729192 0

0 1 20.15282591697906 0
1 1 20.36879489197732 0
2 1 21.097984184904522 0
3 1 21.85648474338489 1

0 2 20.47330152685771 0
1 2 20.545384257535538 0
2 2 21.689422200092373 1
3 2 20.802265617437225 0

0 3 21.684052440566877 1
1 3 20.54464474720974 0
2 3 20.497064885130264 0
3 3 20.25642247627481 0


# 20.0 20.0 1.8564847433848897
0 0 20.112126044040078 0
1 0 20.463257850266487 0
2 0 21.798685465759064 1
3 0 20.874183764659136 0

0 1 20.157857898020442 0
1 1 20.378266547451133 0
2 1 21.113955251509356 0
3 1 21.871997239765992 1

0 2 20.48207039788316 0
1 2 20.55633865988547 0
2 2 21.703965427455486 1
3 2 20.81455908322682 0

0 3 21.695747134447583 1
1 3 20.554759475980493 0
2 3 20.506369928511322 0
3 3 20.263042415269776 0


# 20.0 20.0 1.8719972397659923
0 0 20.11554289543408 0
1 0 20.471310959459025 0
2 0 21.812654075904714 1
3 0 20.886928964919456 0

0 1 20.162938424392802 0
1 1 20.38776427271644 0
2 1 21.129801971627018 0
3 1 21.8873488359331 1

0 2 20.490803731796777 0
1 2 20.567281919106357 0
2 2 21.718391241767282 1
3 2 20.826772991646934 0

0 3 21.707246996100796 1
1 3 20.564830364113934 0
2 3 20.515657559767657 0
3 3 20.26968205493704 0


# 20.0 20.0 1.8873488359330999
0 0 20.118994343804673 0
1 0 20.479348851470856 0
2 0 21.826475562172924 1
3 0 20.89956541495963 0

0 1 20.16806575874812 0
1 1 20.39728556963748 0
2 1 21.14552549150305 0
3 1 21.902542551601226 1

0 2 20.499501111148778 0
1 2 20.578212486429262 0
2 2 21.732702484514615 1
3 2 20.8389076510904 0

0 3 21.71855808194432 1
1 3 20.574856626358844 0
2 3 20.52492683624714 0
3 3 20.276339514807358 0


# 20.0 20.0 1.9025425516012255
0 0 20.122479522750332 0
1 0 20.487371087563808 0
2 0 21.840153132489977 1
3 0 20.912093408230177 0

0 1 20.17323819132314 0
1 1 20.40682802937671 0
2 1 21.161126982286696 0
3 1 21.91758130093326 1

0 2 20.50816216959689 0
1 2 20.58912887879882 0
2 2 21.74690184943899 1
3 2 20.85096340172676 0

0 3 21.729686216545794 1
1 3 20.584837551230873 0
2 3 20.534176856110488 0
3 3 20.28301297536834 0


# 20.0 20.0 1.9175813009332607
0 0 20.125997571277964 0
1 0 20.495377246683866 0
2 0 21.853689872571806 1
3 0 20.924513299615953 0

0 1 20.178454040530585 0
1 1 20.41638932974623 0
2 1 21.17660763536922 0
3 1 21.932467898334608 1

0 2 20.516786588104324 0
1 2 20.600029676438723 0
2 2 21.76099189150166 1
3 2 20.86294061203669 0

0 3 21.74063700242217 1
1 3 20.594772496498834 0
2 3 20.543406756514273 0
3 3 20.28970067667769 0


# 20.0 20.0 1.9324678983346075
0 0 20.12954763415853 0
1 0 20.50336692436086 0
2 0 21.867088752235944 1
3 0 20.936825500636626 0

0 1 20.18371165345241 0
1 1 20.425967232593866 0
2 1 21.19196865816749 0
3 1 21.947205063854643 1

0 2 20.5253740913917 0
1 2 20.610913520513495 0
2 2 21.774975035276363 1
3 2 20.874839675640853 0

0 3 21.751415829389657 1
1 3 20.604660884922893 0
2 3 20.552615711903197 0
3 3 20.296400916967823 0


# 20.0 20.0 1.9472050638546428
0 0 20.133128862262584 0
1 0 20.511339731702815 0
2 0 21.88035263132812 1
3 0 20.9490304749559 0

0 1 20.189009406242384 0
1 1 20.435559581228876 0
2 1 21.207211270315707 0
3 1 21.9617954282237 1

0 2 20.533924444626997 0
1 2 20.62177911088151 0
2 2 21.78885358280799 1
3 2 20.88666100839993 0

0 3 21.76202788348623 1
1 3 20.61450220023138 0
2 3 20.56180293240335 0
3 3 20.30311205124662 0


# 20.0 20.0 1.9617954282236987
0 0 20.136740412876474 0
1 0 20.5192952944765 0
2 0 21.893484265289317 1
3 0 20.961128734179646 0

0 1 20.19434570444499 0
1 1 20.445164297891314 0
2 1 21.2223367002311 0
3 1 21.97624153755203 1

0 2 20.542437450338415 0
1 2 20.632625203934424 0
2 2 21.802629720972835 1
3 2 20.89840504576439 0

0 3 21.772478155487562 1
1 3 20.624295983323567 0
2 3 20.570967662308924 0
3 3 20.30983248989862 0


# 20.0 20.0 1.9762415375520312
0 0 20.14038144999998 0
1 0 20.527233252266655 0
2 0 21.906486310387294 1
3 0 20.97312083392445 0

0 1 20.19971898323706 0
1 1 20.454779381268562 0
2 1 21.237346182022176 0
3 1 21.99054585771538 1

0 2 20.550912945536112 0
1 2 20.643450610518784 0
2 2 21.81630552837351 1
3 2 20.910072240354136 0

0 3 21.782771449036325 1
1 3 20.634041828686346 0
2 3 20.58010917865545 0
3 3 20.316560697290384 0


# 20.0 20.0 1.9905458577153787
0 0 20.144051144626022 0
1 0 20.53515325770684 0
2 0 21.91936132863487 1
3 0 20.985007370139375 0

0 1 20.20512770759827 0
1 1 20.464402904061824 0
2 1 21.252240952710537 0
3 1 22.00471077844978 1

0 2 20.559350799029435 0
1 2 20.654254193935696 0
2 2 21.82988298179945 1
3 2 20.921663059749736 0

0 3 21.792912388403607 1
1 3 20.643739381013457 0
2 3 20.589226789873162 0
3 3 20.323295190383405 0


# 20.0 20.0 2.0047107784497804
0 0 20.147748675003147 0
1 0 20.54305497577555 0
2 0 21.93211179241571 1
3 0 20.996788975664742 0

0 1 20.210570372416274 0
1 1 20.474033010604913 0
2 1 21.267022249739668 0
3 1 22.01873861717674 1

0 2 20.567750908927266 0
1 2 20.665034868014924 0
2 2 21.843363962281607 1
3 2 20.93317798447835 0

0 3 21.802905425900367 1
1 3 20.653388332016352 0
2 3 20.598319834514665 0
3 3 20.33003453735752 0


# 20.0 20.0 2.0187386171767407
0 0 20.151473226881336 0
1 0 20.550938083151802 0
2 0 21.944740088836927 1
3 0 21.008466317012974 0

0 1 20.216045502531752 0
1 1 20.483667914537136 0
2 1 21.281691308746154 0
3 1 22.03263162257817 1

0 2 20.576113200309685 0
1 2 20.675791595259945 0
2 2 21.85675026076808 1
3 2 20.9446175061787 0

0 3 21.812754848955866 1
1 3 20.662988417416432 0
2 3 20.607387680051556 0
3 3 20.336777356247413 0


# 20.0 20.0 2.032631622578169
0 0 20.15522399374181 0
1 0 20.558802267624817 0
2 0 21.957248523826383 1
3 0 21.020040091357362 0

0 1 20.221551652728483 0
1 1 20.493305896531666 0
2 1 21.29624936157079 0
3 1 22.04639197793917 1

0 2 20.58443762306001 0
1 2 20.68652338506078 0
2 2 21.870043583445554 1
3 2 20.95598212593078 0

0 3 21.822464786879173 1
1 3 20.67253941410884 0
2 3 20.616429721735013 0
3 3 20.343522313594494 0


# 20.0 20.0 2.0463919779391695
0 0 20.159000177011343 0
1 0 20.566647227553005 0
2 0 21.84963932599145 -1
3 0 21.030071023715664 0

0 1 20.22708740767312 0
1 1 20.502945302080438 0
2 1 21.309257634488873 0
3 1 22.059987244275348 1

0 2 20.592724149846845 0
1 2 20.697229291971645 0
2 2 21.88322827672968 1
3 2 20.967271730656883 0

0 3 21.832039217318993 1
1 3 20.682041137488575 0
2 3 20.625445174155896 0
3 3 20.350268113162848 0


# 20.0 20.0 2.059987244275348
0 0 20.162800986261647 0
1 0 20.57303267136778 0
2 0 21.746902810254678 -1
3 0 21.03867114751626 0

0 1 20.232651381809116 0
1 1 20.512549979336224 0
2 1 21.32084528776056 0
3 1 22.07338923800699 1

0 2 20.600972774246475 0
1 2 20.70790779197062 0
2 2 21.896290959261183 1
3 2 20.978485697694467 0

0 3 21.84148197243633 1
1 3 20.69149342897681 0
2 3 20.634433106858157 0
3 3 20.357013486743618 0


# 20.0 20.0 2.073389238006989
0 0 20.16660835939435 0
1 0 20.578078032958157 0
2 0 21.6487840258428 -1
3 0 21.045945065371875 0

0 1 20.23824159712886 0
1 1 20.522088452845903 0
2 1 21.331131346059536 0
3 1 22.086573635320207 1

0 2 20.609183494066553 0
1 2 20.718556893977834 0
2 2 21.909220277751725 1
3 2 20.989622987189087 0

0 3 21.850796744505143 1
1 3 20.700896145903876 0
2 3 20.643392475294906 0
3 3 20.363757186770655 0


# 20.0 20.0 2.0865736353202067
0 0 20.170406294017198 0
1 0 20.581894100846384 0
2 0 21.555042742904735 -1
3 0 21.051990439557187 0

0 1 20.2438555889406 0
1 1 20.53153346226719 0
2 1 21.340225482867606 0
3 1 22.099519609552125 1

0 2 20.61735629804484 0
1 2 20.72917423727451 0
2 2 21.922006686611155 1
3 2 21.000682223522354 0

0 3 21.85998709103034 1
1 3 20.71024915341911 0
2 3 20.652322147654132 0
3 3 20.370497980501028 0


# 20.0 20.0 2.099519609552125
0 0 20.174180663710022 0
1 0 20.584583631037418 0
2 0 21.465452542344284 -1
3 0 21.056898449555884 0

0 1 20.249490499293362 0
1 1 20.54086154228404 0
2 1 21.34822874425946 0
3 1 22.11220949895899 1

0 2 20.625491155458135 0
1 2 20.739757176338603 0
2 2 21.934642249155115 1
3 2 21.011661766877797 0

0 3 21.869056439459776 1
1 3 20.719552318136937 0
2 3 20.661220928026175 0
3 3 20.37723464554184 0


# 20.0 20.0 2.1122094989589897
0 0 20.17791904938043 0
1 0 20.58624191614195 0
2 0 21.37979996488531 -1
3 0 21.060754218938005 0

0 1 20.25514315928851 0
1 1 20.55005264020675 0
2 1 21.35523421677348 0
3 1 22.124628502433783 1

0 2 20.633588008229935 0
1 2 20.750302854463094 0
2 2 21.947120458389357 1
3 2 21.02255977594531 0

0 3 21.878008091555625 1
1 3 20.728805503263725 0
2 3 20.670087576335415 0
3 3 20.383965966529704 0


# 20.0 20.0 2.124628502433783
0 0 20.1816105845079 0
1 0 20.586957313939187 0
2 0 21.297883715355937 -1
3 0 21.063637213669715 0

0 1 20.260810161393728 0
1 1 20.559089768035662 0
2 1 21.361327643698928 0
3 1 22.016764400931333 -1

0 2 20.641646765173228 0
1 2 20.76080826738721 0
2 2 21.95943607554707 1
3 2 21.031934262671705 0

0 3 21.886845227480865 1
1 3 20.73800856498109 0
2 3 20.67892082541402 0
3 3 20.390673452791663 0


# 20.0 20.0 2.124628502433783
0 0 20.18524581316961 0
1 0 20.586811738312477 0
2 0 21.21951391845916 -1
3 0 21.06418161381029 0

0 1 20.266487922771734 0
1 1 20.567958686035993 0
2 1 21.36514799377306 0
3 1 21.913595462535277 -1

0 2 20.64966729804763 0
1 2 20.771270318047964 0
2 2 21.97155042471969 1
3 2 21.03990285572005 0

0 3 21.895570909647898 1
1 3 20.747161349889204 0
2 3 20.68771877347544 0
3 3 20.397340668041508 0


# 20.0 20.0 2.124628502433783
0 0 20.188816559828517 0
1 0 20.585881115275235 0
2 0 21.14447686255818 -1
3 0 21.06256794361424 0

0 1 20.272172740542267 0
1 1 20.57663033511793 0
2 1 21.366895927091125 0
3 1 21.8148568538259 -1

0 2 20.657649439148486 0
1 2 20.841685241368165 1
2 2 21.984150437905004 1
3 2 21.04658311129708 0

0 3 21.904188086369025 1
1 3 20.75698367840841 0
2 3 20.69649628240173 0
3 3 20.4039533567164 0


# 20.0 20.0 2.124628502433783
0 0 20.1923158099445 0
1 0 20.584235184525124 0
2 0 21.0725732229935 -1
3 0 21.058964658565962 0

0 1 20.27786063245002 0
1 1 20.58580020285748 0
2 1 21.366773491201734 0
3 1 21.720300721097992 -1

0 2 20.666312970226496 0
1 2 20.909203317255262 1
2 2 21.937139891311435 0
3 2 21.05136334825211 0

0 3 21.79271687504336 -1
1 3 20.765971361611662 0
2 3 20.70452821385653 0
3 3 20.410481734619914 0


# 20.0 20.0 2.124628502433783
0 0 20.1957375905902 0
1 0 20.58194663897236 0
2 0 21.003617365092655 -1
3 0 21.053528947891877 0

0 1 20.28356469505121 0
1 1 20.59537965083009 0
2 1 21.364245615164037 0
3 1 21.62967774574757 -1

0 2 20.67415364412518 0
1 2 20.97323329260155 1
2 2 21.893277622166977 0
3 2 21.054407332855934 0

0 3 21.68546056761064 -1
1 3 20.774159229312797 0
2 3 20.71187305190775 0
3 3 20.416899756790762 0


# 20.0 20.0 2.124628502433783
0 0 20.199077173337233 0
1 0 20.579081770406642 0
2 0 20.937427711760314 -1
3 0 21.046407171257865 0

0 1 20.28927830347857 0
1 1 20.605271495370054 0
2 1 21.359549680536702 0
3 1 21.54275565064198 -1

0 2 20.681214857036213 0
1 2 21.033965173003306 1
2 2 21.852317839162605 0
3 2 21.05586590383513 0

0 3 21.582248476212847 -1
1 3 20.781581582095146 0
2 3 20.71858397386421 0
3 3 20.423184764078687 0


# 20.0 20.0 2.124628502433783
0 0 20.202330715983717 0
1 0 20.575700695126933 0
2 0 20.87383563842944 -1
3 0 21.037735608561437 0

0 1 20.294994419553152 0
1 1 20.615388983210934 0
2 1 21.35290287320828 0
3 1 21.459317965942272 -1

0 2 20.687538329865923 0
1 2 21.091576765511164 1
2 2 21.814033737079825 0
3 2 21.055877973479266 0

0 3 21.482916970012717 -1
1 3 20.788272088159808 0
2 3 20.724709334033733 0
3 3 20.42931716026201 0


# 20.0 20.0 2.124628502433783
0 0 20.205495151584465 0
1 0 20.5718579032103 0
2 0 20.812684498235164 -1
3 0 21.027641156223353 0

0 1 20.300705723507857 0
1 1 20.62565483120206 0
2 1 21.344503827683795 0
3 1 21.379162886861334 -1

0 2 20.693164113519934 0
1 2 21.14623457800617 1
2 2 21.77821602625843 0
3 2 21.054571451473716 0

0 3 21.387309193512415 -1
1 3 20.794263697723725 0
2 3 20.730293104615246 0
3 3 20.435280117165643 0


# 20.0 20.0 2.124628502433783
0 0 20.208568089648043 0
1 0 20.567602760304492 0
2 0 20.753828722239827 -1
3 0 21.016241973908528 0

0 1 20.306404727532968 0
1 1 20.636000350026688 0
2 1 21.33453413977961 0
3 1 21.3021022163951 -1

0 2 20.698130602740715 0
1 2 21.198094646382867 1
2 2 21.74467157710504 0
3 2 21.05206409743981 0

0 3 21.295274794151542 -1
1 3 20.799588572961124 0
2 3 20.735375277428187 0
3 3 20.441059305446096 0


# 20.0 20.0 2.124628502433783
0 0 20.211547728274763 0
1 0 20.562979965978197 0
2 0 20.69713298886175 -1
3 0 21.003648085310903 0

0 1 20.31208387314909 0
1 1 20.646364644728884 0
2 1 21.323159758195278 0
3 1 21.227960386597857 -1

0 2 20.702474557189806 0
1 2 21.247303295580306 1
2 2 21.713222170547724 0
3 2 21.04846430769844 0

0 3 21.206669659123897 -1
1 3 20.804278031682344 0
2 3 20.739992229868317 0
3 3 20.446642648900838 0


# 20.0 20.0 2.124628502433783
0 0 20.214432776126397 0
1 0 20.558029972323716 0
2 0 20.642471457119516 -1
3 0 20.98996193636432 0

0 1 20.31773561421337 0
1 1 20.65669388546565 0
2 1 21.310532264598674 0
3 1 21.156573552464685 -1

0 2 20.706231128614846 0
1 2 21.293997839988176 1
2 2 21.683703346067276 0
3 2 21.0438718413443 0

0 3 21.121355661319004 -1
1 3 20.808362503125792 0
2 3 20.744177058190974 0
3 3 20.45202010033483 0


# 20.0 20.0 2.124628502433783
0 0 20.217222383224293 0
1 0 20.552789366195835 0
2 0 20.589727058726403 -1
3 0 20.9752789139895 0

0 1 20.323352487184064 0
1 1 20.6669406424589 0
2 1 21.296790051094543 0
3 1 21.08778875293831 -1

0 2 20.709433893074916 0
1 2 21.338307228285466 1
2 2 21.65596333960303 0
3 2 21.03837849032235 0

0 3 21.039200414265927 -1
1 3 20.811871494403416 0
2 3 20.747959880959048 0
3 3 20.457183437178156 0


# 20.0 20.0 2.124628502433783
0 0 20.219916079668778 0
1 0 20.54729121818586 0
2 0 20.538790844459133 -1
3 0 20.959687828254648 0

0 1 20.328927170104762 0
1 1 20.67706327963292 0
2 1 21.282059403241607 0
3 1 21.021463133976724 -1

0 2 20.712114887317643 0
1 2 21.380352637339247 1
2 2 21.62986210424443 0
3 2 21.032068697833605 0

0 3 20.960077035933008 -1
1 3 20.81483356628925 0
2 3 20.75136811525131 0
3 3 20.46212607519676 0


# 20.0 20.0 2.124628502433783
0 0 20.22251372146019 0
1 0 20.54156540116868 0
2 0 20.48956138058383 -1
3 0 20.943271360612208 0

0 1 20.33445253162129 0
1 1 20.687025401890992 0
2 1 21.266455496134363 0
3 1 20.957463229004663 -1

0 2 20.714304648509025 0
1 2 21.420248019398166 1
2 2 21.605270407184108 0
3 2 21.025020129061218 0

0 3 20.883863921217 -1
1 3 20.817276317175498 0
2 3 20.75442672800543 0
3 3 20.466842898774477 0


# 20.119999999999997 20.0 2.124628502433783
0 0 20.225735442681103 0
1 0 20.536007521021464 0
2 0 20.442308615132525 -1
3 0 20.926830853759814 0

0 1 20.340290311210172 0
1 1 20.696804198773393 0
2 1 21.25008778972105 0
3 1 20.896033038656974 -1

0 2 20.71639668029355 0
1 2 21.458105085708173 1
2 2 21.58206910442922 0
3 2 21.017668624142974 0

0 3 20.811168896022817 -1
1 3 20.819595120370963 0
2 3 20.7575228909121 0
3 3 20.472058852599258 0


# 20.239999999999995 20.0 2.124628502433783
0 0 20.23028454073136 0
1 0 20.53100797339421 0
2 0 20.39730677269946 -1
3 0 20.91114502076074 0

0 1 20.346799943176926 0
1 1 20.706389606736273 0
2 1 21.233065158084703 0
3 1 20.83742219666924 -1

0 2 20.718780906820115 0
1 2 21.49403805845446 1
2 2 21.56015732419575 0
3 2 21.01044220241054 0

0 3 20.742587328092288 -1
1 3 20.82218190464489 0
2 3 20.76103970647107 0
3 3 20.478482516812264 0


# 20.359999999999992 20.0 2.124628502433783
0 0 20.236127992263885 0
1 0 20.526583530972047 0
2 0 20.35446941276389 -1
3 0 20.896246499326548 0

0 1 20.353969927633337 0
1 1 20.715774785714668 0
2 1 21.21549191512876 0
3 1 20.781516631811524 -1

0 2 20.72147925250383 0
1 2 21.528159350853358 1
2 2 21.539451370732717 0
3 2 21.003397036141575 0

0 3 20.67797811816675 -1
1 3 20.825056390755698 0
2 3 20.764991922138893 0
3 3 20.486077813706387 0


# 20.47999999999999 20.0 2.124628502433783
0 0 20.24323402604565 0
1 0 20.522748761365513 0
2 0 20.313715543537658 -1
3 0 20.882164411454983 0

0 1 20.361789047443906 0
1 1 20.72495586489786 0
2 1 21.197463976134337 0
3 1 20.72820923836021 -1

0 2 20.724512242096235 0
1 2 21.560575412434186 1
2 2 21.519874845099736 0
3 2 20.996584303389625 0

0 3 20.61720572950697 -1
1 3 20.82823729911292 0
2 3 20.76939254090409 0
3 3 20.494810734544483 0


# 20.599999999999987 20.0 2.124628502433783
0 0 20.251572054813717 0
1 0 20.51951623494715 0
2 0 20.274969226179515 -1
3 0 20.86892463421708 0

0 1 20.370246389392957 0
1 1 20.733931607537667 0
2 1 21.179069524286014 0
3 1 20.677399391891797 -1

0 2 20.727899058304203 0
1 2 21.591387106358 1
2 2 21.501358054234203 0
3 2 20.990050580815307 0

0 3 20.560139959533725 -1
1 3 20.831742367831726 0
2 3 20.77425298806544 0
3 3 20.504649190927452 0


# 20.719999999999985 20.0 2.124628502433783
0 0 20.261112612332504 0
1 0 20.516896714431965 0
2 0 20.238159209155196 -1
3 0 20.85655005059783 0

0 1 20.379331360376543 0
1 1 20.74270310684129 0
2 1 21.160389624265754 0
3 1 20.628992500500487 -1

0 2 20.731657598970646 0
1 2 21.62069005878735 1
2 2 21.483837466654165 0
3 2 20.98383820631805 0

0 3 20.50665572059214 -1
1 3 20.83558837359213 0
2 3 20.77958326294078 0
3 3 20.51556287768517 0


# 20.839999999999982 20.0 2.124628502433783
0 0 20.271827295186235 0
1 0 20.514899327760016 0
2 0 20.203218590402162 -1
3 0 20.84506078186714 0

0 1 20.389033699252707 0
1 1 20.7512735102337 0
2 1 21.141498787114482 0
3 1 20.582899588783064 -1

0 2 20.735804533557467 0
1 2 21.648574982574008 1
2 2 21.467255211122133 0
3 2 20.977985613783776 0

0 3 20.456632829536616 -1
1 3 20.83979115480188 0
2 3 20.785392076820578 0
3 3 20.527523146375756 0


# 20.95999999999998 20.0 2.124628502433783
0 0 20.283688708883684 0
1 0 20.51353172570833 0
2 0 20.17008450514155 -1
3 0 20.834474402847018 0

0 1 20.39934348491619 0
1 1 20.759647769506238 0
2 1 21.122465490227622 0
3 1 20.539036912136478 -1

0 2 20.740355358712375 0
1 2 21.675127977340168 1
2 2 21.451558614886338 0
3 2 20.97252764208564 0

0 3 20.40995580583547 -1
1 3 20.844365636620154 0
2 3 20.791686978368702 0
3 3 20.540502888551682 0


# 21.079999999999977 20.0 2.124628502433783
0 0 20.296670417891367 0
1 0 20.51280022553905 0
2 0 20.138697837348968 -1
3 0 20.82480614133835 0

0 1 20.410251141103032 0
1 1 20.767832414580457 0
2 1 21.103352656044123 0
3 1 20.497325599100364 -1

0 2 20.745324452737798 0
1 2 21.700430807853735 1
2 2 21.43669977838402 0
3 2 20.967495820310475 0

0 3 20.36651367789769 -1
1 3 20.84932585745155 0
2 3 20.798474467569864 0
3 3 20.554476428018386 0


# 21.199999999999974 20.0 2.124628502433783
0 0 20.310746899246983 0
1 0 20.512709941880527 0
2 0 20.109002953051466 -1
3 0 20.81606906287599 0

0 1 20.421747438375487 0
1 1 20.775835348810443 0
2 1 21.08421809270616 0
3 1 20.45769131964886 -1

0 2 20.750725128812334 0
1 2 21.724561162438256 1
2 2 21.422635183537885 0
3 2 20.962918631031897 0

0 3 20.326199797328538 -1
1 3 20.854684996566625 0
2 3 20.805760099229406 0
3 3 20.56941942137286 0


# 21.319999999999972 20.0 2.124628502433783
0 0 20.325893499437164 0
1 0 20.513264905937135 0
2 0 20.080947453761535 -1
3 0 20.80827424189338 0

0 1 20.433823493688436 0
1 1 20.783665663924783 0
2 1 21.06511489970674 0
3 1 20.42006397749519 -1

0 2 20.75656968684368 0
1 2 21.747592893011696 1
2 2 21.409325333003824 0
3 2 20.95882175331102 0

0 3 20.288911660825633 -1
1 3 20.86045540254763 0
2 3 20.813548576944864 0
3 3 20.585308766166506 0


# 21.43999999999997 20.0 2.124628502433783
0 0 20.342086394252934 0
1 0 20.514468174031045 0
2 0 20.054481948491123 -1
3 0 20.801430920297054 0

0 1 20.44647076789378 0
1 1 20.79133347287211 0
2 1 21.046091841303163 0
3 1 20.384377424619327 -1

0 2 20.76286946385702 0
1 2 21.7695962382145 1
2 2 21.396734417936923 0
3 2 20.95522828697663 0

0 3 20.254550739432766 -1
1 3 20.866648622295735 0
2 3 20.82184383838997 0
3 3 20.60212251608891 0


# 21.559999999999967 20.0 2.124628502433783
0 0 20.359302551362926 0
1 0 20.516321926394454 0
2 0 20.02955984291043 -1
3 0 20.795546654376718 0

0 1 20.459681061499346 0
1 1 20.798849758983188 0
2 1 21.02719369025401 0
3 1 20.350569196364603 -1

0 2 20.769634882844784 0
1 2 21.79063803096493 1
2 2 21.38483001203498 0
3 2 20.952158959617474 0

0 3 20.22302231487487 -1
1 3 20.87327543037007 0
2 3 20.83064913267952 0
3 3 20.619839802617275 0


# 21.679999999999964 20.0 2.124628502433783
0 0 20.377519695368587 0
1 0 20.518827557053033 0
2 0 20.0061371443284 -1
3 0 20.790627450907472 0

0 1 20.47344650896273 0
1 1 20.80622623999881 0
2 1 21.00846154423454 0
3 1 20.318580265574404 -1

0 2 20.776875500022932 0
1 2 21.810781891667737 1
2 2 21.37358278979569 0
3 2 20.94963231760939 0

0 3 20.194235322704092 -1
1 3 20.880345858459144 0
2 3 20.839967090517444 0
3 3 20.638440762620576 0


# 21.79999999999996 20.0 2.124628502433783
0 0 20.396716275127506 0
1 0 20.521985755570263 0
2 0 19.984172281275153 -1
3 0 20.786677893236998 0

0 1 20.487759571768088 0
1 1 20.813475245637754 0
2 1 20.989933117098676 0
3 1 20.28835481435562 -1

0 2 20.784600050455648 0
1 2 21.830088408199863 1
2 2 21.362966267086602 0
3 2 20.947664902398547 0

0 3 20.168102201993722 -1
1 3 20.88786922481239 0
2 3 20.849799787769946 0
3 3 20.657906471448257 0


# 21.91999999999996 20.0 2.124628502433783
0 0 20.416871433150977 0
1 0 20.525796581357078 0
2 0 19.96362593656191 -1
3 0 20.783701258091476 0

0 1 20.50261303050476 0
1 1 20.820609607493065 0
2 1 20.971643006983907 0
3 1 20.259840022162372 -1

0 2 20.79281649202489 0
1 2 21.848615303703273 1
2 2 21.352956562276713 0
3 2 20.946271413168457 0

0 3 20.144538751323996 -1
1 3 20.895854163483836 0
2 3 20.860148803050112 0
3 3 20.67821888107074 0


# 22.039999999999957 20.0 2.124628502433783
0 0 20.437964976899885 0
1 0 20.53025953119154 0
2 0 19.944460892781514 -1
3 0 20.78169962377951 0

0 1 20.517999976140576 0
1 1 20.82764256014963 0
2 1 20.953622943097123 0
3 1 20.232985868992092 -1

0 2 20.801532047733858 0
1 2 21.866417593129245 1
2 2 21.34353217631677 0
3 2 20.945464856931938 0

0 3 20.123463990810944 -1
1 3 20.9043086532614 0
2 3 20.871015269849796 0
3 3 20.699360762873575 0


# 22.159999999999954 20.0 2.124628502433783
0 0 20.459977351819475 0
1 0 20.535373600538502 0
2 0 19.926641889293673 -1
3 0 20.780673970422875 0

0 1 20.533913800659107 0
1 1 20.834587652511537 0
2 1 20.93590201287383 0
3 1 20.20774495257717 -1

0 2 20.810753246344227 0
1 2 21.88354772940025 1
2 2 21.334673790282235 0
3 2 20.945256687009593 0

0 3 20.104800029937017 -1
1 3 20.913240046174664 0
2 3 20.88239992370807 0
3 3 20.72131565473874 0


# 22.27999999999995 20.0 2.124628502433783
0 0 20.482889615968343 0
1 0 20.54113733920917 0
2 0 19.91013548981341 -1
3 0 20.780624272796338 0

0 1 20.550348187209313 0
1 1 20.841458668415296 0
2 1 20.918506871068942 0
3 1 20.184072318539425 -1

0 2 20.82048596135633 0
1 2 21.900055739983777 1
2 2 21.32636407900993 0
3 2 20.945656930782647 0

0 3 20.088471940949656 -1
1 3 20.922655095491027 0
2 3 20.89430314486321 0
3 3 20.744067812075894 0


# 22.39999999999995 20.0 2.124628502433783
0 0 20.506683416110505 0
1 0 20.547548901854455 0
2 0 19.89490995978988 -1
3 0 20.78154958631562 0

0 1 20.567297099897107 0
1 1 20.848269555685015 0
2 1 20.901461932213923 0
3 1 20.161925302552515 -1

0 2 20.83073544834933 0
1 2 21.915989354606978 1
2 2 21.318587539567055 0
3 2 20.94667430754012 0

0 3 20.074407637601553 -1
1 3 20.932559983125266 0
2 3 20.90672499679617 0
3 3 20.767602162493198 0


# 22.519999999999946 20.0 2.124628502433783
0 0 20.531340965151546 0
1 0 20.554606093744084 0
2 0 19.88093515282599 -1
3 0 20.7834481266728 0

0 1 20.58475477333166 0
1 1 20.855034362858895 0
2 1 20.884789547761308 0
3 1 20.141263383629 -1

0 2 20.84150638070514 0
1 2 21.93139412478092 1
2 2 21.31133033339038 0
3 2 20.948316337177587 0

0 3 20.06253775901386 -1
1 3 20.942960346401097 0
2 3 20.919665261038148 0
3 3 20.79190426382203 0


# 22.639999999999944 20.0 2.124628502433783
0 0 20.556845020811 0
1 0 20.562306412244784 0
2 0 19.868182405447445 -1
3 0 20.786317343581494 0

0 1 20.60271570202423 0
1 1 20.8617671828834 0
2 1 20.868510169132968 0
3 1 20.122048047715285 -1

0 2 20.85280288374535 0
1 2 21.946313535748477 1
2 2 21.304580141024807 0
3 2 20.950589440446873 0

0 3 20.05279555845112 -1
1 3 20.953861304115105 0
2 3 20.93312346858209 0
3 3 20.816960265232783 0


# 22.639999999999944 20.0 2.124628502433783
0 0 20.582458865433033 0
1 0 20.57027844437567 0
2 0 19.856260015903732 -1
3 0 20.789429615975987 0

0 1 20.620805989723955 0
1 1 20.86847325577277 0
2 1 20.852638018539583 0
3 1 20.10387391461079 -1

0 2 20.86426414363513 0
1 2 21.960784632167123 1
2 2 21.298325920972445 0
3 2 20.953134605157896 0

0 3 20.04439242371988 -1
1 3 20.9648987356359 0
2 3 20.946734501963736 0
3 3 20.84202812496986 0


# 22.639999999999944 19.0 2.124628502433783
0 0 20.607463359486637 0
1 0 20.57815310928585 0
2 0 19.844779744161393 -1
3 0 20.79207399370612 0

0 1 20.638654547262284 0
1 1 20.875149303182734 0
2 1 20.837176940244813 0
3 1 20.086339836666443 -1

0 2 20.875531028840246 0
1 2 21.974833829686677 1
2 2 21.292548835290404 0
3 2 20.955593953304383 0

0 3 20.03655945363968 -1
1 3 20.97571052216267 0
2 3 20.960135102670332 0
3 3 20.86638386114264 0


# 22.639999999999944 19.0 2.974833829686677
0 0 20.631876370423694 0
1 0 20.585932343709057 0
2 0 19.833721194238535 -1
3 0 20.794280062303557 0

0 1 20.65626173670663 0
1 1 20.881792594834128 0
2 1 20.822125276645416 0
3 1 20.069417555033493 -1

0 2 20.886610585869352 0
1 2 21.988481756319594 1
2 2 21.28722252426374 0
3 2 20.957975294550877 0

0 3 20.029271166605035 -1
1 3 20.98630533653898 0
2 3 20.973328369021523 0
3 3 20.890049686104373 0


# 22.639999999999944 19.0 2.988481756319594
0 0 20.655715150053428 0
1 0 20.593617932542788 0
2 0 19.823065183338418 -1
3 0 20.796075772921093 0

0 1 20.673628163734033 0
1 1 20.888400787832992 0
2 1 20.807480535972058 0
3 1 20.053080396963413 -1

0 2 20.897509514302744 0
1 2 22.001747889971515 1
2 2 21.28232222817327 0
3 2 20.960285759914633 0

0 3 20.022503182817353 -1
1 3 20.996691465706068 0
2 3 20.986317338082422 0
3 3 20.91304713458058 0


# 22.639999999999944 19.0 3.001747889971515
0 0 20.678996357806827 0
1 0 20.60121152732373 0
2 0 19.812793659672806 -1
3 0 20.797487533775566 0

0 1 20.690754660776513 0
1 1 20.894971885385534 0
2 1 20.79323948828774 0
3 1 20.037303173674683 -1

0 2 20.908234183504813 0
1 2 22.01465062840612 1
2 2 21.277824679797245 0
3 2 20.96253185785485 0

0 3 20.01623217602646 -1
1 3 21.006876825856594 0
2 3 20.999104993565773 0
3 3 20.935397079952725 0


# 22.639999999999944 19.0 3.0146506284061196
0 0 20.701736083182983 0
1 0 20.60871466271503 0
2 0 19.802889626183887 -1
3 0 20.79854029615795 0

0 1 20.70764227084878 0
1 1 20.90150419949012 0
2 1 20.77939825299968 0
3 1 20.022062085264494 -1

0 2 20.918790648700988 0
1 2 22.027207354488766 1
2 2 21.273708004673885 0
3 2 20.96471952586364 0

0 3 20.010435827384196 -1
1 3 21.01686897727588 0
2 3 21.01169427257884 0
3 3 20.957119750655735 0


# 22.639999999999944 19.0 3.027207354488766
0 0 20.72394986739116 0
1 0 20.61612877119778 0
2 0 19.79333706972843 -1
3 0 20.799257635356177 0

0 1 20.72429223206012 0
1 1 20.90799631724355 0
2 1 20.76595237857862 0
3 1 20.007334632160966 -1

0 2 20.929184666422742 0
1 2 22.039434497060697 1
2 2 21.26995162853852 0
3 2 20.96685417791363 0

0 3 20.005092781322748 -1
1 3 21.026675138841842 0
2 3 21.024088071346963 0
3 3 20.978234746623254 0


# 22.639999999999944 19.0 3.0394344970606966
0 0 20.74565272420417 0
1 0 20.623455196141585 0
2 0 19.784120895320754 -1
3 0 20.799661826813136 0

0 1 20.74070596280804 0
1 1 20.914447070430928 0
2 1 20.75289691512426 0
3 1 19.99309953264842 -1

0 2 20.939421709327284 0
1 2 22.051347587767445 1
2 2 21.2665361913945 0
3 2 20.96894074808925 0

0 3 20.00018260337316 -1
1 3 21.036302202160336 0
2 3 21.036289250032528 0
3 3 20.998761055722277 0


# 22.639999999999944 19.0 3.051347587767445
0 0 20.766859160040216 0
1 0 20.63069520341314 0
2 0 19.775226865061487 -1
3 0 20.79977391782038 0

0 1 20.756885047647682 0
1 1 20.920855508097674 0
2 1 20.740226480364722 0
3 1 19.979336646032475 -1

0 2 20.949506980400997 0
1 2 22.06296131413925 1
2 2 21.263443467719075 0
3 2 20.970983730703185 0

0 3 19.99568573984246 -1
1 3 21.04575674531777 0
2 3 21.04830063675627 0
3 3 21.01871707012579 0


# 22.639999999999944 19.0 3.062961314139251
0 0 20.787583193291496 0
1 0 20.637849991667196 0
2 0 19.766641541407132 -1
3 0 20.799613795028122 0

0 1 20.77283122382796 0
1 1 20.927220871828975 0
2 1 20.72793531963107 0
3 1 19.96602690104346 -1

0 2 20.95944542655787 0
1 2 22.074289569197653 1
2 2 21.260656292344017 0
3 2 20.97298721717581 0

0 3 19.991583479270638 -1
1 3 21.05504504623712 0
2 3 21.06012503091699 0
3 3 21.038120602578374 0


