# 20.0 20.0 0.0
0 0 20.0 0
1 0 20.0 0
2 0 20.0 0
3 0 20.0 0

0 1 20.0 0
1 1 20.0 0
2 1 20.0 0
3 1 20.0 0

0 2 20.0 0
1 2 20.0 0
2 2 20.0 0
3 2 20.0 0

0 3 20.0 0
1 3 20.0 0
2 3 20.0 0
3 3 20.0 0


# 20.0 20.0 0.0
0 0 20.0 0
1 0 20.0 0
2 0 20.0 0
3 0 20.0 0

0 1 20.0 0
1 1 20.0 0
2 1 20.0 0
3 1 20.0 0

0 2 20.0 0
1 2 20.0 0
2 2 20.0 0
3 2 20.0 0

0 3 20.0 0
1 3 20.0 0
2 3 20.0 0
3 3 20.0 0


# 20.0 20.0 0.0
0 0 20.0 0
1 0 20.0 0
2 0 20.0 0
3 0 20.0 0

0 1 20.0 0
1 1 20.0 0
2 1 20.0 0
3 1 20.0 0

0 2 20.0 0
1 2 20.0 0
2 2 20.0 0
3 2 20.0 0

0 3 20.0 0
1 3 20.0 0
2 3 20.0 0
3 3 20.0 0


# 20.0 20.0 0.0
0 0 20.0 0
1 0 20.0 0
2 0 20.0 0
3 0 20.0 0

0 1 20.0 0
1 1 20.0 0
2 1 20.0 0
3 1 20.0 0

0 2 20.0 0
1 2 20.0 0
2 2 20.0 0
3 2 20.0 0

0 3 20.0 0
1 3 20.0 0
2 3 20.0 0
3 3 20.0 0


# 20.0 20.0 0.0
0 0 20.0 0
1 0 20.0 0
2 0 20.0 0
3 0 20.0 0

0 1 20.0 0
1 1 20.0 0
2 1 20.0 0
3 1 20.0 0

0 2 20.0 0
1 2 20.0 0
2 2 20.0 0
3 2 20.0 0

0 3 20.0 0
1 3 20.0 0
2 3 20.0 0
3 3 20.0 0


# 20.0 20.0 0.0
0 0 20.0 0
1 0 20.0 0
2 0 20.0 0
3 0 20.0 0

0 1 20.0 0
1 1 20.0 0
2 1 20.0 0
3 1 20.0 0

0 2 20.0 0
1 2 20.0 0
2 2 20.0 0
3 2 20.0 0

0 3 20.0 0
1 3 20.0 0
2 3 20.0 0
3 3 20.0 0


# 20.0 20.0 0.0
0 0 20.0 0
1 0 20.0 0
2 0 20.0 0
3 0 20.0 0

0 1 20.0 0
1 1 20.0 0
2 1 20.0 0
3 1 20.0 0

0 2 20.0 0
1 2 20.0 0
2 2 20.0 0
3 2 20.0 0

0 3 20.0 0
1 3 20.0 0
2 3 20.0 0
3 3 20.0 0


# 20.0 20.0 0.0
0 0 20.0 0
1 0 20.0 0
2 0 20.0 0
3 0 20.0 0

0 1 20.0 0
1 1 20.0 0
2 1 20.0 0
3 1 20.0 0

0 2 20.0 0
1 2 20.0 0
2 2 20.0 0
3 2 20.0 0

0 3 20.0 0
1 3 20.0 0
2 3 20.0 0
3 3 20.0 0


# 20.0 20.0 0.0
0 0 20.0 0
1 0 20.0 0
2 0 20.0 0
3 0 20.0 0

0 1 20.0 0
1 1 20.0 0
2 1 20.0 0
3 1 20.0 0

0 2 20.0 0
1 2 20.0 0
2 2 20.0 0
3 2 20.0 0

0 3 20.0 0
1 3 20.0 0
2 3 20.0 0
3 3 20.0 0


# 20.0 20.0 0.0
0 0 20.0 0
1 0 20.0 0
2 0 20.0 0
3 0 20.0 0

0 1 20.0 0
1 1 20.0 0
2 1 20.0 0
3 1 20.0 0

0 2 20.0 0
1 2 20.0 0
2 2 20.0 0
3 2 20.0 0

0 3 20.0 0
1 3 20.0 0
2 3 20.0 0
3 3 20.0 0


# 20.0 20.0 0.0
0 0 20.0 0
1 0 20.0 0
2 0 20.0 0
3 0 20.0 0

0 1 20.0 0
1 1 20.0 0
2 1 20.0 0
3 1 20.0 0

0 2 20.0 0
1 2 20.0 0
2 2 20.0 0
3 2 20.0 0

0 3 20.0 0
1 3 20.0 0
2 3 20.0 0
3 3 20.0 0


# 20.0 20.0 0.0
0 0 20.0 0
1 0 20.0 0
2 0 20.0 0
3 0 20.0 0

0 1 20.0 0
1 1 20.0 0
2 1 20.0 0
3 1 20.0 0

0 2 20.0 0
1 2 20.0 0
2 2 20.0 0
3 2 20.0 0

0 3 20.0 0
1 3 20.0 0
2 3 20.0 0
3 3 20.0 0


# 20.0 20.0 0.0
0 0 20.0 0
1 0 20.0 0
2 0 20.0 0
3 0 20.0 0

0 1 20.0 0
1 1 20.0 0
2 1 20.0 0
3 1 20.0 0

0 2 20.0 0
1 2 20.0 0
2 2 20.0 0
3 2 20.0 0

0 3 20.0 0
1 3 20.0 0
2 3 20.0 0
3 3 20.0 0


# 20.0 20.0 0.0
0 0 20.0 0
1 0 20.0 0
2 0 20.0 0
3 0 20.0 0

0 1 20.0 0
1 1 20.0 0
2 1 20.0 0
3 1 20.0 0

0 2 20.0 0
1 2 20.0 0
2 2 20.0 0
3 2 20.0 0

0 3 20.0 0
1 3 20.0 0
2 3 20.0 0
3 3 20.0 0


# 20.0 20.0 0.0
0 0 20.0 0
1 0 20.0 0
2 0 20.0 0
3 0 20.0 0

0 1 20.0 0
1 1 20.0 0
2 1 20.0 0
3 1 20.0 0

0 2 20.0 0
1 2 20.0 0
2 2 20.0 0
3 2 20.0 0

0 3 20.0 0
1 3 20.0 0
2 3 20.0 0
3 3 20.0 0


# 20.0 20.0 0.0
0 0 20.0 0
1 0 20.0 0
2 0 20.0 0
3 0 20.0 0

0 1 20.0 0
1 1 20.0 0
2 1 20.0 0
3 1 20.0 0

0 2 20.0 0
1 2 20.0 0
2 2 20.0 0
3 2 20.0 0

0 3 20.0 0
1 3 20.0 0
2 3 20.0 0
3 3 20.0 0


# 20.0 20.0 0.0
0 0 20.0 0
1 0 20.0 0
2 0 20.0 0
3 0 20.0 0

0 1 20.0 0
1 1 20.0 0
2 1 20.0 0
3 1 20.0 0

0 2 20.0 0
1 2 20.0 0
2 2 20.0 0
3 2 20.0 0

0 3 20.0 0
1 3 20.0 0
2 3 20.0 0
3 3 20.0 0


# 20.0 20.0 0.0
0 0 20.0 0
1 0 20.0 0
2 0 20.0 0
3 0 20.0 0

0 1 20.0 0
1 1 20.0 0
2 1 20.0 0
3 1 20.0 0

0 2 20.0 0
1 2 20.0 0
2 2 20.0 0
3 2 20.0 0

0 3 20.0 0
1 3 20.0 0
2 3 20.0 0
3 3 20.0 0


# 20.0 20.0 0.0
0 0 20.0 0
1 0 20.0 0
2 0 20.0 0
3 0 20.0 0

0 1 20.0 0
1 1 20.0 0
2 1 20.0 0
3 1 20.0 0

0 2 20.0 0
1 2 20.0 0
2 2 20.0 0
3 2 20.0 0

0 3 20.0 0
1 3 20.0 0
2 3 20.0 0
3 3 20.0 0


# 20.0 20.0 0.0
0 0 20.0 0
1 0 20.0 0
2 0 20.0 0
3 0 20.0 0

0 1 20.0 0
1 1 20.0 0
2 1 20.0 0
3 1 20.0 0

0 2 20.0 0
1 2 20.0 0
2 2 20.0 0
3 2 20.0 0

0 3 20.0 0
1 3 20.0 0
2 3 20.0 0
3 3 20.0 0


# 20.0 20.0 0.0
0 0 20.0 0
1 0 20.0 0
2 0 20.0 0
3 0 20.0 0

0 1 20.0 0
1 1 20.0 0
2 1 20.0 0
3 1 20.0 0

0 2 20.0 0
1 2 20.0 0
2 2 20.0 0
3 2 20.0 0

0 3 20.0 0
1 3 20.0 0
2 3 20.0 0
3 3 20.0 0


# 20.0 20.0 0.0
0 0 20.0 0
1 0 20.0 0
2 0 20.0 0
3 0 20.0 0

0 1 20.0 0
1 1 20.0 0
2 1 20.0 0
3 1 20.0 0

0 2 20.0 0
1 2 20.0 0
2 2 20.0 0
3 2 20.0 0

0 3 20.0 0
1 3 20.0 0
2 3 20.0 0
3 3 20.0 0


# 20.0 20.0 0.0
0 0 20.06 1
1 0 20.06072 1
2 0 20.00072864 0
3 0 20.00000874368 0

0 1 20.00072 0
1 1 20.00073728 0
2 1 20.00001759104 0
3 1 20.00000031601664 0

0 2 20.00000864 0
1 2 20.00000895104 0
2 2 20.00000031850496 0
3 2 20.000000007614258 0

0 3 20.00000010368 0
1 3 20.00000010865664 0
2 3 20.00000000512594 0
3 3 20.000000000152884 0


# 20.0 20.0 0.060719999999999885
0 0 20.11857728 1
1 0 20.1196102784 1
2 0 20.00213367647744 0
3 0 20.000034036817446 0

0 1 20.002121638400002 0
1 1 20.00216299206656 0
2 1 20.000068314306866 0
3 1 20.000001531048802 0

0 2 20.00003384543744 0
1 2 20.00003488856607 0
2 2 20.000001541804078 0
3 2 20.000000044170527 0

0 3 20.00000050739665 0
1 3 20.000000528906124 0
2 3 20.000000029761008 0
3 3 20.000000001034557 0


# 20.0 20.0 0.11961027839999971
0 0 20.1757692809216 1
1 0 20.176747438100787 1
2 0 20.00416625953609 0
3 0 20.000082824979035 0

0 1 20.00416812300831 0
1 1 20.00423139361515 0
2 1 20.000165843932187 0
3 1 20.000004451301734 0

0 2 20.00008286615672 0
1 2 20.000085009880685 0
2 2 20.000004478930414 0
3 2 20.000000149490564 0

0 3 20.000001489871124 0
1 3 20.00000154504622 0
2 3 20.00000010081118 0
3 3 20.000000004000935 0


# 20.0 20.0 0.17674743810078652
0 0 20.23161257354173 1
1 0 20.232204168420868 1
2 0 20.006780710683557 0
3 0 20.000161265223614 0

0 1 20.006824183841722 0
1 1 20.00689963719453 0
2 1 20.000322154760767 0
3 1 20.00001006718076 0

0 2 20.00016231398126 0
1 2 20.00016574510824 0
2 2 20.000010121743802 0
3 2 20.000000385527066 0

0 3 20.000003402544092 0
1 3 20.00000351113584 0
2 3 20.00000026021968 0
3 3 20.000000011605863 0


# 20.0 20.0 0.23220416842086777
0 0 20.28614286112138 1
1 0 20.286049471855186 1
2 0 20.009934315536924 0
3 0 20.000274792268176 0

0 1 20.070056025867935 1
1 1 20.010847575380296 0
2 1 20.00055631629035 0
3 1 20.000019622288196 0

0 2 20.00099819887629 0
1 2 20.00030010222868 0
2 2 20.00001992067129 0
3 2 20.000000843989714 0

0 3 20.00001530057265 0
1 3 20.000007151624388 0
2 3 20.00000057429727 0
3 3 20.000000028207495 0


# 20.0 20.0 0.2861428611213803
0 0 20.340114984093688 1
1 0 20.3383661565374 1
2 0 20.013587441465525 0
3 0 20.000428184511566 0

0 1 20.131337201881685 1
1 1 20.0759736090853 1
2 1 20.001604820230536 0
3 1 20.000043204336873 0

0 2 20.00253610577968 0
1 2 20.001228138767633 0
2 2 20.00005297700649 0
3 2 20.000001963056757 0

0 3 20.000045268840882 0
1 3 20.000022139039032 0
2 3 20.00000145190782 0
3 3 20.0000000681716 0


# 20.0 20.0 0.3401149840936881
0 0 20.393507284967345 1
1 0 20.389951597989047 1
2 0 20.017720584156745 0
3 0 20.000625935331072 0

0 1 20.191485243400642 1
1 1 20.13933811345386 1
2 1 20.063413647406918 1
3 1 20.00080988830426 0

0 2 20.004742693149044 0
1 2 20.002899059178567 0
2 2 20.00084622756878 0
3 2 20.00002175481691 0

0 3 20.000100817148866 0
1 3 20.000057225138217 0
2 3 20.000012233178236 0
3 3 20.000000473573365 0


# 20.0 20.0 0.3935072849673453
0 0 20.446318264805196 1
1 0 20.440814154422497 1
2 0 20.023034564468087 0
3 0 20.000889535092423 0

0 1 20.250527652034712 1
1 1 20.201741738164586 1
2 1 20.123086981353456 1
3 1 20.002263852250636 0

0 2 20.00758583037713 0
1 2 20.00528267659298 0
2 2 20.002346452396775 0
3 2 20.000076170453248 0

0 3 20.000188904397692 0
1 3 20.00012062745244 0
2 3 20.00004133002582 0
3 3 20.00000186653047 0


# 20.0 20.0 0.4463182648051962
0 0 20.498546908949695 1
1 0 20.49097983847574 1
2 0 20.029446589019486 0
3 0 20.001238037124338 0

0 1 20.30849998437915 1
1 1 20.263192328502303 1
2 1 20.180745796914522 1
3 1 20.004353490510013 0

0 2 20.07103488428573 1
1 2 20.009069439628163 0
2 2 20.00451301552599 0
3 2 20.00017939176501 0

0 3 20.001035969980233 0
1 3 20.000237321975046 0
2 3 20.000096620613114 0
3 3 20.00000511148391 0


# 20.0 20.0 0.4985469089496952
0 0 20.550192978101766 1
1 0 20.540472668007244 1
2 0 20.03687931030522 0
3 0 20.061688261397645 1

0 1 20.366156027325903 1
1 1 20.323716423916704 1
2 1 20.23650354554572 1
3 1 20.00775109829309 0

0 2 20.13256655638894 1
1 2 20.07416650633969 1
2 2 20.008027743551906 0
3 2 20.000361264750826 0

0 3 20.002592321601313 0
1 3 20.001149619834745 0
2 3 20.00020275224581 0
3 3 20.000011695674452 0


# 20.0 20.0 0.5501929781017658
0 0 20.6012655752341 1
1 0 20.58931515166441 1
2 0 20.045980462775695 0
3 0 20.120112262720156 1

0 1 20.423468056844694 1
1 1 20.384059474693437 1
2 1 20.290501200711294 1
3 1 20.01235724890297 0

0 2 20.193001483638035 1
1 2 20.137641373896003 1
2 2 20.07278689096066 1
3 2 20.00136796165775 0

0 3 20.004828811265337 0
1 3 20.00281341105057 0
2 3 20.00110158062371 0
3 3 20.00004090913755 0


# 20.0 20.0 0.6012655752340983
0 0 20.65177341302778 1
1 0 20.63754567550047 1
2 0 20.0566271930063 0
3 0 20.176616034565143 1

0 1 20.48042841091353 1
1 1 20.444178019840408 1
2 1 20.343588535309674 1
3 1 20.018097114827434 0

0 2 20.252370204478137 1
1 2 20.20030037026495 1
2 2 20.13584942156882 1
3 2 20.06315835661453 1

0 3 20.00771717744613 0
1 3 20.005204677326464 0
2 3 20.002748454333908 0
3 3 20.00083031813998 0


# 20.0 20.0 0.6517734130277795
0 0 20.701725259195747 1
1 0 20.68519912279396 1
2 0 20.06871369521206 0
3 0 20.23129958704127 1

0 1 20.53702969945733 1
1 1 20.50405088762198 1
2 1 20.395816819045574 1
3 1 20.025620333157097 0

0 2 20.310711222856074 1
1 2 20.262155747004712 1
2 2 20.1980152018575 1
3 2 20.123199295874574 1

0 3 20.01123034986026 0
1 3 20.00829969549314 0
2 3 20.00511876183777 0
3 3 20.00234024337949 0


# 20.0 20.0 0.7017252591957472
0 0 20.751129895731715 1
1 0 20.732307493379402 1
2 0 20.08214080680675 0
3 0 20.28426593558735 1

0 1 20.59326515615464 1
1 1 20.563658987603137 1
2 1 20.447250835684482 1
3 1 20.034800871970255 0

0 2 20.368061166532353 1
1 2 20.32322869176632 1
2 2 20.2592960431903 1
3 2 20.18158217135032 1

0 3 20.015342387609596 0
1 3 20.012075386376992 0
2 3 20.008188313915944 0
3 3 20.004533240441024 0


# 20.0 20.0 0.7511298957317152
0 0 20.79999609127978 1
1 0 20.77890012928574 1
2 0 20.096815895727556 0
3 0 20.335611763118578 1

0 1 20.64912861454113 1
1 1 20.62298545545352 1
2 1 20.497949574767727 1
3 1 20.045520957458344 0

0 2 20.424454993864998 1
1 2 20.383539457108167 1
2 2 20.319704947322872 1
3 2 20.238392829896274 1

0 3 20.020028426218555 0
1 3 20.01650929451607 0
2 3 20.011933374518833 0
3 3 20.00737395823813 0


# 20.0 20.0 0.7999960912797803
0 0 20.84833257691963 1
1 0 20.82500393099295 1
2 0 20.11265241133355 0
3 0 20.38542782007181 1

0 1 20.70461448904526 1
1 1 20.68201544301472 1
2 1 20.54796672028843 1
3 1 20.05767052568817 0

0 2 20.47992607259113 1
1 2 20.443107432256312 1
2 2 20.37925591413489 1
3 2 20.293711935817363 1

0 3 20.025264627279974 0
1 3 20.021579569355055 0
2 3 20.01633068608978 0
3 3 20.070829007204445 1


# 20.0 20.0 0.8483325769196313
0 0 20.896148025190982 1
1 0 20.870643556445717 1
2 0 20.129569467219213 0
3 0 20.433799298464116 1

0 1 20.75971775499492 1
1 1 20.74073592731784 1
2 1 20.597351099726904 1
3 1 20.071146711617367 0

0 2 20.53450625531668 1
1 2 20.501951207501502 1
2 2 20.437963769406043 1
3 2 20.34833530837177 1

0 3 20.031028130593956 0
1 3 20.027264947732366 0
2 3 20.022077489966122 0
3 3 20.13272411652514 1


# 20.0 20.0 0.8961480251909819
0 0 20.943451032021393 1
1 0 20.915841604193698 1
2 0 20.14749145362462 0
3 0 20.480806181702313 1

0 1 20.814433927861003 1
1 1 20.79913553687798 1
2 1 20.646147096598323 1
3 1 20.085862012769507 0

0 2 20.588225951784857 1
1 2 20.560088632011045 1
2 2 20.49586129079792 1
3 2 20.402278594461265 1

0 3 20.03729700868678 0
1 3 20.033553377495576 0
2 3 20.02909590080537 0
3 3 20.193122542273436 1


# 20.0 20.0 0.9434510320213931
0 0 20.99025010125328 1
1 0 20.960618781918633 1
2 0 20.16634767729502 0
3 0 20.526523675441805 1

0 1 20.868759041969835 1
1 1 20.85720439373781 1
2 1 20.694395340456808 1
3 1 20.101734179557507 0

0 2 20.641114198001905 1
1 2 20.61753717679491 1
2 2 20.55297963298984 1
3 2 20.45555692975174 1

0 3 20.044050327280026 0
1 3 20.040432336499325 0
2 3 20.037312287112695 0
3 3 20.252084561353964 1


# 20.0 20.0 0.990250101253281
0 0 21.036553631494826 1
1 0 21.004994061508384 1
2 0 20.18607203177751 0
3 0 20.57102249766192 1

0 1 20.922689628885916 1
1 1 20.914933977330147 1
2 1 20.74213300197474 1
3 1 20.118685893168752 0

0 2 20.693198727281356 1
1 2 20.674313928397964 1
2 2 20.609348404373172 1
3 2 20.50818496500892 1

0 3 20.051268088263313 0
1 3 20.04788891001164 0
2 3 20.046657033562827 0
3 3 20.30966762112808 1


# 20.0 20.0 1.0365536314948258
0 0 21.082369905045745 1
1 0 21.048984821894873 1
2 0 20.20660269030123 0
3 0 20.61436915074773 1

0 1 20.976222695788593 1
1 1 20.972316999794973 1
2 1 20.78939406573161 1
3 1 20.136644463833523 0

0 2 20.74450603728494 1
1 2 20.73043558405244 1
2 2 20.664995740743528 1
3 2 20.560176890387005 1

0 3 20.05893117645339 0
1 3 20.055909861319975 0
2 3 20.057064316831486 0
3 3 20.365926481254093 1


# 20.0 20.0 1.082369905045745
0 0 21.1277070786763 1
1 0 21.092606980600557 1
2 0 20.227881819673538 0
3 0 20.6566261767229 1

0 1 21.029355703954547 1
1 1 21.029347291816883 1
2 1 20.836209582369303 1
3 1 20.155541548146267 0

0 2 20.795061453292497 1
1 2 20.785918448184 1
2 2 20.7199483760411 1
3 2 20.611546457856047 1

0 3 20.06702130987642 0
1 3 20.064481696043238 0
2 3 20.068471894164624 0
3 3 20.420913348153192 1


# 20.0 20.0 1.1277070786762984
0 0 21.172573176058613 1
1 0 21.13587511486592 1
2 0 20.24985531373475 0
3 0 20.697852396703446 1

0 1 21.082086547442472 1
1 1 21.086019698124012 1
2 1 20.88260790164813 1
3 1 20.175312884198615 0

0 2 20.84488918792025 1
1 2 20.84077843016871 1
2 2 20.774231710197178 1
3 2 20.662307001936682 1

0 3 20.075520993328432 0
1 3 20.073590720621365 0
2 3 20.08082090395737 0
3 3 20.474678002490407 1


# 20.0 20.0 1.1725731760586129
0 0 21.216976081668204 1
1 0 21.17880257316388 1
2 0 20.272472545016075 0
3 0 20.738103135572697 1

0 1 21.13441353206244 1
1 1 21.142329981858577 1
2 1 20.928614887824263 1
3 1 20.195898043366277 0

0 2 20.89401239749431 1
1 2 20.89503104324267 1
2 2 20.827869874151244 1
3 2 20.712471458895436 1

0 3 20.084413474985997 0
1 3 20.0832230954215 0
2 3 20.09405567765592 0
3 3 20.527267920039368 1


# 20.0 20.0 1.2169760816682036
0 0 21.260923535990862 1
1 0 21.22140157784538 1
2 0 20.295686133340308 0
3 0 20.777430432812558 1

0 1 21.186335354699942 1
1 1 21.198274737092714 1
2 1 20.974254118664106 1
3 1 20.21724019766936 0

0 2 20.942453235274694 1
1 2 20.948691404470306 1
2 2 20.880885792108213 1
3 2 20.762052384539633 1

0 3 20.093682705854857 0
1 3 20.09336488286957 0
2 3 20.108123562334576 0
3 3 20.578728386280442 1


# 20.0 20.0 1.2609235359908624
0 0 21.304423131885734 1
1 0 21.2636833196037 1
2 0 20.31945173019298 0
3 0 20.815883240365654 1

0 1 21.23785108305358 1
1 1 21.253851308821762 1
2 1 21.019547069313738 1
3 1 20.239285901697873 0

0 2 20.990232901713703 1
1 2 21.00177423568189 1
2 2 20.933301241109458 1
3 2 20.81106197073802 1

0 3 20.10331330185908 0
1 3 20.104002090987553 0
2 3 20.122974753337054 0
3 3 20.62910260506325 1


# 20.0 20.0 1.3044231318857342
0 0 21.347482311969735 1
1 0 21.30565804439216 1
2 0 20.343727817773733 0
3 0 20.85350760834615 1

0 1 21.288960135835392 1
1 1 21.309057719820995 1
2 1 21.064513282151502 1
3 1 20.26198488816139 0

0 2 21.037371691922246 1
1 2 21.054293865295243 1
2 2 20.985136907994466 1
3 2 20.859512060781654 1

0 3 20.113290508387074 0
1 3 20.11512071269031 0
2 3 20.138562136405874 0
3 3 20.67843180164722 1


# 20.0 20.0 1.3474823119697348
0 0 21.390108366901554 1
1 0 21.347335133381645 1
2 0 20.368475521713787 0
3 0 20.89034685936419 1

0 1 21.339662263474043 1
1 1 21.363892603801215 1
2 1 21.10917052366828 1
3 1 20.285289876184383 0

0 2 21.083889040507387 1
1 2 21.10626423094099 1
2 2 21.036412443832294 1
3 2 20.90741416368879 1

0 3 20.123600167123513 0
1 3 20.12670676117096 0
2 3 20.154841138756634 0
3 3 20.726755320417265 1


# 20.0 20.0 1.3901083669015541
0 0 21.432308434455365 1
1 0 21.38872317649926 1
2 0 20.393658436516187 0
3 0 20.926441752179485 1

0 1 21.3899575293533 1
1 1 21.4183551443443 1
2 1 21.15353492934273 1
3 1 20.30915639152717 0

0 2 21.12980356393509 1
1 2 21.157698882815215 1
2 2 21.087146515903584 1
3 2 20.95477946754804 1

0 3 20.13422868500834 0
1 3 20.138746301680744 0
2 3 20.171769588584873 0
3 3 20.77411071755584 1


# 20.0 20.0 1.432308434455365
0 0 21.474089499285203 1
1 0 21.42983004004804 1
2 0 20.41924246284135 0
3 0 20.961830635353447 1

0 1 21.439846291611236 1
1 1 21.47244501914158 1
2 1 21.197621137407243 1
3 1 20.333542597966733 0

0 2 21.175133100563034 1
1 2 21.208610987687553 1
2 2 21.137356857314945 1
3 2 21.00161885198507 1

0 3 20.145163005174965 0
1 3 20.15122547998752 0
2 3 20.18930758252261 0
3 3 20.82053384893792 1


# 20.0 20.0 1.4740894992852027
0 0 21.515458393290846 1
1 0 21.470662928869306 1
2 0 20.445195655821575 0
3 0 20.996549591526183 1

0 1 21.48932918551951 1
1 1 21.526162349096587 1
2 1 21.24144241233409 1
3 1 20.358409139122276 0

0 2 21.21989474847997 1
1 2 21.259013333497098 1
2 2 21.187060314327894 1
3 2 21.047942899830357 1

0 3 20.156390579730274 0
1 3 20.164130547777045 0
2 3 20.207417360589172 0
3 3 20.866058953501188 1


# 20.0 20.0 1.5261623490965874
0 0 21.55642179650504 1
1 0 21.511228443473872 1
2 0 20.471488083645077 0
3 0 21.030632572904448 1

0 1 21.538407106456667 1
1 1 21.57950765188909 1
2 1 21.285010758809868 1
3 1 20.383718990057677 0

0 2 21.26410490128002 1
1 2 21.308918334472526 1
2 2 21.236272891484578 1
3 2 21.093761908058003 1

0 3 20.16789934424867 0
1 3 20.177447885242135 0
2 3 20.226063188207164 0
3 3 20.910718732330327 1


# 20.0 20.0 1.5795076518890916
0 0 21.596986238430027 1
1 0 21.55153263253554 1
2 0 20.498091695702982 0
3 0 21.064111528509017 1

0 1 21.587081193484675 1
1 1 21.632481799630046 1
2 1 21.328337026909498 1
3 1 20.40943731803697 0

0 2 21.30777928189273 1
1 2 21.358338036716837 1
2 2 21.285009794612016 1
3 2 21.139085898059317 1

0 3 20.179677693861336 0
1 3 20.19116402108739 0
2 3 20.24521124487882 0
3 3 20.954544423681693 1


# 20.0 20.0 1.632481799630046
0 0 21.63715809975879 1
1 0 21.59158104111015 1
2 0 20.5249801996418 0
3 0 21.097016523694837 1

0 1 21.635352813533697 1
1 1 21.685085980267047 1
2 1 21.371431009128536 1
3 1 20.43553135185001 0

0 2 21.35093297458258 1
1 2 21.407284124201016 1
2 2 21.333285471785853 1
3 2 21.183924625308638 1

0 3 20.19171446083037 0
1 3 20.20526565016064 0
2 3 20.264829519141447 0
3 3 20.997565874162554 1


# 20.0 20.0 1.685085980267047
0 0 21.676943614423198 1
1 0 21.63137875491551 1
2 0 20.55212894670971 0
3 0 21.129375852424538 1

0 1 21.683223546196555 1
1 1 21.73732166242753 1
2 1 21.414301529883645 1
3 1 20.46197025916371 0

0 2 21.393580455224846 1
1 2 21.455767925114554 1
2 2 21.38111365233351 1
3 2 21.22828758847359 1

0 3 20.2039988935051 0
1 3 20.219739648907026 0
2 3 20.284887709442344 0
3 3 21.039811606267694 1


# 20.0 20.0 1.7373216624275294
0 0 21.716348871917308 1
1 0 21.670930440981714 1
2 0 20.57951482482738 0
3 0 21.161216142745147 1

0 1 21.730695169131135 1
1 1 21.78919056341234 1
2 1 21.456956528046074 1
3 1 20.48872503139001 0

0 2 21.43573561995841 1
1 2 21.503800418524392 1
2 2 21.42850738395534 1
3 2 21.272184038017055 1

0 3 20.216520636565303 0
1 3 20.234573088827315 0
2 3 20.30535713059437 0
3 3 21.081308882465393 1


# 20.0 20.0 1.7891905634123404
0 0 21.75537981984964 1
1 0 21.710240384957554 1
2 0 20.607116158853618 0
3 0 21.192562455889245 1

0 1 21.77776964406627 1
1 1 21.84069462007568 1
2 1 21.49940313303116 1
3 1 20.51576837559488 0

0 2 21.47741181231003 1
1 2 21.55139224129724 1
2 2 21.47547906804076 1
3 2 21.31562298433355 1

0 3 20.2292697124626 0
1 3 20.249753248108817 0
2 3 20.326210625492784 0
3 3 21.122083766014555 1


# 20.0 20.0 1.8406946200756806
0 0 21.794042266683338 1
1 0 21.749312525336688 1
2 0 20.63491261755285 0
3 0 21.223438379395006 1

0 1 21.824449103404316 1
1 1 21.891835962348882 1
2 1 21.541647734928112 1
3 1 20.543074613003775 0

0 2 21.51862184887898 1
1 2 21.598553695243503 1
2 2 21.522040493254778 1
3 2 21.35861320545882 1

0 3 20.2422365039778 0
1 3 20.265267621584815 0
2 3 20.347422481792336 0
3 3 21.162161178685043 1


# 20.0 20.0 1.8918359623488818
0 0 21.83234188462763 1
1 0 21.7881504848469 1
2 0 20.66288512680567 0
3 0 21.2538661146145 1

0 1 21.8707358374116 1
1 1 21.942616889185295 1
2 1 21.583696049118558 1
3 1 20.570619583687918 0

0 2 21.559378043665657 1
1 2 21.6452947544441 1
2 2 21.568202867468315 1
3 2 21.401163254387644 1

0 3 20.255411737817607 0
1 3 20.281103929166903 0
2 3 20.3689683532609 0
3 3 21.201564955544164 1


# 20.0 20.0 1.9426168891852953
0 0 21.870284212648137 1
1 0 21.826757599226998 1
2 0 20.69101578863535 0
3 0 21.283866558956255 1

0 1 21.916632281986303 1
1 1 21.99303984672171 1
2 1 21.625553175799027 1
3 1 20.59838055704274 0

0 2 21.599692231122674 1
1 2 21.69162507272454 1
2 2 21.613976848103903 1
3 2 21.443281466031653 1

0 3 20.26878646917965 0
1 3 20.297250122883874 0
2 3 20.390825185542326 0
3 3 21.24031789696346 1


# 20.0 20.0 1.993039846721711
0 0 21.907874659567362 1
1 0 21.865136943598557 1
2 0 20.71928780565291 0
3 0 21.313459383186178 1

0 1 21.962141006991818 1
1 1 22.043107408468437 1
2 1 21.66722365479189 1
3 1 20.626336147695064 0

0 2 21.639575788002272 1
1 2 21.737553991243264 1
2 2 21.659372570966227 1
3 2 21.48497596384582 1

0 3 20.282352067219815 0
1 3 20.313694392650817 0
2 3 20.412971146076515 0
3 3 21.278441817991844 1


# 20.0 20.0 2.043107408468437
0 0 21.94511850723002 1
1 0 21.903291356623633 1
2 0 20.74768541055071 0
3 0 21.342663104090423 1

0 1 22.00726470514257 1
1 1 22.092822257355568 1
2 1 21.70871151600069 1
3 1 20.654466236499115 0

0 2 21.679039654069445 1
1 2 21.783090546164093 1
2 2 21.70439967762489 1
3 2 21.526254666149686 1

0 3 20.296100201360545 0
1 3 20.330425170882695 0
2 3 20.435385557939295 0
3 3 21.315957595233204 1


# 20.0 20.0 2.092822257355568
0 0 21.982020913710933 1
1 0 21.941223462624848 1
2 0 20.77619380030017 0
3 0 21.37149515278476 1

0 1 22.052006181428215 1
1 1 22.142187169477115 1
2 1 21.750020325839472 1
3 1 20.68275189630344 0

0 2 21.71809435174596 1
1 2 21.828243476384984 1
2 2 21.74906734141466 1
3 2 21.567125292166814 1

0 3 20.310022828383108 0
1 3 20.34743113605811 0
2 3 20.458048837378318 0
3 3 21.35288521135935 1


# 20.0 20.0 2.142187169477115
0 0 22.018586916545978 1
1 0 21.978935691830483 1
2 0 20.80479907473302 0
3 0 21.399971938936947 1

0 1 22.09636834306146 1
1 1 22.19120499938761 1
2 1 21.79115322994124 1
3 1 20.711175322191234 0

0 2 21.756750004746586 1
1 2 21.873021231297788 1
2 2 21.793384292116166 1
3 2 21.60759536780381 1

0 3 20.32411218025097 0
1 3 20.364701215330793 0
2 3 20.480942434834105 0
3 3 21.38924379738207 1


# 20.0 20.0 2.1912049993876117
0 0 22.054821435969025 1
1 0 22.01643029889468 1
2 0 20.833488179207507 0
3 0 21.428108911152002 1

0 1 22.14035418993412 1
1 1 22.23987866681782 1
2 1 21.832112992428055 1
3 1 20.739719765915808 0

0 2 21.795016355765025 1
1 2 21.91743197855585 1
2 2 21.83735883937805 1
3 2 21.64767223118816 1

0 3 20.338360752615085 0
1 3 20.382224586278962 0
2 3 20.50404877924754 0
3 3 21.425051672801544 1


# 20.0 20.0 2.2398786668178197
0 0 22.090729278140085 1
1 0 22.053709379831087 1
2 0 20.862248851081723 0
3 0 21.4559206137545 1

0 1 22.18396680556556 1
1 1 22.288211144687132 1
2 1 21.872902032004262 1
3 1 20.768369474270706 0

0 2 21.83290278326373 1
1 2 21.961483611828463 1
2 2 21.880998894939125 1
3 2 21.687363037982394 1

0 3 20.352761293955453 0
1 3 20.399990677875625 0
2 3 20.52735122546654 0
3 3 21.460326383742075 1


# 20.0 20.0 2.288211144687132
0 0 22.126315138351803 1
1 0 22.09077488748763 1
2 0 20.891069569735247 0
3 0 21.48342074018741 1

0 1 22.22720934852744 1
1 1 22.336205448300323 1
2 1 21.913522455115004 1
3 1 20.797109631150754 0

0 2 21.87041831741839 1
1 2 22.0051837585231 1
2 2 21.924311993707093 1
3 2 21.726674766490333 1

0 3 20.367306795316583 0
1 3 20.417989170756524 0
2 3 20.550834004575414 0
3 3 21.49508473918015 1


# 20.0 20.0 2.3362054483003227
0 0 22.16158360420332 1
1 0 22.127628645680016 1
2 0 20.919939509898157 0
3 0 21.51062218323325 1

0 1 22.27008504432835 1
1 1 22.383864625625666 1
2 1 21.953976086394064 1
3 1 20.825926303075835 0

0 2 21.907571655264835 1
1 2 22.04853978745824 1
2 2 21.96730531374817 1
3 2 21.765614222569788 1

0 3 20.38199048059744 0
1 3 20.436209996856324 0
2 3 20.574482176980663 0
3 3 21.52934284536427 1


# 20.0 20.0 2.383864625625666
0 0 22.1965391587321 1
1 0 22.164272362092525 1
2 0 20.94884849806307 0
3 0 21.53753708225052 1

0 1 22.31259717774203 1
1 1 22.431191748559876 1
2 1 21.994264496608512 1
3 1 20.854806387963798 0

0 2 21.944371175093284 1
1 2 22.091558816471334 1
2 2 22.00998569523982 1
3 2 21.804188044364672 1

0 3 20.396805797359328 0
1 3 20.454643338478093 0
2 3 20.598281588096462 0
3 3 21.563116138520687 1


# 20.0 20.0 2.4311917485598755
0 0 22.23118618349576 1
1 0 22.200707640046062 1
2 0 20.977786971771284 0
3 0 21.56417686760632 1

0 1 22.354749085562652 1
1 1 22.478189905093263 1
2 1 22.03438902829212 1
3 1 20.883737566952476 0

0 2 21.980824950132085 1
1 2 22.13424771994803 1
2 2 22.052359658436725 1
3 2 21.842402706868274 1

0 3 20.411746408117715 0
1 3 20.47327962685596 0
2 3 20.62221882648217 0
3 3 21.596419415934147 1


# 20.0 20.0 2.478189905093263
0 0 22.265528961597216 1
1 0 22.236935989225667 1
2 0 21.00674594157838 0
3 0 21.590552302474862 1

0 1 22.396544149770893 1
1 1 22.524862192295625 1
2 1 22.074350819245257 1
3 1 20.912708259083534 0

0 2 22.016940761560576 1
1 2 22.17661313626031 1
2 2 22.094433420698035 1
3 2 21.880264526328396 1

0 3 20.426806182086477 0
1 3 20.492109540265957 0
2 3 20.646281184292697 0
3 3 21.62926686548797 1


# 20.0 20.0 2.5248621922956254
0 0 22.299571680647674 1
1 0 22.27295883545245 1
2 0 21.035716955518158 0
3 0 21.616673522160987 1

0 1 22.43798579109456 1
1 1 22.571211710050065 1
2 1 22.114150824065682 1
3 1 20.941707578672688 0

0 2 22.05272611088833 1
1 2 22.218661475102646 1
2 2 22.136212912622003 1
3 2 21.917779664503996 1

0 3 20.441979187345215 0
1 3 20.511124001735674 0
2 3 20.670456619910553 0
3 3 21.661672093743377 1


# 20.0 20.0 2.571211710050065
0 0 22.33331843566292 1
1 0 22.30877752957822 1
2 0 21.064692065896054 0
3 0 21.642550071098015 1

0 1 22.479077462947807 1
1 1 22.617241555467995 1
2 1 22.153789833862433 1
3 1 20.97072529520201 0

0 2 22.088188231735767 1
1 2 22.260398924716455 1
2 2 22.177703793332068 1
3 2 21.95495413278216 1

0 3 20.457259683402444 0
1 3 20.530314176399127 0
2 3 20.694733722636006 0
3 3 21.69364815263363 1


# 20.0 20.0 2.617241555467995
0 0 22.36677323188937 1
1 0 22.344393355574976 1
2 0 21.093663798254845 0
3 0 21.66819093765997 1

0 1 22.519822645733115 1
1 1 22.662954817924174 1
2 1 22.193268494293594 1
3 1 20.99975179558035 0

0 2 22.12333410104909 1
1 2 22.301831458994517 1
2 2 22.218911464956605 1
3 2 21.991793796163357 1

0 3 20.472642114129336 0
1 3 20.549671468539483 0
2 3 20.71910167931885 0
3 3 21.725207564844606 1


# 20.0 20.0 2.6629548179241738
0 0 22.399939987557048 1
1 0 22.37980753788566 1
2 0 21.122625122366212 0
3 0 21.69360458691957 1

0 1 22.560224841490687 1
1 1 22.708354574655786 1
2 1 22.232587322058208 1
3 1 21.02877804862767 0

0 2 22.158170449780403 1
1 2 22.342964844457967 1
2 2 22.259841086342668 1
3 2 22.028304377122275 1

0 3 20.48812110104052 0
1 3 20.569187518358632 0
2 3 20.74355024282201 0
3 3 21.75636234794953 1


# 20.0 20.0 2.708354574655786
0 0 22.43282253655751 1
1 0 22.415021248097418 1
2 0 21.151569425111735 0
3 0 21.71879899147534 1

0 1 22.600287568880002 1
1 1 22.75344388687423 1
2 1 22.27174671996289 1
3 1 21.057795571648036 0

0 2 22.192703773062167 1
1 2 22.383804647099637 1
2 2 22.3004975860423 1
3 2 22.06449145935082 1

0 3 20.50369143690011 0
1 3 20.58885419850943 0
2 3 20.768069702213502 0
3 3 21.78712403736212 1


# 20.0 20.0 2.75344388687423
0 0 22.465424631045167 1
1 0 22.450035610993698 1
2 0 21.180490485126224 0
3 0 21.74378166046352 1

0 1 22.640014358478822 1
1 1 22.798225796342688 1
2 1 22.310746990674584 1
3 1 21.086796398964687 0

0 2 22.226940339903297 1
1 2 22.42435623908843 1
2 2 22.3408856746082 1
3 2 22.100360491389306 1

0 3 20.519348079632657 0
1 3 20.60866361042325 0
2 3 20.792650854589258 0
3 3 21.817503708168825 1


# 20.0 20.0 2.798225796342688
0 0 22.49774994396121 1
1 0 22.484851710037123 1
2 0 21.209382449085027 0
3 0 21.76855966686343 1

0 1 22.6794087483852 1
1 1 22.84270332237646 1
2 1 22.349588349262618 1
3 1 21.115773052298355 0

0 2 22.260886202432633 1
1 2 22.46462480533027 1
2 2 22.381009856233863 1
3 2 22.135916790151366 1

0 3 20.53508614652015 0
1 3 20.62860808046275 0
2 3 20.817284978434895 0
3 3 21.847511995897783 1


# 20.0 20.0 2.8427033223764617
0 0 22.529802071479676 1
1 0 22.51947059233086 1
2 0 21.238239809524938 0
3 0 21.793139673198226 1

0 1 22.718474280108488 1
1 1 22.88687945922678 1
2 1 22.38827093462542 1
3 1 21.144718512877525 0

0 2 22.294547204713968 1
1 2 22.504615349882066 1
2 2 22.42087443977176 1
3 2 22.171165544347573 1

0 3 20.550900908667547 0
1 3 20.648680155927128 0
2 3 20.84196380843979 0
3 3 21.87715911627891 1


# 20.0 20.0 2.8868794592267797
0 0 22.56158453537568 1
1 0 22.553893273102492 1
2 0 21.267057384096002 0
3 0 21.81752795572677 1

0 1 22.757214494735727 1
1 1 22.930757173812044 1
2 1 22.426794819890087 1
3 1 21.17362619517624 0

0 2 22.327928991155407 1
1 2 22.544332702215723 1
2 2 22.460483549161435 1
3 2 22.206111817812374 1

0 3 20.566787785720507 0
1 3 20.6688726009347 0
2 3 20.86667951168182 0
3 3 21.9064548840468 1


# 20.0 20.0 2.9307571738120437
0 0 22.593100785316214 1
1 0 22.588120739750877 1
2 0 21.295830296148385 0
3 0 21.841730427216504 1

0 1 22.79563292936023 1
1 1 22.97433940376367 1
2 1 22.46516002186636 1
3 1 21.20248992218158 0

0 2 22.361037014534435 1
1 2 22.5837815233301 1
2 2 22.499841133297974 1
3 2 22.24076055273857 1

0 3 20.5827423408202 0
1 3 20.68917839220543 0
2 3 20.891424665105784 0
3 3 21.935408730835245 1


# 20.0 20.0 2.9743394037636683
0 0 22.624354201074162 1
1 0 22.622153955493175 1
2 0 21.324553956565065 0
3 0 21.86575265838167 1

0 1 22.833733113759568 1
1 1 23.0176290557564 1
2 1 22.503366509630386 1
3 1 21.23130390209896 0

0 2 22.39387654365891 1
1 2 22.62296631170928 1
2 2 22.53895097536988 1
3 2 22.2751165728232 1

0 3 20.598760275781046 0
1 3 20.709590714763955 0
2 3 20.91619223422297 0
3 3 21.96402972220973 1


# 20.0 20.0 3.0176290557564016
0 0 22.655348094666525 1
1 0 22.65599386264632 1
2 0 21.353224046757234 0
3 0 21.889599898066205 1

0 1 22.87151856731065 1
1 1 23.060629004095652 1
2 1 22.541414212307988 1
3 1 21.260062706409173 0

0 2 22.426452670682846 1
1 2 22.661891409126184 1
2 2 22.577816701693887 1
3 2 22.30918458632838 1

0 3 20.61483742647829 0
1 3 20.7301029575818 0
2 3 20.94097555296343 0
3 3 21.99232657388168 1


# 20.0 20.0 3.0606290040956523
0 0 22.686085712418013 1
1 0 22.689641385574426 1
2 0 21.381836502744815 0
3 0 21.913277092245668 1

0 1 22.908992796129958 1
1 1 23.103342089536724 1
2 1 22.57930302612182 1
3 1 21.288761249196337 0

0 2 22.45877031809498 1
1 2 22.700561006291014 1
2 2 22.616441790073036 1
3 2 22.3429691890604 1

0 3 20.630969758433192 0
1 3 20.750708709175615 0
2 3 20.965768304616528 0
3 3 22.020307667146064 1


# 20.0 20.0 3.1033420895367243
0 0 22.716570236951416 1
1 0 22.723097433331095 1
2 0 21.410387500249914 0
3 0 21.936788901918177 1

0 1 22.9461592904275 1
1 1 23.145771118313018 1
2 1 22.61703282076196 1
3 1 21.31739476767098 0

0 2 22.49083424539681 1
1 2 22.738979148344548 1
2 2 22.65482957770293 1
3 2 22.376474867270105 1

0 3 20.647153362584465 0
1 3 20.771401753176786 0
2 3 20.990564503798943 0
3 3 22.047981063581634 1


# 20.0 20.0 3.145771118313018
0 0 22.746804789106267 1
1 0 22.75636290202322 1
2 0 21.438873440735858 0
3 0 21.960139719950003 1

0 1 22.983021522063336 1
1 1 23.18791886135231 1
2 1 22.65460344513493 1
3 1 21.34595880381706 0

0 2 22.522649055486053 1
1 2 22.777149740196627 1
2 2 22.692983268649996 1
3 2 22.409706000477346 1

0 3 20.663384451235377 0
1 3 20.79217606388613 0
2 3 21.015358479392802 0
3 3 22.07535451905114 1


# 20.0 20.0 3.1879188613523084
0 0 22.77679242978748 1
1 0 22.789438676920753 1
2 0 21.46729093832902 0
3 0 21.983333686937556 1

0 1 23.019582942296186 1
1 1 23.22978805366198 1
2 1 22.692014732541953 1
3 1 21.374449187096225 0

0 2 22.554219200760375 1
1 2 22.815076551710693 1
2 2 22.73090594092427 1
3 2 22.442666864222158 1

0 3 20.67965935416666 0
1 3 20.813025801826157 0
2 3 21.040144858399923 0
3 3 22.102435497036762 1


# 20.0 20.0 3.2297880536619807
0 0 22.806536161745736 1
1 0 22.822325634334923 1
2 0 21.495636807564974 0
3 0 22.00637470614374 1

0 1 23.055846979713763 1
1 1 23.271381393865823 1
2 1 22.729266505333353 1
3 1 21.402862018146575 0

0 2 22.585548988955534 1
1 2 22.85276322273544 1
2 2 22.768600553168195 1
3 2 22.475361632745045 1

0 3 20.69597451490604 0
1 3 20.833945309301956 0
2 3 21.064918550661208 0
3 3 22.129231181344313 1


# 20.0 20.0 3.2713813938658234
0 0 22.836038931291473 1
1 0 22.855024643285525 1
2 0 21.523908051904396 0
3 0 22.029266457563175 1

0 1 23.09181703833514 1
1 1 23.31270154387654 1
2 1 22.7663585790825 1
3 1 21.431193653417107 0

0 2 22.61664258873112 1
1 2 22.89021326798507 1
2 2 22.806069950981808 1
3 2 22.50779438159867 1

0 3 20.71232648714582 0
1 3 20.85492910598078 0
2 3 21.08967473439312 0
3 3 22.15574848820782 1


# 20.0 20.0 3.312701543876539
0 0 22.865303629944428 1
1 0 22.887536566976237 1
2 0 21.552101852967873 0
3 0 22.05201241116752 1

0 1 23.12749649587569 1
1 1 23.3537511286895 1
2 1 22.803290766319215 1
3 1 21.459440690682612 0

0 2 22.647504035016492 1
1 2 22.92743008176981 1
2 2 22.84331687290365 1
3 2 22.539969090193058 1

0 3 20.728711931300538 0
1 3 20.875971884499148 0
2 3 21.114408842495937 0
3 3 22.181994077824605 1


# 20.0 20.0 3.353751128689499
0 0 22.894333096020652 1
1 0 22.91986226409537 1
2 0 21.58021556044221 0
3 0 22.07461583937899 1

0 1 23.16288870216563 1
1 1 23.394532736284603 1
2 1 22.840062879859648 1
3 1 21.48759995538712 0

0 2 22.67813723412863 1
1 2 22.96441694257865 1
2 2 22.8803439560658 1
3 2 22.57188964427628 1

0 3 20.74512761119725 0
1 3 20.897068506105445 0
2 3 21.13911654959106 0
3 3 22.207974365349326 1


# 20.0 20.0 3.394532736284603
0 0 22.92313011615904 1
1 0 22.952002589957996 1
2 0 21.608246682613995 0
3 0 22.09707982881736 1

0 1 23.19799697771354 1
1 1 23.43504891762426 1
2 1 22.876674735766677 1
3 1 21.515668487767186 0

0 2 22.7085459686731 1
1 2 23.0011770175165 1
2 2 22.91715374154045 1
3 2 22.60355983835256 1

0 3 20.761570390891492 0
1 3 20.918213996345006 0
2 3 21.16379375974705 0
3 3 22.233695531373947 1


# 20.0 20.0 3.435048917624261
0 0 22.951697426789373 1
1 0 22.983958397504093 1
2 0 21.636192877489265 0
3 0 22.119407291363014 1

0 1 23.232824612406613 1
1 1 23.475302186736624 1
2 1 22.91312615597228 1
3 1 21.54364353070922 0

0 2 22.738733902238604 1
1 2 23.037713366598037 1
2 2 22.953748679394547 1
3 2 22.634983378039486 1

0 3 20.7780372316024 0
1 3 20.939403540793887 0
2 3 21.188436594856423 0
3 3 22.259163531919235 1


# 20.0 20.0 3.4753021867366236
0 0 22.980037715543883 1
1 0 23.01573053816616 1
2 0 21.664051944460734 0
3 0 22.141600974575987 1

0 1 23.267374864339764 1
1 1 23.51529502087418 1
2 1 22.949416970590875 1
3 1 21.571522518297908 0

0 2 22.768704583895065 1
1 2 23.074028946900825 1
2 2 22.99013113346826 1
3 2 22.666163882366053 1

0 3 20.794525188760982 0
1 3 20.960632480846762 0
2 3 21.213041383627264 0
3 3 22.28438410796206 1


# 20.0 20.0 3.5152950208741807
0 0 23.008153622614376 1
1 0 23.047319862618572 1
2 0 21.691821816486808 0
3 0 22.163663471508666 1

0 1 23.301650958766096 1
1 1 23.555029860738735 1
2 1 22.985547019950413 1
3 1 21.599303065015295 0

0 2 22.798461452504608 1
1 2 23.110126616580285 1
2 2 23.02630338589207 1
3 2 22.69710488601311 1

0 3 20.811031409165803 0
1 3 20.981896309563677 0
2 3 21.237604651155934 0
3 3 22.309362794521455 1


# 20.0 20.0 3.5550298607387347
0 0 23.036047742056876 1
1 0 23.07872722141998 1
2 0 21.71950055274891 0
3 0 22.185597229947525 1

0 1 23.335656087161524 1
1 1 23.594509110764623 1
2 1 23.021516156365845 1
3 1 21.62698295555257 0

0 2 22.828007840854305 1
1 2 23.146009138749328 1
2 2 23.062267641356662 1
3 2 22.727809841497727 1

0 3 20.82755312824085 0
1 3 21.003190667579755 0
2 3 21.26212310904888 0
3 3 22.334104929325242 1


# 20.0 20.0 3.5945091107646228
0 0 23.063722623045805 1
1 0 23.109953465559055 1
2 0 21.747086331755927 0
3 0 22.207404561117116 1

0 1 23.369393406396718 1
1 1 23.63373513945277 1
2 1 23.057324245677698 1
3 1 21.654560135198874 0

0 2 22.857346979619066 1
1 2 23.18167918522546 1
2 2 23.09802603114894 1
3 2 22.758282121302898 1

0 3 20.844087667390568 0
1 3 21.024511339081386 0
2 3 21.286593646063494 0
3 3 22.35861566107793 1


# 20.0 20.0 3.633735139452771
0 0 23.091180771079625 1
1 0 23.140999446913035 1
2 0 21.774577444866672 0
3 0 22.229087647877687 1

0 1 23.402866038009872 1
1 1 23.67271027974895 1
2 1 23.09297116857673 1
3 1 21.68203270077361 0

0 2 22.886482001162577 1
1 2 23.21713934014834 1
2 2 23.13358061696689 1
3 2 22.788525019953997 1

0 3 20.860632431447435 0
1 3 21.045854247851878 0
2 3 21.31101331923959 0
3 3 22.382899957349448 1


# 20.0 20.0 3.6727102797489515
0 0 23.118424649139833 1
1 0 23.171866018627753 1
2 0 21.80197229020326 0
3 0 22.250648552445814 1

0 1 23.436077067574075 1
1 1 23.711436829460126 1
2 1 23.128456821733895 1
3 1 21.709398892070723 0

0 2 22.91541594318379 1
1 2 23.252392103470772 1
2 2 23.168933394525258 1
3 2 22.818541756043274 1

0 3 20.877184906207756 0
1 3 21.067215453389117 0
2 3 21.33537934549469 0
3 3 22.406962612103325 1


# 20.0 20.0 3.7114368294601263
0 0 23.14545667880522 1
1 0 23.20255403542701 1
2 0 21.829269366930003 0
3 0 22.272089223665773 1

0 1 23.469029544153354 1
1 1 23.74991705170346 1
2 1 23.16378111875342 1
3 1 21.736657083785303 0

0 2 22.94415175221605 1
1 2 23.28743989432618 1
2 2 23.204086296963457 1
3 2 22.848335474203683 1

0 3 20.89374265605154 0
1 3 21.088591147097244 0
2 3 21.35968909365788 0
3 3 22.430808252881942 1


# 20.0 20.0 3.7499170517034592
0 0 23.1722792413232 1
1 0 23.233064353858556 1
2 0 21.856467269874276 0
3 0 22.29341150385772 1

0 1 23.501726479841825 1
1 1 23.78815317538305 1
2 1 23.19894399096533 1
3 1 21.763805777894643 0

0 2 22.972692286985612 1
1 2 23.322285054275675 1
2 2 23.23904119806644 1
3 2 22.877909247033244 1

0 3 20.91030332164268 0
1 3 21.109977648554075 0
2 3 21.38394007691828 0
3 3 22.45444134766561 1


# 20.0 20.0 3.7881531753830515
0 0 23.19889467863997 1
1 0 23.143397832483263 -1
2 0 21.882124684467232 0
3 0 22.314599855267183 1

0 1 23.534170849380573 1
1 1 23.824707395689924 1
2 1 23.233910828072414 1
3 1 21.79084297438754 0

0 2 23.001040321635802 1
1 2 23.356912570437796 1
2 2 23.273799293228794 1
3 2 22.90726606204123 1

0 3 20.92686461770582 0
1 3 21.131371194495546 0
2 3 21.40812993571239 0
3 3 22.47786621112269 1


# 20.0 20.0 3.8247073956899236
0 0 23.103865294391298 -1
1 0 23.057103492013546 -1
2 0 21.846342817823846 -1
3 0 22.2749204899841 0

0 1 23.44489102984719 -1
1 1 23.85823525574126 1
2 1 23.267913752419116 1
3 1 21.817028773116597 0

0 2 23.027740646742988 1
1 2 23.391274523739284 1
2 2 23.308351938440758 1
3 2 22.93639985050766 1

0 3 20.943406833563273 0
1 3 21.152767339842914 0
2 3 21.432256304285346 0
3 3 22.50108690137979 1


# 20.0 20.0 3.85823525574126
0 0 23.01015007805554 -1
1 0 22.973281883168426 -1
2 0 21.810989812982104 -1
3 0 22.236559575377857 0

0 1 23.358959118360087 -1
1 1 23.888937114797923 1
2 1 23.30095758397505 1
3 1 21.842400568764027 0

0 2 23.052899225287735 1
1 2 23.42532881402023 1
2 2 23.34269035602906 1
3 2 22.965305190700413 1

0 3 20.959912186336563 0
1 3 21.174161079225218 0
2 3 21.45631679954497 0
3 3 22.524107236813062 1


# 20.0 20.0 3.8889371147979226
0 0 22.91777156726388 -1
1 0 22.89181642601588 -1
2 0 21.77608024386128 -1
3 0 22.19946520041576 0

0 1 23.27619813027716 -1
1 1 23.916999744739083 1
2 1 23.333049670904966 1
3 1 21.866993585620193 0

0 2 23.076614727393256 1
1 2 23.459038621835898 1
2 2 23.3768057423355 1
3 2 22.99397725146822 1

0 3 20.97636465730787 0
1 3 21.195546954842023 0
2 3 21.48030901317197 0
3 3 22.546930811463476 1


# 20.0 20.0 3.9169997447390834
0 0 22.826747965517896 -1
1 0 22.81259807157263 -1
2 0 21.741626228933825 -1
3 0 22.16358789097544 0

0 1 23.19644215805732 -1
1 1 23.942597299260058 1
2 1 23.364199560975322 1
3 1 21.890841031465172 0

0 2 23.098979054089153 1
1 2 23.492371916594095 1
2 2 23.41068935960991 1
3 2 23.022411741337017 1

0 3 20.99274984175196 0
1 3 21.216919151996873 0
2 3 21.50423050649559 0
3 3 22.56956100922478 1


# 20.0 20.0 3.9425972992600578
0 0 22.73709352151481 -1
1 0 22.735524757163084 -1
2 0 21.70763767382797 -1
3 0 22.12888047136384 0

0 1 23.11953562591728 -1
1 1 23.845892211223372 -1
2 1 23.272978705362025 -1
3 1 21.91251695916039 0

0 2 23.12007782242857 1
1 2 23.523861007140685 1
2 2 23.44285805387266 1
3 2 23.050569680467955 1

0 3 21.009054811141993 0
1 3 21.23825430351034 0
2 3 21.528060905622066 0
3 3 22.592000379925768 1


# 20.0 20.0 3.9425972992600578
0 0 22.64881887933724 -1
1 0 22.659060902534897 -1
2 0 21.672647932478327 -1
3 0 22.095262753094406 0

0 1 23.043892596584623 -1
1 1 23.751286903624116 -1
2 1 23.185227445694274 -1
3 1 21.93216396542673 0

0 2 23.139956254864977 1
1 2 23.553583944988397 1
2 2 23.473410171008045 1
3 2 23.078416648084627 1

0 3 21.025267364641387 0
1 3 21.25953056934593 0
2 3 21.551781641029297 0
3 3 22.614250745717808 1


# 20.0 20.0 3.9425972992600578
0 0 22.561896841670535 -1
1 0 22.58321032476171 -1
2 0 21.63676112559684 -1
3 0 22.06266039507529 0

0 1 22.969486787529984 -1
1 1 23.65872323428585 -1
2 1 23.10074923025676 -1
3 1 21.94991499415981 0

0 2 23.158658149326566 1
1 2 23.58161578111655 1
2 2 23.502437242405506 1
3 2 23.10592238465247 1

0 3 21.041376004138368 0
1 3 21.280727566548812 0
2 3 21.57537579876213 0
3 3 22.63631329707294 1


# 20.119999999999997 20.0 3.9425972992600578
0 0 22.476300920717897 -1
1 0 22.507976914488925 -1
2 0 21.600073796799627 -1
3 0 22.031004486344095 0

0 1 22.89629253010569 -1
1 1 23.568144132511744 -1
2 1 23.019360109194956 -1
3 1 21.965894008167396 0

0 2 23.176225918839176 1
1 2 23.608028641946618 1
2 2 23.530024497984716 1
3 2 23.133060426135767 1

0 3 21.057369909814042 0
1 3 21.301826300960034 0
2 3 21.598827984366334 0
3 3 22.65818867930434 1


# 20.239999999999995 20.0 3.9425972992600578
0 0 22.393445320907187 -1
1 0 22.434101843083013 -1
2 0 21.563404294597508 -1
3 0 22.001679904468887 0

0 1 22.825022028308346 -1
1 1 23.479511365621576 -1
2 1 22.940896833950053 -1
3 1 21.98095410579902 0

0 2 23.19342947720876 1
1 2 23.63290076683448 1
2 2 23.55625155421689 1
3 2 23.16053662030991 1

0 3 21.074687662398762 0
1 3 21.323546593282906 0
2 3 21.6228530509446 0
3 3 22.68133456290444 1


# 20.359999999999992 20.0 3.9425972992600578
0 0 22.313270775811226 -1
1 0 22.36158380290589 -1
2 0 21.52683124072031 -1
3 0 21.974592852066237 0

0 1 22.755645642543094 -1
1 1 23.392787144626542 -1
2 1 22.865215674464803 -1
3 1 21.995198175117554 0

0 2 23.210304248027306 1
1 2 23.65631620450827 1
2 2 23.58121053821721 1
3 2 23.188327001571764 1

0 3 21.09328511664813 0
1 3 21.345867088830236 0
2 3 21.64743416908435 0
3 3 22.705715652687754 1


# 20.47999999999999 20.0 3.9425972992600578
0 0 22.23571978122741 -1
1 0 22.290421341182736 -1
2 0 21.49042708702262 -1
3 0 21.949655012537534 0

0 1 22.688134259642858 -1
1 1 23.30793441144205 -1
2 1 22.792182564632085 -1
3 1 22.008721826707514 0

0 2 23.10688429657975 -1
1 2 23.6769157827127 1
2 2 23.604970746598795 1
3 2 23.216410166217678 1

0 3 21.111679869073715 0
1 3 21.368733028949816 0
2 3 21.67255496712164 0
3 3 22.731297470791066 1


# 20.599999999999987 20.0 3.9425972992600578
0 0 22.16073653631313 -1
1 0 22.220612821270393 -1
2 0 21.45425855414895 -1
3 0 21.92678319665646 0

0 1 22.621019283669877 -1
1 1 23.224882325120255 -1
2 1 22.721671802960653 -1
3 1 22.021613891975818 0

0 2 23.008190535348877 -1
1 2 23.694905144774705 1
2 2 23.62759865573495 1
3 2 23.244767059458557 1

0 3 21.129942476558647 0
1 3 21.39209507279538 0
2 3 21.69819955289439 0
3 3 22.75804636119082 1


# 20.719999999999985 20.0 3.9425972992600578
0 0 22.08824960626514 -1
1 0 22.15215576860345 -1
2 0 21.41838702409334 -1
3 0 21.905899012569655 0

0 1 22.554392343356554 -1
1 1 23.143565474230826 -1
2 1 22.653565536970962 -1
3 1 22.033956887820825 0

0 2 22.9139974124405 -1
1 2 23.65047677720794 0
2 2 23.648438027378056 1
3 2 23.273372138277974 1

0 3 21.148137657225366 0
1 3 21.41518884758591 0
2 3 21.724335250506684 0
3 3 22.78592918085337 1


# 20.839999999999982 20.0 3.9425972992600578
0 0 22.018191197783114 -1
1 0 22.08504695067539 -1
2 0 21.382868907084013 -1
3 0 21.886928557656006 0

0 1 22.48833691394903 -1
1 1 23.063203445613386 -1
2 1 22.587735998411112 -1
3 1 22.045827138864492 0

0 2 22.82337293729859 -1
1 2 23.60665633099647 0
2 2 23.667618198682217 1
3 2 23.3022030026911 1

0 3 21.166307442983868 0
1 3 21.438038504281145 0
2 3 21.750932200591205 0
3 3 22.814913352782035 1


# 20.95999999999998 20.0 3.9425972992600578
0 0 21.950496921038415 -1
1 0 22.019273810031855 -1
2 0 21.347755673379673 -1
3 0 21.869802123327318 0

0 1 22.422911643210576 -1
1 1 22.983808613615743 -1
2 1 22.524064785981885 -1
3 1 22.057295237976188 0

0 2 22.73618177893834 -1
1 2 23.563444592254847 0
2 2 23.565260260123697 -1
3 2 23.329800102788656 1

0 3 21.184491018435082 0
1 3 21.46066730083671 0
2 3 21.77652313913128 0
3 3 22.84493235098492 1


# 21.079999999999977 20.0 3.9425972992600578
0 0 21.88510525731994 -1
1 0 21.954824344542303 -1
2 0 21.313094230143946 -1
3 0 21.854453920504977 0

0 1 22.35817050199422 -1
1 1 22.905391850859466 -1
2 1 22.461002175203994 -1
3 1 22.06839191236316 0

0 2 22.65229541757514 -1
1 2 23.519402629779353 0
2 2 23.4671685042006 -1
3 2 23.35627441168212 1

0 3 21.20272489439236 0
1 3 21.483063082161205 0
2 3 21.80121113453593 0
3 3 22.87592461290408 1


# 21.199999999999974 20.0 3.9425972992600578
0 0 21.82195740621486 -1
1 0 21.891687043918147 -1
2 0 21.278909990153426 -1
3 0 21.840821202196995 0

0 1 22.294163077006257 -1
1 1 22.827928101129103 -1
2 1 22.398582852888357 -1
3 1 22.079147593645118 0

0 2 22.57157449725112 -1
1 2 23.47466811376685 0
2 2 23.373113254153452 -1
3 2 23.381729111919903 1

0 3 21.221042449147184 0
1 3 21.505217493079833 0
2 3 21.82509133120707 0
3 3 22.907833172157055 1


# 21.319999999999972 20.0 3.9425972992600578
0 0 21.760997141042218 -1
1 0 21.82985021086148 -1
2 0 21.245226821758344 -1
3 0 21.828844131902745 0

0 1 22.230934224645065 -1
1 1 22.75139597710085 -1
2 1 22.336837479709608 -1
3 1 22.08959232339441 0

0 2 22.493888105817284 -1
1 2 23.42936742226786 0
2 2 23.28288012209534 -1
3 2 23.286260156631027 -1

0 3 21.23947418816465 0
1 3 21.527125553670153 0
2 3 21.848251561471443 0
3 3 22.93916531857663 1


# 21.319999999999972 20.0 3.9425972992600578
0 0 21.702170657190777 -1
1 0 21.7693020234779 -1
2 0 21.212067098865575 -1
3 0 21.818465656221367 0

0 1 22.16852444409128 -1
1 1 22.67577734663457 -1
2 1 22.275793083375426 -1
3 1 22.098315672566578 0

0 2 22.419113198027244 -1
1 2 23.38361654064413 0
2 2 23.194828932340226 -1
3 2 23.194944949134324 -1

0 3 21.258047982411092 0
1 3 21.548785273430326 0
2 3 21.87073835018181 0
3 3 22.969983566699664 1


# 21.319999999999972 20.0 3.9425972992600578
0 0 21.64398643114274 -1
1 0 21.709293309011542 -1
2 0 21.17872290529652 -1
3 0 21.808165355531756 0

0 1 22.1062329411491 -1
1 1 22.60103926448627 -1
2 1 22.21542989666968 -1
3 1 22.104728896734812 0

0 2 22.34640521328055 -1
1 2 23.33749565089566 0
2 2 23.10890044975047 -1
3 2 23.106880616228903 -1

0 3 21.215340540884824 -1
1 3 21.5687391864498 0
2 3 21.89185881790897 0
3 3 22.99888903150813 1


# 21.319999999999972 20.0 3.9425972992600578
0 0 21.586429234623527 -1
1 0 21.649817286885934 -1
2 0 21.145217493743115 -1
3 0 21.797910759418347 0

0 1 22.044097642169522 -1
1 1 22.52715146551038 -1
2 1 22.1557212412984 -1
3 1 22.1089764344753 0

0 2 22.27493940033017 -1
1 2 23.29105262567716 0
2 2 23.02501938777581 -1
3 2 23.0219062485924 -1

0 3 21.17355242445433 -1
1 3 21.587049707035394 0
2 3 21.911652245072627 0
3 3 23.02597172829782 1


# 21.319999999999972 20.0 3.9425972992600578
0 0 21.529484761325744 -1
1 0 21.590867205483676 -1
2 0 21.11157234948031 -1
3 0 21.787672557486754 0

0 1 21.982144448724398 -1
1 1 22.454085621420084 -1
2 1 22.096642467233895 -1
3 1 22.111194079507094 0

0 2 22.204672939502572 -1
1 2 23.244332031513462 0
2 2 22.94311285307152 -1
3 2 22.93986953008204 -1

0 3 21.132645208932427 -1
1 3 21.60377717316613 0
2 3 21.930157191834002 0
3 3 23.05131706674209 1


# 21.319999999999972 20.0 3.9425972992600578
0 0 21.473139449768514 -1
1 0 21.53243635190139 -1
2 0 21.0778073273216 -1
3 0 21.777424362299175 0

0 1 21.920397158006267 -1
1 1 22.38181520769578 -1
2 1 22.03817078241782 -1
3 1 22.111509504265385 0

0 2 22.13556516882489 -1
1 2 23.197375338833915 0
2 2 22.8631103102421 -1
3 2 22.860626252393587 -1

0 3 21.092582089514753 -1
1 3 21.618979907335344 0
2 3 21.94741147718881 0
3 3 23.075006105094364 1


# 21.319999999999972 20.0 3.9425972992600578
0 0 21.41738043169574 -1
1 0 21.474518060722087 -1
2 0 21.043940778039364 -1
3 0 21.767142488644062 0

0 1 21.8588776070686 -1
1 1 22.310315379194893 -1
2 1 21.980285096522664 -1
3 1 22.110042751136962 0

0 2 22.067577452159252 -1
1 2 23.150221119157067 0
2 2 22.784943542693625 -1
3 2 22.784039858580154 -1

0 3 21.053327822606157 -1
1 3 21.632714276254685 0
2 3 21.96345216223539 0
3 3 23.03711578956075 0


# 21.319999999999972 20.0 3.9425972992600578
0 0 21.362195484168183 -1
1 0 21.417105721868587 -1
2 0 21.009989665046135 -1
3 0 21.75680574804707 0

0 1 21.797605807357986 -1
1 1 22.239562853932416 -1
2 1 21.922965877643286 -1
3 1 22.106906693400457 0

0 2 22.000673056158018 -1
1 2 23.102905230185993 0
2 2 22.70854661018807 -1
3 2 22.70926101363758 -1

0 3 21.014848668981287 -1
1 3 21.64503474938882 0
2 3 21.977595537211158 0
3 3 22.999861899746747 0


# 21.319999999999972 20.0 3.9425972992600578
0 0 21.307572985088846 -1
1 0 21.360192787598915 -1
2 0 20.975969672073667 -1
3 0 21.746395257503067 0

0 1 21.736600070191102 -1
1 1 22.16953580453109 -1
2 1 21.866195020878727 -1
3 1 22.10219882778187 0

0 2 21.93481703543168 -1
1 2 23.05546098953154 0
2 2 22.63383852363415 -1
3 2 22.636222842078755 -1

0 3 20.977112338315806 -1
1 3 21.65598531629519 0
2 3 21.989932753524403 0
3 3 22.963220738503104 0


# 21.319999999999972 20.0 3.9425972992600578
0 0 21.253501871919127 -1
1 0 21.303772778702047 -1
2 0 20.941895302531577 -1
3 0 21.735894157796718 0

0 1 21.675877123785657 -1
1 1 22.100213756868374 -1
2 1 21.80995541680634 -1
3 1 22.096011346015214 0

0 2 21.869976125363145 -1
1 2 23.007919026699955 0
2 2 22.560742634969024 -1
3 2 22.564861179345296 -1

0 3 20.940087831436337 -1
1 3 21.66560920835072 0
2 3 22.000550448858252 0
3 3 22.927169731455436 0


# 21.319999999999972 20.0 3.9425972992600578
0 0 21.19997160335989 -1
1 0 21.247839289949678 -1
2 0 20.907779966199882 -1
3 0 21.725287463862617 0

0 1 21.615452222413758 -1
1 1 22.03157748800913 -1
2 1 21.754230894021955 -1
3 1 22.088431423929332 0

0 2 21.806118637064493 -1
1 2 22.960307489039078 0
2 2 22.489186388625686 -1
3 2 22.49511446034092 -1

0 3 20.903745403649612 -1
1 3 21.673948861698552 0
2 3 22.00953098978756 0
3 3 22.891687366524582 0


# 21.319999999999972 20.0 3.9425972992600578
0 0 21.146972123787297 -1
1 0 21.192385994707745 -1
2 0 20.873636059850597 -1
3 0 21.714561924968923 0

0 1 21.55533924805871 -1
1 1 21.963608932094623 -1
2 1 21.699006164762903 -1
3 1 22.079541494725174 0

0 2 21.743214359996752 -1
1 2 22.91265223207419 0
2 2 22.41910108813524 -1
3 2 22.426923612399218 -1

0 3 20.86805652777857 -1
1 3 21.681045886502897 0
2 3 22.016952700310433 0
3 3 22.85675313708221 0


# 21.319999999999972 20.0 3.9425972992600578
0 0 21.09449383024415 -1
1 0 21.137406648796293 -1
2 0 20.839475042199208 -1
3 0 21.703705894113135 0

0 1 21.495550805108273 -1
1 1 21.89629109356298 -1
2 1 21.644266773477753 -1
3 1 22.0694195073066 0

0 2 21.68123447165642 -1
1 2 22.86497699541292 0
2 2 22.35042167688395 -1
3 2 22.360231952533724 -1

0 3 20.832993857076453 -1
1 3 21.686941041903374 0
2 3 22.02289007716783 0
3 3 22.82234748850367 0


# 21.319999999999972 20.0 3.9425972992600578
0 0 21.042527541802215 -1
1 0 21.08289509367762 -1
2 0 20.805307503562062 -1
3 0 21.692709206055486 0

0 1 21.436098308577986 -1
1 1 21.82960796712571 -1
2 1 21.58999904820936 -1
3 1 22.058139170481304 0

0 2 21.62015145377966 -1
1 2 22.817303565309413 0
2 2 22.283086532112165 -1
3 2 22.29498508882047 -1

0 3 20.798531188169896 -1
1 3 21.6916742161112 0
2 3 22.027413992767507 0
3 3 22.788451767896593 0


# 21.319999999999972 20.0 3.9425972992600578
0 0 20.991064471124403 -1
1 0 21.028845259044907 -1
2 0 20.77114323057217 -1
3 0 21.68156306345013 0

0 1 21.376992066322067 -1
1 1 21.763544463970305 -1
2 1 21.536190054660942 -1
3 1 22.04577018380427 0

0 2 21.55993901455853 -1
1 2 22.769651924895587 0
2 2 22.217037271304516 -1
3 2 22.231130825766076 -1

0 3 20.764643424163815 -1
1 3 21.695284411136452 0
2 3 22.03059188647532 0
3 3 22.75504817679921 0


# 21.319999999999972 20.0 3.9425972992600578
0 0 20.94009619806833 -1
1 0 20.97525116487635 -1
2 0 20.73699126628399 -1
3 0 21.670259930566985 0

0 1 21.318241355655708 -1
1 1 21.698086343700794 -1
2 1 21.48282755281834 -1
3 1 22.032378455794305 0

0 2 21.500572016403652 -1
1 2 22.722040393011145 0
2 2 22.15221857017875 -1
3 2 22.168619073517167 -1

0 3 20.7313065380244 -1
1 3 21.697809731678852 0
2 3 22.03248794498724 0
3 3 22.72211972665649 0


# 21.319999999999972 20.0 3.9425972992600578
0 0 20.889614645184253 -1
1 0 20.922106923013573 -1
2 0 20.70285996597685 -1
3 0 21.658793434127826 0

0 1 21.25985449478163 -1
1 1 21.63322015156665 -1
2 1 21.429899956005258 -1
3 1 22.018026310214747 0

0 2 21.442026408824503 -1
1 2 22.674485752493595 0
2 2 22.08857799153421 -1
3 2 22.107401760770312 -1

0 3 20.69849753634156 -1
1 3 21.69928737775421 0
2 3 22.033163272449112 0
3 3 22.68965019689549 0


# 21.319999999999972 20.0 3.9425972992600578
0 0 20.839612054971163 -1
1 0 20.869406738317178 -1
2 0 20.668757048947224 -1
3 0 21.647158270809168 0

0 1 21.20183890938515 -1
1 1 21.568933160565866 -1
2 1 21.37739629225215 -1
3 1 22.002772681071708 0

0 2 21.384279166032517 -1
1 2 22.627003368724544 0
2 2 22.02606582427092 -1
3 2 22.047432751244816 -1

0 3 20.666194423558704 -1
1 3 21.69975364066532 0
2 3 22.03267605094823 0
3 3 22.65762409543357 0


# 21.319999999999972 20.0 3.9425972992600578
0 0 20.790080968764627 -1
1 0 20.81714490944719 -1
2 0 20.634689646561544 -1
3 0 21.635350120991635 0

0 1 21.144201194735327 -1
1 1 21.505213318040614 -1
2 1 21.325306167863385 -1
3 1 21.986673296947895 0

0 2 21.327308228903373 -1
1 2 22.57960729916833 0
2 2 21.96463493193661 -1
3 2 21.98866776358435 -1

0 3 20.634376166745415 -1
1 3 21.699243901959722 0
2 3 22.031081691960363 0
3 3 22.626026621464497 0


# 21.319999999999972 20.0 3.9425972992600578
0 0 20.74101420713929 -1
1 0 20.765315829311305 -1
2 0 20.600664346823955 -1
3 0 21.623365568361198 0

0 1 21.08694717360544 -1
1 1 21.442049196414047 -1
2 1 21.273619733071413 -1
3 1 21.969780855256285 0

0 2 21.27109245096366 -1
1 2 22.53231039458354 0
2 2 21.90424061020205 -1
3 2 21.93106429455688 -1

0 3 20.60302266097766 -1
1 3 21.697792635047673 0
2 3 22.0284329792986 0
3 3 22.59484363037804 0


# 21.319999999999972 20.0 3.9425972992600578
0 0 20.692404851717278 -1
1 0 20.713913985219694 -1
2 0 20.566687235697177 -1
3 0 21.611202024991638 0

0 1 21.030081950303153 -1
1 1 21.379429947744306 -1
2 1 21.222327649670785 -1
3 1 21.952145186966153 0

0 2 21.21561154809356 -1
1 2 22.48512439253658 0
2 2 21.844840452705103 -1
3 2 21.874581545426082 -1

0 3 20.57211469538016 -1
1 3 21.695433409182254 0
2 3 22.024780204075242 0
3 3 22.564061600678446 0


# 21.319999999999972 20.0 3.9425972992600578
0 0 20.64424622828173 -1
1 0 20.662933958781146 -1
2 0 20.532763935399217 -1
3 0 21.598857661560324 0

0 1 20.973609961079855 -1
1 1 21.3173452617974 -1
2 1 21.171421060529003 -1
3 1 21.933813412323758 0

0 2 21.16084605166159 -1
1 2 22.43806000379898 0
2 2 21.78639422474121 -1
3 2 21.819180351371106 -1

0 3 20.541633919876602 -1
1 3 21.692198895529607 0
2 3 22.020171292155474 0
3 3 22.53366760277634 0


# 21.319999999999972 20.0 3.9425972992600578
0 0 20.596531891101918 -1
1 0 20.61237042557192 -1
2 0 20.498899639884385 -1
3 0 21.58633134237065 0

0 1 20.917535021169233 -1
1 1 21.255785327363952 -1
2 1 21.12089156087537 -1
3 1 21.914830088061567 0

0 2 21.10677726482994 -1
1 2 22.391126992166207 0
2 2 21.72886374431245 -1
3 2 21.764823113835323 -1

0 3 20.51156281268536 -1
1 3 21.68812087508145 0
2 3 22.014651924550986 0
3 3 22.50364926953703 0


# 21.319999999999972 20.0 3.9425972992600578
0 0 20.54925560838314 -1
1 0 20.56221815460548 -1
2 0 20.46509914770346 -1
3 0 21.573622564874487 0

0 1 20.86186036868705 -1
1 1 21.194740796566492 -1
2 1 21.07073117127308 -1
3 1 21.895237346562777 0

0 2 21.053387221789546 -1
1 2 22.344334248195228 0
2 2 21.672212770079707 -1
3 2 21.711473735688394 -1

0 3 20.481884648591137 -1
1 3 21.683230248184074 0
2 3 22.008265651173453 0
3 3 22.473994768476036 0


