# 20.0 20.0 0.0
0 0 20.0 0
1 0 20.06 1
2 0 20.00072 0
3 0 20.00000864 0

0 1 20.06 1
1 1 20.00144 0
2 1 20.00002592 0
3 1 20.00000041472 0

0 2 20.00072 0
1 2 20.00002592 0
2 2 20.00000062208 0
3 2 20.0000000124416 0

0 3 20.06000864 1
1 3 20.00072041472 0
2 3 20.0000086524416 0
3 3 20.0000001039786 0


# 20.0 20.0 0.0600086399999995
0 0 20.00144 0
1 0 20.117523199999997 1
2 0 20.00210045312 0
3 0 20.00003353937408 0

0 1 20.117523199999997 1
1 1 20.004192058879998 0
2 1 20.0001001984256 0
3 1 20.000002002304655 0

0 2 20.002820453120002 0
1 2 20.000117478425597 0
2 2 20.000003308320974 0
3 2 20.000000076894302 0

0 3 20.11789081937408 1
1 3 20.002106360704655 0
2 3 20.000033606315103 0
3 3 20.000000504433885 0


# 20.0 20.0 0.11789081937407886
0 0 20.004208716799997 0
1 0 20.172713240345598 1
2 0 20.004086397826704 0
3 0 20.00008139275819 0

0 1 20.1727218803456 1
1 1 20.008138673624266 0
2 1 20.00024215348609 0
3 1 20.00000580168552 0

0 2 20.006190756226705 0
1 2 20.000309108647688 0
2 2 20.000010168865686 0
3 2 20.000000271364563 0

0 3 20.17374631527979 1
1 3 20.00410696191797 0
2 3 20.00008160647248 0
3 3 20.00000146880831 0


# 20.0 20.0 0.17374631527978934
0 0 20.008202424443493 0
1 0 20.225704414201815 1
2 0 20.006627104643336 0
3 0 20.00015805749484 0

0 1 20.225737943622615 1
1 1 20.0131719407298 0
2 1 20.000468310309852 0
3 1 20.00001307768476 0

0 2 20.010728264875784 0
1 2 20.00063047946927 0
2 2 20.000023848771527 0
3 2 20.000000720710425 0

0 3 20.227669470651243 1
1 3 20.00667504819653 0
2 3 20.000158583389954 0
3 3 20.000003327580416 0


# 20.0 20.0 0.227669470651243
0 0 20.01332444545742 0
1 0 20.276622310695306 1
2 0 20.009675750390315 0
3 0 20.000268633361927 0

0 1 20.27670364580322 1
1 1 20.0191927845301 0
2 1 20.0007926969515 0
3 1 20.000025273034286 0

0 2 20.016337720902087 0
1 2 20.001106969283548 0
2 2 20.00004741167452 0
3 2 20.000001602588057 0

0 3 20.27974952293698 1
1 3 20.009766877079603 0
2 3 20.00026973428359 0
3 3 20.00000646382998 0


# 20.0 20.0 0.2797495229369815
0 0 20.019484676898937 0
1 0 20.325584412187936 1
2 0 20.013189117783938 0
3 0 20.000417535250715 0

0 1 20.32574227486746 1
1 1 20.026110247112143 0
2 1 20.001227112093087 0
3 1 20.00004396656603 0

0 2 20.022930721829255 0
1 2 20.001760097850283 0
2 2 20.00008423847592 0
3 2 20.000003151305823 0

0 3 20.330070911298158 1
1 3 20.013341877163445 0
2 3 20.000419596397315 0
3 3 20.00001130410454 0


# 20.0 20.0 0.3300709112981579
0 0 20.02659914877524 0
1 0 20.372700649040098 1
2 0 20.01712731839362 0
3 0 20.000608559401204 0

0 1 20.372968780735626 1
1 1 20.03384083492739 0
2 1 20.001781367012974 0
3 1 20.000070836902896 0

0 2 20.030425228991035 0
1 2 20.002607919308165 0
2 2 20.00013793943737 0
3 2 20.000005659916315 0

0 3 20.378713563765277 1
1 3 20.017362411276228 0
2 3 20.000612113206444 0
3 3 20.00001831043425 0


# 20.0 20.0 0.37871356376527743
0 0 20.03458961257664 0
1 0 20.418073914971185 1
2 0 20.02145353711771 0
3 0 20.00084494375101 0

0 1 20.41849036006267 1
1 1 20.042307917587134 0
2 1 20.002463504168894 0
3 1 20.00010763104701 0

0 2 20.038745111491046 0
1 2 20.003665379738873 0
2 2 20.00021227822874 0
3 2 20.00000948083635 0

0 3 20.425753165742936 1
1 3 20.021793557906886 0
2 3 20.000850694210612 0
3 3 20.00002797335918 0


# 20.0 20.0 0.4257531657429361
0 0 20.043383157824287 0
1 0 20.461800545892746 1
2 0 20.02613379648452 0
3 0 20.001129422906352 0

0 1 20.462406999182868 1
1 1 20.05144117469075 0
2 1 20.0032799945342 0
3 1 20.000156137322357 0

0 2 20.0478197233444 0
1 2 20.004944642321455 0
2 2 20.000311106616593 0
3 2 20.0000150252488 0

0 3 20.471261411151207 1
1 3 20.026602909446996 0
2 3 20.00113826892684 0
3 3 20.000040805848357 0


# 20.0 20.0 0.47126141115120745
0 0 20.052911854683522 0
1 0 20.503970764875557 1
2 0 20.031136739219964 0
3 0 20.00146427820023 0

0 1 20.504811978249812 1
1 1 20.061176086865366 0
2 1 20.00423591563685 0
3 1 20.00021816218385 0

0 2 20.057583511344603 0
1 2 20.006455382861308 0
2 2 20.00043830861108 0
3 2 20.00002276150807 0

0 3 20.515306237399262 1
1 3 20.03176038592047 0
2 3 20.001477335636473 0
3 3 20.00005733800355 0


# 20.0 20.0 0.5153062373992618
0 0 20.063112420832418 0
1 0 20.544669095713797 1
2 0 20.036433427647335 0
3 0 20.001851383263 0

0 1 20.545792339391827 1
1 1 20.071453467499072 0
2 1 20.005335112077578 0
3 1 20.00029551045431 0

0 2 20.067975651383957 0
1 2 20.00820505824494 0
2 2 20.000597753007355 0
3 2 20.000033212742313 0

0 3 20.557952045300542 1
1 3 20.037238062981995 0
2 3 20.001870005387655 0
3 3 20.000078112452982 0


# 20.0 20.0 0.5579520453005422
0 0 20.073925910903718 0
1 0 20.58397474736642 1
2 0 20.04199715859863 0
3 0 20.002292245494164 0

0 1 20.58542932149481 1
1 1 20.082219031929323 0
2 1 20.006580340145728 0
3 1 20.000389968595815 0

0 2 20.078939711126313 0
1 2 20.01019915015772 0
2 2 20.000793253364204 0
3 2 20.000046953820092 0

0 3 20.599259904959023 1
1 3 20.043010013062805 0
2 3 20.002318041707934 0
3 3 20.00010368035101 0


# 20.0 20.0 0.5992599049590233
0 0 20.08529742693752 0
1 0 20.621961971386614 1
2 0 20.047803292621804 0
3 0 20.002788043790986 0

0 1 20.623798764031946 1
1 1 20.09342300110538 0
2 1 20.00797339800698 0
3 1 20.00050329066221 0

0 2 20.090423337088794 0
1 2 20.012441386205605 0
2 2 20.00102853455961 0
3 2 20.000064607826523 0

0 3 20.63928774858232 1
1 3 20.04905215863212 0
2 3 20.002822896438712 0
3 3 20.000134597909557 0


# 20.0 20.0 0.6392877485823192
0 0 20.09717584839279 0
1 0 20.658700394293817 1
2 0 20.05382909636479 0
3 0 20.003339662858835 0

0 1 20.660971482181647 1
1 1 20.105019736980577 0
2 1 20.00951524280545 0
3 1 20.000637186616284 0

0 2 20.1023779643347 0
1 2 20.01493394040182 0
2 2 20.001307205150418 0
3 2 20.000086842173925 0

0 3 20.67809055110896 1
1 3 20.055342136624965 0
2 3 20.003385742064506 0
3 3 20.000171423395674 0


# 20.0 20.0 0.6780905511089586
0 0 20.109513580368358 0
1 0 20.69425532669804 1
2 0 20.060053597105817 0
3 0 20.003947724400582 0

0 1 20.697013615310222 1
1 1 20.116967407108096 0
2 1 20.011206095902555 0
3 1 20.000793312728124 0

0 2 20.114758547114494 0
1 2 20.01767761481451 0
2 2 20.001632734842666 0
3 2 20.000114364454216 0

0 3 20.71572049947391 1
1 3 20.06185917316295 0
2 3 20.00400750087461 0
3 3 20.000214714537375 0


# 20.0 20.0 0.7157204994739104
0 0 20.122266318779197 0
1 0 20.72868805085264 1
2 0 20.06645744848124 0
3 0 20.004612615456672 0

0 1 20.731986950743213 1
1 1 20.129227676114663 0
2 1 20.013045537365233 0
3 1 20.000973263800855 0

0 2 20.127523308916064 0
1 2 20.02067200401985 0
2 2 20.002008436450783 0
3 2 20.000147918124608 0

0 3 20.752227151277797 1
1 3 20.068583967764173 0
2 3 20.004688871262903 0
3 3 20.00026502628668 0


# 20.0 20.0 0.7522271512777969
0 0 20.135392831322296 0
1 0 20.762056088187848 1
2 0 20.073022806537146 0
3 0 20.005334514144288 0

0 1 20.765949224608235 1
1 1 20.141765421911334 0
2 1 20.015032590716103 0
3 1 20.00117856699704 0

0 2 20.14063351050046 0
1 2 20.02391564386642 0
2 2 20.002437451788786 0
3 2 20.000188278104243 0

0 3 20.787657583570972 1
1 3 20.07549858630248 0
2 3 20.005430351442396 0
3 3 20.00032290889492 0


# 20.0 20.0 0.7876575835709723
0 0 20.148854753148246 0
1 0 20.794413448263118 1
2 0 20.079733215300067 0
3 0 20.006113413022657 0

0 1 20.79895440140141 1
1 1 20.154548474670555 0
2 1 20.01716579886681 0
3 1 20.001410677063088 0

0 2 20.154053234605506 0
1 2 20.02740614592924 0
2 2 20.002922740995036 0
3 2 20.000236246347303 0

0 3 20.822056532413313 1
1 3 20.082586362035194 0
2 3 20.006232260824916 0
3 3 20.000388906260767 0


# 20.0 20.0 0.8220565324133133
0 0 20.162616396230884 0
1 0 20.825810860470487 1
2 0 20.086573501125784 0
3 0 20.006949140292107 0

0 1 20.831052933808635 1
1 1 20.16754737675527 0
2 1 20.019443292072474 0
3 1 20.00167097277098 0

0 2 20.16774918609789 0
1 2 20.031140318915238 0
2 2 20.003467074845194 0
3 2 20.00029264744724 0

0 3 20.85546652382403 1
1 3 20.089831804072485 0
2 3 20.00709475929241 0
3 3 20.000463554516255 0


# 20.0 20.0 0.8554665238240311
0 0 20.17664457149792 0
1 0 20.856295989723275 1
2 0 20.093529675143554 0
3 0 20.007841379016565 0

0 1 20.862292004200885 1
1 1 20.18073516192996 0
2 1 20.021862848669272 0
3 1 20.001960754416196 0

0 2 20.18169050644506 0
1 2 20.03511427817482 0
2 2 20.00407302965563 0
3 2 20.00035832431751 0

0 3 20.887927996692575 1
1 3 20.09722051271136 0
2 3 20.008017864564728 0
3 3 20.000547380820258 0


# 20.0 20.0 0.887927996692575
0 0 20.190908422851084 0
1 0 20.885913637273994 1
2 0 20.100588843167042 0
3 0 20.00878968454297 0

0 1 20.892715749119162 1
1 1 20.19408715231617 0
2 1 20.024421949287806 0
3 1 20.002281242228495 0

0 2 20.195848601462206 0
1 2 20.039323544376174 0
2 2 20.004742984422712 0
3 2 20.00043413398583 0

0 3 20.919479418181727 1
1 3 20.104739101102954 0
2 3 20.00900146784916 0
3 3 20.000640902332748 0


# 20.0 20.0 0.9194794181817265
0 0 20.205379272265162 0
1 0 20.914705927721467 1
2 0 20.107739122492653 0
3 0 20.009793500276075 0

0 1 20.922365467968678 1
1 1 20.207580771677243 0
2 1 20.027117825171846 0
3 1 20.002633575568105 0

0 2 20.210196981367112 0
1 2 20.043763132308957 0
2 2 20.00547911988221 0
3 2 20.00052094353182 0

0 3 20.950157392116825 1
1 3 20.11237512276393 0
2 3 20.010045347939243 0
3 3 20.00074462534642 0


# 20.0 20.0 0.9501573921168252
0 0 20.2200304752119 0
1 0 20.942712483189748 1
2 0 20.114969565051613 0
3 0 20.010852171953573 0

0 1 20.95127981705307 1
1 1 20.22119537372942 0
2 1 20.029947501174373 0
3 1 20.00301881279416 0

0 2 20.22471111224744 0
1 2 20.048427630701603 0
2 2 20.006283419208028 0
3 2 20.000619626191668 0

0 3 20.979996760820757 1
1 3 20.120117004481383 0
2 3 20.011149183914224 0
3 3 20.00085904455522 0


# 20.0 20.0 0.9799967608207574
0 0 20.234837285707187 0
1 0 20.969970585589635 1
2 0 20.122270086424056 0
3 0 20.011964960553865 0

0 1 20.97949498999705 1
1 1 20.23491208427996 0
2 1 20.03290783395048 0
3 1 20.003437931705157 0

0 2 20.239368278111282 0
1 2 20.053311273860896 0
2 2 20.00715767010105 0
3 2 20.000731057647954 0

0 3 21.009030700822322 1
1 3 20.127953984196335 0
2 3 20.012312566576057 0
3 3 20.00098464244192 0


# 20.0 20.0 1.009030700822322
0 0 20.24977673032877 0
1 0 20.996515327807263 1
2 0 20.129631400261985 0
3 0 20.013131053957533 0

0 1 21.007044885529815 1
1 1 20.248713656088302 0
2 1 20.035995545818732 0
3 1 20.00389183046263 0

0 2 20.254147452753166 0
1 2 20.05840800587324 0
2 2 20.008103468047192 0
3 2 20.00085611251816 0

0 3 21.037290812836112 1
1 3 20.135876053483514 0
2 3 20.013535008747535 0
3 3 20.0011218887692 0


# 20.0 20.0 1.0372908128361118
0 0 20.26482749059698 0
1 0 21.022379754602724 1
2 0 20.13704495770353 0
3 0 20.014349577473055 0

0 1 21.033961263530824 1
1 1 20.26258433543397 0
2 1 20.0392072547192 0
3 1 20.004381328919727 0

0 2 20.269029180724417 0
1 2 20.063711538043595 0
2 2 20.00912222054927 0
3 2 20.000995661051256 0

0 3 21.064807206384508 1
1 3 20.143873904275313 0
2 3 20.014815954543263 0
3 3 20.001271240160644 0


# 20.0 20.0 1.0648072063845078
0 0 20.27996979315309 0
1 0 21.047594993944898 1
2 0 20.14450289139363 0
3 0 20.015619603327785 0

0 1 21.060273890174265 1
1 1 20.276509739455722 0
2 1 20.0425395006565 0
3 1 20.004907170285524 0

0 2 20.283995466749218 0
1 2 20.069215400189858 0
2 2 20.010215152160196 0
3 2 20.00115056603838 0

0 3 21.09160857940696 1
1 3 20.15193887950543 0
2 3 20.01615478771436 0
3 3 20.001433139759893 0


# 20.0 20.0 1.0916085794069588
0 0 20.295185307209007 0
1 0 21.07219037945591 1
2 0 20.15199796375638 0
3 0 20.01694015921649 0

0 1 21.086010672947914 1
1 1 20.29047674340085 0
2 1 20.045988768980223 0
3 1 20.00547002306435 0

0 2 20.29902967297629 0
1 2 20.07491298635726 0
2 2 20.011383310165588 0
3 2 20.001321679940645 0

0 3 21.11772229317809 1
1 3 20.160062927373197 0
2 3 20.01755083915794 0
3 3 20.00160801695772 0


# 20.0 20.0 1.1177222931780904
0 0 20.31045704877833 0
1 0 21.09619356458999 1
2 0 20.159523519192053 0
3 0 20.018310235991773 0

0 1 21.11119778626597 1
1 1 20.30447337699193 0
2 1 20.049551510822138 0
3 1 20.006070483216703 0

0 2 20.314116423500902 0
1 2 20.08079759546849 0
2 2 20.01262757078231 0
3 2 20.00150984223462 0

0 3 21.14317444283417 1
1 3 20.16823855895305 0
2 3 20.019003393673625 0
3 3 20.00179628717814 0


# 20.0 20.0 1.1431744428341695
0 0 20.32576929123258 0
1 0 21.119630629126206 1
2 0 20.16707343989727 0
3 0 20.01972879457344 0

0 1 21.135859788343502 1
1 1 20.31848872918144 0
2 1 20.053224160979607 0
3 1 20.006709076495053 0

0 2 20.32924151563362 0
1 2 20.086862467380605 0
2 2 20.01394864575598 0
3 2 20.001715876973915 0

0 3 21.16798992378718 1
1 3 20.17645880889512 0
2 3 20.020511696041282 0
3 3 20.001998351715912 0


# 20.0 20.0 1.1679899237871787
0 0 20.34110748175784 0
1 0 21.142526178512945 1
2 0 20.174642105030376 0
3 0 20.0211947721471 0

0 1 21.16001972995195 1
1 1 20.332512860622632 0
2 1 20.057003153507434 0
3 1 20.0073862609138 0

0 2 20.344391837430443 0
1 2 20.093100814778786 0
2 2 20.01534708925531 0
3 2 20.00194059056363 0

0 3 21.192192494286747 1
1 3 20.184717198982806 0
2 3 20.022074956486996 0
3 3 20.002214597618746 0


# 20.0 20.0 1.192192494286747
0 0 20.356458163316137 0
1 0 21.16490343656303 1
2 0 20.18222435296571 0
3 0 20.02270708771636 0

0 1 21.1836992556304 1
1 1 20.3465367232385 0
2 1 20.060884935255558 0
3 1 20.008102429317848 0

0 2 20.359555291034717 0
1 2 20.09950585129954 0
2 2 20.016823304974324 0
3 2 20.00218476974289 0

0 3 21.215804834372634 1
1 3 20.19300770433144 0
2 3 20.023692355597635 0
3 3 20.002445397608557 0


# 20.0 20.0 1.2158048343726335
0 0 20.371808901743076 0
1 0 21.186784331962752 1
2 0 20.189815446400367 0
3 0 20.024264647067188 0

0 1 21.20691869788612 1
1 1 20.3605520863199 0
2 1 20.06486597756744 0
3 1 20.008857912019028 0

0 2 20.374720721413958 0
1 2 20.106070816241637 0
2 2 20.01837755336535 0
3 2 20.002449179769602 0

0 3 21.238848601444165 1
1 3 20.20132472202892 0
2 3 20.02536304873857 0
3 3 20.002691110036746 0


# 20.0 20.0 1.2388486014441646
0 0 20.38714821763851 0
1 0 21.208189579024623 1
2 0 20.197411040095464 0
3 0 20.025866347198143 0

0 1 21.229697164879372 1
1 1 20.3745514686291 0
2 1 20.06894278633351 0
3 1 20.009652979473845 0

0 2 20.389877850105353 0
1 2 20.112788996191583 0
2 2 20.020009958936214 0
3 2 20.00273456280064 0

0 3 21.261344482657787 1
1 3 20.209663042034762 0
2 3 20.02708617002364 0
3 3 20.002952078869313 0


# 20.0 20.0 1.2613444826577869
0 0 20.402465522730374 0
1 0 21.22913875308305 1
2 0 20.20500715105083 0
3 0 20.027511080265306 0

0 1 21.252052622052016 1
1 1 20.388528076026827 0
2 1 20.073111910575353 0
3 1 20.01048784497964 0

0 2 20.405017213611746 0
1 2 20.1196537438617 0
2 2 20.02172051755441 0
3 2 20.003041636459855 0

0 3 21.283312244349865 1
1 3 20.218017820168125 0
2 3 20.02886083588175 0
3 3 20.003228633698118 0


# 20.0 20.0 1.2833122443498652
0 0 20.4177510604137 0
1 0 21.24965036090346 1
2 0 20.212600130927623 0
3 0 20.02919773708664 0

0 1 21.27400196812646 1
1 1 20.402475744179142 0
2 1 20.077369949719426 0
3 1 20.011362667369685 0

0 2 20.42013010611611 0
1 2 20.126658494412553 0
2 2 20.023509103709483 0
3 2 20.00337109258587 0

0 3 21.30477077866868 1
1 3 20.22638455302862 0
2 3 20.030686148259953 0
3 3 20.003521089775134 0


# 20.0 20.0 1.3047707786686793
0 0 20.432995850187165 0
1 0 21.269741906449042 1
2 0 20.220186640547723 0
3 0 20.03092521024653 0

0 1 21.295561105870938 1
1 1 20.416388885935966 0
2 1 20.081713559703648 0
3 1 20.01227755369059 0

0 2 20.435208526206658 0
1 2 20.133796779507318 0
2 2 20.02537547769211 0
3 2 20.003723596151158 0

0 3 21.32573814758743 1
1 3 20.234759054705673 0
2 3 20.03256119749911 0
3 3 20.003829748067034 0


# 20.0 20.0 1.3257381475874297
0 0 20.448191635728268 0
1 0 21.289429952324724 1
2 0 20.22776362631202 0
3 0 20.032692396837685 0

0 1 21.316745007998808 1
1 1 20.430262443005454 0
2 1 20.086139458046276 0
3 1 20.013232561848007 0

0 2 20.4502451273271 0
1 2 20.14106223932373 0
2 2 20.02731929265513 0
3 2 20.00409978434365 0

0 3 21.346231624458675 1
1 3 20.243137435143414 0
2 3 20.034485064914534 0
3 3 20.00415489532772 0


# 20.0 20.0 1.3462316244586745
0 0 20.463330836365934 0
1 0 21.308730177195287 1
2 0 20.235328298391863 0
3 0 20.034498200874406 0

0 1 21.33756777854324 1
1 1 20.444091841578494 0
2 1 20.090644427993738 0
3 1 20.01422770320893 0

0 2 20.46523317168727 0
1 2 20.148448632728964 0
2 2 20.029340101527453 0
3 2 20.004500265801987 0

0 3 21.36626773326013 1
1 3 20.251516080038233 0
2 3 20.036456825110843 0
3 3 20.004496804186875 0


# 20.0 20.0 1.3662677332601305
0 0 20.478406501725622 0
1 0 21.327657429453435 1
2 0 20.242878110559264 0
3 0 20.036341535408145 0

0 1 21.358042710024318 1
1 1 20.45787295158513 0
2 1 20.095225321852606 0
3 1 20.01526294515091 0

0 2 20.480166487388566 0
1 2 20.155949845804447 0
2 2 20.031437363756975 0
3 2 20.00492561999544 0

0 3 21.385862285671887 1
1 3 20.25989163215567 0
2 3 20.03847554805738 0
3 3 20.004855733252782 0


# 20.0 20.0 1.3858622856718874
0 0 20.493412269337234 0
1 0 21.34622577739417 1
2 0 20.250410741531635 0
3 0 20.03822132437364 0

0 1 21.378182336703027 1
1 1 20.471602049290095 0
2 1 20.099879063600437 0
3 1 20.016338213550206 0

0 2 20.495039428536398 0
1 2 20.163559898890703 0
2 2 20.03361045186317 0
3 2 20.005376396739624 0

0 3 21.405030416116006 1
1 3 20.2682609739619 0
2 3 20.040540300947907 0
3 3 20.005231927227932 0


# 20.0 20.0 1.4050304161160057
0 0 20.50834232501026 0
1 0 21.3644485561336 1
2 0 20.2579240777166 0
3 0 20.04013650419139 0

0 1 21.39799848419554 1
1 1 20.485275782958013 0
2 1 20.10460265086067 0
3 1 20.017453395202597 0

0 2 20.509846838128297 0
1 2 20.171272952306886 0
2 2 20.035858657783997 0
3 2 20.005853115839134 0

0 3 21.42378661488091 1
1 3 20.27662121147313 0
2 3 20.042650149865914 0
3 3 20.005625617036188 0


# 20.0 20.0 1.4237866148809104
0 0 20.523191365793842 0
1 0 21.38233841149361 1
2 0 20.26541619725105 0
3 0 20.042086025149946 0

0 1 21.41750231570189 1
1 1 20.498891141340383 0
2 1 20.109393156318294 0
3 1 20.018608340171777 0

0 2 20.524584013521586 0
1 2 20.179083310885584 0
2 2 20.038181199005273 0
3 2 20.00635626684845 0

0 3 21.442144759445135 1
1 3 20.28496965923362 0
2 3 20.044804161274847 0
3 3 20.006037019960363 0


# 20.0 20.0 1.442144759445135
0 0 20.53795456535161 0
1 0 21.399907341058196 1
2 0 20.272885355236824 0
3 0 20.04406885258945 0

0 1 21.43670437508497 1
1 1 20.51244542475621 0
2 1 20.114247728645058 0
3 1 20.019802864061557 0

0 2 20.539246674298667 0
1 2 20.1869854274506 0
2 2 20.040577224463647 0
3 2 20.00688630894264 0

0 3 21.460118144107497 1
1 3 20.293303826339805 0
2 3 20.047001403350468 0
3 3 20.006466339789306 0


# 20.0 20.0 1.460118144107497
0 0 20.552627541592667 0
1 0 21.41716673259278 1
2 0 20.280329970082803 0
3 0 20.046083967905965 0

0 1 21.455614627019173 1
1 1 20.525936218556403 0
2 1 20.119163592996067 0
3 1 20.021036750209106 0

0 2 20.553830932361052 0
1 2 20.194973905353624 0
2 2 20.043045820217106 0
3 2 20.007443670889636 0

0 3 21.477719508024038 1
1 3 20.30162140343427 0
2 3 20.049240947171036 0
3 3 20.006913766973618 0


# 20.0 20.0 1.4777195080240375
0 0 20.567206326410673 0
1 0 21.43412740000448 1
2 0 20.287748610870203 0
3 0 20.0481303693943 0

0 1 21.474242494412305 1
1 1 20.539361368778895 0
2 1 20.12413805113316 0
3 1 20.02230975179733 0

0 2 20.56833326409537 0
1 2 20.203043500174957 0
2 2 20.04558601487911 0
3 2 20.008028751116072 0

0 3 21.494961061745528 1
1 3 20.30992025059913 0
2 3 20.051521867779275 0
3 3 20.00737947878931 0


# 20.0 20.0 1.4949610617455278
0 0 20.58168733739289 0
1 0 21.450799617008798 1
2 0 20.29513998566409 0
3 0 20.050207072945643 0

0 1 21.492596893290195 1
1 1 20.552718959816794 0
2 1 20.129168481224653 0
3 1 20.023621593885277 0

0 2 20.58275048446589 0
1 2 20.21118912068369 0
2 2 20.048196784814557 0
3 2 20.008641917859066 0

0 3 21.51185451234347 1
1 3 20.318198386083644 0
2 3 20.053843245128796 0
3 3 20.00786363950875 0


# 20.0 20.0 1.5118545123434686
0 0 20.596067351370333 0
1 0 21.467193148656644 1
2 0 20.302502930700122 0
3 0 20.052313112614623 0

0 1 21.510686265319844 1
1 1 20.566007293936206 0
2 1 20.134252337365904 0
3 1 20.02497197535617 0

0 2 20.59707972289849 0
1 2 20.219405829143668 0
2 2 20.050877059097427 0
3 2 20.009283509396532 0

0 3 21.52841108720689 1
1 3 20.326453975805883 0
2 3 20.05620416492633 0
3 3 20.008366400578307 0


# 20.0 20.0 1.5284110872068908
0 0 20.61034347968872 0
1 0 21.483317280864966 1
2 0 20.309836400380863 0
3 0 20.05444754106934 0

0 1 21.528518608134693 1
1 1 20.57922487249338 0
2 1 20.139387148860276 0
3 1 20.026360570783126 0

0 2 20.611318400830577 0
1 2 20.2276888410435 0
2 2 20.05362572423147 0
3 2 20.00995383434899 0

0 3 21.54464155658708 1
1 3 20.334685323572717 0
2 3 20.058603719380017 0
3 3 20.008887900802236 0


# 20.0 20.0 1.5446415565870808
0 0 20.62451314508792 0
1 0 21.499180848084183 1
2 0 20.317139458021032 0
3 0 20.056609429936493 0

0 1 21.54610150361398 1
1 1 20.59237037871292 0
2 1 20.144570519295964 0
3 1 20.02778703221321 0

0 2 20.625464210810627 0
1 2 20.236033524321343 0
2 2 20.056441628636517 0
3 2 20.01065317204616 0

0 3 21.560556254962545 1
1 3 20.34289086196663 0
2 3 20.061041007862922 0
3 3 20.009428266532264 0


# 20.0 20.0 1.5605562549625454
0 0 20.638574060085134 0
1 0 21.514792259226475 1
2 0 20.324411267285655 0
3 0 20.058797870052768 0

0 1 21.503442144257495 0
1 1 20.604722661899917 0
2 1 20.14979148545018 0
3 1 20.029250887190845 0

0 2 20.638795097039075 0
1 2 20.244418118148424 0
2 2 20.059323275864056 0
3 2 20.011381767975266 0

0 3 21.576156461291962 1
1 3 20.35106883281167 0
2 3 20.063515130035174 0
3 3 20.00998761171323 0


# 20.0 19.0 1.576156461291962
0 0 20.651804206763877 0
1 0 21.410142241970355 -1
2 0 20.330210773229336 0
3 0 20.06099468665591 0

0 1 21.463041437787115 0
1 1 20.614904693528995 0
2 1 20.15500576970633 0
3 1 20.03075093662088 0

0 2 20.651369095170164 0
1 2 20.252806039245797 0
2 2 20.062268263106134 0
3 2 20.012139815457587 0

0 3 21.591444083821234 1
1 3 20.359217124870806 0
2 3 20.06602517056998 0
3 3 20.010566037523883 0


# 20.0 19.0 2.5914440838212336
0 0 20.662817459477466 0
1 0 21.31021146292243 -1
2 0 20.33465646378512 0
3 0 20.06318376674117 0

0 1 21.424742792378176 0
1 1 20.623102461010635 0
2 1 20.220174830254702 1
3 1 20.033005378232243 0

0 2 20.66323950815836 0
1 2 20.261165277647752 0
2 2 20.0659934476042 0
3 2 20.012944721568694 0

0 3 21.60642157640002 1
1 3 20.367333349921644 0
2 3 20.068578827426638 0
3 3 20.011163942760966 0


# 20.0 19.0 2.6064215764000203
0 0 20.671775481999884 0
1 0 21.21473699436124 -1
2 0 20.338578039402428 0
3 0 20.065368152150103 0

0 1 21.388401004512318 0
1 1 20.630207280163436 0
2 1 20.282419848147306 1
3 1 20.035947945008882 0

0 2 20.674455303118428 0
1 2 20.269485216890352 0
2 2 20.070426905487594 0
3 2 20.0138115087819 0

0 3 21.6210918634861 1
1 3 20.375415220118573 0
2 3 20.071182589495123 0
3 3 20.011781970000897 0


# 20.0 19.0 2.6210918634861002
0 0 20.67882922063437 0
1 0 21.12348941508047 -1
2 0 20.34201309073206 0
3 0 20.06755043110159 0

0 1 21.353890063969796 0
1 1 20.636308745244648 0
2 1 20.341880055673915 1
3 1 20.0395170352652 0

0 2 20.685061786119608 0
1 2 20.277756478363262 0
2 2 20.07550198161196 0
3 2 20.014753037255595 0

0 3 21.635458280475458 1
1 3 20.3834605490536 0
2 3 20.073841854744327 0
3 3 20.01242095778486 0


# 20.119999999999997 19.0 2.635458280475458
0 0 20.684839922440137 0
1 0 21.036620800748093 -1
2 0 20.345361156371595 0
3 0 20.070457153881573 0

0 1 21.321461206728717 0
1 1 20.64149854797107 0
2 1 20.398692357656206 1
3 1 20.04402415036958 0

0 2 20.695465302689392 0
1 2 20.285975283977738 0
2 2 20.081157036898194 0
3 2 20.01614463543149 0

0 3 21.650248892599258 1
1 3 20.391835998369203 0
2 3 20.076925464761693 0
3 3 20.013810644506925 0


# 20.239999999999995 19.0 2.650248892599258
0 0 20.690642669322013 0
1 0 20.954292755600648 -1
2 0 20.34901729500965 0
3 0 20.074797193686386 0

0 1 21.2913711142859 0
1 1 20.645870595806706 0
2 1 20.452995953425717 1
3 1 20.04978238944458 0

0 2 20.70606690346679 0
1 2 20.2941476367613 0
2 2 20.087344063411642 0
3 2 20.018357805911727 0

0 3 21.666174767287718 1
1 3 20.400905860863425 0
2 3 20.080799322067087 0
3 3 20.01666334684042 0


# 20.359999999999992 19.0 2.6661747672877176
0 0 20.69632749966506 0
1 0 20.876307044551197 -1
2 0 20.353007770919202 0
3 0 20.08053797663804 0

0 1 21.263512707473158 0
1 1 20.64951236731452 0
2 1 20.50492790675436 1
3 1 20.056737413359556 0

0 2 20.71689811485945 0
1 2 20.302284475074146 0
2 2 20.09402798248557 0
3 2 20.02139592297566 0

0 3 21.683206123374035 1
1 3 20.410663293753345 0
2 3 20.08546200601722 0
3 3 20.02094576150208 0


# 20.47999999999999 19.0 2.6832061233740347
0 0 20.70197754670141 0
1 0 20.802476120899268 -1
2 0 20.357356748592096 0
3 0 20.08764773942249 0

0 1 21.23778583010579 0
1 1 20.65250546567743 0
2 1 20.554618898551528 1
3 1 20.06483839272985 0

0 2 20.727987711178002 0
1 2 20.31039703370772 0
2 2 20.101177125661287 0
3 2 20.0252608295694 0

0 3 21.701314514991747 1
1 3 20.421101518072305 0
2 3 20.090911294627325 0
3 3 20.026625779578367 0


# 20.599999999999987 19.0 2.701314514991747
0 0 20.70766949843222 0
1 0 20.732622504373918 -1
2 0 20.362086434859403 0
3 0 20.09609551873435 0

0 1 21.214096777344796 0
1 1 20.654926025892646 0
2 1 20.602193527170773 1
3 1 20.07403777874089 0

0 2 20.739361927221058 0
1 2 20.318496775251916 0
2 2 20.108762972748977 0
3 2 20.029952993100306 0

0 3 21.720472753795566 1
1 3 20.432213824197365 0
2 3 20.097144251171276 0
3 3 20.033672418444805 0


# 20.719999999999985 19.0 2.7204727537955655
0 0 20.713474027869285 0
1 0 20.66657819705367 -1
2 0 20.367217211510813 0
3 0 20.105851139942935 0

0 1 21.19235785646811 0
1 1 20.65684509292113 0
2 1 20.647770594537636 1
3 1 20.084291088764743 0

0 2 20.75104465490396 0
1 2 20.32659532857708 0
2 2 20.11675990806566 0
3 2 20.035471648373395 0

0 3 21.74065483640814 1
1 3 20.443993576574954 0
2 3 20.104157303459107 0
3 3 20.042055758802782 0


# 20.839999999999982 19.0 2.7406548364081402
0 0 20.71945619550825 0
1 0 20.6041841347767 -1
2 0 20.372767759058444 0
3 0 20.116885205078866 0

0 1 21.17248697781645 0
1 1 20.65832897288941 0
2 1 20.69146337874517 1
3 1 20.095556705822993 0

0 2 20.763057625111614 0
1 2 20.334704433797082 0
2 2 20.125144993651006 0
3 2 20.041814928641035 0

0 3 21.761835876717686 1
1 3 20.456434217726493 0
2 3 20.11194631635599 0
3 3 20.051746886425846 0


# 20.95999999999998 19.0 2.7618358767176865
0 0 20.72567582582107 0
1 0 20.545289671809304 -1
2 0 20.37875517224559 0
3 0 20.12916908023285 0

0 1 21.154407273834025 0
1 1 20.659439559288945 0
2 1 20.733379893737503 1
3 1 20.107795691009763 0

0 2 20.775420575869113 0
1 2 20.34283589313325 0
2 2 20.133897758338172 0
3 2 20.048979985667398 0

0 3 21.783992042678996 1
1 3 20.469529271608 0
2 3 20.1205066580655 0
3 3 20.062717838239312 0


# 21.079999999999977 19.0 2.783992042678996
0 0 20.732187859439232 0
1 0 20.489752096685 -1
2 0 20.38519506785914 0
3 0 20.142674882450894 0

0 1 21.138046744268163 0
1 1 20.660234635976963 0
2 1 20.77362313667631 1
3 1 20.120971608044886 0

0 2 20.788151407843575 0
1 2 20.351001527148053 0
2 2 20.14300000162863 0
3 2 20.05696309964432 0

0 3 21.80710049729597 1
1 3 20.483272346390578 0
2 3 20.12983326066185 0
3 3 20.07494155238637 0


# 21.199999999999974 19.0 2.80710049729597
0 0 20.739042682590856 0
1 0 20.437436177261354 -1
2 0 20.39210168536572 0
3 0 20.15737546620359 0

0 1 21.123337925725835 0
1 1 20.660768158651805 0
2 1 20.81229132356014 1
3 1 20.135050359179896 0

0 2 20.80126632811618 0
1 2 20.359213135862394 0
2 2 20.152435611387197 0
3 2 20.0657597797347 0

0 3 21.831139343487397 1
1 3 20.497657136722314 0
2 3 20.139920675320003 0
3 3 20.088391821961118 0


# 21.319999999999972 19.0 2.831139343487397
0 0 20.74628643525343 0
1 0 20.38821373316763 -1
2 0 20.399487980855536 0
3 0 20.173244409500686 0

0 1 21.110217583909606 0
1 1 20.661090516354516 0
2 1 20.84947811364258 1
3 1 20.150000031728876 0

0 2 20.814779983094414 0
1 2 20.3674824643117 0
2 2 20.16219039443672 0
3 2 20.075364855963365 0

0 3 21.85608757255965 1
1 3 20.512677425526274 0
2 3 20.15076312265965 0
3 3 20.10304325211399 0


# 21.43999999999997 19.0 2.8560875725596517
0 0 20.753961299389236 0
1 0 20.34196323393378 -1
2 0 20.40736571474453 0
3 0 20.190255999716342 0

0 1 21.09862642697146 0
1 1 20.661248774435812 0
2 1 20.88527282317189 1
3 1 20.16579075454248 0

0 2 20.828705581370563 0
1 2 20.37582117213397 0
2 2 20.172251919190906 0
3 2 20.085772563123072 0

0 3 21.881925016030266 1
1 3 20.528327085384056 0
2 3 20.16235453858821 0
3 3 20.118871220258423 0


# 21.559999999999967 19.0 2.881925016030266
0 0 20.762105768542085 0
1 0 20.29856942120123 -1
2 0 20.41574553365433 0
3 0 20.208385219184915 0

0 1 21.08850883853084 0
1 1 20.661286900323347 0
2 1 20.919760628952172 1
3 1 20.18239456378682 0

0 2 20.84305500727334 0
1 2 20.3842408068176 0
2 2 20.182609369519515 0
3 2 20.09697661731468 0

0 3 21.908632300565063 1
1 3 20.544600079549575 0
2 3 20.174688615999436 0
3 3 20.13585183912889 0


# 21.679999999999964 19.0 2.9086323005650634
0 0 20.770754899991353 0
1 0 20.257922953518406 -1
2 0 20.424637046860713 0
3 0 20.22760773062203 0

0 1 21.079812629003598 0
1 1 20.66124597332733 0
2 1 20.9530227622044 1
3 1 20.199785277429466 0

0 2 20.857838925804494 0
1 2 20.39275278026877 0
2 2 20.193253409092026 0
3 2 20.108970285695268 0

0 3 21.93619080580897 1
1 3 20.56149046263342 0
2 3 20.18775884265771 0
3 3 20.153961922460486 0


# 21.79999999999996 19.0 2.9361908058089696
0 0 20.779940550581927 0
1 0 20.219920072319873 -1
2 0 20.43404889767432 0
3 0 20.24789986242088 0

0 1 21.07248880398201 0
1 1 20.66116437963292 0
2 1 20.985136693184536 1
3 1 20.217938377873036 0

0 2 20.87306687960142 0
1 2 20.401368348387386 0
2 2 20.20417605549471 0
3 2 20.121746449966004 0

0 3 21.964582624906665 1
1 3 20.578992380994237 0
2 3 20.20155853557348 0
3 3 20.17317895307838 0


# 21.79999999999996 19.0 2.964582624906665
0 0 20.7889715972766 0
1 0 20.184093647777445 -1
2 0 20.443624406412592 0
3 0 20.268514220785157 0

0 1 21.066122708492898 0
1 1 20.661069146184644 0
2 1 21.016171827743257 1
3 1 20.236462155984302 0

0 2 20.888382954839603 0
1 2 20.41009411411495 0
2 2 20.215370455959736 0
3 2 20.1349332378477 0

0 3 21.99306615444003 1
1 3 20.59673132664202 0
2 3 20.215716445907553 0
3 3 20.192752306972622 0


# 21.79999999999996 19.0 2.9930661544400294
0 0 20.797171216049886 0
1 0 20.149984091794558 -1
2 0 20.45300822302714 0
3 0 20.28872135338503 0

0 1 21.060305034541084 0
1 1 20.660976487986108 0
2 1 21.046185387887068 1
3 1 20.2549688251824 0

0 2 20.90343245437349 0
1 2 20.41892772533697 0
2 2 20.22682182763742 0
3 2 20.148160557375608 0

0 3 22.020917738252376 1
1 3 20.614335353837017 0
2 3 20.229863269040802 0
3 3 20.211949509838604 0


# 21.79999999999996 19.0 3.0209177382523755
0 0 20.804596521788117 0
1 0 20.1175077347328 -1
2 0 20.46221085137206 0
3 0 20.30853354078182 0

0 1 21.055000288660132 0
1 1 20.66090107020218 0
2 1 21.07522732016122 1
3 1 20.273443191544562 0

0 2 20.918226440316797 0
1 2 20.427862610824718 0
2 2 20.23850774499965 0
3 2 20.161424619322425 0

0 3 22.048155441205136 1
1 3 20.63180384482871 0
2 3 20.243996144937093 0
3 3 20.230784376655528 0


# 21.79999999999996 19.0 3.048155441205136
0 0 20.81130114328446 0
1 0 20.086585366652326 -1
2 0 20.471242150345578 0
3 0 20.327962557416356 0

0 1 21.050175420382047 0
1 1 20.66085602744872 0
2 1 21.103344998165543 1
3 1 20.291871363598542 0

0 2 20.932775251492433 0
1 2 20.436892519930367 0
2 2 20.250407272627932 0
3 2 20.174721541465466 0

0 3 22.074796794477603 1
1 3 20.649136308858044 0
2 3 20.258112242347433 0
3 3 20.249270144501683 0


# 21.79999999999996 19.0 3.074796794477603
0 0 20.81733543157063 0
1 0 20.057141984565305 -1
2 0 20.48011137451283 0
3 0 20.347019698206704 0

0 1 21.045799653252143 0
1 1 20.660853088002142 0
2 1 21.130583355438493 1
3 1 20.310240661468733 0

0 2 20.947088558541672 0
1 2 20.446011501710068 0
2 2 20.262500867233328 0
3 2 20.188047376802363 0

0 3 22.100858808285206 1
1 3 20.666332374514116 0
2 3 20.272208768803832 0
3 3 20.267419493046894 0


# 21.79999999999996 19.0 3.1008588082852064
0 0 20.822746655687897 0
1 0 20.029106554631998 -1
2 0 20.48882721208262 0
3 0 20.36571580355388 0

0 1 21.041844327442334 0
1 1 20.660902688648715 0
2 1 21.156985011530647 1
3 1 20.328539531989687 0

0 2 20.961175414732175 0
1 2 20.455213885769524 0
2 2 20.274770286121004 0
3 2 20.201398138710555 0

0 3 22.126357984657893 1
1 3 20.6833917824553 0
2 3 20.28628297925355 0
3 3 20.285244564712777 0


# 21.679999999999964 19.0 3.1263579846578935
0 0 20.826859186668024 0
1 0 20.002043148386246 -1
2 0 20.497033396736796 0
3 0 20.383336909770655 0

0 1 21.03791411317034 0
1 1 20.661005233499857 0
2 1 21.182585912357343 1
3 1 20.346388723176183 0

0 2 20.974679879116596 0
1 2 20.4644897854269 0
2 2 20.287198394176176 0
3 2 20.214405397069495 0

0 3 22.150585957149072 1
1 3 20.69994563225413 0
2 3 20.299967757218617 0
3 3 20.302028238234573 0


# 21.559999999999967 19.0 3.1505859571490724
0 0 20.829011743086653 0
1 0 19.975521940633904 -1
2 0 20.504375331226992 0
3 0 20.39918594967175 0

0 1 21.033618082685624 0
1 1 20.66115157094511 0
2 1 21.207411156798486 1
3 1 20.36341242684526 0

0 2 20.987247650096837 0
1 2 20.473820794696074 0
2 2 20.299760132525112 0
3 2 20.226702779963833 0

0 3 22.172851182079917 1
1 3 20.715627592507392 0
2 3 20.31289810297464 0
3 3 20.31707043225339 0


# 21.43999999999997 19.0 3.172851182079917
0 0 20.829277000615367 0
1 0 19.949487665960728 -1
2 0 20.51086458458463 0
3 0 20.413306579620727 0

0 1 21.028938237872715 0
1 1 20.66133218980368 0
2 1 21.231479853277264 1
3 1 20.379606975472104 0

0 2 20.998890571368555 0
1 2 20.48318472238512 0
2 2 20.312422831667117 0
3 2 20.238290466078062 0

0 3 22.07320275749155 -1
1 3 20.729002660616295 0
2 3 20.325058333744146 0
3 3 20.330416082290135 0


# 21.319999999999972 19.0 3.172851182079917
0 0 20.827724139439216 0
1 0 19.92388823495631 -1
2 0 20.516512368046328 0
3 0 20.4257409748766 0

0 1 21.0238581946894 0
1 1 20.661537176756802 0
2 1 21.254809772543265 1
3 1 20.394969577064252 0

0 2 21.00818011546587 0
1 2 20.492525569124705 0
2 2 20.325154745444976 0
3 2 20.249168751360376 0

0 3 21.97597365153484 -1
1 3 20.740187239523255 0
2 3 20.33643498053399 0
3 3 20.342108348110422 0


# 21.199999999999974 19.0 3.172851182079917
0 0 20.824419027575154 0
1 0 19.89867455195668 -1
2 0 20.5213295521809 0
3 0 20.436529889331982 0

0 1 21.018345786350018 0
1 1 20.66175566043217 0
2 1 21.277417417882656 1
3 1 20.409498247530454 0

0 2 21.015238690700418 0
1 2 20.50179237783993 0
2 2 20.33792507999502 0
3 2 20.25933804391087 0

0 3 21.88102371124227 -1
1 3 20.74929038829867 0
2 3 20.34701659714841 0
3 3 20.352188703271157 0


# 21.079999999999977 19.0 3.172851182079917
0 0 20.819424186642127 0
1 0 19.873800333565562 -1
2 0 20.525326682678667 0
3 0 20.44571271247854 0

0 1 21.012372285776614 0
1 1 20.661975977712203 0
2 1 21.299318093679286 1
3 1 20.423191747335 0

0 2 21.020180926189305 0
1 2 20.510938812169957 0
2 2 20.35070401471816 0
3 2 20.268798859650506 0

0 3 21.788220513411403 -1
1 3 20.756414303062886 0
2 3 20.356793584320805 0
3 3 20.36069701928105 0


